-1.0, 1.0, -1.0, -1.0, 1.0, -1.0, -1.0, -1.0, -1.0, 1.0, 1.0, 1.0, -1.0, -1.0, -1.0, 1.0, 1.0, -1.0, -1.0, -1.0, 1.0, -1.0, 1.0, -1.0, 1.0, 1.0, -1.0, 1.0, -1.0, -1.0, -1.0, 1.0, -1.0, 1.0, 1.0, 1.0, 1.0, 1.0, -1.0, 1.0, 1.0, 1.0, 1.0, 1.0, 1.0, -1.0, 1.0, 1.0, -1.0, -1.0, 53.76, 91.3, 94.87
-1.0, -1.0, -1.0, -1.0, -1.0, -1.0, 1.0, 1.0, 1.0, 1.0, -1.0, -1.0, 1.0, -1.0, 1.0, 1.0, -1.0, 1.0, -1.0, -1.0, -1.0, -1.0, 1.0, -1.0, -1.0, 1.0, -1.0, 1.0, 1.0, 1.0, -1.0, -1.0, 1.0, -1.0, -1.0, -1.0, -1.0, 1.0, -1.0, -1.0, -1.0, 1.0, -1.0, -1.0, 1.0, 1.0, 1.0, 1.0, 1.0, -1.0, 57.53, 78.26, 93.45
-1.0, 1.0, -1.0, 1.0, -1.0, -1.0, 1.0, 1.0, 1.0, -1.0, -1.0, 1.0, 1.0, 1.0, 1.0, 1.0, 1.0, 1.0, 1.0, 1.0, -1.0, -1.0, 1.0, -1.0, 1.0, 1.0, -1.0, -1.0, -1.0, 1.0, 1.0, -1.0, 1.0, -1.0, -1.0, 1.0, 1.0, 1.0, 1.0, 1.0, 1.0, 1.0, -1.0, 1.0, 1.0, -1.0, -1.0, -1.0, 1.0, -1.0, 60.75, 78.26, 94.3
1.0, 1.0, 1.0, -1.0, -1.0, 1.0, -1.0, 1.0, 1.0, 1.0, 1.0, -1.0, 1.0, -1.0, -1.0, 1.0, 1.0, 1.0, -1.0, 1.0, -1.0, 1.0, -1.0, 1.0, -1.0, -1.0, -1.0, -1.0, -1.0, -1.0, 1.0, 1.0, -1.0, -1.0, 1.0, -1.0, -1.0, 1.0, -1.0, -1.0, 1.0, 1.0, 1.0, 1.0, -1.0, 1.0, 1.0, -1.0, -1.0, -1.0, 55.38, 91.3, 94.59
1.0, -1.0, -1.0, 1.0, 1.0, 1.0, 1.0, -1.0, -1.0, -1.0, 1.0, -1.0, 1.0, -1.0, -1.0, 1.0, 1.0, 1.0, -1.0, -1.0, -1.0, -1.0, 1.0, 1.0, -1.0, 1.0, -1.0, -1.0, 1.0, -1.0, 1.0, 1.0, -1.0, 1.0, 1.0, 1.0, -1.0, -1.0, 1.0, -1.0, 1.0, 1.0, 1.0, -1.0, 1.0, -1.0, -1.0, 1.0, 1.0, -1.0, 44.09, 95.65, 93.16
1.0, 1.0, 1.0, -1.0, 1.0, -1.0, -1.0, -1.0, 1.0, 1.0, 1.0, 1.0, -1.0, -1.0, 1.0, 1.0, 1.0, -1.0, 1.0, -1.0, -1.0, -1.0, -1.0, 1.0, 1.0, -1.0, 1.0, -1.0, -1.0, 1.0, -1.0, -1.0, -1.0, 1.0, -1.0, 1.0, 1.0, -1.0, -1.0, -1.0, 1.0, -1.0, -1.0, 1.0, -1.0, 1.0, -1.0, -1.0, -1.0, 1.0, 51.08, 52.17, 94.59
1.0, -1.0, -1.0, 1.0, -1.0, 1.0, -1.0, 1.0, -1.0, -1.0, 1.0, -1.0, -1.0, -1.0, -1.0, -1.0, -1.0, -1.0, -1.0, -1.0, -1.0, -1.0, -1.0, 1.0, 1.0, -1.0, -1.0, 1.0, 1.0, -1.0, 1.0, -1.0, 1.0, -1.0, -1.0, -1.0, -1.0, 1.0, 1.0, 1.0, -1.0, -1.0, 1.0, 1.0, -1.0, -1.0, 1.0, 1.0, -1.0, -1.0, 44.09, 43.48, 93.45
1.0, -1.0, 1.0, 1.0, 1.0, 1.0, -1.0, 1.0, 1.0, 1.0, -1.0, 1.0, -1.0, 1.0, 1.0, 1.0, 1.0, -1.0, -1.0, 1.0, -1.0, 1.0, -1.0, -1.0, -1.0, -1.0, 1.0, 1.0, -1.0, 1.0, 1.0, 1.0, -1.0, 1.0, 1.0, 1.0, -1.0, -1.0, -1.0, 1.0, 1.0, -1.0, -1.0, 1.0, -1.0, -1.0, 1.0, -1.0, 1.0, -1.0, 60.22, 73.91, 95.73
1.0, -1.0, -1.0, 1.0, 1.0, 1.0, -1.0, -1.0, 1.0, -1.0, 1.0, 1.0, 1.0, -1.0, 1.0, -1.0, 1.0, 1.0, -1.0, 1.0, 1.0, 1.0, 1.0, 1.0, -1.0, 1.0, -1.0, 1.0, 1.0, 1.0, -1.0, -1.0, -1.0, -1.0, -1.0, 1.0, 1.0, 1.0, -1.0, 1.0, -1.0, -1.0, 1.0, 1.0, 1.0, 1.0, 1.0, 1.0, -1.0, -1.0, 64.52, 78.26, 92.59
1.0, -1.0, 1.0, 1.0, -1.0, -1.0, 1.0, 1.0, -1.0, -1.0, -1.0, 1.0, 1.0, 1.0, -1.0, -1.0, 1.0, 1.0, 1.0, -1.0, -1.0, 1.0, -1.0, 1.0, 1.0, 1.0, 1.0, -1.0, 1.0, 1.0, -1.0, 1.0, -1.0, 1.0, -1.0, 1.0, 1.0, 1.0, -1.0, 1.0, 1.0, 1.0, -1.0, 1.0, -1.0, 1.0, 1.0, 1.0, -1.0, 1.0, 53.23, 47.83, 94.59
-1.0, -1.0, -1.0, 1.0, 1.0, -1.0, -1.0, 1.0, 1.0, 1.0, 1.0, 1.0, 1.0, -1.0, -1.0, 1.0, 1.0, 1.0, 1.0, -1.0, 1.0, -1.0, -1.0, -1.0, 1.0, -1.0, -1.0, 1.0, -1.0, -1.0, -1.0, 1.0, -1.0, 1.0, 1.0, -1.0, -1.0, -1.0, 1.0, 1.0, -1.0, -1.0, 1.0, -1.0, 1.0, -1.0, 1.0, -1.0, 1.0, 1.0, 62.37, 69.57, 93.73
-1.0, 1.0, -1.0, -1.0, -1.0, -1.0, 1.0, 1.0, -1.0, 1.0, -1.0, -1.0, -1.0, -1.0, -1.0, 1.0, -1.0, -1.0, -1.0, -1.0, -1.0, -1.0, -1.0, 1.0, 1.0, 1.0, 1.0, 1.0, 1.0, -1.0, 1.0, 1.0, 1.0, -1.0, 1.0, -1.0, 1.0, -1.0, -1.0, 1.0, 1.0, -1.0, 1.0, -1.0, -1.0, -1.0, 1.0, -1.0, 1.0, -1.0, 56.45, 69.57, 96.3
1.0, 1.0, 1.0, 1.0, -1.0, -1.0, -1.0, 1.0, 1.0, 1.0, -1.0, 1.0, -1.0, 1.0, 1.0, -1.0, -1.0, -1.0, -1.0, 1.0, -1.0, -1.0, -1.0, 1.0, 1.0, 1.0, 1.0, -1.0, -1.0, 1.0, -1.0, -1.0, -1.0, -1.0, 1.0, 1.0, 1.0, -1.0, 1.0, -1.0, 1.0, -1.0, -1.0, 1.0, -1.0, 1.0, 1.0, -1.0, 1.0, 1.0, 57.53, 82.61, 95.44
-1.0, -1.0, 1.0, -1.0, -1.0, -1.0, 1.0, 1.0, -1.0, -1.0, -1.0, 1.0, -1.0, 1.0, 1.0, 1.0, 1.0, 1.0, 1.0, 1.0, 1.0, 1.0, 1.0, 1.0, 1.0, -1.0, 1.0, 1.0, -1.0, 1.0, -1.0, 1.0, 1.0, -1.0, 1.0, -1.0, 1.0, 1.0, -1.0, 1.0, 1.0, 1.0, -1.0, 1.0, -1.0, -1.0, -1.0, 1.0, 1.0, 1.0, 52.69, 86.96, 93.45
1.0, -1.0, 1.0, 1.0, -1.0, 1.0, -1.0, 1.0, 1.0, -1.0, 1.0, 1.0, -1.0, -1.0, -1.0, -1.0, -1.0, -1.0, 1.0, 1.0, -1.0, -1.0, 1.0, -1.0, 1.0, -1.0, -1.0, 1.0, 1.0, -1.0, 1.0, -1.0, -1.0, 1.0, -1.0, 1.0, 1.0, -1.0, -1.0, 1.0, 1.0, 1.0, -1.0, -1.0, -1.0, -1.0, -1.0, -1.0, 1.0, 1.0, 57.53, 86.96, 94.02
-1.0, -1.0, 1.0, 1.0, -1.0, 1.0, 1.0, -1.0, -1.0, 1.0, -1.0, -1.0, 1.0, -1.0, -1.0, -1.0, 1.0, -1.0, -1.0, 1.0, -1.0, -1.0, 1.0, -1.0, -1.0, 1.0, -1.0, -1.0, 1.0, -1.0, 1.0, 1.0, -1.0, 1.0, 1.0, -1.0, 1.0, -1.0, 1.0, -1.0, -1.0, -1.0, -1.0, 1.0, -1.0, 1.0, 1.0, -1.0, -1.0, -1.0, 45.7, 47.83, 96.01
1.0, 1.0, -1.0, 1.0, 1.0, -1.0, -1.0, 1.0, -1.0, 1.0, 1.0, -1.0, -1.0, 1.0, -1.0, -1.0, -1.0, -1.0, 1.0, -1.0, 1.0, 1.0, 1.0, 1.0, 1.0, 1.0, 1.0, -1.0, 1.0, -1.0, -1.0, 1.0, 1.0, 1.0, 1.0, 1.0, 1.0, -1.0, 1.0, -1.0, -1.0, -1.0, -1.0, -1.0, -1.0, 1.0, -1.0, 1.0, 1.0, 1.0, 63.44, 69.57, 92.88
1.0, 1.0, -1.0, -1.0, 1.0, -1.0, 1.0, -1.0, 1.0, -1.0, 1.0, -1.0, 1.0, -1.0, -1.0, -1.0, 1.0, -1.0, -1.0, 1.0, 1.0, -1.0, 1.0, -1.0, -1.0, -1.0, -1.0, 1.0, -1.0, -1.0, -1.0, 1.0, 1.0, -1.0, 1.0, -1.0, 1.0, 1.0, 1.0, 1.0, -1.0, -1.0, -1.0, -1.0, 1.0, -1.0, -1.0, -1.0, -1.0, 1.0, 59.68, 69.57, 94.3
1.0, 1.0, -1.0, 1.0, -1.0, 1.0, 1.0, 1.0, 1.0, -1.0, 1.0, -1.0, -1.0, -1.0, -1.0, 1.0, 1.0, -1.0, -1.0, -1.0, -1.0, -1.0, 1.0, 1.0, -1.0, 1.0, 1.0, 1.0, -1.0, 1.0, 1.0, 1.0, -1.0, 1.0, -1.0, 1.0, -1.0, 1.0, -1.0, -1.0, -1.0, 1.0, 1.0, -1.0, -1.0, 1.0, 1.0, 1.0, -1.0, -1.0, 45.7, 43.48, 96.01
-1.0, 1.0, -1.0, 1.0, 1.0, 1.0, 1.0, -1.0, -1.0, 1.0, -1.0, 1.0, 1.0, 1.0, 1.0, -1.0, -1.0, 1.0, 1.0, -1.0, -1.0, -1.0, 1.0, -1.0, 1.0, 1.0, 1.0, 1.0, -1.0, -1.0, 1.0, -1.0, -1.0, 1.0, -1.0, 1.0, -1.0, -1.0, -1.0, -1.0, -1.0, 1.0, 1.0, 1.0, -1.0, 1.0, -1.0, -1.0, 1.0, 1.0, 54.3, 78.26, 93.45
-1.0, 1.0, -1.0, -1.0, -1.0, 1.0, -1.0, 1.0, -1.0, -1.0, -1.0, -1.0, -1.0, 1.0, 1.0, -1.0, -1.0, -1.0, 1.0, 1.0, 1.0, 1.0, -1.0, 1.0, 1.0, 1.0, -1.0, -1.0, -1.0, 1.0, -1.0, -1.0, -1.0, -1.0, 1.0, 1.0, 1.0, 1.0, -1.0, 1.0, -1.0, 1.0, 1.0, 1.0, -1.0, -1.0, -1.0, -1.0, -1.0, -1.0, 48.92, 86.96, 93.16
1.0, -1.0, 1.0, -1.0, -1.0, 1.0, -1.0, 1.0, -1.0, -1.0, 1.0, -1.0, -1.0, -1.0, -1.0, 1.0, 1.0, -1.0, -1.0, -1.0, -1.0, 1.0, 1.0, 1.0, 1.0, -1.0, -1.0, -1.0, -1.0, -1.0, 1.0, 1.0, 1.0, -1.0, -1.0, -1.0, 1.0, 1.0, -1.0, 1.0, -1.0, 1.0, 1.0, -1.0, 1.0, -1.0, -1.0, 1.0, -1.0, -1.0, 45.7, 47.83, 93.16
1.0, 1.0, 1.0, -1.0, 1.0, -1.0, 1.0, 1.0, -1.0, 1.0, -1.0, -1.0, 1.0, 1.0, 1.0, 1.0, -1.0, 1.0, -1.0, 1.0, 1.0, -1.0, -1.0, -1.0, 1.0, -1.0, -1.0, 1.0, -1.0, 1.0, -1.0, 1.0, -1.0, 1.0, 1.0, -1.0, -1.0, 1.0, 1.0, 1.0, -1.0, 1.0, -1.0, -1.0, -1.0, -1.0, 1.0, -1.0, -1.0, 1.0, 58.06, 82.61, 92.88
-1.0, -1.0, 1.0, -1.0, 1.0, -1.0, -1.0, -1.0, -1.0, -1.0, -1.0, 1.0, 1.0, -1.0, 1.0, -1.0, -1.0, 1.0, 1.0, 1.0, 1.0, -1.0, -1.0, -1.0, 1.0, -1.0, -1.0, -1.0, -1.0, -1.0, 1.0, -1.0, -1.0, 1.0, -1.0, -1.0, 1.0, 1.0, 1.0, 1.0, 1.0, -1.0, 1.0, 1.0, 1.0, -1.0, 1.0, -1.0, 1.0, -1.0, 51.61, 47.83, 94.59
-1.0, -1.0, 1.0, -1.0, -1.0, 1.0, 1.0, 1.0, -1.0, -1.0, -1.0, 1.0, -1.0, -1.0, 1.0, 1.0, 1.0, 1.0, -1.0, -1.0, -1.0, 1.0, -1.0, 1.0, -1.0, 1.0, 1.0, 1.0, -1.0, 1.0, -1.0, -1.0, -1.0, 1.0, -1.0, 1.0, -1.0, -1.0, -1.0, -1.0, -1.0, -1.0, 1.0, 1.0, -1.0, -1.0, 1.0, 1.0, 1.0, -1.0, 50.0, 47.83, 94.3
-1.0, 1.0, 1.0, 1.0, -1.0, 1.0, 1.0, 1.0, 1.0, 1.0, -1.0, -1.0, -1.0, 1.0, 1.0, 1.0, -1.0, -1.0, 1.0, 1.0, -1.0, -1.0, -1.0, 1.0, 1.0, -1.0, -1.0, -1.0, -1.0, -1.0, 1.0, -1.0, -1.0, 1.0, -1.0, 1.0, 1.0, -1.0, -1.0, 1.0, -1.0, 1.0, -1.0, 1.0, -1.0, 1.0, 1.0, -1.0, 1.0, -1.0, 44.62, 47.83, 93.73
-1.0, 1.0, 1.0, 1.0, -1.0, -1.0, 1.0, 1.0, 1.0, 1.0, -1.0, 1.0, -1.0, -1.0, -1.0, 1.0, -1.0, 1.0, 1.0, 1.0, -1.0, 1.0, 1.0, 1.0, -1.0, 1.0, -1.0, 1.0, 1.0, -1.0, 1.0, -1.0, -1.0, -1.0, -1.0, -1.0, -1.0, 1.0, -1.0, -1.0, -1.0, 1.0, -1.0, -1.0, 1.0, 1.0, 1.0, 1.0, -1.0, -1.0, 57.53, 86.96, 92.02
-1.0, -1.0, -1.0, -1.0, 1.0, -1.0, 1.0, 1.0, 1.0, 1.0, 1.0, -1.0, -1.0, -1.0, -1.0, -1.0, -1.0, 1.0, -1.0, 1.0, 1.0, -1.0, 1.0, -1.0, -1.0, 1.0, 1.0, 1.0, -1.0, -1.0, -1.0, 1.0, -1.0, -1.0, 1.0, 1.0, 1.0, 1.0, 1.0, -1.0, 1.0, -1.0, -1.0, 1.0, -1.0, -1.0, 1.0, -1.0, -1.0, -1.0, 64.52, 69.57, 92.59
-1.0, 1.0, 1.0, -1.0, 1.0, 1.0, 1.0, 1.0, 1.0, 1.0, 1.0, -1.0, -1.0, -1.0, 1.0, -1.0, -1.0, 1.0, -1.0, -1.0, -1.0, 1.0, 1.0, -1.0, -1.0, -1.0, -1.0, 1.0, -1.0, 1.0, -1.0, -1.0, -1.0, 1.0, 1.0, 1.0, -1.0, -1.0, -1.0, -1.0, 1.0, 1.0, 1.0, -1.0, 1.0, 1.0, 1.0, -1.0, 1.0, 1.0, 47.31, 82.61, 92.88
-1.0, -1.0, 1.0, 1.0, -1.0, -1.0, 1.0, 1.0, -1.0, 1.0, 1.0, 1.0, -1.0, -1.0, 1.0, -1.0, -1.0, 1.0, 1.0, -1.0, 1.0, -1.0, 1.0, -1.0, 1.0, -1.0, 1.0, 1.0, 1.0, 1.0, 1.0, -1.0, 1.0, -1.0, -1.0, -1.0, 1.0, -1.0, -1.0, -1.0, 1.0, -1.0, -1.0, 1.0, -1.0, -1.0, -1.0, -1.0, 1.0, -1.0, 61.29, 78.26, 95.16
-1.0, -1.0, 1.0, -1.0, -1.0, 1.0, 1.0, -1.0, -1.0, 1.0, -1.0, -1.0, 1.0, -1.0, 1.0, -1.0, -1.0, 1.0, -1.0, 1.0, 1.0, -1.0, 1.0, -1.0, 1.0, 1.0, 1.0, -1.0, -1.0, 1.0, -1.0, -1.0, 1.0, -1.0, 1.0, -1.0, 1.0, 1.0, -1.0, 1.0, 1.0, -1.0, -1.0, -1.0, -1.0, -1.0, -1.0, 1.0, 1.0, -1.0, 54.84, 73.91, 92.02
1.0, -1.0, 1.0, -1.0, -1.0, -1.0, -1.0, -1.0, 1.0, 1.0, -1.0, 1.0, -1.0, -1.0, 1.0, -1.0, 1.0, 1.0, 1.0, -1.0, -1.0, -1.0, 1.0, 1.0, 1.0, -1.0, 1.0, -1.0, -1.0, -1.0, 1.0, 1.0, -1.0, 1.0, 1.0, -1.0, -1.0, 1.0, -1.0, 1.0, 1.0, 1.0, 1.0, -1.0, -1.0, 1.0, 1.0, 1.0, -1.0, -1.0, 46.77, 86.96, 94.02
1.0, 1.0, 1.0, -1.0, -1.0, -1.0, 1.0, -1.0, 1.0, 1.0, -1.0, -1.0, -1.0, 1.0, 1.0, -1.0, 1.0, -1.0, 1.0, 1.0, -1.0, 1.0, -1.0, 1.0, -1.0, -1.0, 1.0, -1.0, 1.0, 1.0, 1.0, 1.0, 1.0, -1.0, 1.0, 1.0, 1.0, -1.0, 1.0, 1.0, -1.0, -1.0, 1.0, 1.0, 1.0, -1.0, -1.0, 1.0, 1.0, -1.0, 47.85, 82.61, 93.16
-1.0, -1.0, 1.0, -1.0, -1.0, -1.0, 1.0, -1.0, 1.0, -1.0, -1.0, -1.0, -1.0, -1.0, -1.0, 1.0, -1.0, -1.0, -1.0, -1.0, -1.0, 1.0, 1.0, -1.0, 1.0, 1.0, -1.0, -1.0, -1.0, 1.0, -1.0, 1.0, -1.0, 1.0, 1.0, 1.0, 1.0, 1.0, -1.0, 1.0, -1.0, 1.0, -1.0, 1.0, -1.0, 1.0, 1.0, 1.0, -1.0, -1.0, 55.91, 82.61, 94.59
1.0, 1.0, 1.0, 1.0, 1.0, 1.0, 1.0, -1.0, -1.0, -1.0, -1.0, 1.0, 1.0, 1.0, -1.0, 1.0, 1.0, -1.0, -1.0, -1.0, -1.0, 1.0, 1.0, 1.0, -1.0, 1.0, -1.0, 1.0, 1.0, 1.0, -1.0, -1.0, 1.0, -1.0, 1.0, -1.0, -1.0, -1.0, 1.0, -1.0, -1.0, 1.0, -1.0, -1.0, -1.0, 1.0, 1.0, 1.0, -1.0, 1.0, 53.76, 86.96, 94.59
1.0, -1.0, -1.0, -1.0, 1.0, 1.0, 1.0, 1.0, 1.0, -1.0, -1.0, -1.0, -1.0, 1.0, 1.0, -1.0, 1.0, 1.0, 1.0, -1.0, -1.0, 1.0, 1.0, 1.0, 1.0, 1.0, -1.0, -1.0, -1.0, 1.0, -1.0, -1.0, -1.0, 1.0, 1.0, -1.0, -1.0, -1.0, 1.0, -1.0, 1.0, -1.0, -1.0, 1.0, -1.0, 1.0, -1.0, -1.0, -1.0, 1.0, 55.38, 69.57, 94.3
-1.0, 1.0, 1.0, 1.0, -1.0, 1.0, 1.0, 1.0, 1.0, 1.0, -1.0, 1.0, 1.0, -1.0, -1.0, -1.0, 1.0, 1.0, 1.0, 1.0, -1.0, 1.0, -1.0, 1.0, -1.0, 1.0, -1.0, -1.0, 1.0, -1.0, -1.0, -1.0, -1.0, -1.0, 1.0, -1.0, 1.0, -1.0, -1.0, 1.0, -1.0, -1.0, 1.0, -1.0, 1.0, 1.0, 1.0, 1.0, -1.0, -1.0, 54.84, 86.96, 94.02
-1.0, 1.0, -1.0, 1.0, 1.0, -1.0, 1.0, 1.0, 1.0, -1.0, -1.0, 1.0, -1.0, -1.0, -1.0, 1.0, 1.0, -1.0, -1.0, -1.0, -1.0, 1.0, 1.0, 1.0, 1.0, -1.0, 1.0, -1.0, 1.0, 1.0, -1.0, -1.0, -1.0, -1.0, -1.0, -1.0, 1.0, -1.0, -1.0, 1.0, -1.0, -1.0, 1.0, -1.0, -1.0, 1.0, 1.0, 1.0, 1.0, -1.0, 55.38, 69.57, 95.44
1.0, -1.0, -1.0, 1.0, -1.0, -1.0, 1.0, -1.0, 1.0, -1.0, 1.0, -1.0, 1.0, 1.0, -1.0, -1.0, 1.0, 1.0, -1.0, -1.0, 1.0, -1.0, -1.0, 1.0, -1.0, 1.0, -1.0, 1.0, 1.0, 1.0, 1.0, 1.0, 1.0, 1.0, 1.0, -1.0, 1.0, 1.0, -1.0, 1.0, 1.0, -1.0, -1.0, 1.0, 1.0, 1.0, -1.0, 1.0, -1.0, 1.0, 50.0, 73.91, 95.16
1.0, 1.0, 1.0, 1.0, -1.0, 1.0, -1.0, 1.0, -1.0, 1.0, -1.0, -1.0, 1.0, 1.0, 1.0, -1.0, -1.0, -1.0, -1.0, 1.0, 1.0, 1.0, 1.0, 1.0, -1.0, -1.0, -1.0, 1.0, -1.0, -1.0, 1.0, 1.0, -1.0, -1.0, 1.0, 1.0, 1.0, -1.0, 1.0, 1.0, 1.0, 1.0, 1.0, -1.0, -1.0, 1.0, -1.0, -1.0, 1.0, 1.0, 61.83, 82.61, 93.16
1.0, 1.0, -1.0, -1.0, 1.0, -1.0, -1.0, -1.0, -1.0, -1.0, 1.0, 1.0, -1.0, -1.0, -1.0, 1.0, -1.0, 1.0, 1.0, -1.0, -1.0, 1.0, -1.0, -1.0, -1.0, 1.0, 1.0, -1.0, -1.0, 1.0, -1.0, -1.0, 1.0, 1.0, -1.0, 1.0, 1.0, 1.0, -1.0, -1.0, -1.0, -1.0, -1.0, -1.0, 1.0, -1.0, -1.0, -1.0, -1.0, -1.0, 46.77, 43.48, 95.44
-1.0, -1.0, -1.0, 1.0, 1.0, -1.0, 1.0, -1.0, 1.0, 1.0, -1.0, -1.0, -1.0, 1.0, 1.0, 1.0, 1.0, 1.0, 1.0, 1.0, 1.0, -1.0, -1.0, 1.0, 1.0, 1.0, 1.0, 1.0, -1.0, 1.0, 1.0, -1.0, -1.0, 1.0, -1.0, 1.0, -1.0, -1.0, 1.0, 1.0, 1.0, 1.0, -1.0, 1.0, -1.0, 1.0, 1.0, 1.0, -1.0, -1.0, 61.29, 52.17, 94.87
1.0, 1.0, 1.0, -1.0, -1.0, 1.0, -1.0, 1.0, 1.0, -1.0, -1.0, 1.0, -1.0, -1.0, -1.0, -1.0, 1.0, -1.0, 1.0, -1.0, 1.0, -1.0, 1.0, 1.0, -1.0, -1.0, 1.0, 1.0, -1.0, -1.0, -1.0, -1.0, 1.0, 1.0, 1.0, -1.0, -1.0, -1.0, 1.0, -1.0, 1.0, 1.0, -1.0, -1.0, 1.0, 1.0, -1.0, -1.0, -1.0, -1.0, 54.84, 86.96, 94.59
-1.0, -1.0, 1.0, -1.0, 1.0, -1.0, -1.0, 1.0, 1.0, 1.0, 1.0, -1.0, -1.0, -1.0, 1.0, 1.0, -1.0, 1.0, -1.0, 1.0, -1.0, -1.0, 1.0, 1.0, -1.0, 1.0, 1.0, 1.0, 1.0, 1.0, 1.0, -1.0, 1.0, -1.0, -1.0, -1.0, 1.0, 1.0, 1.0, -1.0, 1.0, -1.0, -1.0, -1.0, 1.0, -1.0, 1.0, 1.0, -1.0, 1.0, 56.45, 78.26, 94.87
1.0, 1.0, 1.0, -1.0, 1.0, -1.0, 1.0, 1.0, -1.0, 1.0, -1.0, -1.0, 1.0, -1.0, 1.0, 1.0, 1.0, -1.0, -1.0, -1.0, -1.0, -1.0, -1.0, 1.0, 1.0, 1.0, -1.0, 1.0, 1.0, 1.0, 1.0, -1.0, -1.0, 1.0, -1.0, -1.0, -1.0, 1.0, -1.0, 1.0, 1.0, -1.0, 1.0, -1.0, -1.0, 1.0, 1.0, -1.0, -1.0, 1.0, 54.3, 73.91, 94.59
-1.0, -1.0, -1.0, 1.0, 1.0, 1.0, 1.0, 1.0, 1.0, -1.0, -1.0, 1.0, 1.0, 1.0, 1.0, -1.0, 1.0, -1.0, 1.0, -1.0, -1.0, 1.0, -1.0, -1.0, -1.0, -1.0, 1.0, -1.0, 1.0, -1.0, 1.0, -1.0, -1.0, -1.0, -1.0, -1.0, 1.0, 1.0, -1.0, 1.0, 1.0, 1.0, -1.0, -1.0, -1.0, -1.0, 1.0, 1.0, 1.0, -1.0, 61.83, 56.52, 94.87
-1.0, -1.0, -1.0, -1.0, -1.0, 1.0, -1.0, 1.0, -1.0, 1.0, -1.0, 1.0, 1.0, 1.0, -1.0, -1.0, -1.0, 1.0, -1.0, -1.0, 1.0, 1.0, 1.0, -1.0, 1.0, -1.0, -1.0, 1.0, 1.0, -1.0, -1.0, -1.0, 1.0, -1.0, 1.0, -1.0, 1.0, -1.0, -1.0, 1.0, -1.0, -1.0, -1.0, 1.0, 1.0, 1.0, -1.0, -1.0, -1.0, -1.0, 64.52, 73.91, 94.87
-1.0, 1.0, -1.0, -1.0, 1.0, -1.0, -1.0, 1.0, -1.0, -1.0, 1.0, -1.0, -1.0, 1.0, -1.0, -1.0, 1.0, -1.0, 1.0, -1.0, -1.0, 1.0, 1.0, 1.0, 1.0, -1.0, 1.0, 1.0, -1.0, -1.0, -1.0, 1.0, -1.0, -1.0, 1.0, 1.0, 1.0, -1.0, 1.0, 1.0, 1.0, -1.0, 1.0, -1.0, 1.0, 1.0, 1.0, -1.0, -1.0, -1.0, 56.45, 69.57, 93.73
1.0, -1.0, -1.0, -1.0, -1.0, -1.0, -1.0, -1.0, 1.0, -1.0, 1.0, -1.0, -1.0, -1.0, -1.0, -1.0, 1.0, -1.0, 1.0, -1.0, -1.0, -1.0, 1.0, -1.0, 1.0, -1.0, -1.0, 1.0, 1.0, 1.0, 1.0, -1.0, 1.0, 1.0, -1.0, 1.0, 1.0, -1.0, 1.0, -1.0, -1.0, 1.0, 1.0, 1.0, 1.0, 1.0, 1.0, 1.0, 1.0, 1.0, 54.84, 56.52, 93.73
-1.0, -1.0, -1.0, -1.0, 1.0, 1.0, 1.0, -1.0, -1.0, 1.0, 1.0, -1.0, -1.0, 1.0, 1.0, 1.0, 1.0, 1.0, -1.0, -1.0, 1.0, -1.0, 1.0, 1.0, 1.0, 1.0, 1.0, -1.0, -1.0, -1.0, 1.0, 1.0, 1.0, -1.0, -1.0, -1.0, 1.0, -1.0, 1.0, 1.0, 1.0, 1.0, -1.0, -1.0, -1.0, 1.0, 1.0, 1.0, -1.0, -1.0, 50.0, 52.17, 92.59
-1.0, -1.0, 1.0, 1.0, -1.0, 1.0, 1.0, 1.0, -1.0, 1.0, 1.0, 1.0, 1.0, -1.0, 1.0, 1.0, 1.0, 1.0, 1.0, 1.0, -1.0, -1.0, -1.0, -1.0, -1.0, 1.0, 1.0, -1.0, -1.0, -1.0, 1.0, 1.0, 1.0, 1.0, -1.0, -1.0, -1.0, -1.0, -1.0, 1.0, -1.0, 1.0, 1.0, -1.0, 1.0, 1.0, -1.0, 1.0, 1.0, 1.0, 45.7, 82.61, 94.87
-1.0, -1.0, -1.0, -1.0, -1.0, 1.0, 1.0, 1.0, -1.0, 1.0, -1.0, 1.0, 1.0, 1.0, -1.0, 1.0, -1.0, 1.0, -1.0, 1.0, -1.0, 1.0, 1.0, 1.0, 1.0, -1.0, 1.0, 1.0, -1.0, 1.0, -1.0, -1.0, -1.0, 1.0, 1.0, 1.0, -1.0, 1.0, 1.0, 1.0, -1.0, -1.0, 1.0, 1.0, 1.0, 1.0, 1.0, 1.0, 1.0, 1.0, 46.77, 86.96, 94.02
-1.0, 1.0, 1.0, -1.0, 1.0, -1.0, 1.0, 1.0, -1.0, -1.0, 1.0, 1.0, 1.0, -1.0, 1.0, -1.0, 1.0, 1.0, -1.0, -1.0, -1.0, -1.0, -1.0, -1.0, -1.0, 1.0, 1.0, -1.0, 1.0, 1.0, 1.0, 1.0, 1.0, 1.0, 1.0, -1.0, -1.0, -1.0, 1.0, -1.0, -1.0, 1.0, -1.0, 1.0, 1.0, -1.0, -1.0, -1.0, -1.0, -1.0, 46.24, 82.61, 96.3
1.0, 1.0, 1.0, 1.0, -1.0, 1.0, 1.0, -1.0, -1.0, -1.0, -1.0, -1.0, -1.0, 1.0, 1.0, -1.0, 1.0, 1.0, -1.0, 1.0, -1.0, 1.0, -1.0, 1.0, 1.0, 1.0, -1.0, 1.0, 1.0, 1.0, 1.0, 1.0, 1.0, -1.0, -1.0, -1.0, 1.0, 1.0, -1.0, -1.0, -1.0, 1.0, -1.0, 1.0, -1.0, 1.0, 1.0, -1.0, -1.0, -1.0, 52.15, 47.83, 93.16
1.0, 1.0, -1.0, 1.0, 1.0, -1.0, 1.0, -1.0, -1.0, -1.0, -1.0, 1.0, 1.0, -1.0, -1.0, -1.0, 1.0, 1.0, 1.0, 1.0, -1.0, 1.0, 1.0, 1.0, -1.0, -1.0, 1.0, 1.0, -1.0, -1.0, 1.0, -1.0, -1.0, -1.0, 1.0, -1.0, 1.0, -1.0, -1.0, -1.0, 1.0, -1.0, 1.0, -1.0, -1.0, -1.0, -1.0, 1.0, -1.0, -1.0, 53.23, 73.91, 94.87
-1.0, -1.0, 1.0, -1.0, 1.0, -1.0, 1.0, 1.0, 1.0, -1.0, -1.0, 1.0, 1.0, -1.0, -1.0, -1.0, 1.0, -1.0, -1.0, 1.0, -1.0, -1.0, -1.0, -1.0, 1.0, -1.0, 1.0, -1.0, -1.0, -1.0, -1.0, -1.0, -1.0, 1.0, -1.0, 1.0, 1.0, -1.0, -1.0, 1.0, -1.0, 1.0, 1.0, -1.0, -1.0, 1.0, 1.0, -1.0, 1.0, 1.0, 50.0, 60.87, 94.87
1.0, -1.0, 1.0, 1.0, 1.0, 1.0, 1.0, -1.0, 1.0, -1.0, -1.0, 1.0, -1.0, -1.0, -1.0, 1.0, -1.0, 1.0, 1.0, -1.0, 1.0, -1.0, 1.0, 1.0, 1.0, -1.0, 1.0, -1.0, -1.0, -1.0, 1.0, -1.0, 1.0, -1.0, 1.0, 1.0, 1.0, -1.0, -1.0, -1.0, 1.0, 1.0, -1.0, -1.0, 1.0, -1.0, 1.0, 1.0, -1.0, -1.0, 74.19, 95.65, 94.87
-1.0, 1.0, -1.0, -1.0, -1.0, 1.0, -1.0, -1.0, 1.0, 1.0, -1.0, 1.0, -1.0, -1.0, -1.0, -1.0, 1.0, -1.0, -1.0, -1.0, 1.0, 1.0, 1.0, 1.0, -1.0, 1.0, -1.0, 1.0, -1.0, 1.0, 1.0, -1.0, 1.0, -1.0, 1.0, 1.0, 1.0, -1.0, -1.0, 1.0, -1.0, 1.0, 1.0, -1.0, 1.0, 1.0, 1.0, 1.0, 1.0, -1.0, 59.14, 91.3, 96.01
-1.0, 1.0, -1.0, -1.0, 1.0, -1.0, -1.0, 1.0, -1.0, 1.0, -1.0, -1.0, -1.0, -1.0, 1.0, -1.0, 1.0, -1.0, -1.0, 1.0, -1.0, -1.0, 1.0, -1.0, -1.0, -1.0, 1.0, -1.0, -1.0, -1.0, 1.0, -1.0, 1.0, -1.0, 1.0, -1.0, -1.0, 1.0, 1.0, 1.0, -1.0, 1.0, -1.0, 1.0, 1.0, -1.0, -1.0, -1.0, 1.0, -1.0, 56.99, 78.26, 92.02
1.0, 1.0, -1.0, 1.0, -1.0, -1.0, -1.0, -1.0, 1.0, 1.0, 1.0, 1.0, 1.0, -1.0, 1.0, -1.0, -1.0, 1.0, -1.0, 1.0, 1.0, -1.0, -1.0, 1.0, -1.0, -1.0, 1.0, -1.0, 1.0, 1.0, 1.0, 1.0, 1.0, -1.0, 1.0, -1.0, -1.0, -1.0, -1.0, 1.0, -1.0, 1.0, -1.0, 1.0, 1.0, -1.0, -1.0, 1.0, -1.0, -1.0, 61.29, 86.96, 94.3
1.0, -1.0, 1.0, 1.0, -1.0, -1.0, -1.0, -1.0, 1.0, -1.0, 1.0, -1.0, -1.0, 1.0, 1.0, -1.0, -1.0, 1.0, 1.0, 1.0, -1.0, -1.0, -1.0, -1.0, 1.0, -1.0, -1.0, -1.0, -1.0, -1.0, 1.0, -1.0, 1.0, 1.0, -1.0, 1.0, 1.0, -1.0, -1.0, 1.0, 1.0, 1.0, -1.0, 1.0, 1.0, 1.0, 1.0, -1.0, -1.0, 1.0, 46.77, 47.83, 94.3
1.0, -1.0, 1.0, -1.0, 1.0, -1.0, 1.0, -1.0, -1.0, -1.0, -1.0, -1.0, -1.0, 1.0, 1.0, -1.0, -1.0, -1.0, -1.0, -1.0, -1.0, -1.0, -1.0, -1.0, -1.0, 1.0, 1.0, 1.0, -1.0, 1.0, -1.0, 1.0, 1.0, -1.0, 1.0, -1.0, 1.0, 1.0, -1.0, 1.0, -1.0, -1.0, 1.0, -1.0, 1.0, -1.0, -1.0, 1.0, 1.0, -1.0, 56.99, 73.91, 91.74
1.0, -1.0, -1.0, 1.0, 1.0, 1.0, -1.0, -1.0, 1.0, 1.0, -1.0, -1.0, 1.0, -1.0, 1.0, 1.0, -1.0, -1.0, -1.0, 1.0, 1.0, -1.0, 1.0, -1.0, -1.0, 1.0, 1.0, 1.0, 1.0, -1.0, -1.0, -1.0, -1.0, -1.0, -1.0, -1.0, 1.0, -1.0, 1.0, 1.0, -1.0, 1.0, 1.0, -1.0, 1.0, 1.0, 1.0, -1.0, 1.0, 1.0, 58.06, 78.26, 92.31
1.0, -1.0, 1.0, -1.0, -1.0, 1.0, 1.0, 1.0, -1.0, 1.0, -1.0, 1.0, 1.0, 1.0, 1.0, 1.0, 1.0, 1.0, -1.0, 1.0, -1.0, 1.0, 1.0, -1.0, 1.0, 1.0, 1.0, 1.0, -1.0, -1.0, 1.0, -1.0, 1.0, -1.0, 1.0, -1.0, -1.0, 1.0, 1.0, -1.0, -1.0, -1.0, 1.0, 1.0, 1.0, 1.0, -1.0, 1.0, 1.0, -1.0, 51.61, 78.26, 96.01
-1.0, -1.0, -1.0, -1.0, -1.0, 1.0, 1.0, -1.0, -1.0, -1.0, -1.0, 1.0, 1.0, 1.0, 1.0, 1.0, 1.0, 1.0, -1.0, -1.0, 1.0, 1.0, -1.0, -1.0, -1.0, 1.0, -1.0, -1.0, -1.0, 1.0, 1.0, -1.0, -1.0, -1.0, 1.0, 1.0, 1.0, -1.0, 1.0, -1.0, 1.0, -1.0, 1.0, 1.0, 1.0, 1.0, -1.0, 1.0, -1.0, -1.0, 51.08, 43.48, 94.02
-1.0, -1.0, -1.0, -1.0, 1.0, 1.0, -1.0, -1.0, -1.0, -1.0, 1.0, 1.0, 1.0, 1.0, -1.0, 1.0, 1.0, -1.0, 1.0, 1.0, -1.0, -1.0, 1.0, 1.0, -1.0, -1.0, 1.0, 1.0, -1.0, 1.0, 1.0, -1.0, 1.0, -1.0, 1.0, -1.0, -1.0, 1.0, -1.0, 1.0, -1.0, -1.0, 1.0, -1.0, -1.0, 1.0, -1.0, -1.0, -1.0, -1.0, 49.46, 73.91, 92.88
-1.0, -1.0, -1.0, -1.0, 1.0, -1.0, 1.0, 1.0, -1.0, 1.0, 1.0, -1.0, -1.0, -1.0, -1.0, -1.0, 1.0, -1.0, -1.0, 1.0, -1.0, 1.0, -1.0, 1.0, 1.0, 1.0, -1.0, 1.0, 1.0, 1.0, 1.0, 1.0, -1.0, 1.0, 1.0, 1.0, 1.0, -1.0, -1.0, -1.0, -1.0, 1.0, 1.0, 1.0, -1.0, 1.0, 1.0, 1.0, -1.0, 1.0, 48.92, 43.48, 94.3
1.0, 1.0, 1.0, -1.0, 1.0, -1.0, 1.0, -1.0, -1.0, -1.0, 1.0, 1.0, -1.0, 1.0, -1.0, -1.0, 1.0, 1.0, -1.0, 1.0, 1.0, 1.0, -1.0, -1.0, -1.0, 1.0, -1.0, -1.0, -1.0, -1.0, -1.0, -1.0, 1.0, -1.0, -1.0, 1.0, 1.0, -1.0, -1.0, 1.0, 1.0, -1.0, 1.0, -1.0, -1.0, 1.0, -1.0, -1.0, 1.0, 1.0, 53.76, 47.83, 94.59
-1.0, -1.0, 1.0, 1.0, 1.0, -1.0, -1.0, -1.0, -1.0, -1.0, 1.0, 1.0, 1.0, 1.0, -1.0, 1.0, -1.0, 1.0, -1.0, -1.0, 1.0, 1.0, -1.0, -1.0, 1.0, 1.0, -1.0, -1.0, 1.0, -1.0, 1.0, 1.0, 1.0, -1.0, -1.0, 1.0, 1.0, 1.0, -1.0, -1.0, -1.0, -1.0, 1.0, 1.0, -1.0, 1.0, 1.0, -1.0, 1.0, 1.0, 56.45, 47.83, 93.16
1.0, -1.0, -1.0, -1.0, -1.0, -1.0, -1.0, 1.0, -1.0, 1.0, -1.0, 1.0, -1.0, -1.0, 1.0, -1.0, -1.0, -1.0, 1.0, -1.0, 1.0, 1.0, 1.0, -1.0, 1.0, -1.0, 1.0, 1.0, -1.0, 1.0, 1.0, 1.0, 1.0, -1.0, -1.0, 1.0, -1.0, -1.0, -1.0, -1.0, -1.0, 1.0, -1.0, -1.0, -1.0, -1.0, 1.0, -1.0, -1.0, -1.0, 60.22, 78.26, 91.17
1.0, -1.0, -1.0, 1.0, -1.0, 1.0, 1.0, 1.0, 1.0, 1.0, 1.0, 1.0, -1.0, 1.0, 1.0, -1.0, 1.0, 1.0, -1.0, 1.0, 1.0, 1.0, -1.0, 1.0, -1.0, -1.0, -1.0, -1.0, -1.0, -1.0, -1.0, 1.0, 1.0, -1.0, 1.0, -1.0, -1.0, 1.0, 1.0, -1.0, 1.0, 1.0, -1.0, -1.0, -1.0, 1.0, -1.0, 1.0, 1.0, -1.0, 62.37, 78.26, 94.02
-1.0, 1.0, 1.0, 1.0, 1.0, -1.0, 1.0, -1.0, -1.0, -1.0, -1.0, 1.0, 1.0, 1.0, -1.0, 1.0, -1.0, 1.0, 1.0, -1.0, 1.0, -1.0, -1.0, 1.0, -1.0, -1.0, -1.0, 1.0, -1.0, 1.0, 1.0, 1.0, 1.0, -1.0, 1.0, -1.0, 1.0, 1.0, 1.0, -1.0, 1.0, -1.0, 1.0, 1.0, -1.0, -1.0, -1.0, -1.0, -1.0, -1.0, 46.77, 73.91, 96.87
1.0, 1.0, -1.0, 1.0, 1.0, 1.0, 1.0, -1.0, 1.0, -1.0, -1.0, 1.0, -1.0, -1.0, 1.0, -1.0, -1.0, 1.0, 1.0, 1.0, -1.0, 1.0, 1.0, 1.0, -1.0, 1.0, -1.0, 1.0, -1.0, -1.0, 1.0, -1.0, 1.0, 1.0, 1.0, -1.0, 1.0, -1.0, 1.0, -1.0, 1.0, -1.0, 1.0, 1.0, 1.0, -1.0, 1.0, 1.0, 1.0, -1.0, 44.62, 86.96, 94.02
1.0, -1.0, -1.0, 1.0, -1.0, -1.0, -1.0, -1.0, -1.0, 1.0, -1.0, 1.0, 1.0, -1.0, 1.0, -1.0, -1.0, -1.0, -1.0, -1.0, 1.0, -1.0, 1.0, 1.0, -1.0, 1.0, -1.0, -1.0, 1.0, 1.0, 1.0, 1.0, -1.0, -1.0, -1.0, 1.0, 1.0, 1.0, 1.0, -1.0, 1.0, 1.0, -1.0, -1.0, 1.0, -1.0, -1.0, 1.0, -1.0, 1.0, 56.45, 82.61, 94.87
1.0, 1.0, 1.0, -1.0, -1.0, 1.0, -1.0, -1.0, 1.0, 1.0, -1.0, 1.0, -1.0, -1.0, -1.0, 1.0, 1.0, 1.0, -1.0, -1.0, -1.0, -1.0, 1.0, -1.0, 1.0, 1.0, 1.0, 1.0, -1.0, 1.0, -1.0, 1.0, -1.0, -1.0, 1.0, -1.0, -1.0, 1.0, -1.0, -1.0, -1.0, -1.0, -1.0, -1.0, 1.0, -1.0, 1.0, 1.0, 1.0, -1.0, 56.45, 78.26, 96.87
-1.0, 1.0, 1.0, 1.0, -1.0, 1.0, 1.0, 1.0, 1.0, -1.0, -1.0, 1.0, -1.0, 1.0, 1.0, 1.0, 1.0, 1.0, 1.0, 1.0, -1.0, 1.0, 1.0, -1.0, 1.0, 1.0, 1.0, 1.0, -1.0, 1.0, -1.0, -1.0, 1.0, 1.0, -1.0, -1.0, -1.0, 1.0, 1.0, -1.0, 1.0, -1.0, 1.0, 1.0, -1.0, -1.0, -1.0, -1.0, -1.0, 1.0, 58.06, 73.91, 95.16
1.0, -1.0, 1.0, 1.0, -1.0, -1.0, 1.0, -1.0, -1.0, -1.0, -1.0, -1.0, 1.0, 1.0, 1.0, 1.0, 1.0, 1.0, 1.0, 1.0, -1.0, 1.0, -1.0, -1.0, 1.0, 1.0, 1.0, 1.0, 1.0, 1.0, -1.0, 1.0, 1.0, -1.0, 1.0, 1.0, 1.0, -1.0, -1.0, -1.0, 1.0, -1.0, -1.0, -1.0, 1.0, -1.0, 1.0, 1.0, 1.0, 1.0, 59.14, 73.91, 94.59
-1.0, 1.0, -1.0, 1.0, -1.0, -1.0, 1.0, 1.0, 1.0, 1.0, 1.0, -1.0, -1.0, 1.0, 1.0, 1.0, 1.0, 1.0, -1.0, 1.0, 1.0, 1.0, 1.0, 1.0, -1.0, 1.0, -1.0, 1.0, 1.0, 1.0, -1.0, 1.0, -1.0, 1.0, -1.0, 1.0, -1.0, -1.0, 1.0, 1.0, -1.0, 1.0, 1.0, 1.0, 1.0, -1.0, 1.0, -1.0, -1.0, -1.0, 53.23, 52.17, 93.73
1.0, -1.0, 1.0, -1.0, 1.0, 1.0, -1.0, 1.0, -1.0, -1.0, 1.0, -1.0, 1.0, -1.0, -1.0, -1.0, 1.0, 1.0, 1.0, -1.0, -1.0, 1.0, -1.0, -1.0, 1.0, 1.0, -1.0, 1.0, 1.0, -1.0, -1.0, -1.0, -1.0, -1.0, -1.0, -1.0, 1.0, -1.0, 1.0, -1.0, -1.0, -1.0, -1.0, 1.0, -1.0, -1.0, -1.0, -1.0, -1.0, -1.0, 40.86, 47.83, 93.16
-1.0, 1.0, -1.0, 1.0, -1.0, 1.0, 1.0, -1.0, -1.0, -1.0, -1.0, -1.0, -1.0, -1.0, 1.0, -1.0, 1.0, 1.0, -1.0, 1.0, 1.0, 1.0, 1.0, -1.0, 1.0, -1.0, 1.0, 1.0, 1.0, 1.0, -1.0, 1.0, -1.0, 1.0, -1.0, -1.0, 1.0, -1.0, 1.0, -1.0, -1.0, -1.0, 1.0, 1.0, 1.0, 1.0, 1.0, 1.0, -1.0, 1.0, 43.55, 73.91, 94.87
-1.0, 1.0, 1.0, -1.0, 1.0, 1.0, -1.0, 1.0, 1.0, 1.0, -1.0, 1.0, -1.0, -1.0, 1.0, 1.0, 1.0, 1.0, -1.0, -1.0, 1.0, 1.0, 1.0, -1.0, -1.0, 1.0, -1.0, 1.0, 1.0, -1.0, -1.0, -1.0, 1.0, -1.0, 1.0, 1.0, 1.0, 1.0, -1.0, -1.0, -1.0, -1.0, -1.0, 1.0, 1.0, 1.0, 1.0, 1.0, 1.0, 1.0, 64.52, 91.3, 94.87
-1.0, -1.0, 1.0, 1.0, 1.0, 1.0, -1.0, -1.0, -1.0, 1.0, -1.0, -1.0, 1.0, -1.0, -1.0, -1.0, -1.0, -1.0, 1.0, -1.0, 1.0, -1.0, -1.0, 1.0, -1.0, -1.0, 1.0, -1.0, 1.0, -1.0, 1.0, -1.0, -1.0, 1.0, 1.0, -1.0, 1.0, 1.0, -1.0, 1.0, -1.0, 1.0, -1.0, -1.0, 1.0, 1.0, -1.0, -1.0, 1.0, 1.0, 48.39, 95.65, 94.3
1.0, -1.0, 1.0, -1.0, -1.0, 1.0, -1.0, -1.0, 1.0, 1.0, 1.0, -1.0, -1.0, -1.0, 1.0, -1.0, -1.0, -1.0, 1.0, 1.0, -1.0, -1.0, 1.0, 1.0, -1.0, 1.0, 1.0, 1.0, 1.0, 1.0, 1.0, 1.0, 1.0, 1.0, -1.0, 1.0, 1.0, 1.0, -1.0, -1.0, -1.0, 1.0, -1.0, 1.0, -1.0, -1.0, -1.0, -1.0, 1.0, -1.0, 49.46, 82.61, 94.87
-1.0, -1.0, 1.0, -1.0, 1.0, 1.0, -1.0, -1.0, -1.0, -1.0, -1.0, -1.0, 1.0, 1.0, -1.0, -1.0, -1.0, -1.0, 1.0, 1.0, -1.0, -1.0, -1.0, 1.0, -1.0, -1.0, 1.0, 1.0, -1.0, 1.0, 1.0, -1.0, 1.0, -1.0, 1.0, 1.0, 1.0, 1.0, -1.0, -1.0, -1.0, 1.0, 1.0, -1.0, -1.0, -1.0, -1.0, 1.0, 1.0, 1.0, 45.16, 47.83, 95.16
-1.0, -1.0, 1.0, 1.0, -1.0, -1.0, -1.0, 1.0, -1.0, -1.0, -1.0, 1.0, 1.0, -1.0, -1.0, 1.0, -1.0, 1.0, 1.0, -1.0, 1.0, 1.0, 1.0, -1.0, -1.0, 1.0, -1.0, 1.0, -1.0, -1.0, 1.0, 1.0, 1.0, -1.0, -1.0, 1.0, -1.0, 1.0, -1.0, -1.0, 1.0, -1.0, -1.0, 1.0, 1.0, 1.0, 1.0, -1.0, 1.0, -1.0, 58.06, 73.91, 92.31
-1.0, -1.0, 1.0, -1.0, 1.0, -1.0, -1.0, -1.0, -1.0, -1.0, -1.0, -1.0, 1.0, -1.0, -1.0, 1.0, 1.0, -1.0, -1.0, 1.0, -1.0, 1.0, 1.0, 1.0, 1.0, 1.0, 1.0, -1.0, 1.0, 1.0, 1.0, -1.0, -1.0, -1.0, -1.0, -1.0, -1.0, 1.0, -1.0, -1.0, 1.0, 1.0, 1.0, -1.0, -1.0, -1.0, 1.0, 1.0, -1.0, 1.0, 54.84, 47.83, 94.87
-1.0, 1.0, -1.0, -1.0, -1.0, 1.0, -1.0, -1.0, -1.0, -1.0, 1.0, 1.0, 1.0, 1.0, 1.0, -1.0, 1.0, 1.0, -1.0, 1.0, 1.0, 1.0, -1.0, 1.0, 1.0, -1.0, -1.0, -1.0, -1.0, -1.0, -1.0, 1.0, -1.0, 1.0, -1.0, 1.0, 1.0, -1.0, -1.0, -1.0, 1.0, -1.0, -1.0, -1.0, -1.0, -1.0, 1.0, -1.0, -1.0, 1.0, 42.47, 43.48, 93.73
-1.0, 1.0, -1.0, -1.0, -1.0, 1.0, -1.0, 1.0, -1.0, -1.0, 1.0, 1.0, -1.0, 1.0, 1.0, 1.0, -1.0, -1.0, -1.0, -1.0, 1.0, -1.0, -1.0, 1.0, -1.0, -1.0, -1.0, -1.0, -1.0, 1.0, -1.0, -1.0, -1.0, -1.0, -1.0, -1.0, 1.0, -1.0, -1.0, 1.0, 1.0, -1.0, -1.0, -1.0, -1.0, 1.0, 1.0, 1.0, -1.0, 1.0, 46.77, 43.48, 92.88
-1.0, -1.0, -1.0, 1.0, -1.0, 1.0, -1.0, -1.0, 1.0, -1.0, -1.0, 1.0, 1.0, 1.0, -1.0, 1.0, 1.0, -1.0, 1.0, -1.0, 1.0, 1.0, -1.0, 1.0, -1.0, 1.0, -1.0, 1.0, 1.0, 1.0, 1.0, 1.0, 1.0, -1.0, -1.0, -1.0, 1.0, 1.0, 1.0, 1.0, 1.0, -1.0, 1.0, -1.0, 1.0, -1.0, 1.0, 1.0, -1.0, 1.0, 55.91, 69.57, 95.73
-1.0, 1.0, -1.0, -1.0, -1.0, 1.0, -1.0, -1.0, -1.0, 1.0, 1.0, 1.0, 1.0, 1.0, -1.0, 1.0, 1.0, -1.0, -1.0, 1.0, -1.0, -1.0, -1.0, -1.0, 1.0, 1.0, -1.0, 1.0, -1.0, 1.0, -1.0, -1.0, -1.0, 1.0, -1.0, -1.0, 1.0, 1.0, 1.0, 1.0, -1.0, -1.0, -1.0, 1.0, 1.0, 1.0, -1.0, -1.0, 1.0, 1.0, 56.99, 69.57, 95.73
-1.0, 1.0, -1.0, 1.0, 1.0, -1.0, -1.0, -1.0, -1.0, 1.0, -1.0, -1.0, -1.0, 1.0, -1.0, -1.0, 1.0, -1.0, -1.0, 1.0, -1.0, 1.0, -1.0, -1.0, 1.0, -1.0, -1.0, 1.0, 1.0, -1.0, 1.0, 1.0, -1.0, 1.0, -1.0, 1.0, 1.0, -1.0, 1.0, 1.0, -1.0, -1.0, 1.0, -1.0, -1.0, -1.0, 1.0, -1.0, -1.0, -1.0, 46.24, 43.48, 95.16
-1.0, -1.0, -1.0, 1.0, -1.0, -1.0, 1.0, -1.0, 1.0, 1.0, -1.0, -1.0, -1.0, 1.0, -1.0, -1.0, -1.0, -1.0, -1.0, 1.0, 1.0, 1.0, 1.0, -1.0, -1.0, 1.0, 1.0, -1.0, 1.0, 1.0, -1.0, -1.0, 1.0, -1.0, -1.0, 1.0, 1.0, 1.0, 1.0, 1.0, 1.0, 1.0, 1.0, 1.0, 1.0, 1.0, 1.0, -1.0, 1.0, -1.0, 60.22, 78.26, 93.73
