0.52308003024, 0.530348314903, 0.171579823958, 0.175829646064, 0.488131855659, 0.256483599166, 0.644162581173, 0.221240964487, 0.392449888176, 0.418783875624, 0.324471859132, 0.550619225362, 0.242280802379, 0.252416168752, 0.501421133499, 0.217579822883, 0.192816849895, 0.30835143961, 0.369965016401, 0.188093816333, 0.0964126755518, 0.266481903885, 0.420238110065, 0.584682250095, 0.269371402297, 0.207302066114, 0.353391955222, 0.141700436043, 0.119923590453, 0.132307808854, 0.52308003024, 2.39434096618
0.376134152395, 0.884927291786, 0.660671600423, 0.0859530682911, 0.881833830658, 0.291130126672, 0.400139879991, 0.590292026679, 0.197345030504, 0.393355624535, 0.573098774411, 0.212433318861, 0.172401696311, 0.60247054394, 0.0132126064592, 0.423706684699, 0.21831631604, 0.149752922686, 0.0395747348642, 0.0483797740204, 0.682018431948, 0.888849504895, 0.0663848731719, 0.240363021223, 0.619808017007, 0.371094175599, 0.548089342967, 0.0558277663954, 0.556463731983, 0.696171079127, 0.376134152395, 3.2750662677
0.166092063263, 0.0875443765856, 0.0233867191957, 0.0772031919663, 0.133369304218, 0.23877123849, 0.960639727397, 0.570705412227, 0.367310873517, 0.48757141415, 0.0279897337347, 0.327763351049, 0.677915281946, 0.632543610833, 0.31043612909, 0.854577927143, 0.392946514011, 0.580972655298, 0.566552097664, 0.235656776698, 0.0540738918785, 0.326337767712, 0.234824572539, 0.306156802339, 0.300581173395, 0.305288121752, 0.833249340816, 0.390294513052, 0.927462024115, 0.442682478415, 0.166092063263, 3.74692864496
0.0327769231483, 0.416878909239, 0.768778138346, 0.671407644181, 0.160993060728, 0.678258753111, 0.57784029502, 0.213874124632, 0.804295121554, 0.612807908585, 0.0568103596818, 0.395199634391, 0.326143134948, 0.129570838278, 0.825368001983, 0.450518324274, 0.31229057273, 0.51697478025, 0.50704185464, 0.0592974420485, 0.261568267584, 0.270477615603, 0.683987112857, 0.122521627626, 0.898808289161, 0.699380375575, 0.313459689441, 0.759514589447, 0.792400356245, 0.854139885919, 0.0327769231483, 4.96820556924
1.13528768171e-05, 0.477274634442, 0.0635928043645, 0.707644814961, 0.0039911106644, 0.912448682361, 0.697309417414, 0.662226203454, 0.138170358505, 0.946936960788, 0.250123853396, 0.501345116091, 0.0541907785968, 0.819584426651, 0.767927937697, 0.8800454781, 0.613203503921, 0.390768108768, 0.800244105319, 0.285865450145, 0.522213079426, 0.102476349077, 0.857436362044, 0.771951235803, 0.595225491065, 0.121392612127, 0.645693371749, 0.850788852946, 0.998862562294, 0.418850946322, 1.13528768171e-05, 5.91318236235
0.0533386519193, 0.941864912576, 0.239578735694, 0.913398459034, 0.446676259124, 0.127996978647, 0.265811897684, 0.211962327565, 0.072269329417, 0.85897829345, 0.32458115334, 0.79536977356, 0.59141765241, 0.0304928333959, 0.657752281759, 0.0252567602365, 0.0602500788832, 0.144687599738, 0.779544795198, 0.467141702252, 0.482555931078, 0.439683908287, 0.220974790888, 0.210125039154, 0.74648528721, 0.572066702576, 0.934871274672, 0.947665665775, 0.561601330312, 0.916730343333, 0.0533386519193, 4.80729384132
0.13389391155, 0.366465459901, 0.74819501537, 0.543781496164, 0.894681242763, 0.0675517158311, 0.917051007331, 0.112867995102, 0.766320942626, 0.43090017536, 0.0651630837629, 0.601606904077, 0.0443099245429, 0.0782937474737, 0.498636739965, 0.0165000814393, 0.0189604801025, 0.345645950702, 0.535923946814, 0.518613286474, 0.390846131426, 0.201500879272, 0.630862124279, 0.854633599057, 0.344951299755, 0.905975565318, 0.227354573727, 0.143685652343, 0.467167826131, 0.134608235875, 0.13389391155, 3.89274481332
0.119367096725, 0.693400122518, 0.864890580993, 0.985722193543, 0.0895787720367, 0.526880514055, 0.567251427838, 0.0502401141247, 0.270444160369, 0.016099034116, 0.408209926959, 0.238172187537, 0.840955132326, 0.22228928927, 0.0058903293221, 0.372726677929, 0.136095365004, 0.586650230122, 0.814479075138, 0.793846504975, 0.874271401314, 0.560574540673, 0.06819265936, 0.960641421084, 0.668134682018, 0.370044605821, 0.957059868442, 0.284285533626, 0.285797670302, 0.650274567492, 0.119367096725, 4.59292427614
0.275664601901, 0.255313335813, 0.217852005512, 0.851597120332, 0.357365243208, 0.43210941374, 0.871915610486, 0.953761859384, 0.124081804828, 0.295850054092, 0.2686598614, 0.0306254879815, 0.929195415815, 0.183986555399, 0.277601572362, 0.438764794698, 0.665696023555, 0.84561155239, 0.0404461043872, 0.0481366067049, 0.340926534041, 0.634686111227, 0.351218901831, 0.161521600263, 0.774279069579, 0.165394234994, 0.632048316528, 0.191196017833, 0.230746623097, 0.246724495654, 0.275664601901, 3.53313647426
0.52308003024, 0.530348314903, 0.171579823958, 0.175829646064, 0.488131855659, 0.256483599166, 0.644162581173, 0.221240964487, 0.392449888176, 0.418783875624, 0.324471859132, 0.550619225362, 0.242280802379, 0.252416168752, 0.501421133499, 0.217579822883, 0.192816849895, 0.30835143961, 0.369965016401, 0.188093816333, 0.0964126755518, 0.266481903885, 0.420238110065, 0.584682250095, 0.269371402297, 0.207302066114, 0.353391955222, 0.141700436043, 0.119923590453, 0.132307808854, 0.52308003024, 2.39434096618
0.376134152395, 0.884927291786, 0.660671600423, 0.0859530682911, 0.881833830658, 0.291130126672, 0.400139879991, 0.590292026679, 0.197345030504, 0.393355624535, 0.573098774411, 0.212433318861, 0.172401696311, 0.60247054394, 0.0132126064592, 0.423706684699, 0.21831631604, 0.149752922686, 0.0395747348642, 0.0483797740204, 0.682018431948, 0.888849504895, 0.0663848731719, 0.240363021223, 0.619808017007, 0.371094175599, 0.548089342967, 0.0558277663954, 0.556463731983, 0.696171079127, 0.376134152395, 3.2750662677
0.166092063263, 0.0875443765856, 0.0233867191957, 0.0772031919663, 0.133369304218, 0.23877123849, 0.960639727397, 0.570705412227, 0.367310873517, 0.48757141415, 0.0279897337347, 0.327763351049, 0.677915281946, 0.632543610833, 0.31043612909, 0.854577927143, 0.392946514011, 0.580972655298, 0.566552097664, 0.235656776698, 0.0540738918785, 0.326337767712, 0.234824572539, 0.306156802339, 0.300581173395, 0.305288121752, 0.833249340816, 0.390294513052, 0.927462024115, 0.442682478415, 0.166092063263, 3.74692864496
0.0327769231483, 0.416878909239, 0.768778138346, 0.671407644181, 0.160993060728, 0.678258753111, 0.57784029502, 0.213874124632, 0.804295121554, 0.612807908585, 0.0568103596818, 0.395199634391, 0.326143134948, 0.129570838278, 0.825368001983, 0.450518324274, 0.31229057273, 0.51697478025, 0.50704185464, 0.0592974420485, 0.261568267584, 0.270477615603, 0.683987112857, 0.122521627626, 0.898808289161, 0.699380375575, 0.313459689441, 0.759514589447, 0.792400356245, 0.854139885919, 0.0327769231483, 4.96820556924
1.13528768171e-05, 0.477274634442, 0.0635928043645, 0.707644814961, 0.0039911106644, 0.912448682361, 0.697309417414, 0.662226203454, 0.138170358505, 0.946936960788, 0.250123853396, 0.501345116091, 0.0541907785968, 0.819584426651, 0.767927937697, 0.8800454781, 0.613203503921, 0.390768108768, 0.800244105319, 0.285865450145, 0.522213079426, 0.102476349077, 0.857436362044, 0.771951235803, 0.595225491065, 0.121392612127, 0.645693371749, 0.850788852946, 0.998862562294, 0.418850946322, 1.13528768171e-05, 5.91318236235
0.0533386519193, 0.941864912576, 0.239578735694, 0.913398459034, 0.446676259124, 0.127996978647, 0.265811897684, 0.211962327565, 0.072269329417, 0.85897829345, 0.32458115334, 0.79536977356, 0.59141765241, 0.0304928333959, 0.657752281759, 0.0252567602365, 0.0602500788832, 0.144687599738, 0.779544795198, 0.467141702252, 0.482555931078, 0.439683908287, 0.220974790888, 0.210125039154, 0.74648528721, 0.572066702576, 0.934871274672, 0.947665665775, 0.561601330312, 0.916730343333, 0.0533386519193, 4.80729384132
0.13389391155, 0.366465459901, 0.74819501537, 0.543781496164, 0.894681242763, 0.0675517158311, 0.917051007331, 0.112867995102, 0.766320942626, 0.43090017536, 0.0651630837629, 0.601606904077, 0.0443099245429, 0.0782937474737, 0.498636739965, 0.0165000814393, 0.0189604801025, 0.345645950702, 0.535923946814, 0.518613286474, 0.390846131426, 0.201500879272, 0.630862124279, 0.854633599057, 0.344951299755, 0.905975565318, 0.227354573727, 0.143685652343, 0.467167826131, 0.134608235875, 0.13389391155, 3.89274481332
0.119367096725, 0.693400122518, 0.864890580993, 0.985722193543, 0.0895787720367, 0.526880514055, 0.567251427838, 0.0502401141247, 0.270444160369, 0.016099034116, 0.408209926959, 0.238172187537, 0.840955132326, 0.22228928927, 0.0058903293221, 0.372726677929, 0.136095365004, 0.586650230122, 0.814479075138, 0.793846504975, 0.874271401314, 0.560574540673, 0.06819265936, 0.960641421084, 0.668134682018, 0.370044605821, 0.957059868442, 0.284285533626, 0.285797670302, 0.650274567492, 0.119367096725, 4.59292427614
0.275664601901, 0.255313335813, 0.217852005512, 0.851597120332, 0.357365243208, 0.43210941374, 0.871915610486, 0.953761859384, 0.124081804828, 0.295850054092, 0.2686598614, 0.0306254879815, 0.929195415815, 0.183986555399, 0.277601572362, 0.438764794698, 0.665696023555, 0.84561155239, 0.0404461043872, 0.0481366067049, 0.340926534041, 0.634686111227, 0.351218901831, 0.161521600263, 0.774279069579, 0.165394234994, 0.632048316528, 0.191196017833, 0.230746623097, 0.246724495654, 0.275664601901, 3.53313647426
0.0199260257698, 0.989173553183, 0.841341434284, 0.223640110972, 0.779082302337, 0.708013045053, 0.884875835029, 0.757446609127, 0.860269688095, 0.758680263572, 0.92496549894, 0.599690186295, 0.504735933723, 0.389320159042, 0.712993533701, 0.76018586919, 0.494158844727, 0.624180584083, 0.70684886522, 0.424621879793, 0.690014423093, 0.483872472968, 0.0436355679081, 0.504762885204, 0.866800828457, 0.424053501605, 0.537175847227, 0.625482748307, 0.407441630238, 0.196839856048, 0.0199260257698, 6.14074045587
0.0199260257698, 0.989173553183, 0.841341434284, 0.223640110972, 0.779082302337, 0.708013045053, 0.884875835029, 0.757446609127, 0.860269688095, 0.758680263572, 0.92496549894, 0.599690186295, 0.504735933723, 0.389320159042, 0.712993533701, 0.76018586919, 0.494158844727, 0.624180584083, 0.70684886522, 0.424621879793, 0.690014423093, 0.483872472968, 0.0436355679081, 0.504762885204, 0.866800828457, 0.424053501605, 0.537175847227, 0.625482748307, 0.407441630238, 0.196839856048, 0.0199260257698, 6.14074045587
0.0507989989101, 0.833259200171, 0.436924370859, 0.268982467111, 0.950161480011, 0.610232221764, 0.889723617083, 0.0407522035907, 0.494314198652, 0.430886811483, 0.182226924999, 0.623075298729, 0.901606579323, 0.340485314177, 0.510701508458, 0.549030249252, 0.566462317141, 0.448009295182, 0.886574349581, 0.986280267204, 0.428970446199, 0.833985960098, 0.647645756115, 0.993154099065, 0.0898866747704, 0.659471244363, 0.671899473636, 0.501564151808, 0.0638128799407, 0.25665085089, 0.0507989989101, 5.44366082069
0.0507989989101, 0.833259200171, 0.436924370859, 0.268982467111, 0.950161480011, 0.610232221764, 0.889723617083, 0.0407522035907, 0.494314198652, 0.430886811483, 0.182226924999, 0.623075298729, 0.901606579323, 0.340485314177, 0.510701508458, 0.549030249252, 0.566462317141, 0.448009295182, 0.886574349581, 0.986280267204, 0.428970446199, 0.833985960098, 0.647645756115, 0.993154099065, 0.0898866747704, 0.659471244363, 0.671899473636, 0.501564151808, 0.0638128799407, 0.25665085089, 0.0507989989101, 5.44366082069
0.126850666568, 0.730833076832, 0.428506161291, 0.0928194020147, 0.560664305735, 0.160321467491, 0.64349954098, 0.0181977315674, 0.0887021281574, 0.785395709997, 0.753738423087, 0.24548297001, 0.660586291725, 0.664316255517, 0.710170416505, 0.227747815074, 0.445291102482, 0.156731555565, 0.8089021508, 0.233922650052, 0.357186610687, 0.45300917488, 0.196541662773, 0.738989154997, 0.833684550854, 0.865794603403, 0.647700118853, 0.771794163729, 0.0382563687778, 0.949865441081, 0.126850666568, 4.59840022441
0.126850666568, 0.730833076832, 0.428506161291, 0.0928194020147, 0.560664305735, 0.160321467491, 0.64349954098, 0.0181977315674, 0.0887021281574, 0.785395709997, 0.753738423087, 0.24548297001, 0.660586291725, 0.664316255517, 0.710170416505, 0.227747815074, 0.445291102482, 0.156731555565, 0.8089021508, 0.233922650052, 0.357186610687, 0.45300917488, 0.196541662773, 0.738989154997, 0.833684550854, 0.865794603403, 0.647700118853, 0.771794163729, 0.0382563687778, 0.949865441081, 0.126850666568, 4.59840022441
0.0613492992225, 0.809654591273, 0.323967236691, 0.0476114498131, 0.162308959077, 0.72434752004, 0.887431909037, 0.635495302526, 0.709786345555, 0.549408270276, 0.986257646494, 0.734993947077, 0.0315039711158, 0.656223579309, 0.270865767112, 0.594847800534, 0.240693838405, 0.694165459185, 0.90444465751, 0.725153823073, 0.146176845583, 0.212942843752, 0.903790643574, 0.84406433119, 0.219446249791, 0.409539450644, 0.564332131844, 0.257705983765, 0.314341378855, 0.145261353904, 0.0613492992225, 4.97990958129
0.0613492992225, 0.809654591273, 0.323967236691, 0.0476114498131, 0.162308959077, 0.72434752004, 0.887431909037, 0.635495302526, 0.709786345555, 0.549408270276, 0.986257646494, 0.734993947077, 0.0315039711158, 0.656223579309, 0.270865767112, 0.594847800534, 0.240693838405, 0.694165459185, 0.90444465751, 0.725153823073, 0.146176845583, 0.212942843752, 0.903790643574, 0.84406433119, 0.219446249791, 0.409539450644, 0.564332131844, 0.257705983765, 0.314341378855, 0.145261353904, 0.0613492992225, 4.97990958129
0.0533754435371, 0.277829857155, 0.638095694923, 0.632261956868, 0.455574106225, 0.123486856241, 0.801993668351, 0.948973651416, 0.472630038112, 0.825268309351, 0.197977493184, 0.100940221852, 0.699859713727, 0.55731294107, 0.413965151421, 0.224143675975, 0.967388546415, 0.982481595469, 0.753529398879, 0.307717922262, 0.0877900066828, 0.148648456369, 0.997517664655, 0.458304271778, 0.886117022894, 0.822811236163, 0.433900592853, 0.550800219208, 0.896036729827, 0.641336477746, 0.0533754435371, 5.49134245058
0.0905183366715, 0.0844581664395, 0.404142299838, 0.489277727851, 0.45178813924, 0.713155909181, 0.255946540849, 0.559080350856, 0.117417755954, 0.918988973787, 0.0336797947628, 0.91437020937, 0.748085620171, 0.0515080144425, 0.844506685099, 0.382901519934, 0.789597558954, 0.549962383791, 0.0859958145114, 0.837263598494, 0.637336766692, 0.602204258136, 0.264796201046, 0.122142091207, 0.884735160537, 0.791929199848, 0.962977928944, 0.728584972921, 0.621028218878, 0.425946819145, 0.0905183366715, 5.01932257348
0.0533754435371, 0.277829857155, 0.638095694923, 0.632261956868, 0.455574106225, 0.123486856241, 0.801993668351, 0.948973651416, 0.472630038112, 0.825268309351, 0.197977493184, 0.100940221852, 0.699859713727, 0.55731294107, 0.413965151421, 0.224143675975, 0.967388546415, 0.982481595469, 0.753529398879, 0.307717922262, 0.0877900066828, 0.148648456369, 0.997517664655, 0.458304271778, 0.886117022894, 0.822811236163, 0.433900592853, 0.550800219208, 0.896036729827, 0.641336477746, 0.0533754435371, 5.49134245058
0.0905183366715, 0.0844581664395, 0.404142299838, 0.489277727851, 0.45178813924, 0.713155909181, 0.255946540849, 0.559080350856, 0.117417755954, 0.918988973787, 0.0336797947628, 0.91437020937, 0.748085620171, 0.0515080144425, 0.844506685099, 0.382901519934, 0.789597558954, 0.549962383791, 0.0859958145114, 0.837263598494, 0.637336766692, 0.602204258136, 0.264796201046, 0.122142091207, 0.884735160537, 0.791929199848, 0.962977928944, 0.728584972921, 0.621028218878, 0.425946819145, 0.0905183366715, 5.01932257348
0.0765210954125, 0.476111335443, 0.586525808021, 0.147345392651, 0.700556516483, 0.841108693712, 0.0149336189549, 0.0724122059129, 0.834282848169, 0.445422595975, 0.981879247912, 0.950499353125, 0.998563274212, 0.903662281233, 0.276805370376, 0.795079485907, 0.525704872199, 0.812115913931, 0.459105660965, 0.337538229737, 0.813308332211, 0.894231585717, 0.54752434411, 0.25695025188, 0.241836362853, 0.0278077263177, 0.18143739133, 0.700163558851, 0.750683822634, 0.992569444999, 0.0765210954125, 5.45570706554
0.0765210954125, 0.476111335443, 0.586525808021, 0.147345392651, 0.700556516483, 0.841108693712, 0.0149336189549, 0.0724122059129, 0.834282848169, 0.445422595975, 0.981879247912, 0.950499353125, 0.998563274212, 0.903662281233, 0.276805370376, 0.795079485907, 0.525704872199, 0.812115913931, 0.459105660965, 0.337538229737, 0.813308332211, 0.894231585717, 0.54752434411, 0.25695025188, 0.241836362853, 0.0278077263177, 0.18143739133, 0.700163558851, 0.750683822634, 0.992569444999, 0.0765210954125, 5.45570706554
0.164887092704, 0.283084710175, 0.562449038955, 0.0968899843508, 0.902066215766, 0.833252489702, 0.64355585719, 0.401063300669, 0.187998659399, 0.457758527163, 0.426133057829, 0.429059181559, 0.884458844053, 0.328553507945, 0.895972002107, 0.22443441029, 0.330617526078, 0.140109570557, 0.510309429642, 0.869608800463, 0.492468950411, 0.449633192249, 0.430333909079, 0.933547597982, 0.472809511595, 0.463789093928, 0.219809285779, 0.0879718866392, 0.115262670177, 0.852425196449, 0.164887092704, 4.38494662782
0.164887092704, 0.283084710175, 0.562449038955, 0.0968899843508, 0.902066215766, 0.833252489702, 0.64355585719, 0.401063300669, 0.187998659399, 0.457758527163, 0.426133057829, 0.429059181559, 0.884458844053, 0.328553507945, 0.895972002107, 0.22443441029, 0.330617526078, 0.140109570557, 0.510309429642, 0.869608800463, 0.492468950411, 0.449633192249, 0.430333909079, 0.933547597982, 0.472809511595, 0.463789093928, 0.219809285779, 0.0879718866392, 0.115262670177, 0.852425196449, 0.164887092704, 4.38494662782
0.515673890359, 0.658145082694, 0.729521855591, 0.577916281086, 0.0325560596652, 0.794031635624, 0.624594870207, 0.0294905451125, 0.825519131101, 0.73544825031, 0.161722639695, 0.342075633204, 0.0197268635664, 0.0260968155487, 0.528205160066, 0.693454987934, 0.797222005382, 0.358584762229, 0.0547034501895, 0.546974796561, 0.0146017442061, 0.358106999175, 0.308751962263, 0.352198017582, 0.743805548822, 0.752194358607, 0.519149299209, 0.531585738551, 0.886680320243, 0.134225665086, 0.515673890359, 3.45902870723
0.515673890359, 0.658145082694, 0.729521855591, 0.577916281086, 0.0325560596652, 0.794031635624, 0.624594870207, 0.0294905451125, 0.825519131101, 0.73544825031, 0.161722639695, 0.342075633204, 0.0197268635664, 0.0260968155487, 0.528205160066, 0.693454987934, 0.797222005382, 0.358584762229, 0.0547034501895, 0.546974796561, 0.0146017442061, 0.358106999175, 0.308751962263, 0.352198017582, 0.743805548822, 0.752194358607, 0.519149299209, 0.531585738551, 0.886680320243, 0.134225665086, 0.515673890359, 3.45902870723
0.918736036586, 0.35087428798, 0.743034043091, 0.153776434134, 0.594731647246, 0.404099414234, 0.402600857813, 0.829812110151, 0.428333662424, 0.181421535793, 0.896067864431, 0.226997681457, 0.635607889817, 0.66959048558, 0.026953630249, 0.00303396999582, 0.966190689314, 0.0429338391213, 0.213965912994, 0.407960244152, 0.357881383058, 0.0412512870839, 0.0218443619994, 0.407269789755, 0.309000536109, 0.370987184667, 0.982680471743, 0.164179007636, 0.100333701895, 0.239908404019, 0.918736036586, 2.44161899439
0.767920494503, 0.11257602976, 0.327994840752, 0.36918598161, 0.695239936569, 0.237677004176, 0.612836619019, 0.291782586919, 0.590727684048, 0.672104177323, 0.131608037751, 0.0949101605021, 0.183371376652, 0.976648330717, 0.221333048746, 0.827924314887, 0.342136317251, 0.48243268782, 0.39421856666, 0.198165221921, 0.0371302012222, 0.0812729699262, 0.903396617003, 0.419163665129, 0.316684452993, 0.0141848096997, 0.392334974417, 0.512332646801, 0.235781627053, 0.915665671679, 0.767920494503, 2.71825615264
0.895796378647, 0.588417433373, 0.0481371815677, 0.297257386342, 0.364525298052, 0.587175906082, 0.816994989624, 0.382131604329, 0.956221139872, 0.277460755618, 0.704064315905, 0.119663418507, 0.226976392556, 0.260040405616, 0.180260174314, 0.306688635849, 0.065542523309, 0.142909487741, 0.280483789298, 0.38889217131, 0.0772462973133, 0.266233456597, 0.196233511633, 0.275661813778, 0.662585543497, 0.468271839509, 0.732975329151, 0.625050828115, 0.178252671153, 0.963333425524, 0.895796378647, 2.5313136405
0.576913492182, 0.585827655973, 0.0723885590078, 0.631750702001, 0.285922291367, 0.60718079936, 0.306960191136, 0.175848274036, 0.252944652365, 0.0508270963918, 0.0906193396244, 0.150604968857, 0.376437512087, 0.259814844241, 0.104889652054, 0.819319275335, 0.378898187306, 0.249714674569, 0.438176704325, 0.473561052457, 0.384790655603, 0.376813083592, 0.0398048946408, 0.489877648338, 0.575854833676, 0.898129785746, 0.475576723879, 0.601318019716, 0.222914406911, 0.654023705636, 0.576913492182, 2.82588521099
0.918736036586, 0.35087428798, 0.743034043091, 0.153776434134, 0.594731647246, 0.404099414234, 0.402600857813, 0.829812110151, 0.428333662424, 0.181421535793, 0.896067864431, 0.226997681457, 0.635607889817, 0.66959048558, 0.026953630249, 0.00303396999582, 0.966190689314, 0.0429338391213, 0.213965912994, 0.407960244152, 0.357881383058, 0.0412512870839, 0.0218443619994, 0.407269789755, 0.309000536109, 0.370987184667, 0.982680471743, 0.164179007636, 0.100333701895, 0.239908404019, 0.918736036586, 2.44161899439
0.767920494503, 0.11257602976, 0.327994840752, 0.36918598161, 0.695239936569, 0.237677004176, 0.612836619019, 0.291782586919, 0.590727684048, 0.672104177323, 0.131608037751, 0.0949101605021, 0.183371376652, 0.976648330717, 0.221333048746, 0.827924314887, 0.342136317251, 0.48243268782, 0.39421856666, 0.198165221921, 0.0371302012222, 0.0812729699262, 0.903396617003, 0.419163665129, 0.316684452993, 0.0141848096997, 0.392334974417, 0.512332646801, 0.235781627053, 0.915665671679, 0.767920494503, 2.71825615264
0.895796378647, 0.588417433373, 0.0481371815677, 0.297257386342, 0.364525298052, 0.587175906082, 0.816994989624, 0.382131604329, 0.956221139872, 0.277460755618, 0.704064315905, 0.119663418507, 0.226976392556, 0.260040405616, 0.180260174314, 0.306688635849, 0.065542523309, 0.142909487741, 0.280483789298, 0.38889217131, 0.0772462973133, 0.266233456597, 0.196233511633, 0.275661813778, 0.662585543497, 0.468271839509, 0.732975329151, 0.625050828115, 0.178252671153, 0.963333425524, 0.895796378647, 2.5313136405
0.576913492182, 0.585827655973, 0.0723885590078, 0.631750702001, 0.285922291367, 0.60718079936, 0.306960191136, 0.175848274036, 0.252944652365, 0.0508270963918, 0.0906193396244, 0.150604968857, 0.376437512087, 0.259814844241, 0.104889652054, 0.819319275335, 0.378898187306, 0.249714674569, 0.438176704325, 0.473561052457, 0.384790655603, 0.376813083592, 0.0398048946408, 0.489877648338, 0.575854833676, 0.898129785746, 0.475576723879, 0.601318019716, 0.222914406911, 0.654023705636, 0.576913492182, 2.82588521099
0.794059482206, 0.409412931973, 0.96780870658, 0.0981395548675, 0.0115632762317, 0.211887869101, 0.0803484887973, 0.292470180711, 0.167748273542, 0.100625805003, 0.988150155982, 0.0333348747709, 0.554818406538, 0.546339925387, 0.761460858623, 0.299430017118, 0.29081332154, 0.452491271921, 0.43535599109, 0.328195347497, 0.127377066874, 0.678401265688, 0.567207525126, 0.552293518535, 0.824371348535, 0.850082993212, 0.475788683444, 0.240087288872, 0.181084206527, 0.304128538022, 0.794059482206, 2.74571123534
0.794059482206, 0.409412931973, 0.96780870658, 0.0981395548675, 0.0115632762317, 0.211887869101, 0.0803484887973, 0.292470180711, 0.167748273542, 0.100625805003, 0.988150155982, 0.0333348747709, 0.554818406538, 0.546339925387, 0.761460858623, 0.299430017118, 0.29081332154, 0.452491271921, 0.43535599109, 0.328195347497, 0.127377066874, 0.678401265688, 0.567207525126, 0.552293518535, 0.824371348535, 0.850082993212, 0.475788683444, 0.240087288872, 0.181084206527, 0.304128538022, 0.794059482206, 2.74571123534
0.973136932529, 0.103758174903, 0.804481136395, 0.513738064255, 0.457577382107, 0.190953530521, 0.693379591047, 0.537719668683, 0.309003656803, 0.630745559937, 0.485366592245, 0.146365302853, 0.0171972267138, 0.707497606647, 0.233152269739, 0.00973259398123, 0.215797943317, 0.259496857759, 0.825874610322, 0.376920012949, 0.192787827149, 0.78658506138, 0.875099645591, 0.85948281146, 0.111252901822, 0.320903380678, 0.50352225691, 0.374174405224, 0.201465332414, 0.229273775498, 0.973136932529, 2.57361827314
0.973136932529, 0.103758174903, 0.804481136395, 0.513738064255, 0.457577382107, 0.190953530521, 0.693379591047, 0.537719668683, 0.309003656803, 0.630745559937, 0.485366592245, 0.146365302853, 0.0171972267138, 0.707497606647, 0.233152269739, 0.00973259398123, 0.215797943317, 0.259496857759, 0.825874610322, 0.376920012949, 0.192787827149, 0.78658506138, 0.875099645591, 0.85948281146, 0.111252901822, 0.320903380678, 0.50352225691, 0.374174405224, 0.201465332414, 0.229273775498, 0.973136932529, 2.57361827314
0.167267031293, 0.452800876063, 0.766549856919, 0.774103138987, 0.182377343095, 0.621246559336, 0.129764387587, 0.449049166579, 0.356447630032, 0.694447684885, 0.799707294779, 0.797290968692, 0.314225741892, 0.858501024139, 0.310986995307, 0.412393259233, 0.405917032644, 0.889051258236, 0.404978795811, 0.232559269958, 0.726318656788, 0.0678683881113, 0.0572140342362, 0.0810483173972, 0.581301179555, 0.514712835691, 0.837833525909, 0.398287423027, 0.0697776338666, 0.0675475266469, 0.167267031293, 4.18857928161
0.26202414292, 0.570573960777, 0.538086044969, 0.784374489036, 0.377839422731, 0.609174113027, 0.0867847060194, 0.151322892623, 0.0856224120319, 0.91622570803, 0.911974102788, 0.360266178793, 0.272074981758, 0.990879994146, 0.755811369025, 0.705235220211, 0.194613704783, 0.0400909262936, 0.477119452806, 0.135102755278, 0.681290475408, 0.0447087338144, 0.219332508498, 0.427424618313, 0.808982252774, 0.181222084018, 0.50075405329, 0.893667079636, 0.137660995833, 0.297256594961, 0.26202414292, 3.92869682211
0.245824216657, 0.777754516784, 0.36304107536, 0.763062823547, 0.206805156375, 0.191950918802, 0.620962487575, 0.0959042383528, 0.191311761469, 0.133903585782, 0.938343501229, 0.00136192469817, 0.605279513646, 0.00135706941366, 0.412872356336, 0.603392720401, 0.791852172957, 0.482147089625, 0.559417396207, 0.701540271359, 0.846996481741, 0.232749188579, 0.179379360493, 0.765911306729, 0.0263733689018, 0.77306293405, 0.135584092529, 0.580571003062, 0.849644023922, 0.757955020511, 0.245824216657, 4.0851977342
0.167267031293, 0.452800876063, 0.766549856919, 0.774103138987, 0.182377343095, 0.621246559336, 0.129764387587, 0.449049166579, 0.356447630032, 0.694447684885, 0.799707294779, 0.797290968692, 0.314225741892, 0.858501024139, 0.310986995307, 0.412393259233, 0.405917032644, 0.889051258236, 0.404978795811, 0.232559269958, 0.726318656788, 0.0678683881113, 0.0572140342362, 0.0810483173972, 0.581301179555, 0.514712835691, 0.837833525909, 0.398287423027, 0.0697776338666, 0.0675475266469, 0.167267031293, 4.18857928161
0.26202414292, 0.570573960777, 0.538086044969, 0.784374489036, 0.377839422731, 0.609174113027, 0.0867847060194, 0.151322892623, 0.0856224120319, 0.91622570803, 0.911974102788, 0.360266178793, 0.272074981758, 0.990879994146, 0.755811369025, 0.705235220211, 0.194613704783, 0.0400909262936, 0.477119452806, 0.135102755278, 0.681290475408, 0.0447087338144, 0.219332508498, 0.427424618313, 0.808982252774, 0.181222084018, 0.50075405329, 0.893667079636, 0.137660995833, 0.297256594961, 0.26202414292, 3.92869682211
0.245824216657, 0.777754516784, 0.36304107536, 0.763062823547, 0.206805156375, 0.191950918802, 0.620962487575, 0.0959042383528, 0.191311761469, 0.133903585782, 0.938343501229, 0.00136192469817, 0.605279513646, 0.00135706941366, 0.412872356336, 0.603392720401, 0.791852172957, 0.482147089625, 0.559417396207, 0.701540271359, 0.846996481741, 0.232749188579, 0.179379360493, 0.765911306729, 0.0263733689018, 0.77306293405, 0.135584092529, 0.580571003062, 0.849644023922, 0.757955020511, 0.245824216657, 4.0851977342
0.485056206479, 0.150741009471, 0.766810470871, 0.011993844641, 0.851038285694, 0.496597254662, 0.296993439874, 0.917164662851, 0.122873825736, 0.248569010618, 0.170233684425, 0.861138518743, 0.0448331939106, 0.162055207559, 0.0623263618592, 0.0500526438276, 0.349727622925, 0.949499324582, 0.973827648916, 0.76896515597, 0.972687157418, 0.848878401528, 0.485447745343, 0.685562294618, 0.0912344156787, 0.0349579669541, 0.723673228447, 0.319992268164, 0.141572829121, 0.854799964174, 0.485056206479, 3.58052351999
0.424928902901, 0.260219715344, 0.251262365692, 0.485285206382, 0.565440238685, 0.335934889083, 0.576933676039, 0.483237850961, 0.492710889198, 0.236859255024, 0.167889652448, 0.37950530771, 0.507087730721, 0.119793192537, 0.37008065711, 0.696816749182, 0.704839322363, 0.721391215529, 0.842518950436, 0.61156254925, 0.216760965715, 0.669046558351, 0.550956703501, 0.3171592347, 0.995333080462, 0.595625542787, 0.817488170923, 0.219184696526, 0.193083563503, 0.131190633106, 0.424928902901, 3.7086940817
0.438708660368, 0.52526077084, 0.622168032289, 0.202938629481, 0.974579224101, 0.241716477572, 0.687901979789, 0.34433597801, 0.113574526556, 0.728100060456, 0.116440134556, 0.1269524234, 0.394051570137, 0.826900621872, 0.378932643833, 0.251399871507, 0.259121721021, 0.782385166884, 0.51527004102, 0.542223325599, 0.432859648566, 0.533953650354, 0.641183486022, 0.489385777183, 0.586592296883, 0.151052148631, 0.607331989341, 0.649138748898, 0.612354417946, 0.262174589249, 0.438708660368, 3.7073698233
0.485056206479, 0.150741009471, 0.766810470871, 0.011993844641, 0.851038285694, 0.496597254662, 0.296993439874, 0.917164662851, 0.122873825736, 0.248569010618, 0.170233684425, 0.861138518743, 0.0448331939106, 0.162055207559, 0.0623263618592, 0.0500526438276, 0.349727622925, 0.949499324582, 0.973827648916, 0.76896515597, 0.972687157418, 0.848878401528, 0.485447745343, 0.685562294618, 0.0912344156787, 0.0349579669541, 0.723673228447, 0.319992268164, 0.141572829121, 0.854799964174, 0.485056206479, 3.58052351999
0.424928902901, 0.260219715344, 0.251262365692, 0.485285206382, 0.565440238685, 0.335934889083, 0.576933676039, 0.483237850961, 0.492710889198, 0.236859255024, 0.167889652448, 0.37950530771, 0.507087730721, 0.119793192537, 0.37008065711, 0.696816749182, 0.704839322363, 0.721391215529, 0.842518950436, 0.61156254925, 0.216760965715, 0.669046558351, 0.550956703501, 0.3171592347, 0.995333080462, 0.595625542787, 0.817488170923, 0.219184696526, 0.193083563503, 0.131190633106, 0.424928902901, 3.7086940817
0.438708660368, 0.52526077084, 0.622168032289, 0.202938629481, 0.974579224101, 0.241716477572, 0.687901979789, 0.34433597801, 0.113574526556, 0.728100060456, 0.116440134556, 0.1269524234, 0.394051570137, 0.826900621872, 0.378932643833, 0.251399871507, 0.259121721021, 0.782385166884, 0.51527004102, 0.542223325599, 0.432859648566, 0.533953650354, 0.641183486022, 0.489385777183, 0.586592296883, 0.151052148631, 0.607331989341, 0.649138748898, 0.612354417946, 0.262174589249, 0.438708660368, 3.7073698233
0.659770186311, 0.773599565096, 0.326357937378, 0.231880667068, 0.971822678645, 0.746782186731, 0.127944446309, 0.163631640124, 0.109612913196, 0.0294061819446, 0.887783419611, 0.527708826578, 0.3917219764, 0.131915607581, 0.640927733256, 0.720280679778, 0.631760695536, 0.209943583572, 0.176939536926, 0.935487053426, 0.437525739312, 0.623332619281, 0.269942661151, 0.200947786047, 0.138620354483, 0.056178557684, 0.115417661447, 0.801671334009, 0.418623965276, 0.00827433570689, 0.659770186311, 2.90976878023
0.659770186311, 0.773599565096, 0.326357937378, 0.231880667068, 0.971822678645, 0.746782186731, 0.127944446309, 0.163631640124, 0.109612913196, 0.0294061819446, 0.887783419611, 0.527708826578, 0.3917219764, 0.131915607581, 0.640927733256, 0.720280679778, 0.631760695536, 0.209943583572, 0.176939536926, 0.935487053426, 0.437525739312, 0.623332619281, 0.269942661151, 0.200947786047, 0.138620354483, 0.056178557684, 0.115417661447, 0.801671334009, 0.418623965276, 0.00827433570689, 0.659770186311, 2.90976878023
0.315173027583, 0.107247560115, 0.925152876786, 0.839796917258, 0.162004771313, 0.00902550766906, 0.182726088454, 0.404297324464, 0.647778966485, 0.940217185133, 0.479197803331, 0.872047891752, 0.00612946852592, 0.241362312501, 0.951129332607, 0.53923941388, 0.353345926643, 0.646112150791, 0.357435868013, 0.0437280319871, 0.371380558204, 0.0018088591152, 0.761541265949, 0.0484735733247, 0.35897778309, 0.285975232404, 0.980007198162, 0.527502189234, 0.380208423149, 0.760018043895, 0.315173027583, 3.82477084636
0.341036304134, 0.133019044274, 0.972921387832, 0.530569595503, 0.0429589828194, 0.774628567052, 0.709410908973, 0.603986972035, 0.145661696147, 0.176105535507, 0.345551256704, 0.788334804444, 0.750366295247, 0.583488001593, 0.380459648255, 0.969756841044, 0.151046937502, 0.802989279047, 0.420879243453, 0.262327213554, 0.139979264825, 0.0889342915819, 0.165794747939, 0.506978684685, 0.584637001287, 0.3370891859, 0.601964302669, 0.255582115851, 0.109359998203, 0.803331343097, 0.341036304134, 3.7614582567
0.315173027583, 0.107247560115, 0.925152876786, 0.839796917258, 0.162004771313, 0.00902550766906, 0.182726088454, 0.404297324464, 0.647778966485, 0.940217185133, 0.479197803331, 0.872047891752, 0.00612946852592, 0.241362312501, 0.951129332607, 0.53923941388, 0.353345926643, 0.646112150791, 0.357435868013, 0.0437280319871, 0.371380558204, 0.0018088591152, 0.761541265949, 0.0484735733247, 0.35897778309, 0.285975232404, 0.980007198162, 0.527502189234, 0.380208423149, 0.760018043895, 0.315173027583, 3.82477084636
0.341036304134, 0.133019044274, 0.972921387832, 0.530569595503, 0.0429589828194, 0.774628567052, 0.709410908973, 0.603986972035, 0.145661696147, 0.176105535507, 0.345551256704, 0.788334804444, 0.750366295247, 0.583488001593, 0.380459648255, 0.969756841044, 0.151046937502, 0.802989279047, 0.420879243453, 0.262327213554, 0.139979264825, 0.0889342915819, 0.165794747939, 0.506978684685, 0.584637001287, 0.3370891859, 0.601964302669, 0.255582115851, 0.109359998203, 0.803331343097, 0.341036304134, 3.7614582567
0.870250009163, 0.195043438732, 0.0496246207734, 0.156167312193, 0.57759209086, 0.824050721924, 0.464609968211, 0.948664684191, 0.87733527421, 0.144332058059, 0.821121731964, 0.0472426161476, 0.430061229051, 0.0666544026253, 0.249081564015, 0.108861527345, 0.132664942599, 0.179285622198, 0.173619173644, 0.802704650142, 0.106635544735, 0.942397392558, 0.0658500509737, 0.378475473632, 0.109370791071, 0.883165909058, 0.958721876691, 0.891703467161, 0.0964683482304, 0.820194219166, 0.870250009163, 2.81909090733
0.538488210424, 0.406162695442, 0.416453702442, 0.26569132988, 0.142057376543, 0.909212731041, 0.206755828009, 0.399112507496, 0.429946349415, 0.106714034429, 0.803801921362, 0.76927336709, 0.399264595803, 0.304275222302, 0.214095170829, 0.510014497887, 0.81259636211, 0.166221552364, 0.110256320659, 0.423330263615, 0.435695127857, 0.0286039793033, 0.641223544541, 0.614103870221, 0.954282052224, 0.452541665322, 0.543136830599, 0.210101808804, 0.38251133159, 0.850139650477, 0.538488210424, 3.36398208601
0.870250009163, 0.195043438732, 0.0496246207734, 0.156167312193, 0.57759209086, 0.824050721924, 0.464609968211, 0.948664684191, 0.87733527421, 0.144332058059, 0.821121731964, 0.0472426161476, 0.430061229051, 0.0666544026253, 0.249081564015, 0.108861527345, 0.132664942599, 0.179285622198, 0.173619173644, 0.802704650142, 0.106635544735, 0.942397392558, 0.0658500509737, 0.378475473632, 0.109370791071, 0.883165909058, 0.958721876691, 0.891703467161, 0.0964683482304, 0.820194219166, 0.870250009163, 2.81909090733
0.538488210424, 0.406162695442, 0.416453702442, 0.26569132988, 0.142057376543, 0.909212731041, 0.206755828009, 0.399112507496, 0.429946349415, 0.106714034429, 0.803801921362, 0.76927336709, 0.399264595803, 0.304275222302, 0.214095170829, 0.510014497887, 0.81259636211, 0.166221552364, 0.110256320659, 0.423330263615, 0.435695127857, 0.0286039793033, 0.641223544541, 0.614103870221, 0.954282052224, 0.452541665322, 0.543136830599, 0.210101808804, 0.38251133159, 0.850139650477, 0.538488210424, 3.36398208601
0.935940179509, 0.613049986502, 0.772749635833, 0.0863951344639, 0.00615103292667, 0.707688868105, 0.77032759084, 0.693961399871, 0.565590159728, 0.191326776519, 0.471988265146, 0.871272883867, 0.0133033196957, 0.762985267807, 0.201165061668, 0.498046140611, 0.513181812606, 0.311275871465, 0.176710026025, 0.860009776296, 0.0961837658133, 0.00622751449648, 0.634778506704, 0.533602105719, 0.0348557884214, 0.748764345038, 0.0129203191742, 0.796645263533, 0.138451554753, 0.335897568756, 0.935940179509, 2.72426632474
0.935940179509, 0.613049986502, 0.772749635833, 0.0863951344639, 0.00615103292667, 0.707688868105, 0.77032759084, 0.693961399871, 0.565590159728, 0.191326776519, 0.471988265146, 0.871272883867, 0.0133033196957, 0.762985267807, 0.201165061668, 0.498046140611, 0.513181812606, 0.311275871465, 0.176710026025, 0.860009776296, 0.0961837658133, 0.00622751449648, 0.634778506704, 0.533602105719, 0.0348557884214, 0.748764345038, 0.0129203191742, 0.796645263533, 0.138451554753, 0.335897568756, 0.935940179509, 2.72426632474
0.758401866639, 0.735542157397, 0.680146132668, 0.569754262046, 0.568077706781, 0.521993525339, 0.20477614557, 0.891367498438, 0.365287895138, 0.236381436726, 0.0722351541194, 0.329638236158, 0.171210846749, 0.762145810546, 0.278681066585, 0.147258653909, 0.221897154937, 0.540806292345, 0.165379578242, 0.743789561508, 0.467520970532, 0.618796085881, 0.610216831312, 0.531432711427, 0.0583981816195, 0.264888827317, 0.349227476204, 0.507338515002, 0.791383385952, 0.0235305898938, 0.758401866639, 2.93798721359
0.706679094298, 0.738466136072, 0.230856021586, 0.233682448742, 0.345285531025, 0.798342131061, 0.465585905952, 0.215387173542, 0.461309282265, 0.100250791149, 0.444265270446, 0.772962467928, 0.459169667647, 0.366645570286, 0.507744765124, 0.10551423225, 0.255818329898, 0.758047551098, 0.10182457711, 0.413365537577, 0.530395853891, 0.0313802469894, 0.959982680595, 0.219265025344, 0.922457218805, 0.898299427286, 0.785348575954, 0.659824062139, 0.00354229142442, 0.0578086882443, 0.706679094298, 3.10866124249
0.754857417146, 0.153424586014, 0.480218294609, 0.74479832347, 0.304174566899, 0.233175258491, 0.26033992364, 0.252518735777, 0.880679289615, 0.557244303368, 0.38420838517, 0.254397750724, 0.210870060933, 0.738037038948, 0.973620594657, 0.290605791613, 0.835228880133, 0.126361821849, 0.185724279993, 0.290935859927, 0.867575994462, 0.0987174458671, 0.294551148628, 0.462935553548, 0.398204847761, 0.571592631537, 0.735922006304, 0.691511519951, 0.224554878976, 0.0831847835087, 0.754857417146, 2.98142506688
0.758401866639, 0.735542157397, 0.680146132668, 0.569754262046, 0.568077706781, 0.521993525339, 0.20477614557, 0.891367498438, 0.365287895138, 0.236381436726, 0.0722351541194, 0.329638236158, 0.171210846749, 0.762145810546, 0.278681066585, 0.147258653909, 0.221897154937, 0.540806292345, 0.165379578242, 0.743789561508, 0.467520970532, 0.618796085881, 0.610216831312, 0.531432711427, 0.0583981816195, 0.264888827317, 0.349227476204, 0.507338515002, 0.791383385952, 0.0235305898938, 0.758401866639, 2.93798721359
0.706679094298, 0.738466136072, 0.230856021586, 0.233682448742, 0.345285531025, 0.798342131061, 0.465585905952, 0.215387173542, 0.461309282265, 0.100250791149, 0.444265270446, 0.772962467928, 0.459169667647, 0.366645570286, 0.507744765124, 0.10551423225, 0.255818329898, 0.758047551098, 0.10182457711, 0.413365537577, 0.530395853891, 0.0313802469894, 0.959982680595, 0.219265025344, 0.922457218805, 0.898299427286, 0.785348575954, 0.659824062139, 0.00354229142442, 0.0578086882443, 0.706679094298, 3.10866124249
0.754857417146, 0.153424586014, 0.480218294609, 0.74479832347, 0.304174566899, 0.233175258491, 0.26033992364, 0.252518735777, 0.880679289615, 0.557244303368, 0.38420838517, 0.254397750724, 0.210870060933, 0.738037038948, 0.973620594657, 0.290605791613, 0.835228880133, 0.126361821849, 0.185724279993, 0.290935859927, 0.867575994462, 0.0987174458671, 0.294551148628, 0.462935553548, 0.398204847761, 0.571592631537, 0.735922006304, 0.691511519951, 0.224554878976, 0.0831847835087, 0.754857417146, 2.98142506688
0.180224719225, 0.562657557547, 0.0744404512192, 0.898243831409, 0.482921738253, 0.391270944516, 0.723205695269, 0.0443124590434, 0.454733776888, 0.803280495383, 0.346532068091, 0.253593167267, 0.928056841561, 0.115053802398, 0.951519120625, 0.151653481576, 0.604108106325, 0.567744747383, 0.66395437915, 0.193745978747, 0.498989079346, 0.909444474353, 0.128933011044, 0.317653223157, 0.387002275399, 0.362390759103, 0.996701919158, 0.925582485422, 0.622124728347, 0.224397828222, 0.180224719225, 4.52817405836
0.236824980619, 0.786432593363, 0.422962862677, 0.861622695928, 0.3150380992, 0.0316928386202, 0.258932915681, 0.789931408854, 0.76638722787, 0.721856570216, 0.465074243344, 0.638003570906, 0.0954580937192, 0.979361505305, 0.99880391155, 0.64088677312, 0.00753845674133, 0.761318891812, 0.524012462226, 0.0348139930185, 0.958861913133, 0.681543440162, 0.813151353054, 0.0537110255909, 0.645890944753, 0.37340246877, 0.368740757513, 0.590641338791, 0.0773786634988, 0.202010114494, 0.236824980619, 4.46042381242
0.180224719225, 0.562657557547, 0.0744404512192, 0.898243831409, 0.482921738253, 0.391270944516, 0.723205695269, 0.0443124590434, 0.454733776888, 0.803280495383, 0.346532068091, 0.253593167267, 0.928056841561, 0.115053802398, 0.951519120625, 0.151653481576, 0.604108106325, 0.567744747383, 0.66395437915, 0.193745978747, 0.498989079346, 0.909444474353, 0.128933011044, 0.317653223157, 0.387002275399, 0.362390759103, 0.996701919158, 0.925582485422, 0.622124728347, 0.224397828222, 0.180224719225, 4.52817405836
0.236824980619, 0.786432593363, 0.422962862677, 0.861622695928, 0.3150380992, 0.0316928386202, 0.258932915681, 0.789931408854, 0.76638722787, 0.721856570216, 0.465074243344, 0.638003570906, 0.0954580937192, 0.979361505305, 0.99880391155, 0.64088677312, 0.00753845674133, 0.761318891812, 0.524012462226, 0.0348139930185, 0.958861913133, 0.681543440162, 0.813151353054, 0.0537110255909, 0.645890944753, 0.37340246877, 0.368740757513, 0.590641338791, 0.0773786634988, 0.202010114494, 0.236824980619, 4.46042381242
0.18506082986, 0.00328524928716, 0.349540270182, 0.432394192703, 0.406526239587, 0.903858534246, 0.276620487283, 0.894161274449, 0.0389442329671, 0.970580306232, 0.800617078963, 0.596049114741, 0.791150267923, 0.0661128734138, 0.260274755061, 0.803961381588, 0.796030112487, 0.608951350061, 0.5570372663, 0.0635514072919, 0.383313808197, 0.30057405334, 0.797228659222, 0.890007453665, 0.578254724444, 0.0121446638991, 0.87696136241, 0.22252987363, 0.691698245379, 0.39341186877, 0.18506082986, 4.56606615264
0.20603701353, 0.870031466395, 0.305364421047, 0.612640694587, 0.718658127049, 0.791880041674, 0.424339247403, 0.238882381768, 0.485322542638, 0.661001622657, 0.21048583049, 0.572800064141, 0.686314605312, 0.716301380182, 0.108661719428, 0.0332531869405, 0.193709479093, 0.610137593472, 0.396435363649, 0.379440417934, 0.885105775567, 0.46446050001, 0.621378660512, 0.309488840296, 0.814542094646, 0.683734918251, 0.226274600713, 0.92117286446, 0.0240630396808, 0.997234440066, 0.20603701353, 4.56538599274
0.18506082986, 0.00328524928716, 0.349540270182, 0.432394192703, 0.406526239587, 0.903858534246, 0.276620487283, 0.894161274449, 0.0389442329671, 0.970580306232, 0.800617078963, 0.596049114741, 0.791150267923, 0.0661128734138, 0.260274755061, 0.803961381588, 0.796030112487, 0.608951350061, 0.5570372663, 0.0635514072919, 0.383313808197, 0.30057405334, 0.797228659222, 0.890007453665, 0.578254724444, 0.0121446638991, 0.87696136241, 0.22252987363, 0.691698245379, 0.39341186877, 0.18506082986, 4.56606615264
0.20603701353, 0.870031466395, 0.305364421047, 0.612640694587, 0.718658127049, 0.791880041674, 0.424339247403, 0.238882381768, 0.485322542638, 0.661001622657, 0.21048583049, 0.572800064141, 0.686314605312, 0.716301380182, 0.108661719428, 0.0332531869405, 0.193709479093, 0.610137593472, 0.396435363649, 0.379440417934, 0.885105775567, 0.46446050001, 0.621378660512, 0.309488840296, 0.814542094646, 0.683734918251, 0.226274600713, 0.92117286446, 0.0240630396808, 0.997234440066, 0.20603701353, 4.56538599274
0.275633558044, 0.52774471277, 0.205966156751, 0.634272950624, 0.734543115542, 0.529515698227, 0.935423520005, 0.126696442234, 0.834648792114, 0.384372303984, 0.80808027895, 0.373263752156, 0.665344647998, 0.803176442029, 0.934250722056, 0.695713327092, 0.010333777748, 0.291428963082, 0.177418056975, 0.177342683022, 0.386439511827, 0.11984717807, 0.611090061911, 0.384247228144, 0.960730890353, 0.0595142594042, 0.282951445028, 0.266650535072, 0.330349903945, 0.998039591162, 0.275633558044, 4.19970971856
0.170398828625, 0.216678216781, 0.39664991597, 0.14110380292, 0.0244953689508, 0.35837681886, 0.530592453307, 0.284724541089, 0.776589127034, 0.465032936671, 0.359050874923, 0.960723467775, 0.666140724064, 0.830732308757, 0.765864848173, 0.733182714854, 0.330237671198, 0.151781641868, 0.913256338049, 0.350933074063, 0.522219615907, 0.149983222943, 0.76528733438, 0.36067810041, 0.891429610889, 0.855313065469, 0.547885876006, 0.665566917762, 0.227559145741, 0.797058308869, 0.170398828625, 4.68461323402
0.275633558044, 0.52774471277, 0.205966156751, 0.634272950624, 0.734543115542, 0.529515698227, 0.935423520005, 0.126696442234, 0.834648792114, 0.384372303984, 0.80808027895, 0.373263752156, 0.665344647998, 0.803176442029, 0.934250722056, 0.695713327092, 0.010333777748, 0.291428963082, 0.177418056975, 0.177342683022, 0.386439511827, 0.11984717807, 0.611090061911, 0.384247228144, 0.960730890353, 0.0595142594042, 0.282951445028, 0.266650535072, 0.330349903945, 0.998039591162, 0.275633558044, 4.19970971856
0.170398828625, 0.216678216781, 0.39664991597, 0.14110380292, 0.0244953689508, 0.35837681886, 0.530592453307, 0.284724541089, 0.776589127034, 0.465032936671, 0.359050874923, 0.960723467775, 0.666140724064, 0.830732308757, 0.765864848173, 0.733182714854, 0.330237671198, 0.151781641868, 0.913256338049, 0.350933074063, 0.522219615907, 0.149983222943, 0.76528733438, 0.36067810041, 0.891429610889, 0.855313065469, 0.547885876006, 0.665566917762, 0.227559145741, 0.797058308869, 0.170398828625, 4.68461323402
0.297790631246, 0.288427034208, 0.865317281177, 0.280298664016, 0.397141324513, 0.703313735492, 0.670609107664, 0.335038971438, 0.220975309933, 0.596671810931, 0.432723626869, 0.718272860889, 0.116992891841, 0.652257086936, 0.366118834644, 0.478819615325, 0.856738371156, 0.817877155304, 0.458785324994, 0.241168511308, 0.0228885788036, 0.422344817841, 0.825662122281, 0.121843485384, 0.371070751347, 0.882675187294, 0.931337416299, 0.20209348785, 0.125894120599, 0.291459587582, 0.297790631246, 3.99974159894
0.297790631246, 0.288427034208, 0.865317281177, 0.280298664016, 0.397141324513, 0.703313735492, 0.670609107664, 0.335038971438, 0.220975309933, 0.596671810931, 0.432723626869, 0.718272860889, 0.116992891841, 0.652257086936, 0.366118834644, 0.478819615325, 0.856738371156, 0.817877155304, 0.458785324994, 0.241168511308, 0.0228885788036, 0.422344817841, 0.825662122281, 0.121843485384, 0.371070751347, 0.882675187294, 0.931337416299, 0.20209348785, 0.125894120599, 0.291459587582, 0.297790631246, 3.99974159894
