0.0877258567427, 0.127602272085, 0.996330872449, 0.902337967369, 0.304433020661, 0.21137425644, 0.250098219235, 0.154372789648, 0.312591091222, 2.46120339954, 0.266381483891, 0.0100447121749, 18.7167657758, 223.107426742
0.875947858833, 0.985575962995, 0.902354978715, 0.229121573652, 0.383282586791, 0.353904840471, 0.702445155611, 0.510384377412, 0.939000351821, 42.2958146855, 142.304063935, 19.9757961139, 2.99399256221, 29.3961123481
0.863878904215, 0.873795826947, 0.568405418093, 0.775112213, 0.385329599769, 0.982955106789, 0.796942215161, 0.891623190471, 0.593765315232, 27.4793224598, 7.97273467327, 26.9190181675, 9.00838587003, 11.2472366482
0.997420138131, 0.98734038692, 0.91237407065, 0.510002032293, 0.118366610179, 0.515899634479, 0.779428734768, 0.627148512779, 0.0197836976027, 93.3146106077, 89.6544850018, 17.5726574888, 2.57133308262, 0.525359060031
0.483653176479, 0.770576500085, 0.729779896922, 0.896415160658, 0.284133346547, 0.391972500957, 0.713954045397, 0.812498458056, 0.0861725129649, 24.0401012443, 2.77794278193, 9.93008255187, 10.9410082113, 50.9127913607
0.0309681447077, 0.0726535081408, 0.300791045016, 0.184920866842, 0.289738329536, 0.386918313061, 0.697282228558, 0.284272618206, 0.298708163762, 0.00738721653359, 0.0325607712719, 0.0928617765389, 1.69517855643, 57.2000334747
0.966584847347, 0.943722874149, 0.958339208944, 0.789794790806, 0.852314517003, 0.41652738153, 0.293190948606, 0.497513039489, 0.788589224099, 106.931477127, 28.459992115, 5.88571943865, 8.42479751748, 5.17524636862
0.482695217684, 0.853251931688, 0.916204938001, 0.686699169146, 0.300450584514, 0.204851557414, 0.904482918927, 0.701554659273, 0.0857132448322, 12.6975963364, 5.793173577, 1.69114479419, 3.47102290446, 25.3488687981
0.683179510458, 0.946152082679, 0.00425142127325, 0.763898703463, 0.887186658352, 0.508077354004, 0.313537322445, 0.59686829547, 0.802092270003, 0.115119156054, 0.0355803483855, 35.2961533838, 2.01737039802, 17.3738137345
0.792777107667, 0.774859097962, 0.888867369371, 0.247091985429, 0.290008260186, 0.212748279048, 0.709326725525, 0.600006326336, 0.0884804107006, 8.58089507997, 26.1466379279, 4.34188747548, 11.3519020334, 13.1795585243
0.465794763885, 0.0260373342824, 0.844752770426, 0.993649286687, 0.803892873291, 0.887492815783, 0.799413596665, 0.507635460055, 0.199018089628, 0.443470826884, 0.00283435626816, 0.0820212086359, 19.762782754, 23.2712292896
0.792777107667, 0.780321608502, 0.888867369371, 0.648745171791, 0.289434732127, 0.212748279048, 0.709326725525, 0.284272618206, 0.408460378999, 26.8721258772, 14.549571032, 5.17884028739, 13.1191177365, 15.6100365471
0.889830259695, 0.981618244339, 0.774143707078, 0.586513788407, 0.00840576660121, 0.409768280498, 0.293205529871, 0.611583217386, 0.429641932219, 45.0017378794, 31.7257641315, 22.3852354685, 1.85598233703, 12.5009208441
0.12140487657, 0.0196198917907, 0.933466845314, 0.517383099471, 0.266164486507, 0.38793832341, 0.694375650238, 0.238439114468, 0.312055763541, 0.235962861784, 0.220107044684, 0.0325065317391, 24.413520037, 180.2140173
0.989790303908, 0.777341270929, 0.419789748319, 0.880136692844, 0.29199225599, 0.205166480737, 0.204346625691, 0.491589402684, 0.333633540822, 30.1504974802, 4.10611030057, 47.3475950802, 23.3744029493, 1.08285528488
0.841166385357, 0.914172115443, 0.774143707078, 0.589694067309, 0.894353207988, 0.409268038099, 0.293205529871, 0.611423704163, 0.431860111729, 38.8770413059, 27.0504344161, 19.2343296628, 7.99549393138, 17.5904682335
0.849579221105, 0.644458340534, 0.429339763501, 0.0138467997889, 0.623052528755, 0.401525513219, 0.909623737216, 0.506977891591, 0.0860788979345, 0.307141080315, 21.874235483, 29.4825466252, 28.5025048628, 14.1937282
0.00287460881066, 0.897104790922, 0.775850736137, 0.973443747978, 0.622012013076, 0.41743696392, 0.351294782934, 0.232904555873, 0.474763237445, 0.581344001904, 0.0158594863421, 0.172536695568, 0.0882868734518, 297.626780366
0.480509816551, 0.780313650236, 0.916161807775, 0.83994515083, 0.300263815423, 0.206606760001, 0.904482918927, 0.701554659273, 0.0827695255061, 16.9442726187, 3.22879773233, 1.84604262644, 6.19917202986, 30.5074351245
0.404945834264, 0.60470260969, 0.856367435738, 0.508220458541, 0.909416337674, 0.179942210897, 0.701669357669, 0.399925750424, 0.30310241788, 6.70548829966, 6.48856594779, 2.21294711298, 10.071640725, 37.4400001862
0.878615937885, 0.132159917686, 0.996377410465, 0.0110137351087, 0.302026786897, 0.390602931253, 0.105931301845, 0.489200499442, 0.0217340723485, 0.108891671667, 9.77800596959, 0.0359463909509, 65.1592550337, 10.372871449
0.97408593572, 0.88693230401, 0.0235293275972, 0.116475557067, 0.712396981986, 0.416536712924, 0.697811142683, 0.497513039489, 0.785990191239, 0.159698388663, 1.2113908998, 56.9004139154, 7.42855410648, 1.74784938976
0.841027920017, 0.91752897818, 0.774143707078, 0.816865462765, 0.886002291696, 0.415781653821, 0.292411694315, 0.497513039489, 0.434220858799, 65.8730418358, 14.7681957222, 23.5270671388, 9.36304654551, 21.4598286463
0.967672567517, 0.987869895707, 0.958057220882, 0.789794790806, 0.853847000285, 0.41652738153, 0.300562327805, 0.507352173559, 0.817245124072, 122.359848542, 32.5662790628, 6.78250965398, 1.985628516, 5.46860115944
0.970692559876, 0.00504077421575, 0.0639846108516, 0.279502145252, 0.101395572001, 0.797293448441, 0.712817552622, 0.318409228722, 0.0808395775607, 0.00908110169636, 0.0234091737832, 0.475292377992, 100.227269491, 3.04142282645
0.869617958036, 0.132159917686, 0.0534219859843, 0.0110137351087, 0.302026786897, 0.390602931253, 0.111585654582, 0.493846119216, 0.316511490187, 0.00419926701135, 0.377076201295, 6.75577608979, 46.8660961669, 8.09670569448
0.543430969628, 0.450644172381, 0.00108962569563, 0.980911127621, 0.636032843805, 0.637498486558, 0.105666774634, 0.592917455818, 0.106344656591, 0.0517096588857, 0.00100628798208, 48.3271516345, 58.9772681511, 90.197184379
0.574995569191, 0.942909554892, 0.268025530253, 0.125326168727, 0.884754071011, 0.508077354004, 0.304277962088, 0.590295342967, 0.000839343242816, 1.11280064647, 7.76643549207, 24.2490861155, 2.00582405105, 25.9691876815
0.875947858833, 0.985575962995, 0.902354978715, 0.856092557827, 0.383282586791, 0.353904840471, 0.700809649232, 0.405875146808, 0.939000351821, 153.351495553, 25.7780788732, 19.3838472888, 2.90527067251, 28.5250084348
0.966898740616, 0.897729892618, 0.902354978715, 0.228989822829, 0.383282586791, 0.354713983913, 0.603856355867, 0.508044121013, 0.104681911876, 25.7224188633, 86.6075464844, 12.1553735681, 14.1814693741, 4.74718374979
0.858187301044, 0.788875495745, 0.00620275315726, 0.184142562437, 0.290068577643, 0.191934205157, 0.696203308472, 0.387686389089, 0.170303391884, 0.0860934936857, 0.381443682654, 74.9082136373, 20.1725977156, 15.7890581337
0.974249305468, 0.640673756823, 0.102666123489, 0.0804612212475, 0.779410870446, 0.49802913681, 0.00113465899579, 0.814526190562, 0.797060595041, 0.429528922172, 4.90880568812, 46.6587061748, 29.1628947225, 2.14516417489
0.986043849764, 0.618870589076, 0.998818378881, 0.514721363584, 0.293555785716, 0.203061982768, 0.678736803909, 0.0546127172381, 0.328093804111, 69.3151631599, 65.3502462515, 0.159311737914, 83.0313597975, 3.08346550339
0.79189211008, 0.781100883447, 0.88981025052, 0.514920357099, 0.999461450429, 0.208286505086, 0.717240563905, 0.708589857588, 0.112424643767, 23.8317129443, 22.4506152172, 5.73137715879, 14.5765475172, 17.4998043684
0.539143093405, 0.132159917686, 0.996377410465, 0.0110137351087, 0.302026786897, 0.391467324608, 0.105192696542, 0.489274834913, 0.0217340723485, 0.0649651813818, 5.83359518355, 0.0214457522085, 38.8742569303, 38.2899192325
0.974207503325, 0.967003974532, 0.98326652272, 0.716224929955, 0.779410870446, 0.200276947618, 0.207412148394, 0.752193952064, 0.799458769676, 107.507649959, 42.5955445301, 2.55449396122, 5.2089723607, 4.17957705129
0.97810918945, 0.527179196105, 0.84499532318, 0.995966411296, 0.30988083241, 0.221976916958, 0.709578120823, 0.905594504731, 0.0103610210283, 43.6293028068, 0.176695379436, 8.03570671382, 46.496213749, 2.20087570006
0.981932855524, 0.82276101161, 0.919452226661, 0.0124767695302, 0.305927607087, 0.30888733108, 0.21100501321, 0.0184000507127, 0.336630408848, 1.45554810294, 115.205106677, 10.219950212, 27.3325908226, 2.8374568314
0.494947948145, 0.971679352401, 0.923609890885, 0.257378814007, 0.383282586791, 0.515377089018, 0.603856355867, 0.699293127304, 0.419685645944, 9.81818475058, 28.3286409252, 3.15505518568, 1.20378807081, 43.3733999509
0.974066202326, 0.989305207944, 0.0215331269463, 0.789794790806, 0.383637116891, 0.415832245235, 0.698047131013, 0.497513039489, 0.906115012546, 1.03760629673, 0.276160657432, 59.6976670767, 0.659558440384, 1.64194490816
0.483320512089, 0.778872182561, 0.410835529525, 0.862412482961, 0.284133346547, 0.391972500957, 0.713432774917, 0.812498458056, 0.0827473057878, 14.1900412298, 2.26385004632, 23.5959342469, 11.370454235, 54.9693281148
0.862124847028, 0.89293847919, 0.105748769382, 0.00563656760673, 0.128391328374, 0.281969969138, 0.603971511105, 0.899945336731, 0.891989627592, 0.0564960144751, 9.96662770494, 84.7592910359, 11.3642201633, 16.9754804971
0.543430969628, 0.936482423906, 0.00165301117809, 0.984644729546, 0.636032843805, 0.480851685339, 0.105189633121, 0.592755445326, 0.000825132051422, 0.119193629601, 0.00185879268325, 73.1104077695, 4.96697506163, 65.6992069934
0.926619321552, 0.946152082679, 0.00611036380947, 0.825661473965, 0.290788760056, 0.508077354004, 0.313537322445, 0.596865061292, 0.0829868034459, 0.318366580395, 0.0672231442485, 62.7186274164, 3.59142122015, 5.28174955845
0.681211928238, 0.122088463004, 0.99940149019, 0.00493531543675, 0.282327999819, 0.496714782445, 0.317852554635, 0.399738132033, 0.0217340723485, 0.0465282188697, 9.38107969517, 0.00564589494032, 67.8324728363, 36.1581924647
0.00203463250179, 0.154870861097, 0.791888103108, 0.452968383022, 0.900056484096, 0.130570106627, 0.504606607901, 0.358916973758, 0.226716424319, 0.0267897773429, 0.0323529318328, 0.015542980562, 0.407559254267, 236.535960349
0.12140487657, 0.0189575597635, 0.933466845314, 0.537965879248, 0.31510662472, 0.38793832341, 0.206359109111, 0.238439114468, 0.0694451058479, 0.245972561293, 0.211254506039, 0.0325890087582, 25.3476905546, 186.98348838
0.79189211008, 0.789792713603, 0.101927344646, 0.000365787679308, 0.290795375483, 0.212888576609, 0.717240563905, 0.695182397853, 0.120828410397, 0.00251389979164, 6.87005161799, 60.5535559184, 17.9457999236, 22.4355946807
0.493945303971, 0.971679352401, 0.923609890885, 0.393914986019, 0.383282586791, 0.517899518754, 0.603856355867, 0.699293127304, 0.419888229832, 16.2977270214, 25.075989643, 3.42194552234, 1.30561811326, 47.2314833266
0.992827232534, 0.795928807715, 0.91616769438, 0.473288503486, 0.987087228108, 0.203094514934, 0.21100501321, 0.016552181867, 0.0844633327123, 39.7287711413, 44.2132026204, 7.68096194824, 23.4915504373, 0.831654706965
0.482695217684, 0.908878004029, 0.916204938001, 0.686699169146, 0.300450584514, 0.204851557414, 0.911224651704, 0.701554659273, 0.0857132448322, 16.3497815273, 7.45945294089, 2.17756551582, 2.60537615934, 30.6422539812
0.974207503325, 0.933322199403, 0.00413173135716, 0.709151961923, 0.00194451630896, 0.507684162882, 0.207412148394, 0.0438958485956, 0.00186878981701, 0.394608296489, 0.161842672664, 134.120981093, 9.62153794872, 3.82036752083
0.996248421084, 0.646223810205, 0.0639573186883, 0.510186103539, 0.996943578022, 0.258635445507, 0.695633535013, 0.00253635032045, 0.319160584511, 3.36091360095, 3.2267091854, 96.4126736842, 56.3876660959, 0.600208248433
0.973385700754, 0.0399717453144, 0.901849039339, 0.682144296875, 0.996196425147, 0.595178524705, 0.00610542251084, 0.507644773057, 0.80561253827, 1.10583202855, 0.515279565603, 0.176430481559, 43.1727753715, 1.22957783824
0.979987837808, 0.863775859487, 0.954671292769, 0.158475374271, 0.899762304092, 0.218286737333, 0.859100044482, 0.902593977283, 0.240367413161, 31.2155947496, 165.758824104, 9.35253404159, 32.5393578834, 4.87784763155
0.420046763413, 0.0238649711015, 0.0106190189126, 0.201472149389, 0.300281317225, 0.719222057379, 0.69740789244, 0.15219989747, 0.0853920511095, 0.00372203414203, 0.0147521527533, 1.72125215198, 71.1590143083, 100.650366254
0.960117359312, 0.780321608502, 0.916314463683, 0.185747167337, 0.289477011681, 0.838291704093, 0.698018782202, 0.284272618206, 0.408460378999, 17.919409956, 78.5526397281, 8.81063820047, 29.6394861747, 5.60457795773
0.861805786386, 0.948450102372, 0.881307060996, 0.587188646667, 0.00700300697302, 0.409767695271, 0.293205529871, 0.611423704163, 0.437271666752, 55.6528952445, 39.1256662288, 12.7646157778, 5.84515702412, 18.1823003927
0.686302705969, 0.1676309393, 0.00440948047839, 0.5146518779, 0.994862913032, 0.507649724383, 0.289054843168, 0.578686301177, 0.0116221772622, 0.0256095022165, 0.0241513231417, 11.2352024718, 56.0353258109, 30.7709591451
0.889830259695, 0.907482526258, 0.774143707078, 0.587188646667, 0.00521945024758, 0.409768280498, 0.293205529871, 0.611423704163, 0.431860111729, 42.448759436, 29.8427599538, 21.0910383044, 9.52031370238, 12.7403878379
0.682158942315, 0.761346695099, 0.385171589824, 0.96400091994, 0.31617401487, 0.508011027284, 0.709578120823, 0.809908416944, 0.117231610038, 17.5692740612, 0.656096576721, 29.0921655444, 14.8322524579, 28.9577008098
0.980020863948, 0.86367754084, 0.901697413193, 0.15284103688, 0.314197491016, 0.216675676701, 0.709830484651, 0.678662840182, 0.132892278736, 21.2342504865, 117.69604546, 15.146109191, 24.3193477354, 3.63685422311
0.0199774645573, 0.82276101161, 0.890750242833, 0.513667608961, 0.997959756125, 0.20308005312, 0.21100501321, 0.016552181867, 0.298684981286, 0.548119229355, 0.518950641887, 0.130875209131, 0.258061054421, 71.4264224944
0.79189211008, 0.781100883447, 0.88981025052, 0.540458410086, 0.285953827025, 0.208286505086, 0.717240563905, 0.695182397853, 0.112424643767, 25.8837664857, 22.0084783248, 5.93074136272, 15.0835882704, 18.1085297183
0.6812705307, 0.127602272085, 0.996751720416, 0.00109957248028, 0.281364090485, 0.515085726813, 0.22175008898, 0.521232090937, 0.0217340723485, 0.0178684599139, 16.2325017834, 0.0529577675365, 111.463425233, 59.77512254
0.991525362164, 0.638473330177, 0.102669396499, 0.884635601513, 0.108315441846, 0.385524894726, 0.711517438723, 0.80972763961, 0.770722711511, 7.49467202166, 0.977372296745, 74.0456737877, 46.7245136458, 1.10464255283
0.974237316867, 0.166476303162, 0.0039821534778, 0.935421560766, 0.00381733780954, 0.220095638075, 0.709578120823, 0.902229126715, 0.117455966019, 0.0646724680487, 0.00446477526624, 17.2926354006, 86.9279809981, 2.75783305629
0.575167451319, 0.0260373342824, 0.862020228342, 0.993649286687, 0.804466154637, 0.887492815783, 0.796119784115, 0.508164302687, 0.195477857201, 0.618314487252, 0.00395183501687, 0.0996034225581, 27.0025407881, 20.4779181443
0.851550204345, 0.0835543135067, 0.0104707037318, 0.273592579577, 0.296895045175, 0.416407363948, 0.70252432032, 0.609073631633, 0.0892648518426, 0.0119694844124, 0.0317798176735, 4.13450874115, 45.8282331584, 8.71757573706
0.977733745796, 0.83941539341, 0.0135246869215, 0.993638844783, 0.616230876629, 0.540004783416, 0.207477720057, 0.232950176146, 0.125854077724, 2.89448549154, 0.01853014461, 212.472054129, 41.2043035728, 5.84339472521
0.494947948145, 0.998970370054, 0.0956951202589, 0.25075066123, 0.383282586791, 0.515377089018, 0.603856355867, 0.699292680861, 0.416137262536, 0.900136601922, 2.68963100829, 33.9227784893, 0.038663850285, 38.3177982774
0.862124847028, 0.574411437873, 0.00295660937458, 0.00362361061103, 0.85912682124, 0.208037666563, 0.0492900593329, 0.507489565327, 0.0301885721507, 0.00160252571212, 0.440643036557, 149.136378544, 110.824658704, 41.6449457124
0.00693535627239, 0.0615340372595, 0.0106187413771, 0.271902388802, 0.291300704861, 0.416407363948, 0.352619337763, 0.609073631633, 0.0892648518426, 0.000200729903434, 0.000537512611898, 0.0687843580562, 1.06030088685, 161.777955586
0.683179510458, 0.984324994143, 0.00413909344174, 0.782381602007, 0.0139134126662, 0.510481490213, 0.304277962088, 0.579125285974, 0.0116221772622, 0.232097251942, 0.0645575407406, 71.3747865165, 1.14134078582, 33.7665004807
0.838459206507, 0.917702818329, 0.0709283776266, 0.808348184746, 0.383282586791, 0.515377089018, 0.598087144084, 0.699292680861, 0.416286573243, 3.31355604348, 0.785613232841, 53.6939089455, 5.18273166732, 12.1331630942
0.98319059273, 0.21027632402, 0.102669396499, 0.00569411085891, 0.0788349353735, 0.240905881618, 0.00360718908333, 0.699231729001, 0.00406459939928, 0.0208383571863, 3.63879485029, 31.9851970173, 133.86940487, 2.8981499994
0.98319059273, 0.0988570762518, 0.102669396499, 0.0799088213451, 0.00177921625791, 0.240905881618, 0.00360718908333, 0.699231729001, 0.00938040359421, 0.11542519323, 1.32903602253, 12.6245921245, 128.248056104, 2.43316633803
0.6812705307, 0.127602272085, 0.999038634606, 0.00109957248028, 0.281364090485, 0.5071900239, 0.22175008898, 0.454882336264, 0.0217340723485, 0.0220778634805, 20.0565107484, 0.0193214352064, 137.406417412, 73.6877179347
0.465794763885, 0.0260373342824, 0.159917362902, 0.993649286687, 0.807767934121, 0.884717133311, 0.799413596665, 0.507635460055, 0.199018089628, 0.105218043075, 0.000672480356845, 0.556267240493, 24.7689311772, 29.1661090372
0.858305476171, 0.134584591715, 0.999131836192, 0.159497273234, 0.301698690944, 0.211878883448, 0.105931301845, 0.539638591995, 0.0228421234515, 3.23741760726, 17.060218469, 0.0176369848247, 130.632712902, 24.9194530243
0.989126197832, 0.207047891298, 0.249891659317, 0.119084584371, 0.882636921391, 0.324562185787, 0.295830228327, 0.59536843383, 0.786467737975, 0.684786200599, 5.06563232938, 17.26122798, 88.1300143189, 1.22181824231
0.989790303908, 0.879445000146, 0.052666733145, 0.998114144069, 0.997959756125, 0.445717394754, 0.676578487253, 0.0559120896416, 0.220915652939, 13.9982699483, 0.0264485986566, 252.267069637, 36.5034839933, 3.12333601864
0.66025567182, 0.0399717453144, 0.901849039339, 0.514655054324, 0.996196425147, 0.592459839957, 0.00610542251084, 0.507644773057, 0.80561253827, 0.605177758863, 0.570712293666, 0.127975673592, 31.3158189002, 16.7849415186
0.574995569191, 0.0826300974492, 0.268025530253, 0.12536719518, 0.884754071011, 0.508077354004, 0.304277962088, 0.590295342967, 0.000743383380106, 0.097533832406, 0.680451447285, 2.12466835542, 32.2256316352, 25.9648555338
0.974207503325, 0.933322199403, 0.00205154690771, 0.709151961923, 0.779410870446, 0.507684162882, 0.207412148394, 0.0438958485956, 0.291617758474, 0.22721264061, 0.0931878557711, 155.854676553, 11.1573587903, 4.4301868753
0.854848881463, 0.0856665215798, 0.0462511459715, 0.00916042944048, 0.129744412312, 0.202641207256, 0.697217975198, 0.883777978487, 0.311962812164, 0.00391741204622, 0.423727609584, 8.81850472553, 98.6857421594, 18.3265547582
0.986141808381, 0.1676309393, 0.00383955753487, 0.514377572886, 0.0139134126662, 0.507649724383, 0.69326124042, 0.0577602922786, 0.295538972428, 0.0490301545113, 0.0462892316669, 24.7302979701, 123.271252231, 2.08119641571
0.577387318216, 0.00956763267772, 0.268025530253, 0.122906174694, 0.884754071011, 0.508077354004, 0.210128400293, 0.590295342967, 0.000839343242816, 0.0129899323799, 0.09269989494, 0.288637635516, 40.8204093606, 30.1667007716
0.679251366898, 0.00292411478806, 0.181764097374, 0.821645746608, 0.0100791096609, 0.21804804402, 0.314464680629, 0.0209078662013, 0.424086389091, 0.0510767181853, 0.0110871990456, 0.279839361354, 116.617590778, 55.2293771496
0.988425441703, 0.880375053782, 0.052666733145, 0.998114144069, 0.997959756125, 0.445717394754, 0.676578487253, 0.0583092019781, 0.209368877308, 12.5335720839, 0.0236811705308, 225.871305052, 32.3975598148, 3.17140024949
0.67875160584, 0.16803381897, 0.00412578955939, 0.96400091994, 0.0105121553011, 0.220095638075, 0.709578120823, 0.807669728992, 0.129101278891, 0.0693025397284, 0.00258799304487, 17.3527821846, 86.2727426257, 49.0792623855
0.996247257318, 0.879445000146, 0.0533443017535, 0.514721363584, 0.997959756125, 0.181329493636, 0.685752227194, 0.0546127172381, 0.344428048829, 6.627362283, 6.24826859591, 228.492808779, 33.0869721279, 1.0338402746
