0.0216302027191, 0.505743645362, 0.0446865726362, 0.634434223349, 0.868232217762, 0.329642833775, 0.181628583624, 0.213296050579, 0.489082925129, 0.729304998012, 0.792405116644, 0.669369347571, 0.235591740168, 0.319174805087, 0.613833108831, 0.948808119341, 0.0794531679298, 1.15347426538, 0.0549524969234
0.732468867081, 0.00643202093396, 0.717275600773, 0.985115978551, 0.444078770018, 0.719251551672, 0.473423698331, 0.632098920907, 0.509270516785, 0.632584284925, 0.559143294361, 0.573715010437, 0.562760609937, 0.666541488562, 0.00462052554623, 0.197593234745, 0.415398156472, 0.00464794012444, 1.02951402858
0.178497787252, 0.360096046325, 0.4532854931, 0.532883357935, 0.171402279754, 0.40345823027, 0.487486760695, 0.649800560803, 0.851484046657, 0.505896235333, 0.488014391259, 0.446319420184, 0.0302513591035, 0.647410507619, 0.620583073503, 0.688248410482, 0.799801384895, 0.777114888986, 0.417546132604
0.520981208284, 0.033759032992, 0.90195616016, 0.529406670719, 0.170177869486, 0.476482276956, 0.509366231753, 0.214382061878, 0.857484507494, 0.921687175676, 0.675349914733, 0.658914029829, 0.0260931349878, 0.0678271457474, 0.138517578117, 0.151944102949, 1.32447714805, 0.0711430548284, 1.4337492733
0.505844358778, 0.00958095927189, 0.0120082005547, 0.966330292328, 0.328068318912, 0.179813460691, 0.249607430123, 0.667601129691, 0.0351845923409, 0.377768205347, 0.425324914111, 0.304498002124, 0.508153312706, 0.563645502538, 0.0556027679819, 1.05034505024, 0.0198421621229, 0.015833560967, 1.07161917225
0.262358941674, 0.760603592927, 0.0309674359714, 0.314569995678, 0.804580186805, 0.407371917315, 0.288579809242, 0.820973797825, 0.488246996925, 0.31796045509, 0.614402644358, 0.355157953319, 0.149465562052, 0.317189901921, 0.435767760726, 0.234747632143, 0.0240963293958, 1.25511947248, 0.589887579923
0.0774799851732, 0.00965597590929, 0.180084881542, 0.8602149374, 0.0404619554386, 0.638504081841, 0.720999110852, 0.636281623251, 0.313619511649, 0.377804638277, 0.731230994474, 0.314048638694, 0.467542821077, 0.286985960653, 0.307624962177, 1.37842084907, 0.410524121866, 0.0223099407598, 0.179912007029
0.0148097289416, 0.113712740736, 0.376218838077, 0.989729212726, 0.538176106333, 0.476334330578, 0.682353667345, 0.513412926665, 0.207876187605, 0.416074730146, 0.423878492583, 0.90552914917, 0.46809797316, 0.45482042641, 0.0171488424212, 1.06285376698, 0.713216155505, 0.231112160659, 0.030265715875
0.00534939712412, 0.361740232508, 0.813500557714, 0.309546840322, 0.194928586692, 0.0597945390477, 0.657867889223, 0.634396356484, 0.725512595321, 0.374078944833, 0.476463037937, 0.448966639697, 0.324050529729, 0.515978026476, 0.307909537038, 0.162749192588, 1.15463900785, 0.769996738371, 0.0120235955086
0.726122636629, 0.502008198375, 0.176156885484, 0.804095169061, 0.4787845447, 0.778121998706, 0.683775401723, 0.451025739017, 0.353095794178, 0.332452401057, 0.682643228608, 0.598225590577, 0.677991947114, 0.258561369949, 0.111060960334, 0.349443200294, 0.104130631033, 0.383579369506, 1.17846060628
0.989768159918, 0.0178867365848, 0.356796265975, 0.578061531028, 0.348323017138, 0.296046896136, 0.327062992789, 0.640250457554, 0.543789312179, 0.312940434054, 0.0143448552614, 0.285554841844, 0.325695179177, 0.63477782313, 0.0124040912031, 0.0158911072523, 0.0126514906051, 0.000668876116006, 1.48129249814
0.697714349165, 0.989019739198, 0.654743243743, 0.851127593938, 0.324450416402, 0.330892472248, 0.497373477271, 0.670463216446, 0.332166225667, 0.23343863725, 0.671887589615, 0.671036669321, 0.505125988019, 0.559416726615, 0.00117886362814, 0.00494891993534, 0.00844241775561, 0.571424807237, 1.11176535144
0.0240980842359, 0.500981384009, 0.654906550067, 0.634434223349, 0.537759717268, 0.330996480939, 0.181520507454, 0.215153316314, 0.335614368816, 0.510192985365, 0.316975226773, 0.669369347571, 0.796673582237, 0.319745500104, 0.281217272141, 0.434680416008, 0.859638395166, 1.00659674903, 0.053828460171
0.508016471267, 0.0150103246631, 0.00243194606243, 0.800769616862, 0.4787845447, 0.778121998706, 0.689893875733, 0.451025739017, 0.353095794178, 0.332452401057, 0.679555346973, 0.598225590577, 0.677991947114, 0.560816401302, 0.267128705192, 0.825532067875, 0.00331461667666, 0.0204621377563, 0.890061307169
0.0102711148451, 0.508529149602, 0.74397774157, 0.00339225614526, 0.1902696254, 0.0620982585385, 0.666500697489, 0.319139816778, 0.804520786123, 0.111802898756, 0.37656036207, 0.641837159579, 0.59752193861, 0.589055322564, 0.448897064976, 0.00239199017333, 1.05539839634, 1.1780507273, 0.0265285136536
0.362057441503, 0.359630979278, 0.29611036531, 0.958189865779, 0.566103658204, 0.44856180263, 0.515070620732, 0.634923037906, 0.723698640703, 0.503753437331, 0.473982006249, 0.443749383668, 0.254840769153, 0.555523409093, 0.0476943793836, 0.725171503529, 0.364715913209, 0.515361521479, 0.615312124294
0.70761037991, 0.289952641439, 0.916247785896, 0.0699503077483, 0.180885225407, 0.621524753053, 0.42078343068, 0.524878037954, 0.389382362403, 0.613114617763, 0.473523800472, 0.277975708641, 0.643551430873, 0.722366387038, 0.0658510569209, 0.00726482166529, 0.500677224706, 0.247370646822, 1.13711464748
0.0175952722438, 0.261598031045, 0.0255900950644, 0.971319609665, 0.692767101222, 0.322852262037, 0.432896578829, 0.829082573977, 0.720450754482, 0.502873579081, 0.792328043525, 0.336233929632, 0.788539890204, 0.449353273926, 0.0588891106054, 1.30627948702, 0.0525899491586, 0.570213581725, 0.0394640092832
0.0262373505029, 0.297488390023, 0.822723988412, 0.960782362982, 0.193899107172, 0.483825772628, 0.632035439673, 0.635651417818, 0.725120448993, 0.341578185826, 0.809892567585, 0.454381935981, 0.502692371259, 0.552549984038, 0.0197216808431, 0.319736906548, 1.12050663538, 0.588020819605, 0.0538283395207
0.0933704022183, 0.0311077110576, 0.0277327025364, 0.0233664508763, 0.619439408892, 0.176824076135, 0.483797690175, 0.231281036987, 0.509480672745, 0.561745452073, 0.529415286719, 0.28164350552, 0.476922416927, 0.583531178356, 1.23422368823, 0.0453212200412, 0.0538360750096, 0.0604550333156, 0.182842108968
0.0808985241755, 0.360015827196, 0.528774776283, 0.135455119514, 0.578737337294, 0.100548915359, 0.374794010961, 0.634923037906, 0.286772647698, 0.50709919883, 0.488014391259, 0.447732406316, 0.327277047155, 0.536538043262, 0.706254858299, 0.152581078776, 0.791007220897, 0.679930382462, 0.162117540305
0.297973165063, 0.299104872063, 0.0355883951871, 0.00189328175429, 0.623564363948, 0.298963861502, 0.567379068192, 0.629015618352, 0.508575173618, 0.566799129785, 0.577988145692, 0.35490337679, 0.251719686902, 0.317153237552, 0.956271090408, 0.00284392038044, 0.0535135738305, 0.486313842488, 0.543012915759
0.0150844880591, 0.144358339004, 0.0740898746245, 0.968290967243, 0.107580065983, 0.889740064939, 0.0846239554673, 0.312930951556, 0.506318332697, 0.774559592278, 0.455876190315, 0.414149666828, 0.493024025833, 0.683295191602, 0.078606835226, 1.5768779768, 0.184579186002, 0.366759048161, 0.0386615314672
0.178552915705, 0.505743645362, 0.0446865726362, 0.115397318774, 0.868232217762, 0.329642833775, 0.181628583624, 0.639895968925, 0.489082925129, 0.508808774295, 0.792405116644, 0.669369347571, 0.236260207888, 0.319174805087, 0.992430225953, 0.181890057213, 0.0709390357594, 1.02986896925, 0.41581692524
0.0983818615372, 0.0118294787886, 0.0396078485274, 0.957628348093, 0.332474569888, 0.257988633695, 0.189039624155, 0.63152040669, 0.471430405333, 0.566844045654, 0.487516644269, 0.444112386549, 0.3252277602, 0.387639565794, 0.0821262035843, 1.23209592755, 0.076925293165, 0.0229923690034, 0.192767937951
0.319612694127, 0.219803020667, 0.88962899448, 0.610191583549, 0.326126317329, 0.491719005362, 0.430554663718, 0.333301721953, 0.0370264997345, 0.897694651593, 0.675182154477, 0.216133363639, 0.634888496182, 0.564257837234, 0.128319550658, 0.182697098362, 1.2748237587, 0.465497559447, 0.755039775165
0.0521729308678, 0.0202944497684, 0.196190831943, 0.533388328462, 0.177734432905, 0.621524753053, 0.420859536308, 0.524026299891, 0.0200839858258, 0.527737391834, 0.376651263133, 0.278450515853, 0.661133005575, 0.634235397321, 0.930291656925, 1.03337306433, 0.442598764155, 0.0465320452193, 0.119913330608
0.123970736351, 0.932015215474, 0.363655045818, 0.967149513632, 0.341802487083, 0.349782894289, 0.428758924688, 0.897110078428, 0.556163472137, 0.229020734242, 0.0177874639127, 0.446155883013, 0.360910167892, 0.324284894145, 0.00713549358367, 0.138158189401, 0.0889129543042, 1.53408508847, 0.304304456099
0.0102711148451, 0.809815722982, 0.74397774157, 0.00339225614526, 0.1902696254, 0.0654812641192, 0.733975278821, 0.319139816778, 0.804520786123, 0.111802898756, 0.37656036207, 0.647102537921, 0.598295790276, 0.589303768889, 0.192367746822, 0.00102504960706, 0.452274312631, 1.59595618279, 0.026944551069
0.565552321858, 0.062020158612, 0.712151414928, 0.179802848415, 0.601485685667, 0.820284490769, 0.521013258313, 0.70414165465, 0.677492533515, 0.565902789207, 0.786105968445, 0.959189889203, 0.10622352217, 0.365285747856, 0.436347218384, 0.126624063018, 0.935428979687, 0.10163304981, 1.28572003268
0.0801559796042, 0.0612727006561, 0.0196029408513, 0.295861393185, 0.356495778516, 0.0976545438644, 0.454400771471, 0.640427479862, 0.313619511649, 0.52543466834, 0.48927638467, 0.285377549399, 0.473462285283, 0.274044953383, 1.18021460203, 0.59171678309, 0.0406660025343, 0.127523387318, 0.167970474023
0.190577318628, 0.0276320418172, 0.0132249108479, 0.697584541878, 0.614380732523, 0.0606643860453, 0.561452261815, 0.637627158607, 0.139752479113, 0.416316530855, 0.423460365261, 0.790081868314, 0.789625965602, 0.437103643534, 0.673745183522, 1.30998814083, 0.0306058979578, 0.0639925526421, 0.455171945185
0.486965194381, 0.0052423376336, 0.717275600773, 0.985115978551, 0.444078770018, 0.583664584335, 0.479486876281, 0.632098920907, 0.390757115555, 0.632584284925, 0.559143294361, 0.573715010437, 0.564533172339, 0.666541488562, 0.0079585460433, 0.340341123717, 0.715495525674, 0.00652492403908, 0.760582186952
0.183586464928, 0.301563750302, 0.187666690641, 0.975221643011, 0.590363829486, 0.44856180263, 0.421921026562, 0.634923037906, 0.386410065232, 0.617318704854, 0.487998360663, 0.278818189145, 0.328780724415, 0.555523409093, 0.0363155800909, 0.932569528598, 0.283373159838, 0.499986539721, 0.325134308668
0.0190437708767, 0.218488460361, 0.88962899448, 0.610191583549, 0.327331045275, 0.491719005362, 0.430554663718, 0.333301721953, 0.0370264997345, 0.900649639823, 0.492567872529, 0.216133363639, 0.637743526109, 0.564257837234, 0.143821171646, 0.204767789539, 1.42882862104, 0.518351631349, 0.0460933107674
0.216723156964, 0.990299870493, 0.719076668843, 0.44711890082, 0.343881429347, 0.571801219306, 0.688981280194, 0.139587208046, 0.390733513005, 0.506900076667, 0.142240676276, 0.347535214497, 0.507398690122, 0.664654221414, 0.00648733580618, 0.00549012796244, 0.0179927647766, 1.30586494883, 0.462615142339
0.0273299659433, 0.231993435528, 0.184708464595, 0.980725227236, 0.19522774066, 0.447945362497, 0.37603091864, 0.634925728715, 0.725120448993, 0.227782088102, 0.488832429778, 0.449993761328, 0.327294263802, 0.552549984038, 0.0349068354768, 1.15257343021, 0.344275387975, 0.459037985015, 0.0553266116396
0.256496775463, 0.760603592927, 0.0389299410703, 0.940285663065, 0.804580186805, 0.407371917315, 0.288579809242, 0.835589151784, 0.538361209602, 0.50829767204, 0.79260498726, 0.35410411515, 0.315807969793, 0.317353665668, 0.0453027802351, 0.481559620797, 0.0296148015704, 1.22733727648, 0.562415353769
0.177581628344, 0.360015827196, 0.528774776283, 0.133981321451, 0.567195638073, 0.44856180263, 0.374794010961, 0.634923037906, 0.841816997293, 0.50709919883, 0.488014391259, 0.447732406316, 0.327277047155, 0.536538043262, 0.638118820868, 0.136315348804, 0.714339327622, 0.614028544122, 0.328199779804
0.0583099057729, 0.497236443942, 0.314940680173, 0.341583859423, 0.595621099577, 0.315850521429, 0.62865986373, 0.775379319243, 0.497330791977, 0.733034130285, 0.116419767152, 0.599351151792, 0.708645442516, 0.884803019248, 0.822933948511, 0.489449332776, 0.516516646748, 1.07851568618, 0.140706450746
0.211243887996, 0.164882084247, 0.0165052502916, 0.190029399494, 0.580340895929, 0.2860085552, 0.682353667345, 0.513412926665, 0.207876187605, 0.416074730146, 0.423878492583, 0.90552914917, 0.46809797316, 0.292400369187, 1.21587798716, 0.3741143753, 0.032989188206, 0.337160924881, 0.453603249829
0.235106685682, 0.062020158612, 0.712151414928, 0.30087181487, 0.861542833533, 0.364167984316, 0.49486906793, 0.70414165465, 0.677492533515, 0.746309284417, 0.831089621736, 0.922075494251, 0.0971598560824, 0.365285747856, 0.632304194114, 0.323266548859, 1.46207772667, 0.158852699293, 0.632137065525
0.270868137706, 0.0300761902862, 0.00887897469537, 0.459725423012, 0.0227286987789, 0.856306193316, 0.682353667345, 0.513412926665, 0.635688805683, 0.416074730146, 0.367100306924, 0.946380882265, 0.468896332555, 0.666735038563, 1.13275327808, 0.997788383718, 0.021055014383, 0.0713761148813, 0.684893965097
0.495257076258, 0.812232313266, 0.977258504827, 0.93791236491, 0.326205638438, 0.847098134313, 0.489008542574, 0.224101715232, 0.032574581679, 0.555026729401, 0.532199813047, 0.305490708829, 0.747919777437, 0.584704608895, 0.0011204686959, 0.0114523532307, 0.321988039472, 1.06052441076, 1.09199304678
0.297973165063, 0.299104872063, 0.374829879115, 0.00189328175429, 0.623564363948, 0.301205320768, 0.567379068192, 0.658335278353, 0.508575173618, 0.566799129785, 0.422917977977, 0.35490337679, 0.249891770642, 0.318625788458, 0.801633700465, 0.00238403360853, 0.535327080154, 0.489450434129, 0.546515200958
0.0418811955011, 0.0186119543714, 0.356615079209, 0.989729212726, 0.538176106333, 0.476334330578, 0.682353667345, 0.514801978626, 0.207876187605, 0.313599591406, 0.00733155741511, 0.894461357866, 0.326963435933, 0.456620759278, 0.0216158412164, 1.33971015063, 0.840356683648, 0.0462524763806, 0.104244010572
0.0582904524644, 0.164882084247, 0.0195573604826, 0.190029399494, 0.580363791578, 0.2860085552, 0.678643182157, 0.513412926665, 0.207195357394, 0.416074730146, 0.422235913682, 0.601633593356, 0.46809797316, 0.292400369187, 1.13810683648, 0.350184913824, 0.0365925033387, 0.315637984395, 0.113160668583
0.47808634432, 0.513107276402, 0.363162008881, 0.00436576465458, 0.238454045509, 0.176824076135, 0.603472512155, 0.31513676761, 0.509480672745, 0.382398828505, 0.746020779813, 0.180263300201, 0.934150831113, 0.583808836298, 0.677309420257, 0.00464487596887, 0.43457778389, 0.838592447503, 1.08488528553
0.69052840995, 0.295497702914, 0.176556230143, 0.0719835561907, 0.343444326779, 0.110568840171, 0.508696613587, 0.152558382699, 0.366378388542, 0.799907209782, 0.672000375938, 0.886148408639, 0.504016251899, 0.36533937978, 0.639415671217, 0.0726093978085, 0.183192253573, 0.334980201189, 1.41606149858
0.177742453356, 0.505743645362, 0.0446865726362, 0.455073375741, 0.868232217762, 0.320476068986, 0.181628583624, 0.639895968925, 0.725835846817, 0.508808774295, 0.79058678413, 0.669369347571, 0.234919919758, 0.319174805087, 0.789520768979, 0.685270761027, 0.0735036648454, 1.0671013884, 0.428788428313
0.342837063452, 0.278394819207, 0.681523500962, 0.897505596454, 0.31819016413, 0.690480812021, 0.748828296298, 0.589970836482, 0.467482905534, 0.718114714424, 0.462629542844, 0.500008280248, 0.935823697652, 0.711157370855, 0.0851440630998, 0.52427497988, 0.971647764099, 0.517670755437, 0.730281650814
0.520841665933, 0.317269940501, 0.0420491508552, 0.981775751179, 0.591591488338, 0.316514393773, 0.730488432112, 0.718709532688, 0.447160913377, 0.595567344056, 0.147702826164, 0.903034959726, 0.923931246062, 0.172068485362, 0.0296455503671, 1.03531224189, 0.0685107365076, 0.564862281789, 1.26176585869
0.0357984883226, 0.0682976352298, 0.362674654007, 0.00464514278914, 0.346475138094, 0.320013898031, 0.73188234927, 0.731158231256, 0.803455166469, 0.295262617347, 0.68638552304, 0.187261480894, 0.325556549052, 0.517561738419, 1.22076858554, 0.00890758546248, 0.781957859252, 0.156132480313, 0.0820812132441
0.0424078093287, 0.500626124932, 0.928421138532, 0.697696463557, 0.175831298436, 0.323092537319, 0.631890972315, 0.403766442069, 0.795478530092, 0.377131913071, 0.867731758843, 0.957962686536, 0.779662796419, 0.689672735142, 0.062356862146, 0.121295220749, 1.20788868092, 1.21795746109, 0.114796637684
0.00534939712412, 0.11625909323, 0.736206608794, 0.309816968088, 0.1902696254, 0.0620982585385, 0.666500697489, 0.864741544164, 0.817215714071, 0.109879621109, 0.37656036207, 0.635627808339, 0.59752193861, 0.113164021156, 0.662798839192, 0.350689978024, 1.70487373879, 0.343959467402, 0.0159151973509
0.0962951689946, 0.505743645362, 0.0446865726362, 0.632042561371, 0.336035129272, 0.292337909963, 0.185121220558, 0.216646762378, 0.489082925129, 0.729777941252, 0.489755354656, 0.669369347571, 0.235591740168, 0.319362880278, 0.541242163172, 0.829751849459, 0.0696531805144, 1.01120135696, 0.216034878016
0.00185526757467, 0.297012907692, 0.219802292476, 0.000386286943514, 0.444078770018, 0.320017381787, 0.501626730535, 0.633163362531, 0.39325046119, 0.208208615095, 0.178009323207, 0.267439170995, 0.56453196431, 0.00169588709571, 1.31107233539, 0.000795530093947, 0.471555283939, 0.701704957334, 0.0045463001694
0.0216302027191, 0.888136355984, 0.0446865726362, 0.636407669423, 0.868232217762, 0.329642833775, 0.183498279847, 0.209894708036, 0.489082925129, 0.729304998012, 0.148965234408, 0.34917836473, 0.236045329611, 0.319174805087, 0.15545132336, 0.241923770028, 0.0202182404354, 1.62364874722, 0.0560504477908
0.0493416826337, 0.361054734406, 0.29611036531, 0.966491996236, 0.571256842908, 0.314992658961, 0.515154967984, 0.634923037906, 0.723698640703, 0.596311936547, 0.465932046389, 0.443749383668, 0.254840769153, 0.556515680146, 0.0468423723004, 0.889137931729, 0.446835526886, 0.63452793936, 0.0917274407992
0.062652166392, 0.87154576788, 0.0387342733826, 0.568093143671, 0.341866393578, 0.405224017679, 0.259956899984, 0.909177677154, 0.107168657821, 0.322818058763, 0.672217792238, 0.35448150052, 0.153082937442, 0.411607883374, 0.202857745212, 0.251659350498, 0.0196913696216, 1.5831054045, 0.159541070277
0.123565437525, 0.356595895641, 0.00529733921044, 0.935029059356, 0.982739254686, 0.133585521839, 0.369289442518, 0.634923037906, 0.487034672424, 0.50709919883, 0.472891345876, 0.390526910356, 0.362790424076, 0.559923801009, 0.121774023358, 1.18906106217, 0.00994620635101, 0.749638754509, 0.277349717373
0.690267352305, 0.0258301494009, 0.176945530892, 0.447675926421, 0.343444326779, 0.109520856682, 0.508696613587, 0.152033701297, 0.722667321027, 0.798134710557, 0.672957453031, 0.883539370835, 0.504016251899, 0.36533937978, 0.55916042871, 0.474048751067, 0.209165939806, 0.0309473146994, 1.44242383504
0.0237901241197, 0.033759032992, 0.00594460560037, 0.528275621356, 0.173364212081, 0.476482276956, 0.516105623135, 0.213245418838, 0.857582049538, 0.728537529122, 0.675349914733, 0.659004591919, 0.0260931349878, 0.31930838198, 1.13367199792, 1.23912992516, 0.0156830506219, 0.0891479082624, 0.0628816102187
0.25624308555, 0.247753883218, 0.0294584124443, 0.922476620153, 0.190547184004, 0.355852808931, 0.593244989689, 0.404819017483, 0.80481000613, 0.799128479588, 0.377896113084, 0.437492186728, 0.777046061563, 0.589286224893, 0.146704649743, 1.19877357179, 0.0559248100951, 0.495798591013, 0.556337126104
0.00529161261798, 0.141497873056, 0.19444352075, 0.201161835471, 0.194284153828, 0.062628406977, 0.507939602312, 0.158479347018, 0.465018364899, 0.466599238239, 0.375842685096, 0.191120342324, 0.588925273013, 0.64386698607, 1.36447059867, 0.446098071279, 0.452622657263, 0.340174270983, 0.0128271832279
0.177581628344, 0.360015827196, 0.530813273288, 0.53291066472, 0.171713900727, 0.403430207867, 0.504571613182, 0.649800560803, 0.841816997293, 0.50709919883, 0.488014391259, 0.447732406316, 0.0305685461095, 0.649700662378, 0.5486893877, 0.608568274433, 0.90282247204, 0.773784724483, 0.413589854449
0.0067415588564, 0.00554905851308, 0.193073518912, 0.203976082657, 0.196616415784, 0.586382563004, 0.507939602312, 0.629487138954, 0.465018364899, 0.466599238239, 0.375842685096, 0.569156807976, 0.588640349541, 0.000546148130432, 1.26453256017, 0.419620980709, 0.416932326966, 0.0121688994042, 0.0147847525692
0.182593900723, 0.0172518863448, 0.0231393129394, 0.447675926421, 0.343806775296, 0.109520856682, 0.508696613587, 0.189120117428, 0.722667321027, 0.798134710557, 0.792145234631, 0.444550777621, 0.634176422053, 0.36533937978, 1.12305246469, 0.95210889565, 0.0535386066241, 0.0399351344926, 0.434711376655
0.00984838983613, 0.98947653385, 0.433846892054, 0.568106465622, 0.476652249488, 0.741508570148, 0.683683609125, 0.0986551719003, 0.483532127978, 0.337846218237, 0.859258663742, 0.0353266108037, 0.142807767933, 0.224761430645, 0.014729795356, 0.0182741333964, 0.0190382085593, 1.82811599995, 0.0282867363207
0.726068774317, 0.136910795728, 0.177929808799, 0.824120624542, 0.0974090879505, 0.71513243294, 0.767401722858, 0.451025739017, 0.506108139847, 0.18341177889, 0.688152130433, 0.598225590577, 0.673166801035, 0.292717691735, 0.160327333654, 0.565486743669, 0.16869384854, 0.133575204315, 1.36374987198
0.185280578134, 0.0432331883721, 0.527270958931, 0.186702806881, 0.454643162864, 0.42406296677, 0.501142481158, 0.634861330188, 0.836900875726, 0.0891931338204, 0.345015907354, 0.445402148585, 0.57009997463, 0.00635927628455, 0.979871845781, 0.2959014502, 1.1152526733, 0.102959151179, 0.454487312176
0.0175952722438, 0.27303115385, 0.917361809729, 0.971560626996, 0.118808805897, 0.322852262037, 0.432896578829, 0.234440785616, 0.715758761207, 0.762807050797, 0.576790172171, 0.279283089201, 0.788539890204, 0.455162528967, 0.0079205391327, 0.177184537023, 1.35865659476, 0.626532789806, 0.0416518641423
0.219030844972, 0.246675401915, 0.430631157661, 0.993649271175, 0.150648029788, 0.848790276554, 0.60308920175, 0.790814607811, 0.0183124343833, 0.230236450426, 0.576135009389, 0.685744530807, 0.488119045008, 0.422046388308, 0.0114600471301, 1.14875800641, 0.922245979782, 0.601224768607, 0.570117521733
0.0971199368597, 0.0172518863448, 0.430612318435, 0.957628348093, 0.332474569888, 0.293832673047, 0.185072157012, 0.63152040669, 0.471430405333, 0.800125816697, 0.487528057681, 0.444112386549, 0.3252277602, 0.36533937978, 0.068148871694, 1.02240142143, 0.822534971629, 0.0356162084612, 0.20209715729
0.0800985157138, 0.883602005625, 0.0194829640676, 0.450503030556, 0.345335641178, 0.406987903145, 0.689335932577, 0.151230260277, 0.316904379297, 0.474855567882, 0.14942283564, 0.354094994835, 0.891311872865, 0.422472071254, 0.209285525898, 0.179032916227, 0.00843135784669, 1.49021010363, 0.191686694039
0.784467001757, 0.359627016492, 0.574910594874, 0.130398305874, 0.566103658204, 0.44856180263, 0.515070620732, 0.634923037906, 0.56174003629, 0.533597233377, 0.473982006249, 0.446435118931, 0.262667077437, 0.554574350307, 0.185931001631, 0.0386257931561, 0.240818364906, 0.194376354704, 1.03118061063
0.401032396914, 0.0052423376336, 0.313875718074, 0.965669867873, 0.444078770018, 0.585866031925, 0.479487948815, 0.667249624775, 0.0403277675542, 0.782942137592, 0.55614309926, 0.573175393923, 0.56453196431, 0.00135482584241, 0.0610614034192, 1.13122806579, 0.608685411806, 0.0105903361895, 0.937586012805
0.182419853083, 0.299104872063, 0.0386594706168, 0.00189328175429, 0.623564363948, 0.298963861502, 0.566929317676, 0.629015618352, 0.508575173618, 0.566799129785, 0.575002279786, 0.35490337679, 0.248169143509, 0.317145077178, 1.02861316247, 0.00305906344516, 0.062540893538, 0.523250910113, 0.340545525773
0.122825910859, 0.633792290393, 0.978512772691, 0.957345355635, 0.344934746228, 0.350528505265, 0.594968226206, 0.725348757123, 0.558661227344, 0.319093571434, 0.616603159672, 0.188137546663, 0.1598191215, 0.324284894145, 0.00168865351615, 0.02516539672, 0.74698885332, 1.15273598613, 0.268399150947
0.0394802763435, 0.0450638092339, 0.527270958931, 0.186702806881, 0.454643162864, 0.42406296677, 0.501142481158, 0.630889815953, 0.836900875726, 0.0891931338204, 0.345187259964, 0.445402148585, 0.569475714304, 0.00200236308504, 1.02273137802, 0.308844160821, 1.16403375433, 0.112027786521, 0.0983553612772
0.0394802763435, 0.0450638092339, 0.527320065615, 0.00138377965806, 0.443981295746, 0.42406296677, 0.501142481158, 0.630889815953, 0.834239592632, 0.0891931338204, 0.345187259964, 0.445402148585, 0.569475714304, 0.00200236308504, 1.06777943816, 0.00232096748637, 1.16359884071, 0.111978002763, 0.0983116533754
0.027709513813, 0.173461936241, 0.193534307821, 0.527219056636, 0.348323017138, 0.295818047908, 0.426720725996, 0.845196547057, 0.803576311719, 0.527839870782, 0.0151488119525, 0.622778329243, 0.325493096112, 0.63477782313, 0.98150115499, 1.06923506761, 0.455349421294, 0.425048922816, 0.0687899785346
0.486965194381, 0.0052423376336, 0.313875718074, 0.985115978551, 0.444078770018, 0.583664584335, 0.479487948815, 0.630889815953, 0.390757115555, 0.782942137592, 0.559332583237, 0.573175393923, 0.56453196431, 0.002134656865, 0.0205102844029, 0.877106597543, 0.471391818827, 0.00820160585667, 0.956025737868
0.0217979303925, 0.110175290935, 0.970143942317, 0.291531295573, 0.063213742565, 0.176862684288, 0.420460894999, 0.911794173883, 0.674089909257, 0.340150436441, 0.602839448215, 0.594893520731, 0.541386619798, 0.588630248064, 0.0644196554712, 0.0317512307013, 1.5302808594, 0.267805428966, 0.0532709298055
0.484198036596, 0.910852198224, 0.053552535547, 0.964024073382, 0.341802487083, 0.349269359756, 0.596136539919, 0.897110078428, 0.556163472137, 0.230630608635, 0.0144781178627, 0.443729321876, 0.50362388672, 0.324284894145, 0.00887872314927, 0.15694807765, 0.0132548805672, 1.119195384, 1.0754972608
0.00928450680805, 0.0700788143417, 0.808735775706, 0.24521081137, 0.588598974708, 0.317104124644, 0.0960766331861, 0.864602352699, 0.725120448993, 0.12421779888, 0.460599927411, 0.610737305874, 0.0913484604754, 0.446084888852, 0.466905562294, 0.189296224232, 1.62619245155, 0.188165559036, 0.024981612632
0.486965194381, 0.0052423376336, 0.717275600773, 0.531427292317, 0.507578745534, 0.183210037412, 0.479486876281, 0.632098920907, 0.390757115555, 0.565736892388, 0.559003653149, 0.571932717748, 0.150362448763, 0.663608459422, 0.268892552865, 0.296843307755, 0.841786387861, 0.0076766269541, 0.894831216762
0.211243887996, 0.754162235722, 0.0165052502916, 0.310672100709, 0.805889962259, 0.2860085552, 0.675286674934, 0.504316838108, 0.207876187605, 0.416074730146, 0.423878492583, 0.90552914917, 0.46809797316, 0.300706093136, 0.4632853277, 0.245923527082, 0.0136017198574, 1.29050737939, 0.480005147245
0.554807883266, 0.33763238878, 0.92169831616, 0.00336121594837, 0.590214151823, 0.339773431547, 0.680329673186, 0.766524819749, 0.509947569428, 0.583445703422, 0.535192741759, 0.185030673163, 0.468166242356, 0.855998018029, 0.0935057681016, 0.000493695001488, 0.756407295343, 0.446925637867, 1.05045078632
0.0890230783632, 0.818351769026, 0.980165074845, 0.160582044905, 0.1472600881, 0.842684485053, 0.735548336272, 0.319518960797, 0.509686871846, 0.850930640997, 0.595344862238, 0.184815727239, 0.710737840404, 0.619799760975, 0.0136240734996, 0.00351134793869, 0.451420421931, 1.53966366923, 0.225848027717
0.0204309237345, 0.143351645643, 0.45422661806, 0.00123615002525, 0.524572624407, 0.330892386967, 0.52513628104, 0.310009055597, 0.155364664606, 0.469162344492, 0.317104502343, 0.646083745802, 0.796673582237, 0.347936516368, 0.99558908942, 0.00193317750747, 0.861811864167, 0.301623743281, 0.0433686902852
0.123607645223, 0.0158793735273, 0.994240003268, 0.00594685468695, 0.977254758383, 0.584401361558, 0.427470418459, 0.18505953716, 0.0514754877424, 0.315923294006, 0.578468109503, 0.189072601848, 0.904252780677, 0.835290129175, 0.0173325658215, 0.000161913363285, 1.91570151016, 0.0477957125526, 0.376835632606
