0.919854567796, 0.387537868358, 0.0209531433431, 0.00382829087986, 0.026745391819, 0.092235015285, 0.0219062078645, 0.0797891170863, 0.0351418803473, 0.200552516473, 0.97503442514, 5.85845265827
0.919854567796, 0.387537868358, 0.0209531433431, 0.00382829087986, 0.026745391819, 0.092235015285, 0.0219062078645, 0.0797891170863, 0.0351418803473, 0.200552516473, 0.97503442514, 5.85845265827
0.0555544642501, 0.122473795064, 0.308196326178, 0.145663027236, 0.130256916191, 0.287728313772, 0.0106539277721, 0.100427859406, 0.043643670389, 0.0925508515826, 0.662211505329, 6.41738140837
0.0555544642501, 0.122473795064, 0.308196326178, 0.145663027236, 0.130256916191, 0.287728313772, 0.0106539277721, 0.100427859406, 0.043643670389, 0.0925508515826, 0.662211505329, 6.41738140837
0.0555544642501, 0.122473795064, 0.308196326178, 0.145663027236, 0.130256916191, 0.287728313772, 0.0106539277721, 0.100427859406, 0.043643670389, 0.0925508515826, 0.662211505329, 6.41738140837
0.0555544642501, 0.122473795064, 0.308196326178, 0.145663027236, 0.130256916191, 0.287728313772, 0.0106539277721, 0.100427859406, 0.043643670389, 0.0925508515826, 0.662211505329, 6.41738140837
0.0799747631483, 0.555563689474, 0.409641725924, 0.0175869312804, 0.0276446461803, 0.092235015285, 0.270636508773, 0.0989075896234, 0.0434867029455, 0.191654955801, 0.282462905291, 6.92818258607
0.0799747631483, 0.555563689474, 0.409641725924, 0.0175869312804, 0.0276446461803, 0.092235015285, 0.270636508773, 0.0989075896234, 0.0434867029455, 0.191654955801, 0.282462905291, 6.92818258607
0.0805486026869, 0.358457921782, 0.191485913481, 0.207097030948, 0.0276446461803, 0.0608091313168, 0.239401031915, 0.766149871971, 0.00729428824664, 0.200552516473, 0.281409844876, 7.21333495412
0.0805486026869, 0.358457921782, 0.191485913481, 0.207097030948, 0.0276446461803, 0.0608091313168, 0.239401031915, 0.766149871971, 0.00729428824664, 0.200552516473, 0.281409844876, 7.21333495412
0.250000386814, 0.494462366502, 0.0450115283427, 0.267945909375, 0.179332040431, 0.112360321994, 0.183254345704, 0.0844410520832, 0.269578928967, 0.0677952871539, 0.63212112809, 6.87931386079
0.250000386814, 0.494462366502, 0.0450115283427, 0.267945909375, 0.179332040431, 0.112360321994, 0.183254345704, 0.0844410520832, 0.269578928967, 0.0677952871539, 0.63212112809, 6.87931386079
0.216663249082, 0.0090889378914, 0.140006698731, 0.00293626600683, 0.0259137460201, 0.34947639528, 0.133658943344, 0.0126941250782, 0.014822725181, 0.196578780634, 0.88217395903, 5.91125847335
0.216663249082, 0.0090889378914, 0.140006698731, 0.00293626600683, 0.0259137460201, 0.34947639528, 0.133658943344, 0.0126941250782, 0.014822725181, 0.196578780634, 0.88217395903, 5.91125847335
0.216663249082, 0.0090889378914, 0.140006698731, 0.00293626600683, 0.0259137460201, 0.34947639528, 0.133658943344, 0.0126941250782, 0.014822725181, 0.196578780634, 0.88217395903, 5.91125847335
0.216663249082, 0.0090889378914, 0.140006698731, 0.00293626600683, 0.0259137460201, 0.34947639528, 0.133658943344, 0.0126941250782, 0.014822725181, 0.196578780634, 0.88217395903, 5.91125847335
0.23096724679, 0.122473795064, 0.211059447177, 0.0784657033479, 0.130256916191, 0.287728313772, 0.151920630484, 0.0513475402759, 0.021816649127, 0.18829606154, 0.732482871074, 6.40424764941
0.23096724679, 0.122473795064, 0.211059447177, 0.0784657033479, 0.130256916191, 0.287728313772, 0.151920630484, 0.0513475402759, 0.021816649127, 0.18829606154, 0.732482871074, 6.40424764941
0.244369181128, 0.122473795064, 0.314496886536, 0.168564688756, 0.122441131656, 0.287728313772, 0.0689194293206, 0.100427859406, 0.00580693172598, 0.18829606154, 0.636267463884, 6.56994311322
0.244369181128, 0.122473795064, 0.314496886536, 0.168564688756, 0.122441131656, 0.287728313772, 0.0689194293206, 0.100427859406, 0.00580693172598, 0.18829606154, 0.636267463884, 6.56994311322
0.244369181128, 0.122473795064, 0.314496886536, 0.168564688756, 0.122441131656, 0.287728313772, 0.0689194293206, 0.100427859406, 0.00580693172598, 0.18829606154, 0.636267463884, 6.56994311322
0.244369181128, 0.122473795064, 0.314496886536, 0.168564688756, 0.122441131656, 0.287728313772, 0.0689194293206, 0.100427859406, 0.00580693172598, 0.18829606154, 0.636267463884, 6.56994311322
0.0572442698795, 0.25437977201, 0.409641725924, 0.0175869312804, 0.0276446461803, 0.092235015285, 0.0293823615453, 0.941119780128, 0.0434867029455, 0.200552516473, 0.626844612642, 7.13700815733
0.0572442698795, 0.25437977201, 0.409641725924, 0.0175869312804, 0.0276446461803, 0.092235015285, 0.0293823615453, 0.941119780128, 0.0434867029455, 0.200552516473, 0.626844612642, 7.13700815733
0.0805486026869, 0.130456067256, 0.490515477398, 0.000437774644454, 0.0276446461803, 0.0364181958605, 0.565748057627, 0.766149871971, 0.0402521282253, 0.00608896911882, 0.281409844876, 7.21697927098
0.0805486026869, 0.130456067256, 0.490515477398, 0.000437774644454, 0.0276446461803, 0.0364181958605, 0.565748057627, 0.766149871971, 0.0402521282253, 0.00608896911882, 0.281409844876, 7.21697927098
0.250000386814, 0.27481305645, 0.0450115283427, 0.267945909375, 0.490184111948, 0.0212845053323, 0.183254345704, 0.0844410520832, 0.269578928967, 0.0677952871539, 0.63212112809, 6.87942533619
0.250000386814, 0.27481305645, 0.0450115283427, 0.267945909375, 0.490184111948, 0.0212845053323, 0.183254345704, 0.0844410520832, 0.269578928967, 0.0677952871539, 0.63212112809, 6.87942533619
0.216663249082, 0.0090889378914, 0.140006698731, 0.348716346611, 0.0259137460201, 0.34947639528, 0.0820545252497, 0.0126941250782, 0.014822725181, 0.196578780634, 0.88217395903, 6.2936134525
0.216663249082, 0.0090889378914, 0.140006698731, 0.348716346611, 0.0259137460201, 0.34947639528, 0.0820545252497, 0.0126941250782, 0.014822725181, 0.196578780634, 0.88217395903, 6.2936134525
0.0555544642501, 0.122473795064, 0.496269643602, 0.145663027236, 0.130256916191, 0.257182062076, 0.0106539277721, 0.100427859406, 0.0399422587304, 0.0925508515826, 0.662211505329, 6.58155674627
0.0555544642501, 0.122473795064, 0.496269643602, 0.145663027236, 0.130256916191, 0.257182062076, 0.0106539277721, 0.100427859406, 0.0399422587304, 0.0925508515826, 0.662211505329, 6.58155674627
0.0799747631483, 0.555563689474, 0.409641725924, 0.0175869312804, 0.0276446461803, 0.1859110183, 0.04181194754, 0.766149871971, 0.0434867029455, 0.0197070230509, 0.282462905291, 7.21976069742
0.0799747631483, 0.555563689474, 0.409641725924, 0.0175869312804, 0.0276446461803, 0.1859110183, 0.04181194754, 0.766149871971, 0.0434867029455, 0.0197070230509, 0.282462905291, 7.21976069742
0.0805486026869, 0.858385102872, 0.409641725924, 0.0167676820378, 0.0276446461803, 0.092235015285, 0.565748057627, 0.0395034054218, 0.0434867029455, 0.200552516473, 0.281409844876, 7.35601291838
0.0805486026869, 0.858385102872, 0.409641725924, 0.0167676820378, 0.0276446461803, 0.092235015285, 0.565748057627, 0.0395034054218, 0.0434867029455, 0.200552516473, 0.281409844876, 7.35601291838
0.250000386814, 0.27481305645, 0.0450115283427, 0.267945909375, 0.200924882078, 0.102756144847, 0.183254345704, 0.299509041478, 0.269578928967, 0.0677952871539, 0.63212112809, 6.88580810775
0.250000386814, 0.27481305645, 0.0450115283427, 0.267945909375, 0.200924882078, 0.102756144847, 0.183254345704, 0.299509041478, 0.269578928967, 0.0677952871539, 0.63212112809, 6.88580810775
0.216663249082, 0.0090889378914, 0.332065187469, 0.217185281797, 0.0259137460201, 0.34947639528, 0.133658943344, 0.0126941250782, 0.013803597378, 0.137507149549, 0.88217395903, 6.35348696078
0.216663249082, 0.0090889378914, 0.332065187469, 0.217185281797, 0.0259137460201, 0.34947639528, 0.133658943344, 0.0126941250782, 0.013803597378, 0.137507149549, 0.88217395903, 6.35348696078
0.580521714319, 0.387537868358, 0.0209531433431, 0.0175869312804, 0.0276446461803, 0.092235015285, 0.335709937072, 0.0797891170863, 0.0351418803473, 0.200552516473, 0.902754551111, 6.30860394994
0.580521714319, 0.387537868358, 0.0209531433431, 0.0175869312804, 0.0276446461803, 0.092235015285, 0.335709937072, 0.0797891170863, 0.0351418803473, 0.200552516473, 0.902754551111, 6.30860394994
0.0555544642501, 0.122473795064, 0.496269643602, 0.145663027236, 0.130256916191, 0.257182062076, 0.0106539277721, 0.100427859406, 0.043643670389, 0.0925508515826, 0.662211505329, 6.58533520874
0.0555544642501, 0.122473795064, 0.496269643602, 0.145663027236, 0.130256916191, 0.257182062076, 0.0106539277721, 0.100427859406, 0.043643670389, 0.0925508515826, 0.662211505329, 6.58533520874
0.0780187346153, 0.112797329481, 0.661762375757, 0.0175869312804, 0.0276446461803, 0.092235015285, 0.0777606985668, 0.854971765381, 0.0434867029455, 0.191654955801, 0.289816733586, 7.22851275018
0.0780187346153, 0.112797329481, 0.661762375757, 0.0175869312804, 0.0276446461803, 0.092235015285, 0.0777606985668, 0.854971765381, 0.0434867029455, 0.191654955801, 0.289816733586, 7.22851275018
0.0799747631483, 0.555563689474, 0.409641725924, 0.170936633984, 0.0156419779647, 0.1859110183, 0.04181194754, 0.766149871971, 0.0434867029455, 0.0197070230509, 0.282462905291, 7.32378445299
0.0799747631483, 0.555563689474, 0.409641725924, 0.170936633984, 0.0156419779647, 0.1859110183, 0.04181194754, 0.766149871971, 0.0434867029455, 0.0197070230509, 0.282462905291, 7.32378445299
0.0805486026869, 0.130456067256, 0.490515477398, 0.000437774644454, 0.0276446461803, 0.0364181958605, 0.565748057627, 0.766149871971, 0.0434867029455, 0.200552516473, 0.281409844876, 7.36127115477
0.0805486026869, 0.130456067256, 0.490515477398, 0.000437774644454, 0.0276446461803, 0.0364181958605, 0.565748057627, 0.766149871971, 0.0434867029455, 0.200552516473, 0.281409844876, 7.36127115477
0.250000386814, 0.27481305645, 0.0450115283427, 0.267945909375, 0.490184111948, 0.112360321994, 0.183254345704, 0.0844410520832, 0.269578928967, 0.0334938393963, 0.63212112809, 6.92866602933
0.250000386814, 0.27481305645, 0.0450115283427, 0.267945909375, 0.490184111948, 0.112360321994, 0.183254345704, 0.0844410520832, 0.269578928967, 0.0334938393963, 0.63212112809, 6.92866602933
0.216663249082, 0.00581885713802, 0.332065187469, 0.217185281797, 0.0259137460201, 0.34947639528, 0.133658943344, 0.0126941250782, 0.013803597378, 0.196578780634, 0.88217395903, 6.41559334384
0.216663249082, 0.00581885713802, 0.332065187469, 0.217185281797, 0.0259137460201, 0.34947639528, 0.133658943344, 0.0126941250782, 0.013803597378, 0.196578780634, 0.88217395903, 6.41559334384
0.485912098174, 0.387537868358, 0.0151578130574, 0.0175869312804, 0.0276446461803, 0.092235015285, 0.458328027001, 0.0797891170863, 0.0351418803473, 0.200552516473, 0.999953218802, 6.41090049485
0.485912098174, 0.387537868358, 0.0151578130574, 0.0175869312804, 0.0276446461803, 0.092235015285, 0.458328027001, 0.0797891170863, 0.0351418803473, 0.200552516473, 0.999953218802, 6.41090049485
0.68066454914, 0.122473795064, 0.271492737117, 0.294763117386, 0.130256916191, 0.0575410023375, 0.0122247088349, 0.100427859406, 0.135570143817, 0.18829606154, 0.999979325272, 6.40988777103
0.68066454914, 0.122473795064, 0.271492737117, 0.294763117386, 0.130256916191, 0.0575410023375, 0.0122247088349, 0.100427859406, 0.135570143817, 0.18829606154, 0.999979325272, 6.40988777103
0.0555544642501, 0.0728638898572, 0.496269643602, 0.145663027236, 0.0571208549712, 0.287728313772, 0.00987558997963, 0.100427859406, 0.103984259492, 0.153710682289, 0.662211505329, 6.61420128606
0.0555544642501, 0.0728638898572, 0.496269643602, 0.145663027236, 0.0571208549712, 0.287728313772, 0.00987558997963, 0.100427859406, 0.103984259492, 0.153710682289, 0.662211505329, 6.61420128606
0.119992878842, 0.0090889378914, 0.332065187469, 0.217185281797, 0.0259137460201, 0.181491322665, 0.270636508773, 0.288726698928, 0.0943636722937, 0.0375476847225, 0.870425070309, 6.59591267921
0.119992878842, 0.0090889378914, 0.332065187469, 0.217185281797, 0.0259137460201, 0.181491322665, 0.270636508773, 0.288726698928, 0.0943636722937, 0.0375476847225, 0.870425070309, 6.59591267921
0.0799747631483, 0.555563689474, 0.409641725924, 0.0127533130526, 0.0276446461803, 0.0399715945342, 0.270636508773, 0.766149871971, 0.0434867029455, 0.122071579606, 0.282462905291, 7.35165275077
0.0799747631483, 0.555563689474, 0.409641725924, 0.0127533130526, 0.0276446461803, 0.0399715945342, 0.270636508773, 0.766149871971, 0.0434867029455, 0.122071579606, 0.282462905291, 7.35165275077
0.0805486026869, 0.858385102872, 0.409641725924, 0.0167676820378, 0.0238700075656, 0.0179235146115, 0.565748057627, 0.196305526738, 0.0434867029455, 0.200552516473, 0.281409844876, 7.41096605574
0.0805486026869, 0.858385102872, 0.409641725924, 0.0167676820378, 0.0238700075656, 0.0179235146115, 0.565748057627, 0.196305526738, 0.0434867029455, 0.200552516473, 0.281409844876, 7.41096605574
0.250000386814, 0.27481305645, 0.0450115283427, 0.267945909375, 0.200924882078, 0.102756144847, 0.183254345704, 0.568214824754, 0.129923403721, 0.0677952871539, 0.63212112809, 6.99569162857
0.250000386814, 0.27481305645, 0.0450115283427, 0.267945909375, 0.200924882078, 0.102756144847, 0.183254345704, 0.568214824754, 0.129923403721, 0.0677952871539, 0.63212112809, 6.99569162857
0.216663249082, 0.0090889378914, 0.332065187469, 0.217185281797, 0.0259137460201, 0.34947639528, 0.133658943344, 0.0126941250782, 0.013803597378, 0.196578780634, 0.88217395903, 6.41916914396
0.216663249082, 0.0090889378914, 0.332065187469, 0.217185281797, 0.0259137460201, 0.34947639528, 0.133658943344, 0.0126941250782, 0.013803597378, 0.196578780634, 0.88217395903, 6.41916914396
0.0555544642501, 0.122473795064, 0.314496886536, 0.393374272914, 0.122441131656, 0.287728313772, 0.0689194293206, 0.0372551313851, 0.00580693172598, 0.18829606154, 0.662211505329, 6.72459955059
0.0555544642501, 0.122473795064, 0.314496886536, 0.393374272914, 0.122441131656, 0.287728313772, 0.0689194293206, 0.0372551313851, 0.00580693172598, 0.18829606154, 0.662211505329, 6.72459955059
0.0799747631483, 0.555563689474, 0.409641725924, 0.0175869312804, 0.0276446461803, 0.0399715945342, 0.270636508773, 0.766149871971, 0.0434867029455, 0.122071579606, 0.282462905291, 7.35507528043
0.0799747631483, 0.555563689474, 0.409641725924, 0.0175869312804, 0.0276446461803, 0.0399715945342, 0.270636508773, 0.766149871971, 0.0434867029455, 0.122071579606, 0.282462905291, 7.35507528043
0.0805486026869, 0.863422753017, 0.191485913481, 0.207097030948, 0.0276446461803, 0.0608091313168, 0.239401031915, 0.766149871971, 0.00729428824664, 0.200552516473, 0.281409844876, 7.56469095009
0.0805486026869, 0.863422753017, 0.191485913481, 0.207097030948, 0.0276446461803, 0.0608091313168, 0.239401031915, 0.766149871971, 0.00729428824664, 0.200552516473, 0.281409844876, 7.56469095009
0.250000386814, 0.27481305645, 0.0128527399437, 0.267945909375, 0.490184111948, 0.00466862785144, 0.183254345704, 0.372117171339, 0.269578928967, 0.0334938393963, 0.63212112809, 7.05148924881
0.250000386814, 0.27481305645, 0.0128527399437, 0.267945909375, 0.490184111948, 0.00466862785144, 0.183254345704, 0.372117171339, 0.269578928967, 0.0334938393963, 0.63212112809, 7.05148924881
0.216663249082, 0.0090889378914, 0.0801010834419, 0.349655051886, 0.0259137460201, 0.161121022137, 0.385292948118, 0.146000380499, 0.0835057075281, 0.106386228398, 0.88217395903, 6.4799997703
0.216663249082, 0.0090889378914, 0.0801010834419, 0.349655051886, 0.0259137460201, 0.161121022137, 0.385292948118, 0.146000380499, 0.0835057075281, 0.106386228398, 0.88217395903, 6.4799997703
0.580521714319, 0.387537868358, 0.0209531433431, 0.0175869312804, 0.00864209450894, 0.092235015285, 0.458328027001, 0.0797891170863, 0.0351418803473, 0.200552516473, 0.902754551111, 6.42478009887
0.580521714319, 0.387537868358, 0.0209531433431, 0.0175869312804, 0.00864209450894, 0.092235015285, 0.458328027001, 0.0797891170863, 0.0351418803473, 0.200552516473, 0.902754551111, 6.42478009887
0.0555544642501, 0.073585263007, 0.314496886536, 0.0388341034907, 0.122441131656, 0.732490879107, 0.0689194293206, 0.0372551313851, 0.00580693172598, 0.18829606154, 0.662211505329, 6.7634043883
0.0555544642501, 0.073585263007, 0.314496886536, 0.0388341034907, 0.122441131656, 0.732490879107, 0.0689194293206, 0.0372551313851, 0.00580693172598, 0.18829606154, 0.662211505329, 6.7634043883
0.0805486026869, 0.863422753017, 0.109636519145, 0.207097030948, 0.0276446461803, 0.0608091313168, 0.230889291585, 0.766149871971, 0.216117219451, 0.200552516473, 0.281409844876, 7.63946176174
0.0805486026869, 0.863422753017, 0.109636519145, 0.207097030948, 0.0276446461803, 0.0608091313168, 0.230889291585, 0.766149871971, 0.216117219451, 0.200552516473, 0.281409844876, 7.63946176174
0.580521714319, 0.387537868358, 0.0209531433431, 0.0175869312804, 0.0276446461803, 0.092235015285, 0.458328027001, 0.0797891170863, 0.0351418803473, 0.200552516473, 0.902754551111, 6.44531857449
0.580521714319, 0.387537868358, 0.0209531433431, 0.0175869312804, 0.0276446461803, 0.092235015285, 0.458328027001, 0.0797891170863, 0.0351418803473, 0.200552516473, 0.902754551111, 6.44531857449
0.0799747631483, 0.555563689474, 0.409641725924, 0.0175869312804, 0.0420582772531, 0.092235015285, 0.270636508773, 0.766149871971, 0.0434867029455, 0.122071579606, 0.282462905291, 7.40173395525
0.250000386814, 0.27481305645, 0.0450115283427, 0.267945909375, 0.200924882078, 0.102756144847, 0.183254345704, 0.568214824754, 0.269578928967, 0.0677952871539, 0.63212112809, 7.10824889726
0.41991825531, 0.112797329481, 0.324865614172, 0.0175869312804, 0.0276446461803, 0.092235015285, 0.0777606985668, 0.854971765381, 0.0434867029455, 0.143978219984, 0.815655657753, 6.83317506585
0.0555544642501, 0.259147071828, 0.319613178973, 0.444697071582, 0.130256916191, 0.287728313772, 0.0689194293206, 0.0301982592171, 0.00580693172598, 0.18829606154, 0.662211505329, 6.90030991063
