0.0739388480815, 0.792642781687, 0.256341507049, 0.0916949851966, 0.103097018292, 0.352124972157, 0.761044319875, 0.521751933314, 0.576696974185, 0.294372135891, 0.323163252671, 8.2180549268
0.0739388480815, 0.792642781687, 0.256341507049, 0.0916949851966, 0.103097018292, 0.352124972157, 0.761044319875, 0.521751933314, 0.576696974185, 0.294372135891, 0.323163252671, 8.2180549268
0.0590166710569, 0.391872036961, 0.186042544806, 0.0916949851966, 0.103097018292, 0.0045871875309, 0.761044319875, 0.521751933314, 0.576696974185, 0.294372135891, 0.58923503805, 7.75442962698
0.0590166710569, 0.391872036961, 0.186042544806, 0.0916949851966, 0.103097018292, 0.0045871875309, 0.761044319875, 0.521751933314, 0.576696974185, 0.294372135891, 0.58923503805, 7.75442962698
0.216663249082, 0.0090889378914, 0.332065187469, 0.944162409565, 0.0259137460201, 0.135272526758, 0.243323262022, 0.625812235268, 0.0835057075281, 0.261663121276, 0.88217395903, 7.53453074184
0.216663249082, 0.0090889378914, 0.332065187469, 0.944162409565, 0.0259137460201, 0.135272526758, 0.243323262022, 0.625812235268, 0.0835057075281, 0.261663121276, 0.88217395903, 7.53453074184
0.944319565247, 0.175629739724, 0.463637470961, 0.51416579804, 0.0417016859396, 0.0321897975612, 0.0453159270368, 0.623556629411, 0.0509902105739, 0.290485984239, 0.99026660393, 7.22190277383
0.944319565247, 0.175629739724, 0.463637470961, 0.51416579804, 0.0417016859396, 0.0321897975612, 0.0453159270368, 0.623556629411, 0.0509902105739, 0.290485984239, 0.99026660393, 7.22190277383
0.944319565247, 0.175629739724, 0.463637470961, 0.51416579804, 0.0417016859396, 0.0321897975612, 0.0453159270368, 0.623556629411, 0.0509902105739, 0.290485984239, 0.99026660393, 7.22190277383
0.944319565247, 0.175629739724, 0.463637470961, 0.51416579804, 0.0417016859396, 0.0321897975612, 0.0453159270368, 0.623556629411, 0.0509902105739, 0.290485984239, 0.99026660393, 7.22190277383
0.0555544642501, 0.122473795064, 0.496269643602, 0.62658187592, 0.130256916191, 0.287728313772, 0.646651102003, 0.100427859406, 0.0717720693563, 0.18829606154, 0.662211505329, 7.58507013509
0.0555544642501, 0.122473795064, 0.496269643602, 0.62658187592, 0.130256916191, 0.287728313772, 0.646651102003, 0.100427859406, 0.0717720693563, 0.18829606154, 0.662211505329, 7.58507013509
0.0555544642501, 0.122473795064, 0.496269643602, 0.62658187592, 0.130256916191, 0.287728313772, 0.646651102003, 0.100427859406, 0.0717720693563, 0.18829606154, 0.662211505329, 7.58507013509
0.0555544642501, 0.122473795064, 0.496269643602, 0.62658187592, 0.130256916191, 0.287728313772, 0.646651102003, 0.100427859406, 0.0717720693563, 0.18829606154, 0.662211505329, 7.58507013509
0.0959593134699, 0.90081218801, 0.105840177684, 0.48655799411, 0.232429615386, 0.202969682918, 0.728824556393, 0.211129567041, 0.867171988665, 0.0937569127221, 0.426151366219, 8.24691239698
0.0959593134699, 0.90081218801, 0.105840177684, 0.48655799411, 0.232429615386, 0.202969682918, 0.728824556393, 0.211129567041, 0.867171988665, 0.0937569127221, 0.426151366219, 8.24691239698
0.0893147037638, 0.476760715712, 0.844349095169, 0.208955605799, 0.0973214181409, 0.650589054013, 0.593266262781, 0.49432651624, 0.310965346123, 0.33485167312, 0.326639872373, 8.34092083776
0.0893147037638, 0.476760715712, 0.844349095169, 0.208955605799, 0.0973214181409, 0.650589054013, 0.593266262781, 0.49432651624, 0.310965346123, 0.33485167312, 0.326639872373, 8.34092083776
0.250000386814, 0.27481305645, 0.0450115283427, 0.267945909375, 0.590223501245, 0.112360321994, 0.183254345704, 0.351929416021, 0.84380562799, 0.756758431714, 0.63212112809, 8.01987264768
0.250000386814, 0.27481305645, 0.0450115283427, 0.267945909375, 0.590223501245, 0.112360321994, 0.183254345704, 0.351929416021, 0.84380562799, 0.756758431714, 0.63212112809, 8.01987264768
0.36684424829, 0.863422753017, 0.0283128983123, 0.0175869312804, 0.0276446461803, 0.0805529584847, 0.715880052561, 0.766149871971, 0.0351418803473, 0.200552516473, 0.990227592371, 7.55473980738
0.36684424829, 0.863422753017, 0.0283128983123, 0.0175869312804, 0.0276446461803, 0.0805529584847, 0.715880052561, 0.766149871971, 0.0351418803473, 0.200552516473, 0.990227592371, 7.55473980738
0.54024195171, 0.863422753017, 0.0283128983123, 0.0175869312804, 0.0276446461803, 0.092235015285, 0.715880052561, 0.766149871971, 0.0351418803473, 0.200552516473, 0.987795464687, 7.5626072863
0.54024195171, 0.863422753017, 0.0283128983123, 0.0175869312804, 0.0276446461803, 0.092235015285, 0.715880052561, 0.766149871971, 0.0351418803473, 0.200552516473, 0.987795464687, 7.5626072863
0.68066454914, 0.122473795064, 0.271492737117, 0.62658187592, 0.130256916191, 0.287728313772, 0.646651102003, 0.100427859406, 0.0717720693563, 0.18829606154, 0.999979325272, 7.36466883198
0.68066454914, 0.122473795064, 0.271492737117, 0.62658187592, 0.130256916191, 0.287728313772, 0.646651102003, 0.100427859406, 0.0717720693563, 0.18829606154, 0.999979325272, 7.36466883198
0.68066454914, 0.122473795064, 0.271492737117, 0.62658187592, 0.130256916191, 0.287728313772, 0.646651102003, 0.100427859406, 0.0717720693563, 0.18829606154, 0.999979325272, 7.36466883198
0.68066454914, 0.122473795064, 0.271492737117, 0.62658187592, 0.130256916191, 0.287728313772, 0.646651102003, 0.100427859406, 0.0717720693563, 0.18829606154, 0.999979325272, 7.36466883198
0.939891568605, 0.785789898701, 0.181506005738, 0.126308016285, 0.210853066859, 0.0420805892897, 0.385377071132, 0.781016058366, 0.0485609312075, 0.372398964398, 0.987143164133, 7.67561038765
0.939891568605, 0.785789898701, 0.181506005738, 0.126308016285, 0.210853066859, 0.0420805892897, 0.385377071132, 0.781016058366, 0.0485609312075, 0.372398964398, 0.987143164133, 7.67561038765
0.10810557698, 0.230763436621, 0.831636274615, 0.427036615469, 0.0498989443767, 0.216996539414, 0.0262018384777, 0.289396852887, 0.567517883713, 0.209376275072, 0.671029878394, 7.6925966877
0.10810557698, 0.230763436621, 0.831636274615, 0.427036615469, 0.0498989443767, 0.216996539414, 0.0262018384777, 0.289396852887, 0.567517883713, 0.209376275072, 0.671029878394, 7.6925966877
0.248564271348, 0.613449440654, 0.028151409216, 0.143974842606, 0.315435503574, 0.46141938161, 0.921144374972, 0.719097387193, 0.127179749643, 0.583818759786, 0.630813944584, 8.26060113784
0.248564271348, 0.613449440654, 0.028151409216, 0.143974842606, 0.315435503574, 0.46141938161, 0.921144374972, 0.719097387193, 0.127179749643, 0.583818759786, 0.630813944584, 8.26060113784
0.0893147037638, 0.476760715712, 0.844349095169, 0.208955605799, 0.0928576393181, 0.803568545632, 0.593266262781, 0.798262695175, 0.210066848513, 0.12296942109, 0.326639872373, 8.40420897332
0.0893147037638, 0.476760715712, 0.844349095169, 0.208955605799, 0.0928576393181, 0.803568545632, 0.593266262781, 0.798262695175, 0.210066848513, 0.12296942109, 0.326639872373, 8.40420897332
0.0959593134699, 0.90081218801, 0.558686041465, 0.137032484408, 0.215801607349, 0.342156781438, 0.728824556393, 0.211129567041, 0.867171988665, 0.0937569127221, 0.426151366219, 8.35208217671
0.0959593134699, 0.90081218801, 0.558686041465, 0.137032484408, 0.215801607349, 0.342156781438, 0.728824556393, 0.211129567041, 0.867171988665, 0.0937569127221, 0.426151366219, 8.35208217671
0.23998655716, 0.473465162419, 0.00791914955764, 0.0587668310172, 0.529775893008, 0.481873959163, 0.957657868859, 0.0220527951584, 0.395631659966, 0.673331170535, 0.656121002434, 8.10490062465
0.23998655716, 0.473465162419, 0.00791914955764, 0.0587668310172, 0.529775893008, 0.481873959163, 0.957657868859, 0.0220527951584, 0.395631659966, 0.673331170535, 0.656121002434, 8.10490062465
0.944319565247, 0.175629739724, 0.463637470961, 0.51416579804, 0.0417016859396, 0.0284314196556, 0.607611899098, 0.623556629411, 0.0298734346888, 0.290485984239, 0.99026660393, 7.57933759204
0.944319565247, 0.175629739724, 0.463637470961, 0.51416579804, 0.0417016859396, 0.0284314196556, 0.607611899098, 0.623556629411, 0.0298734346888, 0.290485984239, 0.99026660393, 7.57933759204
0.36684424829, 0.863422753017, 0.0788897345787, 0.0175869312804, 0.0276446461803, 0.092235015285, 0.761407037175, 0.766149871971, 0.0351418803473, 0.200552516473, 0.990227592371, 7.62068961151
0.36684424829, 0.863422753017, 0.0788897345787, 0.0175869312804, 0.0276446461803, 0.092235015285, 0.761407037175, 0.766149871971, 0.0351418803473, 0.200552516473, 0.990227592371, 7.62068961151
0.68066454914, 0.122473795064, 0.271492737117, 0.62658187592, 0.130256916191, 0.287728313772, 0.825888396763, 0.100427859406, 0.0717720693563, 0.18829606154, 0.999979325272, 7.48261617787
0.68066454914, 0.122473795064, 0.271492737117, 0.62658187592, 0.130256916191, 0.287728313772, 0.825888396763, 0.100427859406, 0.0717720693563, 0.18829606154, 0.999979325272, 7.48261617787
0.68066454914, 0.122473795064, 0.271492737117, 0.62658187592, 0.130256916191, 0.287728313772, 0.825888396763, 0.100427859406, 0.0717720693563, 0.18829606154, 0.999979325272, 7.48261617787
0.68066454914, 0.122473795064, 0.271492737117, 0.62658187592, 0.130256916191, 0.287728313772, 0.825888396763, 0.100427859406, 0.0717720693563, 0.18829606154, 0.999979325272, 7.48261617787
0.216663249082, 0.310871347079, 0.332065187469, 0.944162409565, 0.0259137460201, 0.135272526758, 0.243323262022, 0.625812235268, 0.0835057075281, 0.261663121276, 0.88217395903, 7.71754647461
0.216663249082, 0.310871347079, 0.332065187469, 0.944162409565, 0.0259137460201, 0.135272526758, 0.243323262022, 0.625812235268, 0.0835057075281, 0.261663121276, 0.88217395903, 7.71754647461
0.10810557698, 0.230763436621, 0.831636274615, 0.427036615469, 0.370795817075, 0.216996539414, 0.00942740601742, 0.289396852887, 0.567517883713, 0.0547109256947, 0.671029878394, 7.78008994311
0.10810557698, 0.230763436621, 0.831636274615, 0.427036615469, 0.370795817075, 0.216996539414, 0.00942740601742, 0.289396852887, 0.567517883713, 0.0547109256947, 0.671029878394, 7.78008994311
0.250000386814, 0.27481305645, 0.0450115283427, 0.267945909375, 0.590223501245, 0.112360321994, 0.183254345704, 0.907646761884, 0.84380562799, 0.756758431714, 0.63212112809, 8.29219470144
0.250000386814, 0.27481305645, 0.0450115283427, 0.267945909375, 0.590223501245, 0.112360321994, 0.183254345704, 0.907646761884, 0.84380562799, 0.756758431714, 0.63212112809, 8.29219470144
0.248564271348, 0.613449440654, 0.028151409216, 0.143974842606, 0.315435503574, 0.573823954756, 0.958175349096, 0.719097387193, 0.127179749643, 0.583818759786, 0.630813944584, 8.32978214739
0.248564271348, 0.613449440654, 0.028151409216, 0.143974842606, 0.315435503574, 0.573823954756, 0.958175349096, 0.719097387193, 0.127179749643, 0.583818759786, 0.630813944584, 8.32978214739
0.0893147037638, 0.476760715712, 0.844349095169, 0.463284589897, 0.0973214181409, 0.179453126029, 0.593266262781, 0.49432651624, 0.310965346123, 0.787926022631, 0.326639872373, 8.44704982693
0.0893147037638, 0.476760715712, 0.844349095169, 0.463284589897, 0.0973214181409, 0.179453126029, 0.593266262781, 0.49432651624, 0.310965346123, 0.787926022631, 0.326639872373, 8.44704982693
0.23998655716, 0.473465162419, 0.0036223246609, 0.0587668310172, 0.214604194326, 0.481873959163, 0.957657868859, 0.0945514498887, 0.395631659966, 0.95731402004, 0.656121002434, 8.12334367895
0.23998655716, 0.473465162419, 0.0036223246609, 0.0587668310172, 0.214604194326, 0.481873959163, 0.957657868859, 0.0945514498887, 0.395631659966, 0.95731402004, 0.656121002434, 8.12334367895
0.946855448747, 0.785789898701, 0.181506005738, 0.126308016285, 0.210853066859, 0.0420805892897, 0.410126163904, 0.781016058366, 0.0485609312075, 0.21963772673, 0.991903397064, 7.59774502896
0.946855448747, 0.785789898701, 0.181506005738, 0.126308016285, 0.210853066859, 0.0420805892897, 0.410126163904, 0.781016058366, 0.0485609312075, 0.21963772673, 0.991903397064, 7.59774502896
0.36684424829, 0.970262207145, 0.0788897345787, 0.0175869312804, 0.0276446461803, 0.092235015285, 0.715880052561, 0.766149871971, 0.0351418803473, 0.200552516473, 0.990227592371, 7.65736353326
0.36684424829, 0.970262207145, 0.0788897345787, 0.0175869312804, 0.0276446461803, 0.092235015285, 0.715880052561, 0.766149871971, 0.0351418803473, 0.200552516473, 0.990227592371, 7.65736353326
0.939891568605, 0.785789898701, 0.181506005738, 0.000895787295075, 0.210853066859, 0.0420805892897, 0.385377071132, 0.781016058366, 0.0485609312075, 0.705729025663, 0.987143164133, 7.79487143303
0.939891568605, 0.785789898701, 0.181506005738, 0.000895787295075, 0.210853066859, 0.0420805892897, 0.385377071132, 0.781016058366, 0.0485609312075, 0.705729025663, 0.987143164133, 7.79487143303
0.10810557698, 0.230763436621, 0.831636274615, 0.653021186053, 0.0498989443767, 0.216996539414, 0.0262018384777, 0.289396852887, 0.567517883713, 0.209376275072, 0.671029878394, 7.82362349732
0.10810557698, 0.230763436621, 0.831636274615, 0.653021186053, 0.0498989443767, 0.216996539414, 0.0262018384777, 0.289396852887, 0.567517883713, 0.209376275072, 0.671029878394, 7.82362349732
0.250000386814, 0.27481305645, 0.0450115283427, 0.267945909375, 0.590223501245, 0.112360321994, 0.183254345704, 0.907646761884, 0.897424822521, 0.756758431714, 0.63212112809, 8.31692218528
0.250000386814, 0.27481305645, 0.0450115283427, 0.267945909375, 0.590223501245, 0.112360321994, 0.183254345704, 0.907646761884, 0.897424822521, 0.756758431714, 0.63212112809, 8.31692218528
0.0893147037638, 0.280533847365, 0.844349095169, 0.463284589897, 0.0973214181409, 0.179453126029, 0.593266262781, 0.722752627592, 0.310965346123, 0.787926022631, 0.326639872373, 8.46116774991
0.0893147037638, 0.280533847365, 0.844349095169, 0.463284589897, 0.0973214181409, 0.179453126029, 0.593266262781, 0.722752627592, 0.310965346123, 0.787926022631, 0.326639872373, 8.46116774991
0.23998655716, 0.473465162419, 0.00791914955764, 0.0587668310172, 0.214604194326, 0.481873959163, 0.957657868859, 0.0945514498887, 0.395631659966, 0.95731402004, 0.656121002434, 8.12547556162
0.23998655716, 0.473465162419, 0.00791914955764, 0.0587668310172, 0.214604194326, 0.481873959163, 0.957657868859, 0.0945514498887, 0.395631659966, 0.95731402004, 0.656121002434, 8.12547556162
0.946855448747, 0.785789898701, 0.275964999229, 0.126308016285, 0.210853066859, 0.0420805892897, 0.385377071132, 0.781016058366, 0.0485609312075, 0.21963772673, 0.991903397064, 7.63981012651
0.946855448747, 0.785789898701, 0.275964999229, 0.126308016285, 0.210853066859, 0.0420805892897, 0.385377071132, 0.781016058366, 0.0485609312075, 0.21963772673, 0.991903397064, 7.63981012651
0.951872110007, 0.218610334498, 0.654548743342, 0.149924469524, 0.78603613165, 0.398914093292, 0.449809436951, 0.0224781132801, 0.131242497479, 0.0478519408907, 0.994693062951, 7.62940598776
0.951872110007, 0.218610334498, 0.654548743342, 0.149924469524, 0.78603613165, 0.398914093292, 0.449809436951, 0.0224781132801, 0.131242497479, 0.0478519408907, 0.994693062951, 7.62940598776
0.36684424829, 0.863422753017, 0.191485913481, 0.0175869312804, 0.0276446461803, 0.092235015285, 0.715880052561, 0.766149871971, 0.0434867029455, 0.200552516473, 0.990227592371, 7.66571532012
0.36684424829, 0.863422753017, 0.191485913481, 0.0175869312804, 0.0276446461803, 0.092235015285, 0.715880052561, 0.766149871971, 0.0434867029455, 0.200552516473, 0.990227592371, 7.66571532012
0.10810557698, 0.230763436621, 0.831636274615, 0.427036615469, 0.370795817075, 0.216996539414, 0.00942740601742, 0.289396852887, 0.567517883713, 0.209376275072, 0.671029878394, 7.86723915865
0.10810557698, 0.230763436621, 0.831636274615, 0.427036615469, 0.370795817075, 0.216996539414, 0.00942740601742, 0.289396852887, 0.567517883713, 0.209376275072, 0.671029878394, 7.86723915865
0.0893147037638, 0.476760715712, 0.844349095169, 0.208955605799, 0.0928576393181, 0.803568545632, 0.593266262781, 0.49432651624, 0.143460481646, 0.731552122411, 0.326639872373, 8.50848026797
0.0893147037638, 0.476760715712, 0.844349095169, 0.208955605799, 0.0928576393181, 0.803568545632, 0.593266262781, 0.49432651624, 0.143460481646, 0.731552122411, 0.326639872373, 8.50848026797
0.948922583522, 0.699407606318, 0.0877320726399, 0.364673094547, 0.216048858703, 0.0225643218475, 0.650964992084, 0.0400594250207, 0.654776332343, 0.156944318775, 0.993130358501, 7.6499847745
0.948922583522, 0.699407606318, 0.0877320726399, 0.364673094547, 0.216048858703, 0.0225643218475, 0.650964992084, 0.0400594250207, 0.654776332343, 0.156944318775, 0.993130358501, 7.6499847745
0.10810557698, 0.230763436621, 0.831636274615, 0.427036615469, 0.370795817075, 0.216996539414, 0.0262018384777, 0.27595826671, 0.567517883713, 0.209376275072, 0.671029878394, 7.86908298802
0.250000386814, 0.27481305645, 0.326386747726, 0.267945909375, 0.898072363346, 0.112360321994, 0.183254345704, 0.95339560284, 0.84380562799, 0.405360507362, 0.63212112809, 8.42024914219
0.36684424829, 0.881209667147, 0.191485913481, 0.0175869312804, 0.0276446461803, 0.092235015285, 0.715880052561, 0.766149871971, 0.123014294386, 0.200552516473, 0.990227592371, 7.72253320967
0.23998655716, 0.473465162419, 0.00791914955764, 0.0587668310172, 0.214604194326, 0.750706946731, 0.957657868859, 0.0945514498887, 0.395631659966, 0.95731402004, 0.656121002434, 8.25524633985
0.23998655716, 0.473465162419, 0.00791914955764, 0.0587668310172, 0.214604194326, 0.750706946731, 0.957657868859, 0.0945514498887, 0.395631659966, 0.95731402004, 0.656121002434, 8.25524633985
0.10810557698, 0.230763436621, 0.831636274615, 0.427036615469, 0.370795817075, 0.216996539414, 0.0262018384777, 0.27595826671, 0.567517883713, 0.209376275072, 0.671029878394, 7.86908298802
