0.449459856073, 0.131260315981, 0.0654887264823, 0.661135331778, 0.190577884858, 0.780905429928, 0.494885221935, 0.903627593196, 0.215851104156, 0.410159755462, 0.736808878556, 0.458007155639, 0.65327306983, 0.772418592463, 0.146279221184, 0.127237092352, 0.325106228217, 0.088988268721, 0.420376528192, 0.755829004175, 0.0240668735498, 0.796842218366, 0.267638421413, 0.825247195813, 0.117167808616, 0.0282967313845, 0.567739570452, 0.0441453528352, 0.541345269326, 0.839609732505, 0.449459856073, 2.92015324923
0.449459856073, 0.131260315981, 0.0654887264823, 0.661135331778, 0.190577884858, 0.780905429928, 0.494885221935, 0.903627593196, 0.215851104156, 0.410159755462, 0.736808878556, 0.458007155639, 0.65327306983, 0.772418592463, 0.146279221184, 0.127237092352, 0.325106228217, 0.088988268721, 0.420376528192, 0.755829004175, 0.0240668735498, 0.796842218366, 0.267638421413, 0.825247195813, 0.117167808616, 0.0282967313845, 0.567739570452, 0.0441453528352, 0.541345269326, 0.839609732505, 0.449459856073, 2.92015324923
0.196187645789, 0.0273258134156, 0.514682721236, 0.463343953575, 0.333859101099, 0.334505022037, 0.108212428245, 0.164090258627, 0.197352856767, 0.856244495594, 0.731802164723, 0.00382810387663, 0.211923168017, 0.068732922307, 0.652296842335, 0.435022650947, 0.669462828421, 0.477288587345, 0.00478708925715, 0.130429513958, 0.0785220751253, 0.55652629769, 0.0946894219964, 0.446798455046, 0.581912490181, 0.1233735594, 0.599601528659, 0.0347551693042, 0.0377088690869, 0.51502260169, 0.196187645789, 3.07894609759
0.196187645789, 0.0273258134156, 0.514682721236, 0.463343953575, 0.333859101099, 0.334505022037, 0.108212428245, 0.164090258627, 0.197352856767, 0.856244495594, 0.731802164723, 0.00382810387663, 0.211923168017, 0.068732922307, 0.652296842335, 0.435022650947, 0.669462828421, 0.477288587345, 0.00478708925715, 0.130429513958, 0.0785220751253, 0.55652629769, 0.0946894219964, 0.446798455046, 0.581912490181, 0.1233735594, 0.599601528659, 0.0347551693042, 0.0377088690869, 0.51502260169, 0.196187645789, 3.07894609759
0.00874130231058, 0.353017797985, 0.612960402415, 0.560346089646, 0.0774138570776, 0.784136139443, 0.346604780349, 0.45376493126, 0.442204416062, 0.094846651863, 0.824052791886, 0.182755230159, 0.193891253141, 0.113303805824, 0.325281889492, 0.419648838065, 0.294002940681, 0.187580243079, 0.203079581666, 0.403607517925, 0.20292882542, 0.58717934322, 0.206000579845, 0.644042042847, 0.362155767064, 0.566540100502, 0.218070743896, 0.815394563394, 0.491466421504, 0.6275830163, 0.00874130231058, 4.39524145709
0.00874130231058, 0.353017797985, 0.612960402415, 0.560346089646, 0.0774138570776, 0.784136139443, 0.346604780349, 0.45376493126, 0.442204416062, 0.094846651863, 0.824052791886, 0.182755230159, 0.193891253141, 0.113303805824, 0.325281889492, 0.419648838065, 0.294002940681, 0.187580243079, 0.203079581666, 0.403607517925, 0.20292882542, 0.58717934322, 0.206000579845, 0.644042042847, 0.362155767064, 0.566540100502, 0.218070743896, 0.815394563394, 0.491466421504, 0.6275830163, 0.00874130231058, 4.39524145709
0.266917384188, 0.0380958325042, 0.503411395818, 0.00353051311292, 0.109554712853, 0.271616537694, 0.00904881906753, 0.187858646297, 0.049627467834, 0.472957467851, 0.736252240404, 0.0860278140429, 0.505152342071, 0.849401479796, 0.0992521268848, 0.105537035317, 0.893138829568, 0.168585771824, 0.637516130115, 0.415821261885, 0.274056480135, 0.212189392017, 0.554990658133, 0.550475198121, 0.009620208605, 0.512865859945, 0.897370874748, 0.223494532165, 0.540711231206, 0.43031743016, 0.266917384188, 2.92123918838
0.266917384188, 0.0380958325042, 0.503411395818, 0.00353051311292, 0.109554712853, 0.271616537694, 0.00904881906753, 0.187858646297, 0.049627467834, 0.472957467851, 0.736252240404, 0.0860278140429, 0.505152342071, 0.849401479796, 0.0992521268848, 0.105537035317, 0.893138829568, 0.168585771824, 0.637516130115, 0.415821261885, 0.274056480135, 0.212189392017, 0.554990658133, 0.550475198121, 0.009620208605, 0.512865859945, 0.897370874748, 0.223494532165, 0.540711231206, 0.43031743016, 0.266917384188, 2.92123918838
0.129721556392, 0.353321311316, 0.0913982492344, 0.208042196705, 0.29038909384, 0.208212727597, 0.367217639411, 0.621139007655, 0.0545400295327, 0.309418186261, 0.874749210396, 0.533587603332, 0.417041650945, 0.462993433434, 0.073744182911, 0.383457639763, 0.214405709881, 0.613903527191, 0.761803856209, 0.280946933925, 0.769587191995, 0.108738137123, 0.0522911003344, 0.318507678437, 0.346939712081, 0.579729083755, 0.0185638717331, 0.176040703378, 0.291414704411, 0.321429936016, 0.129721556392, 3.50741748499
0.129721556392, 0.353321311316, 0.0913982492344, 0.208042196705, 0.29038909384, 0.208212727597, 0.367217639411, 0.621139007655, 0.0545400295327, 0.309418186261, 0.874749210396, 0.533587603332, 0.417041650945, 0.462993433434, 0.073744182911, 0.383457639763, 0.214405709881, 0.613903527191, 0.761803856209, 0.280946933925, 0.769587191995, 0.108738137123, 0.0522911003344, 0.318507678437, 0.346939712081, 0.579729083755, 0.0185638717331, 0.176040703378, 0.291414704411, 0.321429936016, 0.129721556392, 3.50741748499
0.114708184276, 0.795011197415, 0.52638246065, 0.478351730072, 0.381473960831, 0.325663539433, 0.0349569812352, 0.574533653995, 0.676417659199, 0.0175714893588, 0.919459206615, 0.69923415248, 0.318404432798, 0.264078201213, 0.584141458052, 0.118066130995, 0.811242124507, 0.861308710948, 0.353457680467, 0.528682528008, 0.00934492608289, 0.29734021217, 0.20758761758, 0.367583143964, 0.482649908974, 0.348028678666, 0.0564564327893, 0.196818057404, 0.186350868104, 0.0182445734207, 0.114708184276, 3.87868192763
0.114708184276, 0.795011197415, 0.52638246065, 0.478351730072, 0.381473960831, 0.325663539433, 0.0349569812352, 0.574533653995, 0.676417659199, 0.0175714893588, 0.919459206615, 0.69923415248, 0.318404432798, 0.264078201213, 0.584141458052, 0.118066130995, 0.811242124507, 0.861308710948, 0.353457680467, 0.528682528008, 0.00934492608289, 0.29734021217, 0.20758761758, 0.367583143964, 0.482649908974, 0.348028678666, 0.0564564327893, 0.196818057404, 0.186350868104, 0.0182445734207, 0.114708184276, 3.87868192763
0.646238568322, 0.640083064245, 0.0552759788315, 0.715846244157, 0.783382292233, 0.797665553495, 0.0929602114455, 0.564514662882, 0.353711348937, 0.216169124878, 0.463012369055, 0.0534066320604, 0.292945325097, 0.176121565354, 0.0345511557889, 0.370112004002, 0.816915851885, 0.151494411236, 0.123796935613, 0.977321250282, 0.570446902745, 0.693099091177, 0.833953165316, 0.0895623997644, 0.959639085377, 0.130176137634, 0.650387942697, 0.816342262404, 0.884386599377, 0.51612472161, 0.646238568322, 2.79934016162
0.646238568322, 0.640083064245, 0.0552759788315, 0.715846244157, 0.783382292233, 0.797665553495, 0.0929602114455, 0.564514662882, 0.353711348937, 0.216169124878, 0.463012369055, 0.0534066320604, 0.292945325097, 0.176121565354, 0.0345511557889, 0.370112004002, 0.816915851885, 0.151494411236, 0.123796935613, 0.977321250282, 0.570446902745, 0.693099091177, 0.833953165316, 0.0895623997644, 0.959639085377, 0.130176137634, 0.650387942697, 0.816342262404, 0.884386599377, 0.51612472161, 0.646238568322, 2.79934016162
0.0418611027915, 0.436915850325, 0.503411395818, 0.143517869156, 0.665228642507, 0.271616537694, 0.219262006738, 0.187858646297, 0.049627467834, 0.184523172342, 0.215622676747, 0.583142790126, 0.505152342071, 0.849401479796, 0.0692348286167, 0.172473443524, 0.893138829568, 0.281196940672, 0.89826710603, 0.63371490318, 0.274056480135, 0.0737337776289, 0.554990658133, 0.114717526495, 0.00437584186319, 0.333945103256, 0.777777163017, 0.223494532165, 0.540711231206, 0.43031743016, 0.0418611027915, 3.97044290619
0.0418611027915, 0.436915850325, 0.503411395818, 0.143517869156, 0.665228642507, 0.271616537694, 0.219262006738, 0.187858646297, 0.049627467834, 0.184523172342, 0.215622676747, 0.583142790126, 0.505152342071, 0.849401479796, 0.0692348286167, 0.172473443524, 0.893138829568, 0.281196940672, 0.89826710603, 0.63371490318, 0.274056480135, 0.0737337776289, 0.554990658133, 0.114717526495, 0.00437584186319, 0.333945103256, 0.777777163017, 0.223494532165, 0.540711231206, 0.43031743016, 0.0418611027915, 3.97044290619
0.810805168106, 0.00583092172741, 0.101439539816, 0.00361390254257, 0.578936431052, 0.17880245084, 0.470088092864, 0.559829295444, 0.24585375023, 0.190126148782, 0.215622676747, 0.738651373257, 0.720676604939, 0.588726992134, 0.117529225588, 0.470367526215, 0.428506264114, 0.408949140758, 0.0734791627308, 0.222650344404, 0.636424989432, 0.100466964411, 0.967406822229, 0.972565165479, 0.884220909721, 0.762646260028, 0.237441783801, 0.599141065286, 0.293162296652, 0.493289037981, 0.810805168106, 2.56266827637
0.810805168106, 0.00583092172741, 0.101439539816, 0.00361390254257, 0.578936431052, 0.17880245084, 0.470088092864, 0.559829295444, 0.24585375023, 0.190126148782, 0.215622676747, 0.738651373257, 0.720676604939, 0.588726992134, 0.117529225588, 0.470367526215, 0.428506264114, 0.408949140758, 0.0734791627308, 0.222650344404, 0.636424989432, 0.100466964411, 0.967406822229, 0.972565165479, 0.884220909721, 0.762646260028, 0.237441783801, 0.599141065286, 0.293162296652, 0.493289037981, 0.810805168106, 2.56266827637
0.834781681034, 0.0421274421276, 0.0337004927719, 0.734263230743, 0.655315342881, 0.0786194585874, 0.562068053437, 0.0483418665023, 0.027141383748, 0.542137389625, 0.394362545819, 0.101033263249, 0.437071387063, 0.489055276024, 0.95569994975, 0.262101289214, 0.362267857683, 0.906256456712, 0.776511139276, 0.219257654599, 0.235540787896, 0.66267986547, 0.326277991506, 0.114751037871, 0.00188409016566, 0.430977660344, 0.550707987676, 0.480796073144, 0.0351369895749, 0.488217152633, 0.834781681034, 1.74199883892
0.834781681034, 0.0421274421276, 0.0337004927719, 0.734263230743, 0.655315342881, 0.0786194585874, 0.562068053437, 0.0483418665023, 0.027141383748, 0.542137389625, 0.394362545819, 0.101033263249, 0.437071387063, 0.489055276024, 0.95569994975, 0.262101289214, 0.362267857683, 0.906256456712, 0.776511139276, 0.219257654599, 0.235540787896, 0.66267986547, 0.326277991506, 0.114751037871, 0.00188409016566, 0.430977660344, 0.550707987676, 0.480796073144, 0.0351369895749, 0.488217152633, 0.834781681034, 1.74199883892
0.00240014088486, 0.353017797985, 0.612960402415, 0.560346089646, 0.0774138570776, 0.879022365828, 0.346604780349, 0.45376493126, 0.311447786983, 0.094846651863, 0.824052791886, 0.629545550903, 0.193891253141, 0.113303805824, 0.325281889492, 0.502659051933, 0.294002940681, 0.11330565656, 0.430610746349, 0.091265060178, 0.20292882542, 0.58717934322, 0.862751993366, 0.206675052835, 0.104806301109, 0.577738999687, 0.105219391577, 0.999943202419, 0.491466421504, 0.6275830163, 0.00240014088486, 4.60938458603
0.00240014088486, 0.353017797985, 0.612960402415, 0.560346089646, 0.0774138570776, 0.879022365828, 0.346604780349, 0.45376493126, 0.311447786983, 0.094846651863, 0.824052791886, 0.629545550903, 0.193891253141, 0.113303805824, 0.325281889492, 0.502659051933, 0.294002940681, 0.11330565656, 0.430610746349, 0.091265060178, 0.20292882542, 0.58717934322, 0.862751993366, 0.206675052835, 0.104806301109, 0.577738999687, 0.105219391577, 0.999943202419, 0.491466421504, 0.6275830163, 0.00240014088486, 4.60938458603
0.0352159677994, 0.016795285574, 0.169012715554, 0.237399986107, 0.483404185684, 0.118832559316, 0.0915896853623, 0.495041223014, 0.847023376038, 0.944140680086, 0.633385577414, 0.0227809294912, 0.751904218612, 0.182549916726, 0.796258408311, 0.306109643966, 0.289156325624, 0.142730936277, 0.713583660788, 0.347718865323, 0.190804054661, 0.0298801048714, 0.554134787252, 0.336842917072, 0.872947352558, 0.121634545162, 0.215125173015, 0.511962500349, 0.568263273171, 0.971838010482, 0.0352159677994, 4.27374273187
0.0352159677994, 0.016795285574, 0.169012715554, 0.237399986107, 0.483404185684, 0.118832559316, 0.0915896853623, 0.495041223014, 0.847023376038, 0.944140680086, 0.633385577414, 0.0227809294912, 0.751904218612, 0.182549916726, 0.796258408311, 0.306109643966, 0.289156325624, 0.142730936277, 0.713583660788, 0.347718865323, 0.190804054661, 0.0298801048714, 0.554134787252, 0.336842917072, 0.872947352558, 0.121634545162, 0.215125173015, 0.511962500349, 0.568263273171, 0.971838010482, 0.0352159677994, 4.27374273187
0.829554355276, 0.631646818856, 0.563331284867, 0.381253626832, 0.712619757679, 0.0688979780013, 0.87430675021, 0.673395748677, 0.580651277573, 0.0837396665402, 0.914631707942, 0.483774210368, 0.726058758358, 0.180117204405, 0.258920703249, 0.986145938329, 0.339549729208, 0.628343253284, 0.229888112445, 0.16471973785, 0.0913687091951, 0.479946373781, 0.410351180272, 0.270576346732, 0.043013783864, 0.0214666895414, 0.977060141314, 0.310014864731, 0.853879709229, 0.66776735842, 0.829554355276, 2.47723793642
0.829554355276, 0.631646818856, 0.563331284867, 0.381253626832, 0.712619757679, 0.0688979780013, 0.87430675021, 0.673395748677, 0.580651277573, 0.0837396665402, 0.914631707942, 0.483774210368, 0.726058758358, 0.180117204405, 0.258920703249, 0.986145938329, 0.339549729208, 0.628343253284, 0.229888112445, 0.16471973785, 0.0913687091951, 0.479946373781, 0.410351180272, 0.270576346732, 0.043013783864, 0.0214666895414, 0.977060141314, 0.310014864731, 0.853879709229, 0.66776735842, 0.829554355276, 2.47723793642
0.196187645789, 0.0273258134156, 0.514682721236, 0.463343953575, 0.333859101099, 0.334505022037, 0.108212428245, 0.185708731613, 0.197352856767, 0.856244495594, 0.731802164723, 0.00382810387663, 0.211923168017, 0.068732922307, 0.652296842335, 0.939624232157, 0.669462828421, 0.477288587345, 0.00478708925715, 0.130429513958, 0.0785220751253, 0.55652629769, 0.0946894219964, 0.446798455046, 0.624668433799, 0.135187029521, 0.599601528659, 0.0347551693042, 0.0377088690869, 0.496203982244, 0.196187645789, 3.23408846096
0.196187645789, 0.0273258134156, 0.514682721236, 0.463343953575, 0.333859101099, 0.334505022037, 0.108212428245, 0.185708731613, 0.197352856767, 0.856244495594, 0.731802164723, 0.00382810387663, 0.211923168017, 0.068732922307, 0.652296842335, 0.939624232157, 0.669462828421, 0.477288587345, 0.00478708925715, 0.130429513958, 0.0785220751253, 0.55652629769, 0.0946894219964, 0.446798455046, 0.624668433799, 0.135187029521, 0.599601528659, 0.0347551693042, 0.0377088690869, 0.496203982244, 0.196187645789, 3.23408846096
0.0306141803206, 0.994540598434, 0.682541931081, 0.0136398321121, 0.161695331434, 0.457284748293, 0.332885779626, 0.972804093991, 0.68158629854, 0.282950737789, 0.303923295798, 0.442906120901, 0.880147836745, 0.834886101695, 0.505198561016, 0.316667949937, 0.122700653542, 0.667593721692, 0.475109847746, 0.420956336701, 0.428200655044, 0.0174822233097, 0.0204376549744, 0.126834360347, 0.259686327391, 0.978576222463, 0.812360962965, 0.0298444809306, 0.169765943305, 0.0817679323077, 0.0306141803206, 4.46025014301
0.0306141803206, 0.994540598434, 0.682541931081, 0.0136398321121, 0.161695331434, 0.457284748293, 0.332885779626, 0.972804093991, 0.68158629854, 0.282950737789, 0.303923295798, 0.442906120901, 0.880147836745, 0.834886101695, 0.505198561016, 0.316667949937, 0.122700653542, 0.667593721692, 0.475109847746, 0.420956336701, 0.428200655044, 0.0174822233097, 0.0204376549744, 0.126834360347, 0.259686327391, 0.978576222463, 0.812360962965, 0.0298444809306, 0.169765943305, 0.0817679323077, 0.0306141803206, 4.46025014301
0.0232856819532, 0.157312436714, 0.205393417699, 0.237399986107, 0.483404185684, 0.118832559316, 0.0915896853623, 0.937202643916, 0.906397350575, 0.944140680086, 0.633385577414, 0.00280508119939, 0.751904218612, 0.0666387238431, 0.693019295059, 0.306109643966, 0.289156325624, 0.142730936277, 0.713583660788, 0.315205284686, 0.490366548682, 0.0298801048714, 0.554134787252, 0.336842917072, 0.872947352558, 0.121634545162, 0.215125173015, 0.511962500349, 0.568263273171, 0.971838010482, 0.0232856819532, 4.57738581722
0.0232856819532, 0.157312436714, 0.205393417699, 0.237399986107, 0.483404185684, 0.118832559316, 0.0915896853623, 0.937202643916, 0.906397350575, 0.944140680086, 0.633385577414, 0.00280508119939, 0.751904218612, 0.0666387238431, 0.693019295059, 0.306109643966, 0.289156325624, 0.142730936277, 0.713583660788, 0.315205284686, 0.490366548682, 0.0298801048714, 0.554134787252, 0.336842917072, 0.872947352558, 0.121634545162, 0.215125173015, 0.511962500349, 0.568263273171, 0.971838010482, 0.0232856819532, 4.57738581722
0.421493681756, 0.481326906846, 0.56673325585, 0.92348042708, 0.793125847944, 0.318642290946, 0.301886294403, 0.594832320566, 0.474524581862, 0.139231550275, 0.191634519624, 0.083449162404, 0.508265581863, 0.322936820606, 0.454469477826, 0.53524627725, 0.773074678426, 0.291740601606, 0.374020112294, 0.962340839694, 0.262852893892, 0.0229710350064, 0.339833615902, 0.125002332143, 0.2453167732, 0.224635435209, 0.37679624406, 0.0741601953974, 0.14704001051, 0.949884400444, 0.421493681756, 3.01248236368
0.421493681756, 0.481326906846, 0.56673325585, 0.92348042708, 0.793125847944, 0.318642290946, 0.301886294403, 0.594832320566, 0.474524581862, 0.139231550275, 0.191634519624, 0.083449162404, 0.508265581863, 0.322936820606, 0.454469477826, 0.53524627725, 0.773074678426, 0.291740601606, 0.374020112294, 0.962340839694, 0.262852893892, 0.0229710350064, 0.339833615902, 0.125002332143, 0.2453167732, 0.224635435209, 0.37679624406, 0.0741601953974, 0.14704001051, 0.949884400444, 0.421493681756, 3.01248236368
0.266917384188, 0.0380958325042, 0.503411395818, 0.423740021804, 0.665228642507, 0.271616537694, 0.00904881906753, 0.187858646297, 0.049627467834, 0.472957467851, 0.956462474177, 0.0860278140429, 0.505152342071, 0.56237747389, 0.0992521268848, 0.172473443524, 0.942113506815, 0.168585771824, 0.637516130115, 0.415821261885, 0.274056480135, 0.212189392017, 0.577368535958, 0.114717526495, 0.009620208605, 0.704754569466, 0.897370874748, 0.223494532165, 0.540711231206, 0.43031743016, 0.266917384188, 3.1396616581
0.266917384188, 0.0380958325042, 0.503411395818, 0.423740021804, 0.665228642507, 0.271616537694, 0.00904881906753, 0.187858646297, 0.049627467834, 0.472957467851, 0.956462474177, 0.0860278140429, 0.505152342071, 0.56237747389, 0.0992521268848, 0.172473443524, 0.942113506815, 0.168585771824, 0.637516130115, 0.415821261885, 0.274056480135, 0.212189392017, 0.577368535958, 0.114717526495, 0.009620208605, 0.704754569466, 0.897370874748, 0.223494532165, 0.540711231206, 0.43031743016, 0.266917384188, 3.1396616581
0.487145826696, 0.327857322552, 0.612960402415, 0.560346089646, 0.0774138570776, 0.879022365828, 0.346604780349, 0.45376493126, 0.0866071234599, 0.635784801639, 0.340368468775, 0.713886078095, 0.193891253141, 0.113303805824, 0.140175893926, 0.419176728219, 0.294002940681, 0.377303314169, 0.203079581666, 0.403607517925, 0.20292882542, 0.58717934322, 0.491605192493, 0.33713140635, 0.523221640342, 0.53149318751, 0.218070743896, 0.815394563394, 0.238640631021, 0.6275830163, 0.487145826696, 2.95124945332
0.487145826696, 0.327857322552, 0.612960402415, 0.560346089646, 0.0774138570776, 0.879022365828, 0.346604780349, 0.45376493126, 0.0866071234599, 0.635784801639, 0.340368468775, 0.713886078095, 0.193891253141, 0.113303805824, 0.140175893926, 0.419176728219, 0.294002940681, 0.377303314169, 0.203079581666, 0.403607517925, 0.20292882542, 0.58717934322, 0.491605192493, 0.33713140635, 0.523221640342, 0.53149318751, 0.218070743896, 0.815394563394, 0.238640631021, 0.6275830163, 0.487145826696, 2.95124945332
0.449459856073, 0.325268095476, 0.0348662225486, 0.661135331778, 0.190577884858, 0.780905429928, 0.494885221935, 0.996149882407, 0.145242813449, 0.0353944750755, 0.792469567391, 0.458007155639, 0.65327306983, 0.0515892135076, 0.281773395235, 0.127237092352, 0.325106228217, 0.0531655888859, 0.531674458653, 0.755829004175, 0.0420663266628, 0.796842218366, 0.267638421413, 0.825247195813, 0.735506819641, 0.216203890727, 0.567739570452, 0.0770990660512, 0.544253693116, 0.839609732505, 0.449459856073, 2.97713102239
0.449459856073, 0.325268095476, 0.0348662225486, 0.661135331778, 0.190577884858, 0.780905429928, 0.494885221935, 0.996149882407, 0.145242813449, 0.0353944750755, 0.792469567391, 0.458007155639, 0.65327306983, 0.0515892135076, 0.281773395235, 0.127237092352, 0.325106228217, 0.0531655888859, 0.531674458653, 0.755829004175, 0.0420663266628, 0.796842218366, 0.267638421413, 0.825247195813, 0.735506819641, 0.216203890727, 0.567739570452, 0.0770990660512, 0.544253693116, 0.839609732505, 0.449459856073, 2.97713102239
0.129721556392, 0.344887025866, 0.0913982492344, 0.208042196705, 0.29038909384, 0.208212727597, 0.676773904826, 0.621139007655, 0.0545400295327, 0.309418186261, 0.874749210396, 0.533587603332, 0.417041650945, 0.245872093914, 0.257181127227, 0.383457639763, 0.214405709881, 0.613903527191, 0.631808273511, 0.84351255648, 0.769587191995, 0.105287912432, 0.146224176814, 0.318507678437, 0.346939712081, 0.579729083755, 0.0239991605985, 0.167473806249, 0.291414704411, 0.321429936016, 0.129721556392, 3.73044237491
0.129721556392, 0.344887025866, 0.0913982492344, 0.208042196705, 0.29038909384, 0.208212727597, 0.676773904826, 0.621139007655, 0.0545400295327, 0.309418186261, 0.874749210396, 0.533587603332, 0.417041650945, 0.245872093914, 0.257181127227, 0.383457639763, 0.214405709881, 0.613903527191, 0.631808273511, 0.84351255648, 0.769587191995, 0.105287912432, 0.146224176814, 0.318507678437, 0.346939712081, 0.579729083755, 0.0239991605985, 0.167473806249, 0.291414704411, 0.321429936016, 0.129721556392, 3.73044237491
0.0469985899472, 0.327857322552, 0.612960402415, 0.598563356835, 0.0774138570776, 0.879022365828, 0.346604780349, 0.45376493126, 0.0866071234599, 0.635784801639, 0.340368468775, 0.713886078095, 0.193891253141, 0.113303805824, 0.140175893926, 0.419176728219, 0.294002940681, 0.377303314169, 0.203079581666, 0.403607517925, 0.20292882542, 0.58717934322, 0.491605192493, 0.33713140635, 0.523221640342, 0.53149318751, 0.218070743896, 0.815394563394, 0.238640631021, 0.6275830163, 0.0469985899472, 4.14442260331
0.0469985899472, 0.327857322552, 0.612960402415, 0.598563356835, 0.0774138570776, 0.879022365828, 0.346604780349, 0.45376493126, 0.0866071234599, 0.635784801639, 0.340368468775, 0.713886078095, 0.193891253141, 0.113303805824, 0.140175893926, 0.419176728219, 0.294002940681, 0.377303314169, 0.203079581666, 0.403607517925, 0.20292882542, 0.58717934322, 0.491605192493, 0.33713140635, 0.523221640342, 0.53149318751, 0.218070743896, 0.815394563394, 0.238640631021, 0.6275830163, 0.0469985899472, 4.14442260331
0.114708184276, 0.795011197415, 0.52638246065, 0.777821806457, 0.990974142258, 0.325663539433, 0.0349569812352, 0.574533653995, 0.868931489694, 0.0175714893588, 0.741522722647, 0.69923415248, 0.318404432798, 0.264078201213, 0.584141458052, 0.118066130995, 0.811242124507, 0.861308710948, 0.353457680467, 0.528682528008, 0.00934492608289, 0.29734021217, 0.20758761758, 0.367583143964, 0.482649908974, 0.348028678666, 0.0564564327893, 0.196818057404, 0.186350868104, 0.0182445734207, 0.114708184276, 4.14289320012
0.114708184276, 0.795011197415, 0.52638246065, 0.777821806457, 0.990974142258, 0.325663539433, 0.0349569812352, 0.574533653995, 0.868931489694, 0.0175714893588, 0.741522722647, 0.69923415248, 0.318404432798, 0.264078201213, 0.584141458052, 0.118066130995, 0.811242124507, 0.861308710948, 0.353457680467, 0.528682528008, 0.00934492608289, 0.29734021217, 0.20758761758, 0.367583143964, 0.482649908974, 0.348028678666, 0.0564564327893, 0.196818057404, 0.186350868104, 0.0182445734207, 0.114708184276, 4.14289320012
0.819108298623, 0.682663323368, 0.700611566421, 0.0717293526992, 0.24325595499, 0.739696668947, 0.109485871966, 0.58720200774, 0.070376987266, 0.905976413701, 0.871776958659, 0.688623138077, 0.0401850412919, 0.363185361631, 0.555682354211, 0.251256934323, 0.113312172701, 0.947988341383, 0.0633564683809, 0.855602227423, 0.0385504195309, 0.607072388475, 0.182020918574, 0.838922499777, 0.686637451175, 0.184955864407, 0.345527411137, 0.776666900784, 0.442368089554, 0.582868468178, 0.819108298623, 2.6770066799
0.819108298623, 0.682663323368, 0.700611566421, 0.0717293526992, 0.24325595499, 0.739696668947, 0.109485871966, 0.58720200774, 0.070376987266, 0.905976413701, 0.871776958659, 0.688623138077, 0.0401850412919, 0.363185361631, 0.555682354211, 0.251256934323, 0.113312172701, 0.947988341383, 0.0633564683809, 0.855602227423, 0.0385504195309, 0.607072388475, 0.182020918574, 0.838922499777, 0.686637451175, 0.184955864407, 0.345527411137, 0.776666900784, 0.442368089554, 0.582868468178, 0.819108298623, 2.6770066799
0.874172419371, 0.113646150503, 0.505877506803, 0.898880568632, 0.0248578678709, 0.82855922058, 0.0154992571494, 0.418942282399, 0.921554870409, 0.271641398438, 0.436238702014, 0.058493459579, 0.218148082439, 0.371208596129, 0.422866404218, 0.472244950632, 0.781956502119, 0.213875060197, 0.622568220606, 0.0708145532702, 0.737180548458, 0.614878540692, 0.0640159194132, 0.84979179558, 0.351971682162, 0.422327758665, 0.435798227379, 0.383281222765, 0.415534078838, 0.371000132673, 0.874172419371, 2.13448647584
0.874172419371, 0.113646150503, 0.505877506803, 0.898880568632, 0.0248578678709, 0.82855922058, 0.0154992571494, 0.418942282399, 0.921554870409, 0.271641398438, 0.436238702014, 0.058493459579, 0.218148082439, 0.371208596129, 0.422866404218, 0.472244950632, 0.781956502119, 0.213875060197, 0.622568220606, 0.0708145532702, 0.737180548458, 0.614878540692, 0.0640159194132, 0.84979179558, 0.351971682162, 0.422327758665, 0.435798227379, 0.383281222765, 0.415534078838, 0.371000132673, 0.874172419371, 2.13448647584
0.844451513061, 0.825494046916, 0.777090969712, 0.374907725284, 0.0256005262988, 0.886375976502, 0.0154992571494, 0.395389358928, 0.921554870409, 0.65848458316, 0.436238702014, 0.0381636748479, 0.218148082439, 0.371208596129, 0.435067952294, 0.0494167924217, 0.781956502119, 0.869527653902, 0.622568220606, 0.0708145532702, 0.737180548458, 0.614878540692, 0.0640159194132, 0.93277993866, 0.118506994044, 0.343948513362, 0.385843413009, 0.383281222765, 0.415534078838, 0.371000132673, 0.844451513061, 2.17562930603
0.844451513061, 0.825494046916, 0.777090969712, 0.374907725284, 0.0256005262988, 0.886375976502, 0.0154992571494, 0.395389358928, 0.921554870409, 0.65848458316, 0.436238702014, 0.0381636748479, 0.218148082439, 0.371208596129, 0.435067952294, 0.0494167924217, 0.781956502119, 0.869527653902, 0.622568220606, 0.0708145532702, 0.737180548458, 0.614878540692, 0.0640159194132, 0.93277993866, 0.118506994044, 0.343948513362, 0.385843413009, 0.383281222765, 0.415534078838, 0.371000132673, 0.844451513061, 2.17562930603
0.0199287631732, 0.557640585755, 0.81580623486, 0.187703984914, 0.703740328348, 0.829790460293, 0.284555597971, 0.829695745949, 0.312349906825, 0.0210066058427, 0.918628801078, 0.078635709039, 0.0708204651904, 0.321739095108, 0.817445438814, 0.287103221086, 0.0041417146895, 0.499672147106, 0.703401171939, 0.00172472211609, 0.908756004435, 0.156584151791, 0.0760495843315, 0.369117873109, 0.602962785638, 0.771668364342, 0.467433474136, 0.303589367701, 0.964833374695, 0.176032451493, 0.0199287631732, 4.7188682157
0.0199287631732, 0.557640585755, 0.81580623486, 0.187703984914, 0.703740328348, 0.829790460293, 0.284555597971, 0.829695745949, 0.312349906825, 0.0210066058427, 0.918628801078, 0.078635709039, 0.0708204651904, 0.321739095108, 0.817445438814, 0.287103221086, 0.0041417146895, 0.499672147106, 0.703401171939, 0.00172472211609, 0.908756004435, 0.156584151791, 0.0760495843315, 0.369117873109, 0.602962785638, 0.771668364342, 0.467433474136, 0.303589367701, 0.964833374695, 0.176032451493, 0.0199287631732, 4.7188682157
0.0128999035911, 0.867721228867, 0.612960402415, 0.560346089646, 0.0774138570776, 0.879022365828, 0.697918423369, 0.45376493126, 0.442204416062, 0.094846651863, 0.824052791886, 0.650626157562, 0.193891253141, 0.113303805824, 0.129371393697, 0.419648838065, 0.294002940681, 0.187580243079, 0.444048310303, 0.403607517925, 0.249642209516, 0.58717934322, 0.251029579104, 0.644042042847, 0.104806301109, 0.566540100502, 0.218070743896, 0.815394563394, 0.491466421504, 0.6275830163, 0.0128999035911, 4.74493817376
0.0128999035911, 0.867721228867, 0.612960402415, 0.560346089646, 0.0774138570776, 0.879022365828, 0.697918423369, 0.45376493126, 0.442204416062, 0.094846651863, 0.824052791886, 0.650626157562, 0.193891253141, 0.113303805824, 0.129371393697, 0.419648838065, 0.294002940681, 0.187580243079, 0.444048310303, 0.403607517925, 0.249642209516, 0.58717934322, 0.251029579104, 0.644042042847, 0.104806301109, 0.566540100502, 0.218070743896, 0.815394563394, 0.491466421504, 0.6275830163, 0.0128999035911, 4.74493817376
0.00240014088486, 0.353017797985, 0.612960402415, 0.560346089646, 0.0774138570776, 0.879022365828, 0.346604780349, 0.45376493126, 0.415591054216, 0.094846651863, 0.824052791886, 0.629545550903, 0.193891253141, 0.113303805824, 0.325281889492, 0.502659051933, 0.294002940681, 0.187580243079, 0.203079581666, 0.403607517925, 0.20292882542, 0.58717934322, 0.862751993366, 0.644042042847, 0.104806301109, 0.577738999687, 0.218070743896, 0.815394563394, 0.491466421504, 0.6275830163, 0.00240014088486, 4.80238085888
0.00240014088486, 0.353017797985, 0.612960402415, 0.560346089646, 0.0774138570776, 0.879022365828, 0.346604780349, 0.45376493126, 0.415591054216, 0.094846651863, 0.824052791886, 0.629545550903, 0.193891253141, 0.113303805824, 0.325281889492, 0.502659051933, 0.294002940681, 0.187580243079, 0.203079581666, 0.403607517925, 0.20292882542, 0.58717934322, 0.862751993366, 0.644042042847, 0.104806301109, 0.577738999687, 0.218070743896, 0.815394563394, 0.491466421504, 0.6275830163, 0.00240014088486, 4.80238085888
0.0352159677994, 0.016795285574, 0.205393417699, 0.237399986107, 0.483404185684, 0.118832559316, 0.0478090530164, 0.495041223014, 0.847023376038, 0.944140680086, 0.633385577414, 0.0227809294912, 0.83160953116, 0.182549916726, 0.693019295059, 0.306109643966, 0.406737051235, 0.142730936277, 0.713583660788, 0.347718865323, 0.490366548682, 0.0298801048714, 0.554134787252, 0.336842917072, 0.872947352558, 0.121634545162, 0.215125173015, 0.511962500349, 0.568263273171, 0.971838010482, 0.0352159677994, 4.38845281828
0.0352159677994, 0.016795285574, 0.205393417699, 0.237399986107, 0.483404185684, 0.118832559316, 0.0478090530164, 0.495041223014, 0.847023376038, 0.944140680086, 0.633385577414, 0.0227809294912, 0.83160953116, 0.182549916726, 0.693019295059, 0.306109643966, 0.406737051235, 0.142730936277, 0.713583660788, 0.347718865323, 0.490366548682, 0.0298801048714, 0.554134787252, 0.336842917072, 0.872947352558, 0.121634545162, 0.215125173015, 0.511962500349, 0.568263273171, 0.971838010482, 0.0352159677994, 4.38845281828
0.871423630254, 0.113646150503, 0.547666344353, 0.898880568632, 0.0256005262988, 0.82855922058, 0.00175014768293, 0.395389358928, 0.921554870409, 0.32466105765, 0.946172039879, 0.0381636748479, 0.218148082439, 0.371208596129, 0.422866404218, 0.6237037497, 0.781956502119, 0.0351113777101, 0.622568220606, 0.0708145532702, 0.737180548458, 0.614878540692, 0.0640159194132, 0.84979179558, 0.293370759828, 0.330244863204, 0.435798227379, 0.383281222765, 0.404597957801, 0.371000132673, 0.871423630254, 2.1781680763
0.871423630254, 0.113646150503, 0.547666344353, 0.898880568632, 0.0256005262988, 0.82855922058, 0.00175014768293, 0.395389358928, 0.921554870409, 0.32466105765, 0.946172039879, 0.0381636748479, 0.218148082439, 0.371208596129, 0.422866404218, 0.6237037497, 0.781956502119, 0.0351113777101, 0.622568220606, 0.0708145532702, 0.737180548458, 0.614878540692, 0.0640159194132, 0.84979179558, 0.293370759828, 0.330244863204, 0.435798227379, 0.383281222765, 0.404597957801, 0.371000132673, 0.871423630254, 2.1781680763
0.00455447472567, 0.721945795167, 0.839690881199, 0.988049502368, 0.033103893524, 0.577771729159, 0.756235880239, 0.415255612509, 0.73107477215, 0.0467860322231, 0.823469653314, 0.767384102097, 0.598021585238, 0.00347854998777, 0.451848955912, 0.123172301288, 0.371118062437, 0.300654225241, 0.0993017486179, 0.0608070082651, 0.480149789695, 0.504087277556, 0.777432236411, 0.758329717861, 0.943510635626, 0.297133562344, 0.83833985007, 0.676561194222, 0.814048699694, 0.518369377346, 0.00455447472567, 5.59106510997
0.00455447472567, 0.721945795167, 0.839690881199, 0.988049502368, 0.033103893524, 0.577771729159, 0.756235880239, 0.415255612509, 0.73107477215, 0.0467860322231, 0.823469653314, 0.767384102097, 0.598021585238, 0.00347854998777, 0.451848955912, 0.123172301288, 0.371118062437, 0.300654225241, 0.0993017486179, 0.0608070082651, 0.480149789695, 0.504087277556, 0.777432236411, 0.758329717861, 0.943510635626, 0.297133562344, 0.83833985007, 0.676561194222, 0.814048699694, 0.518369377346, 0.00455447472567, 5.59106510997
0.646238568322, 0.640083064245, 0.0282506267391, 0.715846244157, 0.871563575187, 0.910168642184, 0.0929602114455, 0.564514662882, 0.353711348937, 0.216169124878, 0.314994413938, 0.0534066320604, 0.292945325097, 0.177967013139, 0.0345511557889, 0.348762229091, 0.816915851885, 0.151494411236, 0.450359526672, 0.982974942671, 0.0862768467123, 0.693099091177, 0.785962725311, 0.953406330366, 0.959639085377, 0.170025043658, 0.650387942697, 0.816342262404, 0.884386599377, 0.433944399676, 0.646238568322, 2.96040916394
0.646238568322, 0.640083064245, 0.0282506267391, 0.715846244157, 0.871563575187, 0.910168642184, 0.0929602114455, 0.564514662882, 0.353711348937, 0.216169124878, 0.314994413938, 0.0534066320604, 0.292945325097, 0.177967013139, 0.0345511557889, 0.348762229091, 0.816915851885, 0.151494411236, 0.450359526672, 0.982974942671, 0.0862768467123, 0.693099091177, 0.785962725311, 0.953406330366, 0.959639085377, 0.170025043658, 0.650387942697, 0.816342262404, 0.884386599377, 0.433944399676, 0.646238568322, 2.96040916394
0.844451513061, 0.825494046916, 0.777090969712, 0.898880568632, 0.0256005262988, 0.886375976502, 0.0154992571494, 0.395389358928, 0.951360465637, 0.65848458316, 0.436238702014, 0.0381636748479, 0.218148082439, 0.371208596129, 0.435067952294, 0.331119639197, 0.926226924111, 0.869527653902, 0.622568220606, 0.0708145532702, 0.737180548458, 0.614878540692, 0.0640159194132, 0.84979179558, 0.0662218383796, 0.493152345829, 0.160719300899, 0.383281222765, 0.0255788172532, 0.241795148634, 0.844451513061, 2.23730695219
0.479532963388, 0.481326906846, 0.0763615829314, 0.92348042708, 0.793125847944, 0.318642290946, 0.301886294403, 0.897943595501, 0.474524581862, 0.139231550275, 0.191634519624, 0.0681594122337, 0.508265581863, 0.322936820606, 0.454469477826, 0.53524627725, 0.773074678426, 0.291740601606, 0.374020112294, 0.962340839694, 0.262852893892, 0.0229710350064, 0.339833615902, 0.125002332143, 0.2453167732, 0.224635435209, 0.37679624406, 0.46589610326, 0.440510237129, 0.949884400444, 0.479532963388, 3.02084889548
0.819108298623, 0.682663323368, 0.75511657405, 0.0717293526992, 0.24325595499, 0.739696668947, 0.00406468235946, 0.58720200774, 0.070376987266, 0.946604765034, 0.871776958659, 0.688623138077, 0.0401850412919, 0.363185361631, 0.555682354211, 0.251256934323, 0.188183197766, 0.947988341383, 0.91730784575, 0.855602227423, 0.0385504195309, 0.607072388475, 0.182020918574, 0.992591965756, 0.686637451175, 0.184955864407, 0.345527411137, 0.433175744445, 0.442368089554, 0.582868468178, 0.819108298623, 2.85877634585
0.825005825081, 0.682663323368, 0.700611566421, 0.0717293526992, 0.24325595499, 0.739696668947, 0.109485871966, 0.58720200774, 0.070376987266, 0.946604765034, 0.871776958659, 0.688623138077, 0.0401850412919, 0.363185361631, 0.842835598559, 0.251256934323, 0.113312172701, 0.947988341383, 0.91730784575, 0.855602227423, 0.0385504195309, 0.607072388475, 0.182020918574, 0.838922499777, 0.686637451175, 0.184955864407, 0.345527411137, 0.776666900784, 0.442368089554, 0.582868468178, 0.825005825081, 2.84380113976
0.222720483346, 0.00984941024212, 0.101439539816, 0.00361390254257, 0.578936431052, 0.17880245084, 0.470088092864, 0.184075695478, 0.24585375023, 0.190126148782, 0.215622676747, 0.738651373257, 0.720676604939, 0.997630023879, 0.48981156622, 0.081398152105, 0.856197551133, 0.315428775001, 0.0734791627308, 0.222650344404, 0.636424989432, 0.100466964411, 0.883856130988, 0.972565165479, 0.884220909721, 0.762646260028, 0.237441783801, 0.727213978104, 0.293162296652, 0.168561716005, 0.222720483346, 3.64694543033
0.0103039712832, 0.947976583876, 0.81580623486, 0.187703984914, 0.703740328348, 0.829790460293, 0.351572494977, 0.829695745949, 0.312349906825, 0.109854562975, 0.826749471236, 0.078635709039, 0.0708204651904, 0.396194808437, 0.683320642308, 0.301316451527, 0.026346308864, 0.499672147106, 0.703401171939, 0.0498374648469, 0.665475336708, 0.156584151791, 0.0760495843315, 0.369117873109, 0.972818890449, 0.771668364342, 0.467433474136, 0.43084796116, 0.964833374695, 0.176032451493, 0.0103039712832, 5.0387803772
0.14844760975, 0.142452042549, 0.514042254373, 0.848746538392, 0.0550888657567, 0.116470482184, 0.655730028184, 0.346573942006, 0.227135872846, 0.316729928065, 0.0667277136775, 0.825452101356, 0.118820225119, 0.055595753163, 0.373158701078, 0.081398152105, 0.365665975687, 0.824557354008, 0.696572125863, 0.97776535668, 0.0401814589383, 0.0211337012212, 0.599359037094, 0.266586470005, 0.0314976509397, 0.957983365074, 0.62776600159, 0.941349831276, 0.2695419248, 0.168561716005, 0.14844760975, 3.90289456379
0.346081932362, 0.0273258134156, 0.514682721236, 0.463343953575, 0.333859101099, 0.334505022037, 0.100614450511, 0.185708731613, 0.197352856767, 0.856244495594, 0.74667634736, 0.00382810387663, 0.211923168017, 0.068732922307, 0.652296842335, 0.939624232157, 0.669462828421, 0.738795200063, 0.00478708925715, 0.130429513958, 0.0785220751253, 0.55652629769, 0.0946894219964, 0.422789652441, 0.581912490181, 0.135187029521, 0.361321855635, 0.0347551693042, 0.0377088690869, 0.496203982244, 0.346081932362, 3.2498643649
0.0996774483013, 0.353017797985, 0.612960402415, 0.560346089646, 0.0774138570776, 0.879022365828, 0.346604780349, 0.45376493126, 0.20760026879, 0.444841802806, 0.824052791886, 0.713886078095, 0.193891253141, 0.113303805824, 0.325281889492, 0.419176728219, 0.294002940681, 0.377303314169, 0.203079581666, 0.403607517925, 0.201024551423, 0.58717934322, 0.491605192493, 0.357750462702, 0.523221640342, 0.53149318751, 0.218070743896, 0.97940218725, 0.238640631021, 0.6275830163, 0.0996774483013, 4.19794741221
0.0996774483013, 0.353017797985, 0.612960402415, 0.560346089646, 0.0774138570776, 0.879022365828, 0.346604780349, 0.45376493126, 0.20760026879, 0.444841802806, 0.824052791886, 0.713886078095, 0.193891253141, 0.113303805824, 0.325281889492, 0.419176728219, 0.294002940681, 0.377303314169, 0.203079581666, 0.403607517925, 0.201024551423, 0.58717934322, 0.491605192493, 0.357750462702, 0.523221640342, 0.53149318751, 0.218070743896, 0.97940218725, 0.238640631021, 0.6275830163, 0.0996774483013, 4.19794741221
0.14844760975, 0.142452042549, 0.514042254373, 0.848746538392, 0.0550888657567, 0.116470482184, 0.655730028184, 0.346573942006, 0.227135872846, 0.316729928065, 0.0667277136775, 0.825452101356, 0.118820225119, 0.055595753163, 0.373158701078, 0.081398152105, 0.365665975687, 0.824557354008, 0.696572125863, 0.97776535668, 0.0401814589383, 0.0211337012212, 0.599359037094, 0.266586470005, 0.0314976509397, 0.957983365074, 0.62776600159, 0.941349831276, 0.2695419248, 0.168561716005, 0.14844760975, 3.90289456379
0.421493681756, 0.524869599249, 0.656665408315, 0.92348042708, 0.793125847944, 0.598143879647, 0.301886294403, 0.927266112131, 0.474524581862, 0.139231550275, 0.191634519624, 0.083449162404, 0.508265581863, 0.230793437713, 0.454469477826, 0.53524627725, 0.773074678426, 0.291740601606, 0.235028749883, 0.0696969363034, 0.262852893892, 0.0229710350064, 0.339833615902, 0.125002332143, 0.188825798328, 0.224635435209, 0.37679624406, 0.691648042211, 0.14704001051, 0.949884400444, 0.421493681756, 3.06068158838
0.24507393011, 0.823744104683, 0.992394453086, 0.287203409022, 0.909866065963, 0.866747655193, 0.0133733251327, 0.0640188235645, 0.315651735359, 0.185109304527, 0.322585206988, 0.244702538202, 0.613125530734, 0.752061272399, 0.0404924291378, 0.76904862161, 0.451027719336, 0.307970968057, 0.898652025983, 0.293903023235, 0.0646614218704, 0.0535800934708, 0.280877599806, 0.116711432634, 0.0543262755411, 0.284907347743, 0.408735505105, 0.961304289528, 0.236535693761, 0.057693054943, 0.24507393011, 3.31558976801
0.0513433305954, 0.813029050424, 0.0522700306884, 0.000285060765878, 0.0557728748346, 0.570545819904, 0.0592755669018, 0.0197852921879, 0.934899739047, 0.674017794102, 0.54281109328, 0.827158380185, 0.431687014866, 0.240233356513, 0.531432763068, 0.609126389537, 0.129387551182, 0.956714177751, 0.538361452259, 0.770839789159, 0.484169479215, 0.0808932221721, 0.148087458547, 0.442860714697, 0.589049999654, 0.303303108493, 0.793148765679, 0.318392067975, 0.74666068484, 0.4044600441, 0.0513433305954, 4.49500197768
0.0513433305954, 0.813029050424, 0.0522700306884, 0.000285060765878, 0.0557728748346, 0.570545819904, 0.0592755669018, 0.0197852921879, 0.934899739047, 0.674017794102, 0.54281109328, 0.827158380185, 0.431687014866, 0.240233356513, 0.531432763068, 0.609126389537, 0.129387551182, 0.956714177751, 0.538361452259, 0.770839789159, 0.484169479215, 0.0808932221721, 0.148087458547, 0.442860714697, 0.589049999654, 0.303303108493, 0.793148765679, 0.318392067975, 0.74666068484, 0.4044600441, 0.0513433305954, 4.49500197768
0.222720483346, 0.00984941024212, 0.101439539816, 0.00361390254257, 0.578936431052, 0.17880245084, 0.470088092864, 0.184075695478, 0.24585375023, 0.190126148782, 0.215622676747, 0.738651373257, 0.720676604939, 0.997630023879, 0.48981156622, 0.081398152105, 0.856197551133, 0.315428775001, 0.0734791627308, 0.222650344404, 0.636424989432, 0.100466964411, 0.883856130988, 0.972565165479, 0.884220909721, 0.762646260028, 0.237441783801, 0.727213978104, 0.293162296652, 0.168561716005, 0.222720483346, 3.64694543033
0.266917384188, 0.471191263262, 0.503411395818, 0.0245425605934, 0.665228642507, 0.271616537694, 0.219262006738, 0.187858646297, 0.049627467834, 0.472957467851, 0.736252240404, 0.0860278140429, 0.505152342071, 0.849401479796, 0.0992521268848, 0.172473443524, 0.893138829568, 0.168585771824, 0.941791130397, 0.415821261885, 0.274056480135, 0.212189392017, 0.554990658133, 0.114717526495, 0.009620208605, 0.704754569466, 0.897370874748, 0.223494532165, 0.540711231206, 0.43031743016, 0.266917384188, 3.28799084529
0.421493681756, 0.524869599249, 0.656665408315, 0.92348042708, 0.793125847944, 0.598143879647, 0.301886294403, 0.927266112131, 0.474524581862, 0.139231550275, 0.191634519624, 0.083449162404, 0.508265581863, 0.230793437713, 0.454469477826, 0.53524627725, 0.773074678426, 0.291740601606, 0.235028749883, 0.0696969363034, 0.262852893892, 0.0229710350064, 0.339833615902, 0.125002332143, 0.188825798328, 0.224635435209, 0.37679624406, 0.691648042211, 0.14704001051, 0.949884400444, 0.421493681756, 3.06068158838
0.346081932362, 0.0273258134156, 0.514682721236, 0.463343953575, 0.333859101099, 0.334505022037, 0.100614450511, 0.185708731613, 0.197352856767, 0.856244495594, 0.74667634736, 0.00382810387663, 0.211923168017, 0.068732922307, 0.652296842335, 0.939624232157, 0.669462828421, 0.738795200063, 0.00478708925715, 0.130429513958, 0.0785220751253, 0.55652629769, 0.0946894219964, 0.422789652441, 0.581912490181, 0.135187029521, 0.361321855635, 0.0347551693042, 0.0377088690869, 0.496203982244, 0.346081932362, 3.2498643649
0.0232856819532, 0.24532983984, 0.205393417699, 0.237399986107, 0.483404185684, 0.118832559316, 0.0915896853623, 0.937202643916, 0.906397350575, 0.944140680086, 0.633385577414, 0.00280508119939, 0.751904218612, 0.0666387238431, 0.693019295059, 0.306109643966, 0.289156325624, 0.142730936277, 0.713583660788, 0.315205284686, 0.490366548682, 0.022164924514, 0.554134787252, 0.336842917072, 0.872947352558, 0.121634545162, 0.599166291228, 0.511962500349, 0.568263273171, 0.971838010482, 0.0232856819532, 4.71657700147
0.479532963388, 0.481326906846, 0.0763615829314, 0.92348042708, 0.793125847944, 0.318642290946, 0.301886294403, 0.897943595501, 0.474524581862, 0.139231550275, 0.191634519624, 0.0681594122337, 0.508265581863, 0.322936820606, 0.454469477826, 0.53524627725, 0.773074678426, 0.291740601606, 0.374020112294, 0.962340839694, 0.262852893892, 0.0229710350064, 0.339833615902, 0.125002332143, 0.2453167732, 0.224635435209, 0.37679624406, 0.46589610326, 0.440510237129, 0.949884400444, 0.479532963388, 3.02084889548
0.0199287631732, 0.947976583876, 0.81580623486, 0.187703984914, 0.703740328348, 0.829790460293, 0.351572494977, 0.829695745949, 0.312349906825, 0.0210066058427, 0.918628801078, 0.00541532961429, 0.0708204651904, 0.396194808437, 0.683320642308, 0.301316451527, 0.026346308864, 0.499672147106, 0.703401171939, 0.0498374648469, 0.655608825708, 0.156584151791, 0.0760495843315, 0.369117873109, 0.972818890449, 0.771668364342, 0.467433474136, 0.43084796116, 0.964833374695, 0.176032451493, 0.0199287631732, 4.91520767507
0.0232856819532, 0.24532983984, 0.205393417699, 0.237399986107, 0.483404185684, 0.118832559316, 0.0915896853623, 0.937202643916, 0.906397350575, 0.944140680086, 0.633385577414, 0.00280508119939, 0.751904218612, 0.0666387238431, 0.693019295059, 0.306109643966, 0.289156325624, 0.142730936277, 0.713583660788, 0.315205284686, 0.490366548682, 0.022164924514, 0.554134787252, 0.336842917072, 0.872947352558, 0.121634545162, 0.599166291228, 0.511962500349, 0.568263273171, 0.971838010482, 0.0232856819532, 4.71657700147
0.0103039712832, 0.947976583876, 0.81580623486, 0.187703984914, 0.703740328348, 0.829790460293, 0.351572494977, 0.829695745949, 0.312349906825, 0.109854562975, 0.826749471236, 0.078635709039, 0.0708204651904, 0.396194808437, 0.683320642308, 0.301316451527, 0.026346308864, 0.499672147106, 0.703401171939, 0.0498374648469, 0.665475336708, 0.156584151791, 0.0760495843315, 0.369117873109, 0.972818890449, 0.771668364342, 0.467433474136, 0.43084796116, 0.964833374695, 0.176032451493, 0.0103039712832, 5.0387803772
0.0199287631732, 0.947976583876, 0.81580623486, 0.187703984914, 0.703740328348, 0.829790460293, 0.351572494977, 0.829695745949, 0.312349906825, 0.0210066058427, 0.918628801078, 0.00541532961429, 0.0708204651904, 0.396194808437, 0.683320642308, 0.301316451527, 0.026346308864, 0.499672147106, 0.703401171939, 0.0498374648469, 0.655608825708, 0.156584151791, 0.0760495843315, 0.369117873109, 0.972818890449, 0.771668364342, 0.467433474136, 0.43084796116, 0.964833374695, 0.176032451493, 0.0199287631732, 4.91520767507
0.844451513061, 0.825494046916, 0.777090969712, 0.898880568632, 0.0256005262988, 0.886375976502, 0.0154992571494, 0.395389358928, 0.951360465637, 0.65848458316, 0.436238702014, 0.0381636748479, 0.218148082439, 0.371208596129, 0.435067952294, 0.331119639197, 0.926226924111, 0.869527653902, 0.622568220606, 0.0708145532702, 0.737180548458, 0.614878540692, 0.0640159194132, 0.84979179558, 0.0662218383796, 0.493152345829, 0.160719300899, 0.383281222765, 0.0255788172532, 0.241795148634, 0.844451513061, 2.23730695219
