0.00874130231058, 0.353017797985, 0.95515502975, 0.0199327029118, 0.0774138570776, 0.787639409788, 0.346604780349, 0.367955112679, 0.442204416062, 0.094846651863, 0.824052791886, 0.182755230159, 0.103983843703, 0.0724561860083, 0.325281889492, 0.419648838065, 0.118439751693, 0.145745327204, 0.203079581666, 0.403607517925, 0.20292882542, 0.58717934322, 0.206000579845, 0.644042042847, 0.232731407347, 0.566540100502, 0.218070743896, 0.412796253671, 0.491466421504, 0.6275830163, 0.00874130231058, 4.04303698085
0.00874130231058, 0.353017797985, 0.95515502975, 0.0199327029118, 0.0774138570776, 0.787639409788, 0.346604780349, 0.367955112679, 0.442204416062, 0.094846651863, 0.824052791886, 0.182755230159, 0.103983843703, 0.0724561860083, 0.325281889492, 0.419648838065, 0.118439751693, 0.145745327204, 0.203079581666, 0.403607517925, 0.20292882542, 0.58717934322, 0.206000579845, 0.644042042847, 0.232731407347, 0.566540100502, 0.218070743896, 0.412796253671, 0.491466421504, 0.6275830163, 0.00874130231058, 4.04303698085
0.196187645789, 0.0273258134156, 0.514682721236, 0.463343953575, 0.333859101099, 0.334505022037, 0.108212428245, 0.0519977882105, 0.197352856767, 0.856244495594, 0.731802164723, 0.00220322424691, 0.211923168017, 0.068732922307, 0.652296842335, 0.435022650947, 0.669462828421, 0.477288587345, 0.00478708925715, 0.099550490654, 0.110525430891, 0.249231068859, 0.04468396107, 0.446798455046, 0.340883303808, 0.1233735594, 0.599601528659, 0.0347551693042, 0.0377088690869, 0.51502260169, 0.196187645789, 2.88330537194
0.196187645789, 0.0273258134156, 0.514682721236, 0.463343953575, 0.333859101099, 0.334505022037, 0.108212428245, 0.0519977882105, 0.197352856767, 0.856244495594, 0.731802164723, 0.00220322424691, 0.211923168017, 0.068732922307, 0.652296842335, 0.435022650947, 0.669462828421, 0.477288587345, 0.00478708925715, 0.099550490654, 0.110525430891, 0.249231068859, 0.04468396107, 0.446798455046, 0.340883303808, 0.1233735594, 0.599601528659, 0.0347551693042, 0.0377088690869, 0.51502260169, 0.196187645789, 2.88330537194
0.00240014088486, 0.353017797985, 0.612960402415, 0.560346089646, 0.00738256329633, 0.41844315877, 0.346604780349, 0.45376493126, 0.463570011255, 0.094846651863, 0.926876704639, 0.629545550903, 0.193891253141, 0.113303805824, 0.325281889492, 0.502659051933, 0.294002940681, 0.11330565656, 0.430610746349, 0.000179768415954, 0.20292882542, 0.58717934322, 0.862751993366, 0.086267785606, 0.203783604548, 0.451839319647, 0.105219391577, 0.999943202419, 0.400812594195, 0.6275830163, 0.00240014088486, 4.42384723514
0.00240014088486, 0.353017797985, 0.612960402415, 0.560346089646, 0.00738256329633, 0.41844315877, 0.346604780349, 0.45376493126, 0.463570011255, 0.094846651863, 0.926876704639, 0.629545550903, 0.193891253141, 0.113303805824, 0.325281889492, 0.502659051933, 0.294002940681, 0.11330565656, 0.430610746349, 0.000179768415954, 0.20292882542, 0.58717934322, 0.862751993366, 0.086267785606, 0.203783604548, 0.451839319647, 0.105219391577, 0.999943202419, 0.400812594195, 0.6275830163, 0.00240014088486, 4.42384723514
0.465395066626, 0.994540598434, 0.682541931081, 0.0136398321121, 0.161695331434, 0.33567754839, 0.332885779626, 0.847842449452, 0.68158629854, 0.282950737789, 0.303923295798, 0.442906120901, 0.880147836745, 0.902078857784, 0.740645377503, 0.316667949937, 0.122700653542, 0.667593721692, 0.475109847746, 0.394461403976, 0.428200655044, 0.00116489259672, 0.0204376549744, 0.126834360347, 0.259686327391, 0.0747364431809, 0.812360962965, 0.0298444809306, 0.117503508718, 0.0817679323077, 0.465395066626, 2.70712227196
0.465395066626, 0.994540598434, 0.682541931081, 0.0136398321121, 0.161695331434, 0.33567754839, 0.332885779626, 0.847842449452, 0.68158629854, 0.282950737789, 0.303923295798, 0.442906120901, 0.880147836745, 0.902078857784, 0.740645377503, 0.316667949937, 0.122700653542, 0.667593721692, 0.475109847746, 0.394461403976, 0.428200655044, 0.00116489259672, 0.0204376549744, 0.126834360347, 0.259686327391, 0.0747364431809, 0.812360962965, 0.0298444809306, 0.117503508718, 0.0817679323077, 0.465395066626, 2.70712227196
0.484558609226, 0.0273258134156, 0.567783487844, 0.463343953575, 0.333859101099, 0.334505022037, 0.108212428245, 0.185708731613, 0.197352856767, 0.856244495594, 0.731802164723, 0.00382810387663, 0.211923168017, 0.068732922307, 0.652296842335, 0.9503969916, 0.669462828421, 0.355068582234, 0.00478708925715, 0.130429513958, 0.0785220751253, 0.55652629769, 0.317240791857, 0.446798455046, 0.624668433799, 0.0588378004739, 0.619932264802, 0.0347551693042, 0.0377088690869, 0.496203982244, 0.484558609226, 2.49935771217
0.484558609226, 0.0273258134156, 0.567783487844, 0.463343953575, 0.333859101099, 0.334505022037, 0.108212428245, 0.185708731613, 0.197352856767, 0.856244495594, 0.731802164723, 0.00382810387663, 0.211923168017, 0.068732922307, 0.652296842335, 0.9503969916, 0.669462828421, 0.355068582234, 0.00478708925715, 0.130429513958, 0.0785220751253, 0.55652629769, 0.317240791857, 0.446798455046, 0.624668433799, 0.0588378004739, 0.619932264802, 0.0347551693042, 0.0377088690869, 0.496203982244, 0.484558609226, 2.49935771217
0.00155686201741, 0.41118706693, 0.306675883287, 0.237399986107, 0.042122951854, 0.924839089635, 0.0478090530164, 0.495041223014, 0.303379052998, 0.944140680086, 0.633385577414, 0.0227809294912, 0.83160953116, 0.182549916726, 0.693019295059, 0.306109643966, 0.0524576192607, 0.142730936277, 0.800928287153, 0.347718865323, 0.490366548682, 0.0298801048714, 0.554134787252, 0.336842917072, 0.918175789193, 0.232994743272, 0.215125173015, 0.511962500349, 0.568263273171, 0.989739682462, 0.00155686201741, 4.81464403666
0.00155686201741, 0.41118706693, 0.306675883287, 0.237399986107, 0.042122951854, 0.924839089635, 0.0478090530164, 0.495041223014, 0.303379052998, 0.944140680086, 0.633385577414, 0.0227809294912, 0.83160953116, 0.182549916726, 0.693019295059, 0.306109643966, 0.0524576192607, 0.142730936277, 0.800928287153, 0.347718865323, 0.490366548682, 0.0298801048714, 0.554134787252, 0.336842917072, 0.918175789193, 0.232994743272, 0.215125173015, 0.511962500349, 0.568263273171, 0.989739682462, 0.00155686201741, 4.81464403666
0.0352159677994, 0.016795285574, 0.169012715554, 0.237399986107, 0.483404185684, 0.00903231376135, 0.108889810819, 0.495041223014, 0.847023376038, 0.727455273643, 0.633385577414, 0.0227809294912, 0.654111116699, 0.182549916726, 0.796258408311, 0.306109643966, 0.289156325624, 0.142730936277, 0.713583660788, 0.347718865323, 0.190804054661, 0.0298801048714, 0.0509535639672, 0.336842917072, 0.872947352558, 0.0716173034735, 0.215125173015, 0.511962500349, 0.568263273171, 0.174571163069, 0.0352159677994, 3.75262786054
0.0352159677994, 0.016795285574, 0.169012715554, 0.237399986107, 0.483404185684, 0.00903231376135, 0.108889810819, 0.495041223014, 0.847023376038, 0.727455273643, 0.633385577414, 0.0227809294912, 0.654111116699, 0.182549916726, 0.796258408311, 0.306109643966, 0.289156325624, 0.142730936277, 0.713583660788, 0.347718865323, 0.190804054661, 0.0298801048714, 0.0509535639672, 0.336842917072, 0.872947352558, 0.0716173034735, 0.215125173015, 0.511962500349, 0.568263273171, 0.174571163069, 0.0352159677994, 3.75262786054
0.834781681034, 0.137371227286, 0.0337004927719, 0.734263230743, 0.655315342881, 0.0786194585874, 0.562068053437, 0.0483418665023, 0.027141383748, 0.542137389625, 0.394362545819, 0.101033263249, 0.437071387063, 0.187008804564, 0.95569994975, 0.262101289214, 0.140125552191, 0.906256456712, 0.776511139276, 0.219257654599, 0.00732622101419, 0.66267986547, 0.147580634195, 0.114751037871, 0.00188409016566, 0.430977660344, 0.550707987676, 0.480796073144, 0.0351369895749, 0.488217152633, 0.834781681034, 1.53995029028
0.834781681034, 0.137371227286, 0.0337004927719, 0.734263230743, 0.655315342881, 0.0786194585874, 0.562068053437, 0.0483418665023, 0.027141383748, 0.542137389625, 0.394362545819, 0.101033263249, 0.437071387063, 0.187008804564, 0.95569994975, 0.262101289214, 0.140125552191, 0.906256456712, 0.776511139276, 0.219257654599, 0.00732622101419, 0.66267986547, 0.147580634195, 0.114751037871, 0.00188409016566, 0.430977660344, 0.550707987676, 0.480796073144, 0.0351369895749, 0.488217152633, 0.834781681034, 1.53995029028
0.129721556392, 0.353321311316, 0.0913982492344, 0.208042196705, 0.263730415458, 0.208212727597, 0.367217639411, 0.647290855766, 0.0545400295327, 0.192356891357, 0.874749210396, 0.533587603332, 0.417041650945, 0.0200614157955, 0.0340374113693, 0.383457639763, 0.113005342015, 0.112067001741, 0.761803856209, 0.280946933925, 0.769587191995, 0.108738137123, 0.186834222631, 0.318507678437, 0.346939712081, 0.579729083755, 0.0185638717331, 0.176040703378, 0.291414704411, 0.321429936016, 0.129721556392, 3.20567942864
0.129721556392, 0.353321311316, 0.0913982492344, 0.208042196705, 0.263730415458, 0.208212727597, 0.367217639411, 0.647290855766, 0.0545400295327, 0.192356891357, 0.874749210396, 0.533587603332, 0.417041650945, 0.0200614157955, 0.0340374113693, 0.383457639763, 0.113005342015, 0.112067001741, 0.761803856209, 0.280946933925, 0.769587191995, 0.108738137123, 0.186834222631, 0.318507678437, 0.346939712081, 0.579729083755, 0.0185638717331, 0.176040703378, 0.291414704411, 0.321429936016, 0.129721556392, 3.20567942864
0.114708184276, 0.831584889111, 0.52638246065, 0.478351730072, 0.595156387735, 0.253854443949, 0.000680197856973, 0.574533653995, 0.0515686743004, 0.0175714893588, 0.233781987243, 0.69923415248, 0.318404432798, 0.264078201213, 0.584141458052, 0.118066130995, 0.811242124507, 0.172329855107, 0.861303006213, 0.528682528008, 0.00934492608289, 0.29734021217, 0.20758761758, 0.367583143964, 0.482649908974, 0.348028678666, 0.0309406876176, 0.196818057404, 0.186350868104, 0.248556345554, 0.114708184276, 3.55277774539
0.114708184276, 0.831584889111, 0.52638246065, 0.478351730072, 0.595156387735, 0.253854443949, 0.000680197856973, 0.574533653995, 0.0515686743004, 0.0175714893588, 0.233781987243, 0.69923415248, 0.318404432798, 0.264078201213, 0.584141458052, 0.118066130995, 0.811242124507, 0.172329855107, 0.861303006213, 0.528682528008, 0.00934492608289, 0.29734021217, 0.20758761758, 0.367583143964, 0.482649908974, 0.348028678666, 0.0309406876176, 0.196818057404, 0.186350868104, 0.248556345554, 0.114708184276, 3.55277774539
0.859053752341, 0.405963305294, 0.0337004927719, 0.734263230743, 0.655315342881, 0.0786194585874, 0.562068053437, 0.0483418665023, 0.027141383748, 0.542137389625, 0.394362545819, 0.101033263249, 0.437071387063, 0.187008804564, 0.95569994975, 0.262101289214, 0.140125552191, 0.906256456712, 0.776511139276, 0.219257654599, 0.0123859611525, 0.306681650649, 0.326277991506, 0.114751037871, 0.00188409016566, 0.430977660344, 0.550707987676, 0.480796073144, 0.0351369895749, 0.488217152633, 0.859053752341, 1.45286177129
0.859053752341, 0.405963305294, 0.0337004927719, 0.734263230743, 0.655315342881, 0.0786194585874, 0.562068053437, 0.0483418665023, 0.027141383748, 0.542137389625, 0.394362545819, 0.101033263249, 0.437071387063, 0.187008804564, 0.95569994975, 0.262101289214, 0.140125552191, 0.906256456712, 0.776511139276, 0.219257654599, 0.0123859611525, 0.306681650649, 0.326277991506, 0.114751037871, 0.00188409016566, 0.430977660344, 0.550707987676, 0.480796073144, 0.0351369895749, 0.488217152633, 0.859053752341, 1.45286177129
0.449459856073, 0.131260315981, 0.0654887264823, 0.661135331778, 0.190577884858, 0.780905429928, 0.494885221935, 0.903627593196, 0.495030603524, 0.410159755462, 0.736808878556, 0.458007155639, 0.65327306983, 0.772418592463, 0.146279221184, 0.0088554842639, 0.132542884456, 0.088988268721, 0.420376528192, 0.755829004175, 0.0240668735498, 0.796842218366, 0.267638421413, 0.825247195813, 0.117167808616, 0.0282967313845, 0.567739570452, 0.0441453528352, 0.418081260501, 0.383130124843, 0.449459856073, 2.75956364736
0.449459856073, 0.131260315981, 0.0654887264823, 0.661135331778, 0.190577884858, 0.780905429928, 0.494885221935, 0.903627593196, 0.495030603524, 0.410159755462, 0.736808878556, 0.458007155639, 0.65327306983, 0.772418592463, 0.146279221184, 0.0088554842639, 0.132542884456, 0.088988268721, 0.420376528192, 0.755829004175, 0.0240668735498, 0.796842218366, 0.267638421413, 0.825247195813, 0.117167808616, 0.0282967313845, 0.567739570452, 0.0441453528352, 0.418081260501, 0.383130124843, 0.449459856073, 2.75956364736
0.829554355276, 0.631646818856, 0.183848847, 0.381253626832, 0.915173840044, 0.0688979780013, 0.87430675021, 0.673395748677, 0.580651277573, 0.0515247933526, 0.955664831508, 0.483774210368, 0.726058758358, 0.180117204405, 0.114074062512, 0.562516659863, 0.339549729208, 0.628343253284, 0.0732363624193, 0.16471973785, 0.0913687091951, 0.479946373781, 0.410351180272, 0.270576346732, 0.150457615698, 0.0214666895414, 0.977060141314, 0.172423416161, 0.853879709229, 0.934805694488, 0.829554355276, 2.31453687814
0.829554355276, 0.631646818856, 0.183848847, 0.381253626832, 0.915173840044, 0.0688979780013, 0.87430675021, 0.673395748677, 0.580651277573, 0.0515247933526, 0.955664831508, 0.483774210368, 0.726058758358, 0.180117204405, 0.114074062512, 0.562516659863, 0.339549729208, 0.628343253284, 0.0732363624193, 0.16471973785, 0.0913687091951, 0.479946373781, 0.410351180272, 0.270576346732, 0.150457615698, 0.0214666895414, 0.977060141314, 0.172423416161, 0.853879709229, 0.934805694488, 0.829554355276, 2.31453687814
0.834644910097, 0.005138822573, 0.0437469914517, 0.000173863634259, 0.578936431052, 0.17880245084, 0.470088092864, 0.559829295444, 0.24585375023, 0.190126148782, 0.215622676747, 0.738651373257, 0.720676604939, 0.588726992134, 0.117529225588, 0.470367526215, 0.428506264114, 0.724677239255, 0.0734791627308, 0.222650344404, 0.636424989432, 0.100466964411, 0.967406822229, 0.972565165479, 0.884220909721, 0.762646260028, 0.237441783801, 0.599141065286, 0.162860270629, 0.493289037981, 0.834644910097, 2.09481348369
0.834644910097, 0.005138822573, 0.0437469914517, 0.000173863634259, 0.578936431052, 0.17880245084, 0.470088092864, 0.559829295444, 0.24585375023, 0.190126148782, 0.215622676747, 0.738651373257, 0.720676604939, 0.588726992134, 0.117529225588, 0.470367526215, 0.428506264114, 0.724677239255, 0.0734791627308, 0.222650344404, 0.636424989432, 0.100466964411, 0.967406822229, 0.972565165479, 0.884220909721, 0.762646260028, 0.237441783801, 0.599141065286, 0.162860270629, 0.493289037981, 0.834644910097, 2.09481348369
0.690661713795, 0.285387382717, 0.514682721236, 0.463343953575, 0.595391323896, 0.334505022037, 0.108212428245, 0.185708731613, 0.197352856767, 0.856244495594, 0.731802164723, 0.00382810387663, 0.437572062021, 0.068732922307, 0.652296842335, 0.939624232157, 0.669462828421, 0.477288587345, 0.00478708925715, 0.130429513958, 0.0785220751253, 0.55652629769, 0.0946894219964, 0.192861209907, 0.624668433799, 0.156735686038, 0.599601528659, 0.0347551693042, 0.0377088690869, 0.496203982244, 0.690661713795, 2.35105296128
0.690661713795, 0.285387382717, 0.514682721236, 0.463343953575, 0.595391323896, 0.334505022037, 0.108212428245, 0.185708731613, 0.197352856767, 0.856244495594, 0.731802164723, 0.00382810387663, 0.437572062021, 0.068732922307, 0.652296842335, 0.939624232157, 0.669462828421, 0.477288587345, 0.00478708925715, 0.130429513958, 0.0785220751253, 0.55652629769, 0.0946894219964, 0.192861209907, 0.624668433799, 0.156735686038, 0.599601528659, 0.0347551693042, 0.0377088690869, 0.496203982244, 0.690661713795, 2.35105296128
0.266917384188, 0.0380958325042, 0.288837174194, 0.00353051311292, 0.109554712853, 0.527046621242, 0.00904881906753, 0.187858646297, 0.049627467834, 0.472957467851, 0.699961750257, 0.0860278140429, 0.505152342071, 0.61339656797, 0.102950156493, 0.101282616233, 0.893138829568, 0.168585771824, 0.637516130115, 0.415821261885, 0.274056480135, 0.212189392017, 0.554990658133, 0.127287978441, 0.147112234249, 0.512865859945, 0.87844988001, 0.223494532165, 0.399013551908, 0.571181403704, 0.266917384188, 2.77565266649
0.266917384188, 0.0380958325042, 0.288837174194, 0.00353051311292, 0.109554712853, 0.527046621242, 0.00904881906753, 0.187858646297, 0.049627467834, 0.472957467851, 0.699961750257, 0.0860278140429, 0.505152342071, 0.61339656797, 0.102950156493, 0.101282616233, 0.893138829568, 0.168585771824, 0.637516130115, 0.415821261885, 0.274056480135, 0.212189392017, 0.554990658133, 0.127287978441, 0.147112234249, 0.512865859945, 0.87844988001, 0.223494532165, 0.399013551908, 0.571181403704, 0.266917384188, 2.77565266649
0.00874130231058, 0.353017797985, 0.95515502975, 0.560346089646, 0.0774138570776, 0.787639409788, 0.346604780349, 0.367955112679, 0.442204416062, 0.094846651863, 0.824052791886, 0.182755230159, 0.103983843703, 0.113303805824, 0.325281889492, 0.419648838065, 0.294002940681, 0.187580243079, 0.0109839419038, 0.403607517925, 0.20292882542, 0.58717934322, 0.206000579845, 0.644042042847, 0.232731407347, 0.566540100502, 0.57238646868, 0.412796253671, 0.748135295926, 0.6275830163, 0.00874130231058, 4.41249937493
0.00874130231058, 0.353017797985, 0.95515502975, 0.560346089646, 0.0774138570776, 0.787639409788, 0.346604780349, 0.367955112679, 0.442204416062, 0.094846651863, 0.824052791886, 0.182755230159, 0.103983843703, 0.113303805824, 0.325281889492, 0.419648838065, 0.294002940681, 0.187580243079, 0.0109839419038, 0.403607517925, 0.20292882542, 0.58717934322, 0.206000579845, 0.644042042847, 0.232731407347, 0.566540100502, 0.57238646868, 0.412796253671, 0.748135295926, 0.6275830163, 0.00874130231058, 4.41249937493
0.196187645789, 0.0273258134156, 0.514682721236, 0.463343953575, 0.333859101099, 0.334505022037, 0.108212428245, 0.164090258627, 0.0481846075923, 0.856244495594, 0.731802164723, 0.00382810387663, 0.211923168017, 0.068732922307, 0.652296842335, 0.435022650947, 0.148380346856, 0.477288587345, 0.00478708925715, 0.34818662673, 0.0785220751253, 0.55652629769, 0.0946894219964, 0.446798455046, 0.581912490181, 0.0849376510178, 0.599601528659, 0.0347551693042, 0.0377088690869, 0.51502260169, 0.196187645789, 2.94376844838
0.196187645789, 0.0273258134156, 0.514682721236, 0.463343953575, 0.333859101099, 0.334505022037, 0.108212428245, 0.164090258627, 0.0481846075923, 0.856244495594, 0.731802164723, 0.00382810387663, 0.211923168017, 0.068732922307, 0.652296842335, 0.435022650947, 0.148380346856, 0.477288587345, 0.00478708925715, 0.34818662673, 0.0785220751253, 0.55652629769, 0.0946894219964, 0.446798455046, 0.581912490181, 0.0849376510178, 0.599601528659, 0.0347551693042, 0.0377088690869, 0.51502260169, 0.196187645789, 2.94376844838
0.00240014088486, 0.353017797985, 0.702955376969, 0.560346089646, 0.00738256329633, 0.879022365828, 0.346604780349, 0.45376493126, 0.311447786983, 0.0880680703628, 0.926876704639, 0.629545550903, 0.193891253141, 0.140664832978, 0.325281889492, 0.502659051933, 0.124703870742, 0.11330565656, 0.430610746349, 0.00340440296777, 0.20292882542, 0.58717934322, 0.862751993366, 0.086267785606, 0.104806301109, 0.451839319647, 0.105219391577, 0.999979582101, 0.491466421504, 0.6275830163, 0.00240014088486, 4.49890974728
0.00240014088486, 0.353017797985, 0.702955376969, 0.560346089646, 0.00738256329633, 0.879022365828, 0.346604780349, 0.45376493126, 0.311447786983, 0.0880680703628, 0.926876704639, 0.629545550903, 0.193891253141, 0.140664832978, 0.325281889492, 0.502659051933, 0.124703870742, 0.11330565656, 0.430610746349, 0.00340440296777, 0.20292882542, 0.58717934322, 0.862751993366, 0.086267785606, 0.104806301109, 0.451839319647, 0.105219391577, 0.999979582101, 0.491466421504, 0.6275830163, 0.00240014088486, 4.49890974728
0.484558609226, 0.0273258134156, 0.514682721236, 0.463343953575, 0.0557235673093, 0.334505022037, 0.108212428245, 0.185708731613, 0.197352856767, 0.856244495594, 0.731802164723, 0.00382810387663, 0.211923168017, 0.068732922307, 0.652296842335, 0.9503969916, 0.669462828421, 0.355068582234, 0.617904984137, 0.130429513958, 0.0785220751253, 0.55652629769, 0.0946894219964, 0.626164671202, 0.624668433799, 0.0359871509538, 0.599601528659, 0.0347551693042, 0.0338639334528, 0.496203982244, 0.484558609226, 2.54870510017
0.484558609226, 0.0273258134156, 0.514682721236, 0.463343953575, 0.0557235673093, 0.334505022037, 0.108212428245, 0.185708731613, 0.197352856767, 0.856244495594, 0.731802164723, 0.00382810387663, 0.211923168017, 0.068732922307, 0.652296842335, 0.9503969916, 0.669462828421, 0.355068582234, 0.617904984137, 0.130429513958, 0.0785220751253, 0.55652629769, 0.0946894219964, 0.626164671202, 0.624668433799, 0.0359871509538, 0.599601528659, 0.0347551693042, 0.0338639334528, 0.496203982244, 0.484558609226, 2.54870510017
0.607231004107, 0.344887025866, 0.101719735854, 0.0648119280331, 0.29038909384, 0.208212727597, 0.676773904826, 0.621139007655, 0.0545400295327, 0.309418186261, 0.874749210396, 0.533587603332, 0.417041650945, 0.245872093914, 0.257181127227, 0.132081252577, 0.214405709881, 0.613903527191, 0.631808273511, 0.84351255648, 0.769587191995, 0.105287912432, 0.146224176814, 0.318507678437, 0.346939712081, 0.516249769095, 0.0239991605985, 0.167473806249, 0.291414704411, 0.321429936016, 0.607231004107, 2.49945726426
0.607231004107, 0.344887025866, 0.101719735854, 0.0648119280331, 0.29038909384, 0.208212727597, 0.676773904826, 0.621139007655, 0.0545400295327, 0.309418186261, 0.874749210396, 0.533587603332, 0.417041650945, 0.245872093914, 0.257181127227, 0.132081252577, 0.214405709881, 0.613903527191, 0.631808273511, 0.84351255648, 0.769587191995, 0.105287912432, 0.146224176814, 0.318507678437, 0.346939712081, 0.516249769095, 0.0239991605985, 0.167473806249, 0.291414704411, 0.321429936016, 0.607231004107, 2.49945726426
0.0418611027915, 0.436915850325, 0.503411395818, 0.138136437099, 0.665228642507, 0.263350162993, 0.219262006738, 0.187858646297, 0.049627467834, 0.184523172342, 0.002596061466, 0.324165088487, 0.505152342071, 0.849401479796, 0.0692348286167, 0.126895028444, 0.893138829568, 0.281196940672, 0.89826710603, 0.63371490318, 0.274056480135, 0.0737337776289, 0.554990658133, 0.257170245473, 0.00231618920274, 0.333945103256, 0.777777163017, 0.112903769827, 0.540711231206, 0.43031743016, 0.0418611027915, 3.82244778546
0.0418611027915, 0.436915850325, 0.503411395818, 0.138136437099, 0.665228642507, 0.263350162993, 0.219262006738, 0.187858646297, 0.049627467834, 0.184523172342, 0.002596061466, 0.324165088487, 0.505152342071, 0.849401479796, 0.0692348286167, 0.126895028444, 0.893138829568, 0.281196940672, 0.89826710603, 0.63371490318, 0.274056480135, 0.0737337776289, 0.554990658133, 0.257170245473, 0.00231618920274, 0.333945103256, 0.777777163017, 0.112903769827, 0.540711231206, 0.43031743016, 0.0418611027915, 3.82244778546
0.0352159677994, 0.016795285574, 0.169012715554, 0.237399986107, 0.331614620934, 0.00903231376135, 0.108889810819, 0.495041223014, 0.847023376038, 0.727455273643, 0.633385577414, 0.0227809294912, 0.751904218612, 0.182549916726, 0.796258408311, 0.306109643966, 0.368451122417, 0.142730936277, 0.694636160426, 0.347718865323, 0.190804054661, 0.0298801048714, 0.0470990271479, 0.336842917072, 0.872947352558, 0.121634545162, 0.215125173015, 0.511962500349, 0.369215281711, 0.971838010482, 0.0352159677994, 3.94540661328
0.0352159677994, 0.016795285574, 0.169012715554, 0.237399986107, 0.331614620934, 0.00903231376135, 0.108889810819, 0.495041223014, 0.847023376038, 0.727455273643, 0.633385577414, 0.0227809294912, 0.751904218612, 0.182549916726, 0.796258408311, 0.306109643966, 0.368451122417, 0.142730936277, 0.694636160426, 0.347718865323, 0.190804054661, 0.0298801048714, 0.0470990271479, 0.336842917072, 0.872947352558, 0.121634545162, 0.215125173015, 0.511962500349, 0.369215281711, 0.971838010482, 0.0352159677994, 3.94540661328
0.844451513061, 0.825494046916, 0.777090969712, 0.0815634372861, 0.0256005262988, 0.390723625102, 0.0154992571494, 0.395389358928, 0.865480753823, 0.65848458316, 0.27749101156, 0.0381636748479, 0.218148082439, 0.190242493864, 0.435067952294, 0.331119639197, 0.926226924111, 0.869527653902, 0.683708665951, 0.0708145532702, 0.520180534581, 0.614878540692, 0.0640159194132, 0.84979179558, 0.0662218383796, 0.493152345829, 0.160719300899, 0.383281222765, 0.0219960403681, 0.241795148634, 0.844451513061, 1.77108197039
0.844451513061, 0.825494046916, 0.777090969712, 0.0815634372861, 0.0256005262988, 0.390723625102, 0.0154992571494, 0.395389358928, 0.865480753823, 0.65848458316, 0.27749101156, 0.0381636748479, 0.218148082439, 0.190242493864, 0.435067952294, 0.331119639197, 0.926226924111, 0.869527653902, 0.683708665951, 0.0708145532702, 0.520180534581, 0.614878540692, 0.0640159194132, 0.84979179558, 0.0662218383796, 0.493152345829, 0.160719300899, 0.383281222765, 0.0219960403681, 0.241795148634, 0.844451513061, 1.77108197039
0.834781681034, 0.0421274421276, 0.876174687355, 0.350285234904, 0.989930591793, 0.0786194585874, 0.562068053437, 0.0157482362966, 0.027141383748, 0.989825455316, 0.394362545819, 0.101033263249, 0.284945520605, 0.412935112403, 0.95569994975, 0.262101289214, 0.362267857683, 0.416476217064, 0.776511139276, 0.219257654599, 0.235540787896, 0.66267986547, 0.326277991506, 0.166418872625, 0.00188409016566, 0.430977660344, 0.550707987676, 0.480796073144, 0.0351369895749, 0.488217152633, 0.834781681034, 1.87387738885
0.834781681034, 0.0421274421276, 0.876174687355, 0.350285234904, 0.989930591793, 0.0786194585874, 0.562068053437, 0.0157482362966, 0.027141383748, 0.989825455316, 0.394362545819, 0.101033263249, 0.284945520605, 0.412935112403, 0.95569994975, 0.262101289214, 0.362267857683, 0.416476217064, 0.776511139276, 0.219257654599, 0.235540787896, 0.66267986547, 0.326277991506, 0.166418872625, 0.00188409016566, 0.430977660344, 0.550707987676, 0.480796073144, 0.0351369895749, 0.488217152633, 0.834781681034, 1.87387738885
0.129721556392, 0.353321311316, 0.0913982492344, 0.208042196705, 0.268207602093, 0.208212727597, 0.367217639411, 0.621139007655, 0.0545400295327, 0.309418186261, 0.874749210396, 0.533587603332, 0.417041650945, 0.462993433434, 0.0725298580421, 0.383457639763, 0.214405709881, 0.613903527191, 0.381189993048, 0.280946933925, 0.343520802348, 0.108738137123, 0.089479280407, 0.318507678437, 0.346939712081, 0.579729083755, 0.0185638717331, 0.176040703378, 0.291414704411, 0.321429936016, 0.129721556392, 3.28347331231
0.129721556392, 0.353321311316, 0.0913982492344, 0.208042196705, 0.268207602093, 0.208212727597, 0.367217639411, 0.621139007655, 0.0545400295327, 0.309418186261, 0.874749210396, 0.533587603332, 0.417041650945, 0.462993433434, 0.0725298580421, 0.383457639763, 0.214405709881, 0.613903527191, 0.381189993048, 0.280946933925, 0.343520802348, 0.108738137123, 0.089479280407, 0.318507678437, 0.346939712081, 0.579729083755, 0.0185638717331, 0.176040703378, 0.291414704411, 0.321429936016, 0.129721556392, 3.28347331231
0.114708184276, 0.795011197415, 0.52638246065, 0.478351730072, 0.381473960831, 0.325663539433, 0.0100394154041, 0.424071533558, 0.676417659199, 0.0175714893588, 0.919459206615, 0.69923415248, 0.281004125078, 0.264078201213, 0.584141458052, 0.118066130995, 0.683517447205, 0.456380351625, 0.353457680467, 0.369689267281, 0.120700293913, 0.288217056927, 0.20758761758, 0.367583143964, 0.482649908974, 0.348028678666, 0.0564564327893, 0.196818057404, 0.186350868104, 0.0307072182334, 0.114708184276, 3.65331964919
0.114708184276, 0.795011197415, 0.52638246065, 0.478351730072, 0.381473960831, 0.325663539433, 0.0100394154041, 0.424071533558, 0.676417659199, 0.0175714893588, 0.919459206615, 0.69923415248, 0.281004125078, 0.264078201213, 0.584141458052, 0.118066130995, 0.683517447205, 0.456380351625, 0.353457680467, 0.369689267281, 0.120700293913, 0.288217056927, 0.20758761758, 0.367583143964, 0.482649908974, 0.348028678666, 0.0564564327893, 0.196818057404, 0.186350868104, 0.0307072182334, 0.114708184276, 3.65331964919
0.834644910097, 0.00583092172741, 0.101439539816, 0.000173863634259, 0.578936431052, 0.17880245084, 0.470088092864, 0.559829295444, 0.24585375023, 0.190126148782, 0.215622676747, 0.738651373257, 0.720676604939, 0.588726992134, 0.117529225588, 0.887028261314, 0.428506264114, 0.408949140758, 0.471392936254, 0.222650344404, 0.636424989432, 0.100466964411, 0.967406822229, 0.972565165479, 0.884220909721, 0.762646260028, 0.237441783801, 0.599141065286, 0.293162296652, 0.493289037981, 0.834644910097, 2.26438326493
0.834644910097, 0.00583092172741, 0.101439539816, 0.000173863634259, 0.578936431052, 0.17880245084, 0.470088092864, 0.559829295444, 0.24585375023, 0.190126148782, 0.215622676747, 0.738651373257, 0.720676604939, 0.588726992134, 0.117529225588, 0.887028261314, 0.428506264114, 0.408949140758, 0.471392936254, 0.222650344404, 0.636424989432, 0.100466964411, 0.967406822229, 0.972565165479, 0.884220909721, 0.762646260028, 0.237441783801, 0.599141065286, 0.293162296652, 0.493289037981, 0.834644910097, 2.26438326493
0.690661713795, 0.312232752905, 0.514682721236, 0.463343953575, 0.595391323896, 0.334505022037, 0.108212428245, 0.134719513935, 0.197352856767, 0.856244495594, 0.731802164723, 0.00382810387663, 0.437572062021, 0.068732922307, 0.652296842335, 0.939624232157, 0.669462828421, 0.477288587345, 0.00478708925715, 0.130429513958, 0.0785220751253, 0.55652629769, 0.0946894219964, 0.446798455046, 0.624668433799, 0.159546905537, 0.599601528659, 0.0347551693042, 0.0377088690869, 0.496203982244, 0.690661713795, 2.40878125046
0.690661713795, 0.312232752905, 0.514682721236, 0.463343953575, 0.595391323896, 0.334505022037, 0.108212428245, 0.134719513935, 0.197352856767, 0.856244495594, 0.731802164723, 0.00382810387663, 0.437572062021, 0.068732922307, 0.652296842335, 0.939624232157, 0.669462828421, 0.477288587345, 0.00478708925715, 0.130429513958, 0.0785220751253, 0.55652629769, 0.0946894219964, 0.446798455046, 0.624668433799, 0.159546905537, 0.599601528659, 0.0347551693042, 0.0377088690869, 0.496203982244, 0.690661713795, 2.40878125046
0.449459856073, 0.131260315981, 0.0654887264823, 0.661135331778, 0.190577884858, 0.806375961076, 0.494885221935, 0.903627593196, 0.170654598811, 0.410159755462, 0.736808878556, 0.458007155639, 0.65327306983, 0.772418592463, 0.146279221184, 0.0560523004754, 0.139519374672, 0.458586119456, 0.420376528192, 0.755829004175, 0.0240668735498, 0.796842218366, 0.267638421413, 0.459502996175, 0.116784877115, 0.0282967313845, 0.567739570452, 0.0441453528352, 0.541345269326, 0.839609732505, 0.449459856073, 2.84838114161
0.449459856073, 0.131260315981, 0.0654887264823, 0.661135331778, 0.190577884858, 0.806375961076, 0.494885221935, 0.903627593196, 0.170654598811, 0.410159755462, 0.736808878556, 0.458007155639, 0.65327306983, 0.772418592463, 0.146279221184, 0.0560523004754, 0.139519374672, 0.458586119456, 0.420376528192, 0.755829004175, 0.0240668735498, 0.796842218366, 0.267638421413, 0.459502996175, 0.116784877115, 0.0282967313845, 0.567739570452, 0.0441453528352, 0.541345269326, 0.839609732505, 0.449459856073, 2.84838114161
0.0171231852106, 0.130442496342, 0.205393417699, 0.237399986107, 0.483404185684, 0.118832559316, 0.0915896853623, 0.937202643916, 0.906397350575, 0.944140680086, 0.633385577414, 0.00280508119939, 0.933394860847, 0.0568518059281, 0.693019295059, 0.344576064762, 0.289156325624, 0.142730936277, 0.713583660788, 0.227987509459, 0.490366548682, 0.0298801048714, 0.554134787252, 0.336842917072, 0.416770779982, 0.121634545162, 0.215125173015, 0.511962500349, 0.372597482438, 0.971838010482, 0.0171231852106, 4.46509866353
0.0171231852106, 0.130442496342, 0.205393417699, 0.237399986107, 0.483404185684, 0.118832559316, 0.0915896853623, 0.937202643916, 0.906397350575, 0.944140680086, 0.633385577414, 0.00280508119939, 0.933394860847, 0.0568518059281, 0.693019295059, 0.344576064762, 0.289156325624, 0.142730936277, 0.713583660788, 0.227987509459, 0.490366548682, 0.0298801048714, 0.554134787252, 0.336842917072, 0.416770779982, 0.121634545162, 0.215125173015, 0.511962500349, 0.372597482438, 0.971838010482, 0.0171231852106, 4.46509866353
0.0232856819532, 0.157312436714, 0.205393417699, 0.221101913855, 0.483404185684, 0.118832559316, 0.0915896853623, 0.937202643916, 0.906397350575, 0.969868820178, 0.633385577414, 0.00226343283993, 0.751904218612, 0.0666387238431, 0.693019295059, 0.306109643966, 0.289156325624, 0.142730936277, 0.879495739759, 0.233811978448, 0.490366548682, 0.0298801048714, 0.554134787252, 0.0672811870926, 0.872947352558, 0.121634545162, 0.0030025667743, 0.511962500349, 0.416479419275, 0.971838010482, 0.0232856819532, 4.41558880315
0.0232856819532, 0.157312436714, 0.205393417699, 0.221101913855, 0.483404185684, 0.118832559316, 0.0915896853623, 0.937202643916, 0.906397350575, 0.969868820178, 0.633385577414, 0.00226343283993, 0.751904218612, 0.0666387238431, 0.693019295059, 0.306109643966, 0.289156325624, 0.142730936277, 0.879495739759, 0.233811978448, 0.490366548682, 0.0298801048714, 0.554134787252, 0.0672811870926, 0.872947352558, 0.121634545162, 0.0030025667743, 0.511962500349, 0.416479419275, 0.971838010482, 0.0232856819532, 4.41558880315
0.196187645789, 0.0273258134156, 0.514682721236, 0.463343953575, 0.333859101099, 0.340123957886, 0.108212428245, 0.164090258627, 0.0481846075923, 0.856244495594, 0.731802164723, 0.00382810387663, 0.211923168017, 0.068732922307, 0.652296842335, 0.435022650947, 0.148380346856, 0.477288587345, 0.00478708925715, 0.443678370332, 0.0785220751253, 0.55652629769, 0.0946894219964, 0.446798455046, 0.581912490181, 0.0849376510178, 0.599601528659, 0.0347551693042, 0.0377088690869, 0.51502260169, 0.196187645789, 2.97158141229
0.196187645789, 0.0273258134156, 0.514682721236, 0.463343953575, 0.333859101099, 0.340123957886, 0.108212428245, 0.164090258627, 0.0481846075923, 0.856244495594, 0.731802164723, 0.00382810387663, 0.211923168017, 0.068732922307, 0.652296842335, 0.435022650947, 0.148380346856, 0.477288587345, 0.00478708925715, 0.443678370332, 0.0785220751253, 0.55652629769, 0.0946894219964, 0.446798455046, 0.581912490181, 0.0849376510178, 0.599601528659, 0.0347551693042, 0.0377088690869, 0.51502260169, 0.196187645789, 2.97158141229
0.00240014088486, 0.353017797985, 0.612960402415, 0.576697941237, 0.0774138570776, 0.879022365828, 0.346604780349, 0.45376493126, 0.311447786983, 0.094846651863, 0.926876704639, 0.629545550903, 0.193891253141, 0.113303805824, 0.325281889492, 0.502659051933, 0.294002940681, 0.11330565656, 0.454928536731, 0.091265060178, 0.20292882542, 0.58717934322, 0.862751993366, 0.086267785606, 0.104806301109, 0.451839319647, 0.105219391577, 0.999943202419, 0.491466421504, 0.571102505929, 0.00240014088486, 4.5605076476
0.00240014088486, 0.353017797985, 0.612960402415, 0.576697941237, 0.0774138570776, 0.879022365828, 0.346604780349, 0.45376493126, 0.311447786983, 0.094846651863, 0.926876704639, 0.629545550903, 0.193891253141, 0.113303805824, 0.325281889492, 0.502659051933, 0.294002940681, 0.11330565656, 0.454928536731, 0.091265060178, 0.20292882542, 0.58717934322, 0.862751993366, 0.086267785606, 0.104806301109, 0.451839319647, 0.105219391577, 0.999943202419, 0.491466421504, 0.571102505929, 0.00240014088486, 4.5605076476
0.484558609226, 0.128079223285, 0.514682721236, 0.463343953575, 0.0252985681554, 0.334505022037, 0.108212428245, 0.185708731613, 0.197352856767, 0.908558351275, 0.731802164723, 0.00382810387663, 0.211923168017, 0.0669390176881, 0.398918695804, 0.9503969916, 0.669462828421, 0.477288587345, 0.00478708925715, 0.130429513958, 0.0785220751253, 0.55652629769, 0.0946894219964, 0.941007077482, 0.624668433799, 0.135187029521, 0.599601528659, 0.583776523313, 0.0377088690869, 0.496203982244, 0.484558609226, 2.63731558803
0.484558609226, 0.128079223285, 0.514682721236, 0.463343953575, 0.0252985681554, 0.334505022037, 0.108212428245, 0.185708731613, 0.197352856767, 0.908558351275, 0.731802164723, 0.00382810387663, 0.211923168017, 0.0669390176881, 0.398918695804, 0.9503969916, 0.669462828421, 0.477288587345, 0.00478708925715, 0.130429513958, 0.0785220751253, 0.55652629769, 0.0946894219964, 0.941007077482, 0.624668433799, 0.135187029521, 0.599601528659, 0.583776523313, 0.0377088690869, 0.496203982244, 0.484558609226, 2.63731558803
0.607231004107, 0.344887025866, 0.0913982492344, 0.0648119280331, 0.29038909384, 0.50311343901, 0.676773904826, 0.500315361548, 0.0545400295327, 0.309418186261, 0.960068835056, 0.533587603332, 0.417041650945, 0.245872093914, 0.257181127227, 0.132081252577, 0.214405709881, 0.613903527191, 0.631808273511, 0.84351255648, 0.769587191995, 0.105287912432, 0.146224176814, 0.318507678437, 0.346939712081, 0.579729083755, 0.0239991605985, 0.167473806249, 0.291414704411, 0.321429936016, 0.607231004107, 2.57820865817
0.607231004107, 0.344887025866, 0.0913982492344, 0.0648119280331, 0.29038909384, 0.50311343901, 0.676773904826, 0.500315361548, 0.0545400295327, 0.309418186261, 0.960068835056, 0.533587603332, 0.417041650945, 0.245872093914, 0.257181127227, 0.132081252577, 0.214405709881, 0.613903527191, 0.631808273511, 0.84351255648, 0.769587191995, 0.105287912432, 0.146224176814, 0.318507678437, 0.346939712081, 0.579729083755, 0.0239991605985, 0.167473806249, 0.291414704411, 0.321429936016, 0.607231004107, 2.57820865817
0.0418611027915, 0.910643456405, 0.503411395818, 0.00599337023161, 0.499605105073, 0.271616537694, 0.155873846747, 0.187858646297, 0.049627467834, 0.0994032167353, 0.163503608759, 0.583142790126, 0.748422730601, 0.308086367975, 0.0692348286167, 0.126895028444, 0.893138829568, 0.281196940672, 0.89826710603, 0.63371490318, 0.176153240625, 0.204177610704, 0.554990658133, 0.0738981706437, 0.00154531956899, 0.333945103256, 0.777777163017, 0.153439587108, 0.540711231206, 0.43031743016, 0.0418611027915, 3.83619388402
0.0418611027915, 0.910643456405, 0.503411395818, 0.00599337023161, 0.499605105073, 0.271616537694, 0.155873846747, 0.187858646297, 0.049627467834, 0.0994032167353, 0.163503608759, 0.583142790126, 0.748422730601, 0.308086367975, 0.0692348286167, 0.126895028444, 0.893138829568, 0.281196940672, 0.89826710603, 0.63371490318, 0.176153240625, 0.204177610704, 0.554990658133, 0.0738981706437, 0.00154531956899, 0.333945103256, 0.777777163017, 0.153439587108, 0.540711231206, 0.43031743016, 0.0418611027915, 3.83619388402
0.0352159677994, 0.41118706693, 0.169758219683, 0.237399986107, 0.483404185684, 0.130917771803, 0.00223280428819, 0.495041223014, 0.303379052998, 0.96493745746, 0.633385577414, 0.0149409405932, 0.83160953116, 0.182549916726, 0.527415421895, 0.306109643966, 0.406737051235, 0.142730936277, 0.713583660788, 0.347718865323, 0.490366548682, 0.0298801048714, 0.528890008288, 0.336842917072, 0.872947352558, 0.121634545162, 0.0971191530611, 0.511962500349, 0.568263273171, 0.989739682462, 0.0352159677994, 4.2410338732
0.0352159677994, 0.41118706693, 0.169758219683, 0.237399986107, 0.483404185684, 0.130917771803, 0.00223280428819, 0.495041223014, 0.303379052998, 0.96493745746, 0.633385577414, 0.0149409405932, 0.83160953116, 0.182549916726, 0.527415421895, 0.306109643966, 0.406737051235, 0.142730936277, 0.713583660788, 0.347718865323, 0.490366548682, 0.0298801048714, 0.528890008288, 0.336842917072, 0.872947352558, 0.121634545162, 0.0971191530611, 0.511962500349, 0.568263273171, 0.989739682462, 0.0352159677994, 4.2410338732
0.844451513061, 0.825494046916, 0.777090969712, 0.374907725284, 0.0256005262988, 0.302245651679, 0.0014474020512, 0.395389358928, 0.921554870409, 0.0837105444691, 0.436238702014, 0.0381636748479, 0.141562642512, 0.371208596129, 0.435067952294, 0.0494167924217, 0.781956502119, 0.869527653902, 0.622568220606, 0.0708145532702, 0.737180548458, 0.614878540692, 0.0640159194132, 0.843107843642, 0.118506994044, 0.343948513362, 0.0768716306924, 0.383281222765, 0.415534078838, 0.371000132673, 0.844451513061, 1.77118475551
0.844451513061, 0.825494046916, 0.777090969712, 0.374907725284, 0.0256005262988, 0.302245651679, 0.0014474020512, 0.395389358928, 0.921554870409, 0.0837105444691, 0.436238702014, 0.0381636748479, 0.141562642512, 0.371208596129, 0.435067952294, 0.0494167924217, 0.781956502119, 0.869527653902, 0.622568220606, 0.0708145532702, 0.737180548458, 0.614878540692, 0.0640159194132, 0.843107843642, 0.118506994044, 0.343948513362, 0.0768716306924, 0.383281222765, 0.415534078838, 0.371000132673, 0.844451513061, 1.77118475551
0.834781681034, 0.0421274421276, 0.0337004927719, 0.734263230743, 0.655315342881, 0.0786194585874, 0.562068053437, 0.0483418665023, 0.027141383748, 0.542137389625, 0.677401379584, 0.101033263249, 0.772081111784, 0.187008804564, 0.95569994975, 0.906795660323, 0.774076139024, 0.970020559377, 0.776511139276, 0.219257654599, 0.218924160396, 0.66267986547, 0.326277991506, 0.114751037871, 0.00188409016566, 0.430977660344, 0.550707987676, 0.271902123356, 0.0351369895749, 0.488217152633, 0.834781681034, 2.03759059326
0.834781681034, 0.0421274421276, 0.0337004927719, 0.734263230743, 0.655315342881, 0.0786194585874, 0.562068053437, 0.0483418665023, 0.027141383748, 0.542137389625, 0.677401379584, 0.101033263249, 0.772081111784, 0.187008804564, 0.95569994975, 0.906795660323, 0.774076139024, 0.970020559377, 0.776511139276, 0.219257654599, 0.218924160396, 0.66267986547, 0.326277991506, 0.114751037871, 0.00188409016566, 0.430977660344, 0.550707987676, 0.271902123356, 0.0351369895749, 0.488217152633, 0.834781681034, 2.03759059326
0.129721556392, 0.353321311316, 0.0913982492344, 0.208042196705, 0.263730415458, 0.208212727597, 0.367217639411, 0.621139007655, 0.0545400295327, 0.192356891357, 0.874749210396, 0.533587603332, 0.417041650945, 0.0200614157955, 0.0340374113693, 0.383457639763, 0.113005342015, 0.613903527191, 0.761803856209, 0.280946933925, 0.769587191995, 0.108738137123, 0.186834222631, 0.318507678437, 0.346939712081, 0.579729083755, 0.0185638717331, 0.176040703378, 0.291414704411, 0.321429936016, 0.129721556392, 3.33980445908
0.129721556392, 0.353321311316, 0.0913982492344, 0.208042196705, 0.263730415458, 0.208212727597, 0.367217639411, 0.621139007655, 0.0545400295327, 0.192356891357, 0.874749210396, 0.533587603332, 0.417041650945, 0.0200614157955, 0.0340374113693, 0.383457639763, 0.113005342015, 0.613903527191, 0.761803856209, 0.280946933925, 0.769587191995, 0.108738137123, 0.186834222631, 0.318507678437, 0.346939712081, 0.579729083755, 0.0185638717331, 0.176040703378, 0.291414704411, 0.321429936016, 0.129721556392, 3.33980445908
0.819108298623, 0.682663323368, 0.700611566421, 0.0717293526992, 0.24325595499, 0.739696668947, 0.109485871966, 0.58720200774, 0.070376987266, 0.905976413701, 0.871776958659, 0.688623138077, 0.0401850412919, 0.387000815462, 0.555682354211, 0.251256934323, 0.113312172701, 0.947988341383, 0.0633564683809, 0.855602227423, 0.0385504195309, 0.554274225242, 0.149008737646, 0.460150731456, 0.686637451175, 0.104986472071, 0.345527411137, 0.458993153928, 0.442368089554, 0.582868468178, 0.819108298623, 2.46908486246
0.819108298623, 0.682663323368, 0.700611566421, 0.0717293526992, 0.24325595499, 0.739696668947, 0.109485871966, 0.58720200774, 0.070376987266, 0.905976413701, 0.871776958659, 0.688623138077, 0.0401850412919, 0.387000815462, 0.555682354211, 0.251256934323, 0.113312172701, 0.947988341383, 0.0633564683809, 0.855602227423, 0.0385504195309, 0.554274225242, 0.149008737646, 0.460150731456, 0.686637451175, 0.104986472071, 0.345527411137, 0.458993153928, 0.442368089554, 0.582868468178, 0.819108298623, 2.46908486246
0.810805168106, 0.00583092172741, 0.101439539816, 0.000173863634259, 0.578936431052, 0.146521625007, 0.470088092864, 0.559829295444, 0.24585375023, 0.0481424055604, 0.215622676747, 0.938752539941, 0.720676604939, 0.588726992134, 0.082377150426, 0.470367526215, 0.428506264114, 0.352695850755, 0.0734791627308, 0.222650344404, 0.636424989432, 0.284061657353, 0.967406822229, 0.972565165479, 0.884220909721, 0.774476546504, 0.136549785922, 0.599141065286, 0.293162296652, 0.493289037981, 0.810805168106, 2.56896358762
0.810805168106, 0.00583092172741, 0.101439539816, 0.000173863634259, 0.578936431052, 0.146521625007, 0.470088092864, 0.559829295444, 0.24585375023, 0.0481424055604, 0.215622676747, 0.938752539941, 0.720676604939, 0.588726992134, 0.082377150426, 0.470367526215, 0.428506264114, 0.352695850755, 0.0734791627308, 0.222650344404, 0.636424989432, 0.284061657353, 0.967406822229, 0.972565165479, 0.884220909721, 0.774476546504, 0.136549785922, 0.599141065286, 0.293162296652, 0.493289037981, 0.810805168106, 2.56896358762
0.449459856073, 0.131260315981, 0.0654887264823, 0.661135331778, 0.190577884858, 0.780905429928, 0.494885221935, 0.903627593196, 0.495030603524, 0.410159755462, 0.736808878556, 0.458007155639, 0.65327306983, 0.772418592463, 0.146279221184, 0.189006542704, 0.325106228217, 0.088988268721, 0.0174835447238, 0.755829004175, 0.0240668735498, 0.796842218366, 0.267638421413, 0.825247195813, 0.0836502954162, 0.0282967313845, 0.567739570452, 0.0441453528352, 0.418081260501, 0.839609732505, 0.449459856073, 2.86264650757
0.449459856073, 0.131260315981, 0.0654887264823, 0.661135331778, 0.190577884858, 0.780905429928, 0.494885221935, 0.903627593196, 0.495030603524, 0.410159755462, 0.736808878556, 0.458007155639, 0.65327306983, 0.772418592463, 0.146279221184, 0.189006542704, 0.325106228217, 0.088988268721, 0.0174835447238, 0.755829004175, 0.0240668735498, 0.796842218366, 0.267638421413, 0.825247195813, 0.0836502954162, 0.0282967313845, 0.567739570452, 0.0441453528352, 0.418081260501, 0.839609732505, 0.449459856073, 2.86264650757
0.00240014088486, 0.353017797985, 0.437859068537, 0.560346089646, 0.0774138570776, 0.879022365828, 0.346604780349, 0.45376493126, 0.311447786983, 0.094846651863, 0.926876704639, 0.629545550903, 0.193891253141, 0.113303805824, 0.325281889492, 0.502659051933, 0.294002940681, 0.11330565656, 0.430610746349, 0.091265060178, 0.20292882542, 0.58717934322, 0.862751993366, 0.086267785606, 0.104806301109, 0.451839319647, 0.105219391577, 0.999943202419, 0.491466421504, 0.788826166637, 0.00240014088486, 4.5611067817
0.00240014088486, 0.353017797985, 0.437859068537, 0.560346089646, 0.0774138570776, 0.879022365828, 0.346604780349, 0.45376493126, 0.311447786983, 0.094846651863, 0.926876704639, 0.629545550903, 0.193891253141, 0.113303805824, 0.325281889492, 0.502659051933, 0.294002940681, 0.11330565656, 0.430610746349, 0.091265060178, 0.20292882542, 0.58717934322, 0.862751993366, 0.086267785606, 0.104806301109, 0.451839319647, 0.105219391577, 0.999943202419, 0.491466421504, 0.788826166637, 0.00240014088486, 4.5611067817
0.844451513061, 0.825494046916, 0.777090969712, 0.0815634372861, 0.0256005262988, 0.886375976502, 0.0154992571494, 0.395389358928, 0.222090919633, 0.65848458316, 0.208091438317, 0.0381636748479, 0.218148082439, 0.190242493864, 0.435067952294, 0.696528610167, 0.926226924111, 0.869527653902, 0.694073192316, 0.0708145532702, 0.520180534581, 0.614878540692, 0.0640159194132, 0.84979179558, 0.0662218383796, 0.493152345829, 0.160719300899, 0.383281222765, 0.0219960403681, 0.241795148634, 0.844451513061, 1.80975673933
0.844451513061, 0.825494046916, 0.777090969712, 0.0815634372861, 0.0256005262988, 0.886375976502, 0.0154992571494, 0.395389358928, 0.222090919633, 0.65848458316, 0.208091438317, 0.0381636748479, 0.218148082439, 0.190242493864, 0.435067952294, 0.696528610167, 0.926226924111, 0.869527653902, 0.694073192316, 0.0708145532702, 0.520180534581, 0.614878540692, 0.0640159194132, 0.84979179558, 0.0662218383796, 0.493152345829, 0.160719300899, 0.383281222765, 0.0219960403681, 0.241795148634, 0.844451513061, 1.80975673933
