0.218110646779, 0.0713301366462, 0.74819501537, 0.418943465297, 0.0287824103178, 0.0661282482966, 0.816994989624, 0.0322764615364, 0.267509646856, 0.43090017536, 0.0347562798961, 0.944944394014, 0.0196520034467, 0.0380616338962, 0.0261429490672, 0.212174648402, 0.0642743241684, 0.0915519807877, 0.0546795092612, 0.41607603931, 0.490428354314, 0.399404687301, 0.588609665293, 0.104578362406, 0.236129968951, 0.00844938135327, 0.000880813689058, 0.850788852946, 0.189637424681, 0.00347372376514, 0.218110646779, 2.51783031933
0.0168861933881, 0.245016147651, 0.43408754333, 0.0996593627178, 0.307294082597, 0.705856943466, 0.0747677611438, 0.238151315624, 0.0368959553018, 0.277460755618, 0.0753076756953, 0.109176348196, 0.183371376652, 0.703489376034, 0.0113731032557, 0.00198477002239, 0.0146823798082, 0.0621125058962, 0.244688954817, 0.380008903386, 0.0371302012222, 0.0812729699262, 0.0218443619994, 0.465422202429, 0.154453427286, 0.0242972173104, 0.209920261804, 0.0213589257984, 0.632256406708, 0.353927695592, 0.0168861933881, 2.70409749108
0.980883985383, 0.11257602976, 0.237377905546, 0.631103644026, 0.286299211194, 0.673289952725, 0.570411600357, 0.252518735777, 0.31631115696, 0.672104177323, 0.0399171949063, 0.0395731380978, 0.119562355411, 0.0254597814376, 0.00402999022424, 0.0165000814393, 0.0146823798082, 0.0676364098396, 0.0390514761539, 0.0165937493684, 0.0371302012222, 0.0812729699262, 0.00453770362213, 0.586459752123, 0.154453427286, 0.038315814476, 0.392334974417, 0.466123813072, 0.100333701895, 0.000415284251299, 0.980883985383, 1.18575653332
2.85831370794e-08, 0.366465459901, 0.000974505947695, 0.543781496164, 0.364525298052, 0.0675517158311, 0.411164785565, 0.0452329587588, 0.448561290465, 0.43090017536, 0.00495804491414, 0.682550920432, 0.213518446039, 0.0331011136021, 0.498636739965, 0.0165000814393, 0.325645781186, 0.19888168553, 0.117529099413, 0.225269194498, 0.535455851003, 0.399404687301, 0.147340968446, 0.275661813778, 0.374678364707, 0.0693340430914, 0.173020286311, 0.547254491496, 0.393693859257, 0.000239087188808, 2.85831370794e-08, 3.45508194348
0.924832968207, 0.245016147651, 0.43408754333, 0.489766295964, 0.307294082597, 0.705856943466, 0.0101063167028, 0.238151315624, 0.0368959553018, 0.126780222054, 0.0753076756953, 0.273964857246, 0.183371376652, 0.720215759641, 0.0113731032557, 0.00198477002239, 0.0146823798082, 0.0135110510788, 0.244688954817, 0.399448856841, 0.0371302012222, 0.0812729699262, 0.0218443619994, 0.442336057053, 0.154453427286, 0.0802035822912, 0.209920261804, 0.00208340481032, 0.0025744144658, 0.353927695592, 0.924832968207, 1.21698469077
1.27114770931e-08, 0.0763733442242, 0.00160349553864, 0.00985999792278, 0.0242204292945, 0.705856943466, 0.960639727397, 0.252518735777, 0.756901978843, 0.277460755618, 0.0470212124851, 0.327763351049, 0.909886046693, 0.0337286627905, 0.38333894134, 0.013738559334, 0.259121721021, 0.135964244931, 0.475904190653, 0.0344866741103, 0.921909465549, 0.568264414453, 0.00923734826879, 0.419163665129, 0.206984660808, 0.0242972173104, 0.981200357974, 0.0148377809764, 0.135297349435, 0.0639400933502, 1.27114770931e-08, 3.80266607682
0.382699809826, 0.124828278007, 0.43408754333, 0.593712397039, 0.307294082597, 0.707559674213, 0.00940903035504, 0.235257907965, 0.242504266141, 0.317497321404, 0.0753076756953, 0.109176348196, 0.183371376652, 0.288049291577, 0.00194749803419, 0.0165000814393, 0.0146823798082, 0.0676364098396, 0.244688954817, 0.399448856841, 0.0163630285478, 0.0812729699262, 0.0218443619994, 0.419163665129, 0.150829510278, 0.781962988759, 0.198917949716, 0.0213589257984, 0.100333701895, 0.201774045546, 0.382699809826, 1.90871636411
0.246221459704, 0.245016147651, 0.43408754333, 0.228571533281, 0.307294082597, 0.180518680344, 0.0125681669187, 0.238151315624, 0.242504266141, 0.243697731864, 0.543668603622, 0.109176348196, 0.171106893806, 0.288049291577, 0.00194749803419, 0.00226089462645, 0.368715359874, 0.0676364098396, 0.244688954817, 0.399448856841, 0.0163630285478, 0.0812729699262, 0.0218443619994, 0.419163665129, 0.134024175107, 0.673281976075, 0.18725429245, 0.131997316575, 0.100333701895, 0.353927695592, 0.246221459704, 2.14164157078
0.00234398191731, 0.150287439663, 0.174195089031, 0.0109753596037, 0.20680690261, 0.105486382738, 0.100331032974, 0.0686207158697, 0.862324506206, 0.873456240505, 0.24224908597, 0.119663418507, 0.424174734015, 0.260040405616, 0.139285086172, 0.191575812136, 0.0941738539307, 0.164689069164, 0.136964788609, 0.0393493044904, 0.598185274681, 0.399404687301, 0.141422408297, 0.442336057053, 0.436945839869, 0.33549056116, 0.0254778852889, 0.0606786512358, 0.209508288008, 0.213544408436, 0.00234398191731, 3.15587410806
0.866795282974, 0.245016147651, 0.43408754333, 0.0996593627178, 0.307294082597, 0.705856943466, 0.039399647011, 0.0452329587588, 0.0368959553018, 0.277460755618, 0.387209832119, 0.287679309639, 0.183371376652, 0.720215759641, 0.0113731032557, 0.00198477002239, 0.0146823798082, 0.0676364098396, 0.244688954817, 0.399448856841, 0.0371302012222, 0.0812729699262, 0.00923734826879, 0.633116267082, 0.154453427286, 0.0242972173104, 0.209920261804, 0.00208340481032, 0.100333701895, 0.353927695592, 0.866795282974, 1.31289668888
0.227696916343, 0.124828278007, 0.43408754333, 0.652153088206, 0.307294082597, 0.707559674213, 0.00940903035504, 0.238151315624, 0.242504266141, 0.253961737123, 0.0753076756953, 0.109176348196, 0.183371376652, 0.288049291577, 0.00194749803419, 0.0165000814393, 0.0146823798082, 0.0676364098396, 0.244688954817, 0.399448856841, 0.0163630285478, 0.0812729699262, 0.0218443619994, 0.419163665129, 0.154453427286, 0.781962988759, 0.209920261804, 0.0213589257984, 0.100333701895, 0.311212054053, 0.227696916343, 2.18533650656
0.413335084132, 0.245016147651, 0.43408754333, 0.00985999792278, 0.68755738658, 0.705856943466, 0.0629657707754, 0.238151315624, 0.31631115696, 0.317497321404, 0.626844049498, 0.109176348196, 0.183371376652, 0.00582484549469, 0.229354123237, 0.0165000814393, 0.0146823798082, 0.0127138916128, 0.244688954817, 0.0326420530398, 0.0334908093825, 0.0812729699262, 0.0154553005543, 0.440254312144, 0.0961996409026, 0.081415314908, 0.392334974417, 0.0140354295756, 0.100333701895, 0.284635745548, 0.413335084132, 1.78259281913
0.777280604963, 0.245016147651, 0.43408754333, 0.390860568998, 0.219968344575, 0.10640904869, 0.0332068855218, 0.297960042887, 0.0496576809997, 0.260004300154, 0.00630163637671, 0.0949101605021, 0.183371376652, 0.288049291577, 0.454727155811, 0.20938654967, 0.0146823798082, 0.297450920265, 0.643093189867, 0.439194842436, 0.631180566387, 0.00100936506927, 0.0218443619994, 0.0858433979329, 0.151423847889, 0.510374431897, 0.382773166339, 0.412659044957, 0.100333701895, 0.106361744605, 0.777280604963, 1.61896691386
0.166092063263, 0.111603526422, 0.284746792677, 0.0109753596037, 0.307294082597, 0.10640904869, 0.423645287633, 0.857826968809, 0.254372809425, 0.0702465989972, 0.0753076756953, 0.119663418507, 0.206181668632, 0.260040405616, 0.200836989613, 0.018079415464, 0.065542523309, 0.114591083443, 0.0857813544213, 0.38889217131, 0.724171542908, 0.0101294371143, 0.796605420483, 0.199311830414, 0.430514741762, 0.604705301246, 0.392334974417, 0.00540909673982, 0.342669139217, 0.13471296723, 0.166092063263, 2.61245129042
0.0628901316596, 0.150287439663, 0.043607603415, 0.26958379903, 0.20680690261, 0.10640904869, 0.100331032974, 0.221861475361, 0.862324506206, 0.260004300154, 0.0359715415516, 0.119663418507, 0.508503249505, 0.260040405616, 0.200836989613, 0.774801092118, 0.065542523309, 0.140576714106, 0.136964788609, 0.0107666929133, 0.678515268785, 0.00433188927595, 0.141422408297, 0.442336057053, 0.436945839869, 0.11405321651, 0.0211093489456, 0.0606786512358, 0.209508288008, 0.322214438743, 0.0628901316596, 2.69863015767
0.218110646779, 0.0713301366462, 0.74819501537, 0.418943465297, 0.0287824103178, 0.0661282482966, 0.816994989624, 0.0322764615364, 0.267509646856, 0.43090017536, 0.0347562798961, 0.944944394014, 0.0196520034467, 0.0380616338962, 0.0261429490672, 0.212174648402, 0.0642743241684, 0.0915519807877, 0.0546795092612, 0.41607603931, 0.490428354314, 0.399404687301, 0.588609665293, 0.104578362406, 0.236129968951, 0.00844938135327, 0.000880813689058, 0.850788852946, 0.189637424681, 0.00347372376514, 0.218110646779, 2.51783031933
0.0168861933881, 0.245016147651, 0.43408754333, 0.0996593627178, 0.307294082597, 0.705856943466, 0.0747677611438, 0.238151315624, 0.0368959553018, 0.277460755618, 0.0753076756953, 0.109176348196, 0.183371376652, 0.703489376034, 0.0113731032557, 0.00198477002239, 0.0146823798082, 0.0621125058962, 0.244688954817, 0.380008903386, 0.0371302012222, 0.0812729699262, 0.0218443619994, 0.465422202429, 0.154453427286, 0.0242972173104, 0.209920261804, 0.0213589257984, 0.632256406708, 0.353927695592, 0.0168861933881, 2.70409749108
0.980883985383, 0.11257602976, 0.237377905546, 0.631103644026, 0.286299211194, 0.673289952725, 0.570411600357, 0.252518735777, 0.31631115696, 0.672104177323, 0.0399171949063, 0.0395731380978, 0.119562355411, 0.0254597814376, 0.00402999022424, 0.0165000814393, 0.0146823798082, 0.0676364098396, 0.0390514761539, 0.0165937493684, 0.0371302012222, 0.0812729699262, 0.00453770362213, 0.586459752123, 0.154453427286, 0.038315814476, 0.392334974417, 0.466123813072, 0.100333701895, 0.000415284251299, 0.980883985383, 1.18575653332
2.85831370794e-08, 0.366465459901, 0.000974505947695, 0.543781496164, 0.364525298052, 0.0675517158311, 0.411164785565, 0.0452329587588, 0.448561290465, 0.43090017536, 0.00495804491414, 0.682550920432, 0.213518446039, 0.0331011136021, 0.498636739965, 0.0165000814393, 0.325645781186, 0.19888168553, 0.117529099413, 0.225269194498, 0.535455851003, 0.399404687301, 0.147340968446, 0.275661813778, 0.374678364707, 0.0693340430914, 0.173020286311, 0.547254491496, 0.393693859257, 0.000239087188808, 2.85831370794e-08, 3.45508194348
0.924832968207, 0.245016147651, 0.43408754333, 0.489766295964, 0.307294082597, 0.705856943466, 0.0101063167028, 0.238151315624, 0.0368959553018, 0.126780222054, 0.0753076756953, 0.273964857246, 0.183371376652, 0.720215759641, 0.0113731032557, 0.00198477002239, 0.0146823798082, 0.0135110510788, 0.244688954817, 0.399448856841, 0.0371302012222, 0.0812729699262, 0.0218443619994, 0.442336057053, 0.154453427286, 0.0802035822912, 0.209920261804, 0.00208340481032, 0.0025744144658, 0.353927695592, 0.924832968207, 1.21698469077
1.27114770931e-08, 0.0763733442242, 0.00160349553864, 0.00985999792278, 0.0242204292945, 0.705856943466, 0.960639727397, 0.252518735777, 0.756901978843, 0.277460755618, 0.0470212124851, 0.327763351049, 0.909886046693, 0.0337286627905, 0.38333894134, 0.013738559334, 0.259121721021, 0.135964244931, 0.475904190653, 0.0344866741103, 0.921909465549, 0.568264414453, 0.00923734826879, 0.419163665129, 0.206984660808, 0.0242972173104, 0.981200357974, 0.0148377809764, 0.135297349435, 0.0639400933502, 1.27114770931e-08, 3.80266607682
0.382699809826, 0.124828278007, 0.43408754333, 0.593712397039, 0.307294082597, 0.707559674213, 0.00940903035504, 0.235257907965, 0.242504266141, 0.317497321404, 0.0753076756953, 0.109176348196, 0.183371376652, 0.288049291577, 0.00194749803419, 0.0165000814393, 0.0146823798082, 0.0676364098396, 0.244688954817, 0.399448856841, 0.0163630285478, 0.0812729699262, 0.0218443619994, 0.419163665129, 0.150829510278, 0.781962988759, 0.198917949716, 0.0213589257984, 0.100333701895, 0.201774045546, 0.382699809826, 1.90871636411
0.246221459704, 0.245016147651, 0.43408754333, 0.228571533281, 0.307294082597, 0.180518680344, 0.0125681669187, 0.238151315624, 0.242504266141, 0.243697731864, 0.543668603622, 0.109176348196, 0.171106893806, 0.288049291577, 0.00194749803419, 0.00226089462645, 0.368715359874, 0.0676364098396, 0.244688954817, 0.399448856841, 0.0163630285478, 0.0812729699262, 0.0218443619994, 0.419163665129, 0.134024175107, 0.673281976075, 0.18725429245, 0.131997316575, 0.100333701895, 0.353927695592, 0.246221459704, 2.14164157078
0.00234398191731, 0.150287439663, 0.174195089031, 0.0109753596037, 0.20680690261, 0.105486382738, 0.100331032974, 0.0686207158697, 0.862324506206, 0.873456240505, 0.24224908597, 0.119663418507, 0.424174734015, 0.260040405616, 0.139285086172, 0.191575812136, 0.0941738539307, 0.164689069164, 0.136964788609, 0.0393493044904, 0.598185274681, 0.399404687301, 0.141422408297, 0.442336057053, 0.436945839869, 0.33549056116, 0.0254778852889, 0.0606786512358, 0.209508288008, 0.213544408436, 0.00234398191731, 3.15587410806
0.866795282974, 0.245016147651, 0.43408754333, 0.0996593627178, 0.307294082597, 0.705856943466, 0.039399647011, 0.0452329587588, 0.0368959553018, 0.277460755618, 0.387209832119, 0.287679309639, 0.183371376652, 0.720215759641, 0.0113731032557, 0.00198477002239, 0.0146823798082, 0.0676364098396, 0.244688954817, 0.399448856841, 0.0371302012222, 0.0812729699262, 0.00923734826879, 0.633116267082, 0.154453427286, 0.0242972173104, 0.209920261804, 0.00208340481032, 0.100333701895, 0.353927695592, 0.866795282974, 1.31289668888
0.227696916343, 0.124828278007, 0.43408754333, 0.652153088206, 0.307294082597, 0.707559674213, 0.00940903035504, 0.238151315624, 0.242504266141, 0.253961737123, 0.0753076756953, 0.109176348196, 0.183371376652, 0.288049291577, 0.00194749803419, 0.0165000814393, 0.0146823798082, 0.0676364098396, 0.244688954817, 0.399448856841, 0.0163630285478, 0.0812729699262, 0.0218443619994, 0.419163665129, 0.154453427286, 0.781962988759, 0.209920261804, 0.0213589257984, 0.100333701895, 0.311212054053, 0.227696916343, 2.18533650656
0.413335084132, 0.245016147651, 0.43408754333, 0.00985999792278, 0.68755738658, 0.705856943466, 0.0629657707754, 0.238151315624, 0.31631115696, 0.317497321404, 0.626844049498, 0.109176348196, 0.183371376652, 0.00582484549469, 0.229354123237, 0.0165000814393, 0.0146823798082, 0.0127138916128, 0.244688954817, 0.0326420530398, 0.0334908093825, 0.0812729699262, 0.0154553005543, 0.440254312144, 0.0961996409026, 0.081415314908, 0.392334974417, 0.0140354295756, 0.100333701895, 0.284635745548, 0.413335084132, 1.78259281913
0.777280604963, 0.245016147651, 0.43408754333, 0.390860568998, 0.219968344575, 0.10640904869, 0.0332068855218, 0.297960042887, 0.0496576809997, 0.260004300154, 0.00630163637671, 0.0949101605021, 0.183371376652, 0.288049291577, 0.454727155811, 0.20938654967, 0.0146823798082, 0.297450920265, 0.643093189867, 0.439194842436, 0.631180566387, 0.00100936506927, 0.0218443619994, 0.0858433979329, 0.151423847889, 0.510374431897, 0.382773166339, 0.412659044957, 0.100333701895, 0.106361744605, 0.777280604963, 1.61896691386
0.166092063263, 0.111603526422, 0.284746792677, 0.0109753596037, 0.307294082597, 0.10640904869, 0.423645287633, 0.857826968809, 0.254372809425, 0.0702465989972, 0.0753076756953, 0.119663418507, 0.206181668632, 0.260040405616, 0.200836989613, 0.018079415464, 0.065542523309, 0.114591083443, 0.0857813544213, 0.38889217131, 0.724171542908, 0.0101294371143, 0.796605420483, 0.199311830414, 0.430514741762, 0.604705301246, 0.392334974417, 0.00540909673982, 0.342669139217, 0.13471296723, 0.166092063263, 2.61245129042
0.0628901316596, 0.150287439663, 0.043607603415, 0.26958379903, 0.20680690261, 0.10640904869, 0.100331032974, 0.221861475361, 0.862324506206, 0.260004300154, 0.0359715415516, 0.119663418507, 0.508503249505, 0.260040405616, 0.200836989613, 0.774801092118, 0.065542523309, 0.140576714106, 0.136964788609, 0.0107666929133, 0.678515268785, 0.00433188927595, 0.141422408297, 0.442336057053, 0.436945839869, 0.11405321651, 0.0211093489456, 0.0606786512358, 0.209508288008, 0.322214438743, 0.0628901316596, 2.69863015767
0.218110646779, 0.0713301366462, 0.74819501537, 0.00270083631447, 0.0287824103178, 0.0661282482966, 0.601923637505, 0.0322764615364, 0.267509646856, 0.43090017536, 0.466204602017, 0.944944394014, 0.0196520034467, 0.0380616338962, 0.0113731032557, 0.212174648402, 0.0642743241684, 0.0392354824575, 0.0546795092612, 0.41607603931, 0.519149533721, 0.399404687301, 0.588609665293, 0.104578362406, 0.236129968951, 0.00844938135327, 0.258069604836, 0.850788852946, 0.189637424681, 0.0155179897887, 0.218110646779, 2.52622978856
0.218110646779, 0.0713301366462, 0.74819501537, 0.00270083631447, 0.0287824103178, 0.0661282482966, 0.601923637505, 0.0322764615364, 0.267509646856, 0.43090017536, 0.466204602017, 0.944944394014, 0.0196520034467, 0.0380616338962, 0.0113731032557, 0.212174648402, 0.0642743241684, 0.0392354824575, 0.0546795092612, 0.41607603931, 0.519149533721, 0.399404687301, 0.588609665293, 0.104578362406, 0.236129968951, 0.00844938135327, 0.258069604836, 0.850788852946, 0.189637424681, 0.0155179897887, 0.218110646779, 2.52622978856
1.27114770931e-08, 0.0227587981953, 0.136254697779, 0.00985999792278, 0.0242204292945, 0.705856943466, 0.960639727397, 0.298015516385, 0.756901978843, 0.277460755618, 0.0470212124851, 0.327763351049, 0.629563536008, 0.0337286627905, 0.402743328665, 0.246198504906, 0.259121721021, 0.135964244931, 0.475904190653, 0.284018698094, 0.921909465549, 0.568264414453, 0.0218443619994, 0.419163665129, 0.206984660808, 0.0802035822912, 0.981200357974, 0.0148377809764, 0.135297349435, 0.0639400933502, 1.27114770931e-08, 3.93180326986
1.27114770931e-08, 0.0227587981953, 0.136254697779, 0.00985999792278, 0.0242204292945, 0.705856943466, 0.960639727397, 0.298015516385, 0.756901978843, 0.277460755618, 0.0470212124851, 0.327763351049, 0.629563536008, 0.0337286627905, 0.402743328665, 0.246198504906, 0.259121721021, 0.135964244931, 0.475904190653, 0.284018698094, 0.921909465549, 0.568264414453, 0.0218443619994, 0.419163665129, 0.206984660808, 0.0802035822912, 0.981200357974, 0.0148377809764, 0.135297349435, 0.0639400933502, 1.27114770931e-08, 3.93180326986
0.218110646779, 0.0713301366462, 0.74819501537, 0.0109753596037, 0.0287824103178, 0.0661282482966, 0.816994989624, 0.0322764615364, 0.267509646856, 0.326475636321, 0.0347562798961, 0.944944394014, 0.0196520034467, 0.0380616338962, 0.0261429490672, 0.212174648402, 0.67362798739, 0.0392354824575, 0.0546795092612, 0.41607603931, 0.490428354314, 0.520500808304, 0.588609665293, 0.104578362406, 0.236129968951, 0.00844938135327, 0.000880813689058, 0.850788852946, 0.189637424681, 0.0155179897887, 0.218110646779, 2.56602120997
0.218110646779, 0.0713301366462, 0.74819501537, 0.0109753596037, 0.0287824103178, 0.0661282482966, 0.816994989624, 0.0322764615364, 0.267509646856, 0.326475636321, 0.0347562798961, 0.944944394014, 0.0196520034467, 0.0380616338962, 0.0261429490672, 0.212174648402, 0.67362798739, 0.0392354824575, 0.0546795092612, 0.41607603931, 0.490428354314, 0.520500808304, 0.588609665293, 0.104578362406, 0.236129968951, 0.00844938135327, 0.000880813689058, 0.850788852946, 0.189637424681, 0.0155179897887, 0.218110646779, 2.56602120997
0.00234398191731, 0.245016147651, 0.43408754333, 0.0323084705132, 0.842675649272, 0.705856943466, 0.0332068855218, 0.773783223468, 0.130625144936, 0.277460755618, 0.345551256704, 0.0949101605021, 0.183371376652, 0.288049291577, 0.0552833287061, 0.20938654967, 0.0146823798082, 0.0676364098396, 0.180723874814, 0.439194842436, 0.120207309618, 0.149599275809, 0.486160807386, 0.0479686492708, 0.0425845094939, 0.604705301246, 0.0264014728618, 0.218280102843, 0.100333701895, 0.511304068594, 0.00234398191731, 3.28868350152
0.0168861933881, 0.245016147651, 0.43408754333, 0.390860568998, 0.488655057493, 0.0594838294871, 0.0332068855218, 0.297960042887, 0.31631115696, 0.00852525146728, 0.00630163637671, 0.0949101605021, 0.143404614493, 0.288049291577, 0.0652656861566, 0.20938654967, 0.0146823798082, 0.297450920265, 0.64511806723, 0.439194842436, 0.986511821746, 0.00100936506927, 0.0218443619994, 0.0858433979329, 0.154453427286, 0.17421457852, 0.382773166339, 0.412659044957, 0.100333701895, 0.106361744605, 0.0168861933881, 2.91222084902
0.00234398191731, 0.245016147651, 0.43408754333, 0.0323084705132, 0.842675649272, 0.705856943466, 0.0332068855218, 0.773783223468, 0.130625144936, 0.277460755618, 0.345551256704, 0.0949101605021, 0.183371376652, 0.288049291577, 0.0552833287061, 0.20938654967, 0.0146823798082, 0.0676364098396, 0.180723874814, 0.439194842436, 0.120207309618, 0.149599275809, 0.486160807386, 0.0479686492708, 0.0425845094939, 0.604705301246, 0.0264014728618, 0.218280102843, 0.100333701895, 0.511304068594, 0.00234398191731, 3.28868350152
0.0168861933881, 0.245016147651, 0.43408754333, 0.390860568998, 0.488655057493, 0.0594838294871, 0.0332068855218, 0.297960042887, 0.31631115696, 0.00852525146728, 0.00630163637671, 0.0949101605021, 0.143404614493, 0.288049291577, 0.0652656861566, 0.20938654967, 0.0146823798082, 0.297450920265, 0.64511806723, 0.439194842436, 0.986511821746, 0.00100936506927, 0.0218443619994, 0.0858433979329, 0.154453427286, 0.17421457852, 0.382773166339, 0.412659044957, 0.100333701895, 0.106361744605, 0.0168861933881, 2.91222084902
0.283306653116, 0.588417433373, 0.043607603415, 0.0385578211292, 0.307294082597, 0.0474003790356, 0.100331032974, 0.282390474842, 0.254372809425, 0.894408696119, 0.0315414986387, 0.119663418507, 0.352891278599, 0.260040405616, 0.257999545452, 0.0606107999996, 0.0941738539307, 0.142909487741, 0.280483789298, 0.38889217131, 0.598185274681, 0.00880937446382, 0.0218443619994, 0.100303664472, 0.245589878535, 0.398741129565, 0.375853067161, 0.0385018644002, 0.178252671153, 0.249399219785, 0.283306653116, 2.16148001188
0.283306653116, 0.588417433373, 0.043607603415, 0.0385578211292, 0.307294082597, 0.0474003790356, 0.100331032974, 0.282390474842, 0.254372809425, 0.894408696119, 0.0315414986387, 0.119663418507, 0.352891278599, 0.260040405616, 0.257999545452, 0.0606107999996, 0.0941738539307, 0.142909487741, 0.280483789298, 0.38889217131, 0.598185274681, 0.00880937446382, 0.0218443619994, 0.100303664472, 0.245589878535, 0.398741129565, 0.375853067161, 0.0385018644002, 0.178252671153, 0.249399219785, 0.283306653116, 2.16148001188
0.218110646779, 0.0713301366462, 0.74819501537, 0.0109753596037, 0.284667067087, 0.0661282482966, 0.601923637505, 0.0322764615364, 0.267509646856, 0.43090017536, 0.466204602017, 0.944944394014, 0.0196520034467, 0.0380616338962, 0.0113731032557, 0.212174648402, 0.0642743241684, 0.25571561006, 0.0546795092612, 0.41607603931, 0.465857952175, 0.399404687301, 0.588609665293, 0.104578362406, 0.236129968951, 0.00844938135327, 0.258069604836, 0.877873777924, 0.189637424681, 0.0155179897887, 0.218110646779, 2.64954507173
0.218110646779, 0.0713301366462, 0.74819501537, 0.0109753596037, 0.284667067087, 0.0661282482966, 0.601923637505, 0.0322764615364, 0.267509646856, 0.43090017536, 0.466204602017, 0.944944394014, 0.0196520034467, 0.0380616338962, 0.0113731032557, 0.212174648402, 0.0642743241684, 0.25571561006, 0.0546795092612, 0.41607603931, 0.465857952175, 0.399404687301, 0.588609665293, 0.104578362406, 0.236129968951, 0.00844938135327, 0.258069604836, 0.877873777924, 0.189637424681, 0.0155179897887, 0.218110646779, 2.64954507173
0.0168861933881, 0.245016147651, 0.43408754333, 0.0996593627178, 0.307294082597, 0.997002807796, 0.0747677611438, 0.467013284659, 0.0368959553018, 0.277460755618, 0.0753076756953, 0.109176348196, 0.183371376652, 0.288049291577, 0.222545947619, 0.00198477002239, 0.0146823798082, 0.0621125058962, 0.667046306353, 0.0384534878424, 0.0371302012222, 0.0812729699262, 0.0218443619994, 0.465422202429, 0.154453427286, 0.0242972173104, 0.209920261804, 0.429978768792, 0.632256406708, 0.353927695592, 0.0168861933881, 2.94467916827
0.382699809826, 0.245016147651, 0.43408754333, 0.0996593627178, 0.307294082597, 0.705856943466, 0.039399647011, 0.985086723293, 0.0368959553018, 0.277460755618, 0.0822085044925, 0.109176348196, 0.705955410923, 0.288049291577, 0.0261429490672, 0.00198477002239, 0.0146823798082, 0.0392354824575, 0.244688954817, 0.399448856841, 0.0371302012222, 0.0812729699262, 0.0132300393258, 0.599763787687, 0.154453427286, 0.0242972173104, 0.209920261804, 0.0213589257984, 0.0381017210576, 0.353927695592, 0.382699809826, 1.96201257973
0.0168861933881, 0.245016147651, 0.43408754333, 0.0996593627178, 0.307294082597, 0.997002807796, 0.0747677611438, 0.467013284659, 0.0368959553018, 0.277460755618, 0.0753076756953, 0.109176348196, 0.183371376652, 0.288049291577, 0.222545947619, 0.00198477002239, 0.0146823798082, 0.0621125058962, 0.667046306353, 0.0384534878424, 0.0371302012222, 0.0812729699262, 0.0218443619994, 0.465422202429, 0.154453427286, 0.0242972173104, 0.209920261804, 0.429978768792, 0.632256406708, 0.353927695592, 0.0168861933881, 2.94467916827
0.382699809826, 0.245016147651, 0.43408754333, 0.0996593627178, 0.307294082597, 0.705856943466, 0.039399647011, 0.985086723293, 0.0368959553018, 0.277460755618, 0.0822085044925, 0.109176348196, 0.705955410923, 0.288049291577, 0.0261429490672, 0.00198477002239, 0.0146823798082, 0.0392354824575, 0.244688954817, 0.399448856841, 0.0371302012222, 0.0812729699262, 0.0132300393258, 0.599763787687, 0.154453427286, 0.0242972173104, 0.209920261804, 0.0213589257984, 0.0381017210576, 0.353927695592, 0.382699809826, 1.96201257973
0.103743240683, 0.150287439663, 0.043607603415, 0.0109753596037, 0.20680690261, 0.10640904869, 0.100331032974, 0.221861475361, 0.93736783798, 0.873456240505, 0.0359715415516, 0.119663418507, 0.508503249505, 0.260040405616, 0.200836989613, 0.85046049462, 0.065542523309, 0.0356267791395, 0.107454919628, 0.0107666929133, 0.410893893718, 0.00433188927595, 0.469903907722, 0.442336057053, 0.436945839869, 0.11405321651, 0.353391955222, 0.0606786512358, 0.209508288008, 0.322214438743, 0.103743240683, 2.78822031712
0.0908202394381, 0.553919206215, 0.482488649671, 0.0218260078131, 0.0250202620409, 0.23877123849, 0.960639727397, 0.252518735777, 0.0368959553018, 0.0867069513378, 0.0470212124851, 0.327763351049, 0.736438587185, 0.00138793277647, 0.257999545452, 0.246198504906, 0.00105222929904, 0.169446928339, 0.193217654289, 0.0192157398626, 0.501128964822, 0.0101294371143, 0.486160807386, 0.722692366671, 0.300581173395, 0.0242972173104, 0.973966708102, 0.0011927166934, 0.0363175601536, 0.0639400933502, 0.0908202394381, 2.85730937617
0.729631722906, 0.0875443765856, 0.00160349553864, 0.411184516651, 0.307294082597, 0.23877123849, 0.848845977303, 0.308246820241, 0.0368959553018, 0.7081620122, 0.501168092164, 0.104535964075, 0.032877695898, 0.0337286627905, 0.0784024807765, 0.246198504906, 0.166310558085, 0.169446928339, 0.566552097664, 0.703218147846, 0.0433004941461, 0.0266654687978, 0.147340968446, 0.479949175326, 0.300581173395, 0.0242972173104, 0.980625465, 0.131997316575, 0.138451554753, 0.0822607064563, 0.729631722906, 1.8662931778
0.103743240683, 0.150287439663, 0.043607603415, 0.0109753596037, 0.20680690261, 0.10640904869, 0.100331032974, 0.221861475361, 0.93736783798, 0.873456240505, 0.0359715415516, 0.119663418507, 0.508503249505, 0.260040405616, 0.200836989613, 0.85046049462, 0.065542523309, 0.0356267791395, 0.107454919628, 0.0107666929133, 0.410893893718, 0.00433188927595, 0.469903907722, 0.442336057053, 0.436945839869, 0.11405321651, 0.353391955222, 0.0606786512358, 0.209508288008, 0.322214438743, 0.103743240683, 2.78822031712
0.0908202394381, 0.553919206215, 0.482488649671, 0.0218260078131, 0.0250202620409, 0.23877123849, 0.960639727397, 0.252518735777, 0.0368959553018, 0.0867069513378, 0.0470212124851, 0.327763351049, 0.736438587185, 0.00138793277647, 0.257999545452, 0.246198504906, 0.00105222929904, 0.169446928339, 0.193217654289, 0.0192157398626, 0.501128964822, 0.0101294371143, 0.486160807386, 0.722692366671, 0.300581173395, 0.0242972173104, 0.973966708102, 0.0011927166934, 0.0363175601536, 0.0639400933502, 0.0908202394381, 2.85730937617
0.729631722906, 0.0875443765856, 0.00160349553864, 0.411184516651, 0.307294082597, 0.23877123849, 0.848845977303, 0.308246820241, 0.0368959553018, 0.7081620122, 0.501168092164, 0.104535964075, 0.032877695898, 0.0337286627905, 0.0784024807765, 0.246198504906, 0.166310558085, 0.169446928339, 0.566552097664, 0.703218147846, 0.0433004941461, 0.0266654687978, 0.147340968446, 0.479949175326, 0.300581173395, 0.0242972173104, 0.980625465, 0.131997316575, 0.138451554753, 0.0822607064563, 0.729631722906, 1.8662931778
3.24582881683e-08, 0.110300921707, 0.000387554098417, 0.975622981634, 0.259310539646, 0.217101217925, 0.041659421471, 0.0609139712175, 0.766998636825, 0.165867375525, 0.00802138473221, 0.0436106516567, 0.162488388454, 0.174280382199, 0.0472973534966, 0.784034217937, 0.672674144641, 0.377140534211, 0.183343907973, 0.523597140669, 0.390846131426, 0.908679179501, 0.147340968446, 0.47042427578, 0.0441502014451, 0.420110957796, 0.0830505586905, 0.200290697655, 0.206082866628, 0.199565818926, 3.24582881683e-08, 3.6826449886
7.21386500535e-08, 0.0763733442242, 0.000807671207664, 0.0282730111737, 0.00235378122782, 0.23877123849, 0.960639727397, 0.93169293509, 0.0368959553018, 0.317497321404, 0.0470212124851, 0.408353097119, 0.736438587185, 0.0313252050188, 0.31043612909, 0.374215094447, 0.259121721021, 0.169446928339, 0.722679562419, 0.271460863895, 0.0371302012222, 0.224652593919, 0.0218443619994, 0.408207578041, 0.297251604039, 0.0242972173104, 0.992843448177, 0.0148377809764, 0.19939683739, 0.0132756083099, 7.21386500535e-08, 3.53114579062
1.63534222275e-07, 0.0763733442242, 0.00160349553864, 0.0282730111737, 0.00235378122782, 0.23877123849, 0.960639727397, 0.93169293509, 0.0368959553018, 0.317497321404, 0.0470212124851, 0.408353097119, 0.736438587185, 0.0313252050188, 0.31043612909, 0.374215094447, 0.259121721021, 0.169446928339, 0.722679562419, 0.271460863895, 0.0371302012222, 0.224652593919, 0.0218443619994, 0.408207578041, 0.297251604039, 0.00380285476352, 0.992843448177, 0.0148377809764, 0.135297349435, 0.0132756083099, 1.63534222275e-07, 3.50488709159
0.0908202394381, 0.678608205889, 0.482488649671, 0.0218260078131, 0.0250202620409, 0.23877123849, 0.960639727397, 0.252518735777, 0.0368959553018, 0.0867069513378, 0.0470212124851, 0.327763351049, 0.736438587185, 0.00138793277647, 0.257999545452, 0.246198504906, 0.00105222929904, 0.169446928339, 0.0324859239618, 0.0192157398626, 0.6339776038, 0.246526753742, 0.486160807386, 0.442336057053, 0.300581173395, 0.0242972173104, 0.973966708102, 0.0011927166934, 0.0363175601536, 0.0896822210937, 0.0908202394381, 2.87971365716
0.0206167618804, 0.359217762976, 0.00160349553864, 3.72426291484e-06, 0.224366420893, 0.10640904869, 0.104497099652, 0.740017820139, 0.254372809425, 0.434570958302, 0.0359715415516, 0.119663418507, 0.50677096022, 0.260040405616, 0.200836989613, 0.018079415464, 0.065542523309, 0.140576714106, 0.0857813544213, 0.0202418349263, 0.501128964822, 0.0101294371143, 0.373703709114, 0.442336057053, 0.731445411035, 0.604705301246, 0.353391955222, 0.221323856087, 0.178252671153, 0.0639400933502, 0.0206167618804, 2.96401020256
3.24582881683e-08, 0.110300921707, 0.000387554098417, 0.975622981634, 0.259310539646, 0.217101217925, 0.041659421471, 0.0609139712175, 0.766998636825, 0.165867375525, 0.00802138473221, 0.0436106516567, 0.162488388454, 0.174280382199, 0.0472973534966, 0.784034217937, 0.672674144641, 0.377140534211, 0.183343907973, 0.523597140669, 0.390846131426, 0.908679179501, 0.147340968446, 0.47042427578, 0.0441502014451, 0.420110957796, 0.0830505586905, 0.200290697655, 0.206082866628, 0.199565818926, 3.24582881683e-08, 3.6826449886
7.21386500535e-08, 0.0763733442242, 0.000807671207664, 0.0282730111737, 0.00235378122782, 0.23877123849, 0.960639727397, 0.93169293509, 0.0368959553018, 0.317497321404, 0.0470212124851, 0.408353097119, 0.736438587185, 0.0313252050188, 0.31043612909, 0.374215094447, 0.259121721021, 0.169446928339, 0.722679562419, 0.271460863895, 0.0371302012222, 0.224652593919, 0.0218443619994, 0.408207578041, 0.297251604039, 0.0242972173104, 0.992843448177, 0.0148377809764, 0.19939683739, 0.0132756083099, 7.21386500535e-08, 3.53114579062
1.63534222275e-07, 0.0763733442242, 0.00160349553864, 0.0282730111737, 0.00235378122782, 0.23877123849, 0.960639727397, 0.93169293509, 0.0368959553018, 0.317497321404, 0.0470212124851, 0.408353097119, 0.736438587185, 0.0313252050188, 0.31043612909, 0.374215094447, 0.259121721021, 0.169446928339, 0.722679562419, 0.271460863895, 0.0371302012222, 0.224652593919, 0.0218443619994, 0.408207578041, 0.297251604039, 0.00380285476352, 0.992843448177, 0.0148377809764, 0.135297349435, 0.0132756083099, 1.63534222275e-07, 3.50488709159
0.0908202394381, 0.678608205889, 0.482488649671, 0.0218260078131, 0.0250202620409, 0.23877123849, 0.960639727397, 0.252518735777, 0.0368959553018, 0.0867069513378, 0.0470212124851, 0.327763351049, 0.736438587185, 0.00138793277647, 0.257999545452, 0.246198504906, 0.00105222929904, 0.169446928339, 0.0324859239618, 0.0192157398626, 0.6339776038, 0.246526753742, 0.486160807386, 0.442336057053, 0.300581173395, 0.0242972173104, 0.973966708102, 0.0011927166934, 0.0363175601536, 0.0896822210937, 0.0908202394381, 2.87971365716
0.0206167618804, 0.359217762976, 0.00160349553864, 3.72426291484e-06, 0.224366420893, 0.10640904869, 0.104497099652, 0.740017820139, 0.254372809425, 0.434570958302, 0.0359715415516, 0.119663418507, 0.50677096022, 0.260040405616, 0.200836989613, 0.018079415464, 0.065542523309, 0.140576714106, 0.0857813544213, 0.0202418349263, 0.501128964822, 0.0101294371143, 0.373703709114, 0.442336057053, 0.731445411035, 0.604705301246, 0.353391955222, 0.221323856087, 0.178252671153, 0.0639400933502, 0.0206167618804, 2.96401020256
0.00234398191731, 0.150287439663, 0.174195089031, 0.0109753596037, 0.20680690261, 0.0474003790356, 0.100331032974, 0.221861475361, 0.862324506206, 0.873456240505, 0.18800167806, 0.119663418507, 0.424174734015, 0.260040405616, 0.139285086172, 0.191575812136, 0.0941738539307, 0.164689069164, 0.136964788609, 0.38889217131, 0.598185274681, 0.520500808304, 0.141422408297, 0.442336057053, 0.436945839869, 0.33549056116, 0.0254778852889, 0.0606786512358, 0.209508288008, 0.213544408436, 0.00234398191731, 3.31252134089
0.0206167618804, 0.359217762976, 0.00160349553864, 2.60116054369e-05, 0.224366420893, 0.10640904869, 0.100331032974, 0.740017820139, 0.254372809425, 0.434570958302, 0.0359715415516, 0.119663418507, 0.50677096022, 0.260040405616, 0.200836989613, 0.018079415464, 0.065542523309, 0.140576714106, 0.0857813544213, 0.0202418349263, 0.6339776038, 0.0101294371143, 0.373703709114, 0.442336057053, 0.731445411035, 0.604705301246, 0.353391955222, 0.221323856087, 0.178252671153, 0.0896822210937, 0.0206167618804, 3.01003194014
0.166092063263, 0.111603526422, 0.284746792677, 0.00906564487569, 0.286299211194, 0.10640904869, 0.423645287633, 0.857826968809, 0.254372809425, 0.22090091876, 0.0753076756953, 0.515033559731, 0.206181668632, 0.260040405616, 0.200836989613, 0.018079415464, 0.065542523309, 0.164689069164, 0.0857813544213, 0.38889217131, 0.724171542908, 0.0101294371143, 0.796605420483, 0.199311830414, 0.430514741762, 0.604705301246, 0.298878000633, 0.00540909673982, 0.342669139217, 0.13471296723, 0.166092063263, 2.7449688879
0.00234398191731, 0.150287439663, 0.174195089031, 0.0109753596037, 0.20680690261, 0.0474003790356, 0.100331032974, 0.221861475361, 0.862324506206, 0.873456240505, 0.18800167806, 0.119663418507, 0.424174734015, 0.260040405616, 0.139285086172, 0.191575812136, 0.0941738539307, 0.164689069164, 0.136964788609, 0.38889217131, 0.598185274681, 0.520500808304, 0.141422408297, 0.442336057053, 0.436945839869, 0.33549056116, 0.0254778852889, 0.0606786512358, 0.209508288008, 0.213544408436, 0.00234398191731, 3.31252134089
0.0206167618804, 0.359217762976, 0.00160349553864, 2.60116054369e-05, 0.224366420893, 0.10640904869, 0.100331032974, 0.740017820139, 0.254372809425, 0.434570958302, 0.0359715415516, 0.119663418507, 0.50677096022, 0.260040405616, 0.200836989613, 0.018079415464, 0.065542523309, 0.140576714106, 0.0857813544213, 0.0202418349263, 0.6339776038, 0.0101294371143, 0.373703709114, 0.442336057053, 0.731445411035, 0.604705301246, 0.353391955222, 0.221323856087, 0.178252671153, 0.0896822210937, 0.0206167618804, 3.01003194014
0.166092063263, 0.111603526422, 0.284746792677, 0.00906564487569, 0.286299211194, 0.10640904869, 0.423645287633, 0.857826968809, 0.254372809425, 0.22090091876, 0.0753076756953, 0.515033559731, 0.206181668632, 0.260040405616, 0.200836989613, 0.018079415464, 0.065542523309, 0.164689069164, 0.0857813544213, 0.38889217131, 0.724171542908, 0.0101294371143, 0.796605420483, 0.199311830414, 0.430514741762, 0.604705301246, 0.298878000633, 0.00540909673982, 0.342669139217, 0.13471296723, 0.166092063263, 2.7449688879
0.127553618754, 0.359217762976, 0.00748615130467, 5.35321744033e-05, 0.307294082597, 0.0205539818134, 0.533220723625, 0.740017820139, 0.0996744187901, 0.594487620702, 0.0359715415516, 0.119663418507, 0.206181668632, 0.603271257724, 0.200836989613, 0.018079415464, 0.00740519799837, 0.140576714106, 0.417843885649, 0.0344866741103, 0.91189649676, 0.0101294371143, 0.141422408297, 0.442336057053, 0.731445411035, 0.779676131322, 0.353391955222, 0.221323856087, 0.129625999849, 0.0896822210937, 0.127553618754, 2.88848742528
0.127553618754, 0.359217762976, 0.00748615130467, 5.35321744033e-05, 0.307294082597, 0.0205539818134, 0.533220723625, 0.740017820139, 0.0996744187901, 0.594487620702, 0.0359715415516, 0.119663418507, 0.206181668632, 0.603271257724, 0.200836989613, 0.018079415464, 0.00740519799837, 0.140576714106, 0.417843885649, 0.0344866741103, 0.91189649676, 0.0101294371143, 0.141422408297, 0.442336057053, 0.731445411035, 0.779676131322, 0.353391955222, 0.221323856087, 0.129625999849, 0.0896822210937, 0.127553618754, 2.88848742528
0.246221459704, 0.245016147651, 0.43408754333, 0.0996593627178, 0.307294082597, 0.705856943466, 0.0125681669187, 0.238151315624, 0.242504266141, 0.243697731864, 0.544615669118, 0.0600039914119, 0.171106893806, 0.288049291577, 0.00194749803419, 0.00226089462645, 0.368715359874, 0.0676364098396, 0.244688954817, 0.399448856841, 0.0163630285478, 0.0812729699262, 0.0218443619994, 0.419163665129, 0.134024175107, 0.673281976075, 0.18725429245, 0.131997316575, 0.100333701895, 0.353927695592, 0.246221459704, 2.23436491037
0.246221459704, 0.245016147651, 0.43408754333, 0.0996593627178, 0.307294082597, 0.705856943466, 0.0125681669187, 0.238151315624, 0.242504266141, 0.243697731864, 0.544615669118, 0.0600039914119, 0.171106893806, 0.288049291577, 0.00194749803419, 0.00226089462645, 0.368715359874, 0.0676364098396, 0.244688954817, 0.399448856841, 0.0163630285478, 0.0812729699262, 0.0218443619994, 0.419163665129, 0.134024175107, 0.673281976075, 0.18725429245, 0.131997316575, 0.100333701895, 0.353927695592, 0.246221459704, 2.23436491037
2.85831370794e-08, 0.110300921707, 0.138172575291, 0.675873639747, 0.286299211194, 0.0791852621096, 0.176976964572, 0.0609139712175, 0.95891352541, 0.165867375525, 0.00802138473221, 0.0436106516567, 0.333839588438, 0.287313304776, 0.498636739965, 0.744815675958, 0.672674144641, 0.377140534211, 0.183343907973, 0.546974796561, 0.390846131426, 0.908679179501, 0.147340968446, 0.47042427578, 0.0441502014451, 0.420110957796, 0.0830505586905, 0.200290697655, 0.206082866628, 0.199565818926, 2.85831370794e-08, 3.92293211031
2.85831370794e-08, 0.110300921707, 0.138172575291, 0.675873639747, 0.286299211194, 0.0791852621096, 0.176976964572, 0.0609139712175, 0.95891352541, 0.165867375525, 0.00802138473221, 0.0436106516567, 0.333839588438, 0.287313304776, 0.498636739965, 0.744815675958, 0.672674144641, 0.377140534211, 0.183343907973, 0.546974796561, 0.390846131426, 0.908679179501, 0.147340968446, 0.47042427578, 0.0441502014451, 0.420110957796, 0.0830505586905, 0.200290697655, 0.206082866628, 0.199565818926, 2.85831370794e-08, 3.92293211031
0.382699809826, 0.245016147651, 0.584594597026, 0.0996593627178, 0.307294082597, 0.5108293673, 0.0125681669187, 0.238151315624, 0.0960964490868, 0.243697731864, 0.544615669118, 0.03006389611, 0.183371376652, 0.288049291577, 0.00194749803419, 0.00226089462645, 0.377997800845, 0.0676364098396, 0.244688954817, 0.399448856841, 0.0163630285478, 0.0179220428716, 0.0105912720923, 0.419163665129, 0.154453427286, 0.673281976075, 0.209920261804, 0.131997316575, 0.252546405538, 0.547939638966, 0.382699809826, 2.04804526322
0.382699809826, 0.245016147651, 0.584594597026, 0.0996593627178, 0.307294082597, 0.5108293673, 0.0125681669187, 0.238151315624, 0.0960964490868, 0.243697731864, 0.544615669118, 0.03006389611, 0.183371376652, 0.288049291577, 0.00194749803419, 0.00226089462645, 0.377997800845, 0.0676364098396, 0.244688954817, 0.399448856841, 0.0163630285478, 0.0179220428716, 0.0105912720923, 0.419163665129, 0.154453427286, 0.673281976075, 0.209920261804, 0.131997316575, 0.252546405538, 0.547939638966, 0.382699809826, 2.04804526322
0.0059800140474, 0.366465459901, 0.00160349553864, 0.543781496164, 0.364525298052, 0.0675517158311, 0.411164785565, 0.238151315624, 0.448561290465, 0.43090017536, 0.00495804491414, 0.601606904077, 0.213518446039, 0.0331011136021, 0.498636739965, 0.0165000814393, 0.325645781186, 0.19888168553, 0.117529099413, 0.225269194498, 0.535455851003, 0.399404687301, 0.147340968446, 0.275661813778, 0.374678364707, 0.0693340430914, 0.208597974579, 0.547254491496, 0.544901302913, 0.000239087188808, 0.0059800140474, 3.40264264136
0.00234398191731, 0.245016147651, 0.43408754333, 0.0323084705132, 0.842675649272, 0.705856943466, 0.0332068855218, 0.773783223468, 0.31631115696, 0.277460755618, 0.345551256704, 0.0949101605021, 0.183371376652, 0.288049291577, 0.0552833287061, 0.20938654967, 0.0146823798082, 0.0676364098396, 0.180723874814, 0.439194842436, 0.120207309618, 0.149599275809, 0.486160807386, 0.405057820028, 0.0425845094939, 0.604705301246, 0.0264014728618, 0.218280102843, 0.100333701895, 0.511304068594, 0.00234398191731, 3.45493924029
0.0059800140474, 0.366465459901, 0.00160349553864, 0.543781496164, 0.364525298052, 0.0675517158311, 0.411164785565, 0.238151315624, 0.448561290465, 0.43090017536, 0.00495804491414, 0.601606904077, 0.213518446039, 0.0331011136021, 0.498636739965, 0.0165000814393, 0.325645781186, 0.19888168553, 0.117529099413, 0.225269194498, 0.535455851003, 0.399404687301, 0.147340968446, 0.275661813778, 0.374678364707, 0.0693340430914, 0.208597974579, 0.547254491496, 0.544901302913, 0.000239087188808, 0.0059800140474, 3.40264264136
0.00234398191731, 0.245016147651, 0.43408754333, 0.0323084705132, 0.842675649272, 0.705856943466, 0.0332068855218, 0.773783223468, 0.31631115696, 0.277460755618, 0.345551256704, 0.0949101605021, 0.183371376652, 0.288049291577, 0.0552833287061, 0.20938654967, 0.0146823798082, 0.0676364098396, 0.180723874814, 0.439194842436, 0.120207309618, 0.149599275809, 0.486160807386, 0.405057820028, 0.0425845094939, 0.604705301246, 0.0264014728618, 0.218280102843, 0.100333701895, 0.511304068594, 0.00234398191731, 3.45493924029
3.24582881683e-08, 0.110300921707, 1.92225258007e-05, 0.975622981634, 0.259310539646, 0.217101217925, 0.041659421471, 0.456879409836, 0.766998636825, 0.273742712752, 0.00802138473221, 0.0436106516567, 0.162488388454, 0.174280382199, 0.0472973534966, 0.784034217937, 0.672674144641, 0.377140534211, 0.183343907973, 0.523597140669, 0.390846131426, 0.908679179501, 0.147340968446, 0.245929087882, 0.0441502014451, 0.420110957796, 0.0830505586905, 0.200290697655, 0.206082866628, 0.179693699913, 3.24582881683e-08, 3.76305317371
3.24582881683e-08, 0.110300921707, 1.92225258007e-05, 0.975622981634, 0.259310539646, 0.217101217925, 0.041659421471, 0.456879409836, 0.766998636825, 0.273742712752, 0.00802138473221, 0.0436106516567, 0.162488388454, 0.174280382199, 0.0472973534966, 0.784034217937, 0.672674144641, 0.377140534211, 0.183343907973, 0.523597140669, 0.390846131426, 0.908679179501, 0.147340968446, 0.245929087882, 0.0441502014451, 0.420110957796, 0.0830505586905, 0.200290697655, 0.206082866628, 0.179693699913, 3.24582881683e-08, 3.76305317371
0.0168861933881, 0.245016147651, 0.43408754333, 0.390860568998, 0.488655057493, 0.10640904869, 0.0332068855218, 0.297960042887, 0.31631115696, 0.295424611662, 0.00630163637671, 0.0949101605021, 0.183371376652, 0.288049291577, 0.0652656861566, 0.20938654967, 0.0146823798082, 0.297450920265, 0.64511806723, 0.439194842436, 0.986511821746, 0.787042314001, 0.0218443619994, 0.0858433979329, 0.154453427286, 0.17421457852, 0.382773166339, 0.412659044957, 0.100333701895, 0.106361744605, 0.0168861933881, 3.25933131528
0.0168861933881, 0.245016147651, 0.43408754333, 0.390860568998, 0.488655057493, 0.10640904869, 0.0332068855218, 0.297960042887, 0.31631115696, 0.295424611662, 0.00630163637671, 0.0949101605021, 0.183371376652, 0.288049291577, 0.0652656861566, 0.20938654967, 0.0146823798082, 0.297450920265, 0.64511806723, 0.439194842436, 0.986511821746, 0.787042314001, 0.0218443619994, 0.0858433979329, 0.154453427286, 0.17421457852, 0.382773166339, 0.412659044957, 0.100333701895, 0.106361744605, 0.0168861933881, 3.25933131528
0.491577021747, 0.245016147651, 0.43408754333, 0.518345689321, 0.68755738658, 0.705856943466, 0.0156517171742, 0.238151315624, 0.31631115696, 0.317497321404, 0.626844049498, 0.109176348196, 0.183371376652, 0.386576434367, 0.229354123237, 0.0165000814393, 0.0146823798082, 0.0676364098396, 0.244688954817, 0.0326420530398, 0.0334908093825, 0.0812729699262, 0.0154553005543, 0.440254312144, 0.154453427286, 0.081415314908, 0.392334974417, 0.0140354295756, 0.100333701895, 0.284635745548, 0.491577021747, 1.92053679173
1.30671069076e-07, 0.0763733442242, 0.482488649671, 0.0772031919663, 0.0250202620409, 0.625585479832, 0.960639727397, 0.252518735777, 0.148392672447, 0.052781383669, 0.0205742853039, 0.327763351049, 0.439849810622, 0.0337286627905, 0.204155655178, 0.246198504906, 0.00740519799837, 0.169446928339, 0.231724686343, 0.631375324379, 0.501128964822, 0.568264414453, 0.285110258569, 0.52389591835, 0.154453427286, 0.0242972173104, 0.995537977636, 0.186364493214, 0.135297349435, 0.000691990780226, 1.30671069076e-07, 3.60256936582
0.491577021747, 0.245016147651, 0.43408754333, 0.518345689321, 0.68755738658, 0.705856943466, 0.0156517171742, 0.238151315624, 0.31631115696, 0.317497321404, 0.626844049498, 0.109176348196, 0.183371376652, 0.386576434367, 0.229354123237, 0.0165000814393, 0.0146823798082, 0.0676364098396, 0.244688954817, 0.0326420530398, 0.0334908093825, 0.0812729699262, 0.0154553005543, 0.440254312144, 0.154453427286, 0.081415314908, 0.392334974417, 0.0140354295756, 0.100333701895, 0.284635745548, 0.491577021747, 1.92053679173
1.30671069076e-07, 0.0763733442242, 0.482488649671, 0.0772031919663, 0.0250202620409, 0.625585479832, 0.960639727397, 0.252518735777, 0.148392672447, 0.052781383669, 0.0205742853039, 0.327763351049, 0.439849810622, 0.0337286627905, 0.204155655178, 0.246198504906, 0.00740519799837, 0.169446928339, 0.231724686343, 0.631375324379, 0.501128964822, 0.568264414453, 0.285110258569, 0.52389591835, 0.154453427286, 0.0242972173104, 0.995537977636, 0.186364493214, 0.135297349435, 0.000691990780226, 1.30671069076e-07, 3.60256936582
0.382699809826, 0.245016147651, 0.43408754333, 0.390860568998, 0.488655057493, 0.10640904869, 0.0332068855218, 0.297960042887, 0.0496576809997, 0.260004300154, 0.00630163637671, 0.0949101605021, 0.183371376652, 0.261191958207, 0.0652656861566, 0.20938654967, 0.0146823798082, 0.297450920265, 0.643093189867, 0.439194842436, 0.631180566387, 0.00100936506927, 0.0218443619994, 0.0858433979329, 0.154453427286, 0.510374431897, 0.382773166339, 0.412659044957, 0.100333701895, 0.106361744605, 0.382699809826, 2.05198421412
0.382699809826, 0.245016147651, 0.43408754333, 0.390860568998, 0.488655057493, 0.10640904869, 0.0332068855218, 0.297960042887, 0.0496576809997, 0.260004300154, 0.00630163637671, 0.0949101605021, 0.183371376652, 0.261191958207, 0.0652656861566, 0.20938654967, 0.0146823798082, 0.297450920265, 0.643093189867, 0.439194842436, 0.631180566387, 0.00100936506927, 0.0218443619994, 0.0858433979329, 0.154453427286, 0.510374431897, 0.382773166339, 0.412659044957, 0.100333701895, 0.106361744605, 0.382699809826, 2.05198421412
