0.52308003024, 0.530348314903, 0.213909881579, 0.175829646064, 0.10001929276, 0.256483599166, 0.644162581173, 0.221240964487, 0.254372809425, 0.418783875624, 0.998022515158, 0.550619225362, 0.880621312255, 0.40145634732, 0.501421133499, 0.740373978862, 0.486470947356, 0.30835143961, 0.369965016401, 0.188093816333, 0.183022826959, 0.568264414453, 0.234824572539, 0.6657240068, 0.0114511182704, 0.207302066114, 0.353391955222, 0.141700436043, 0.119923590453, 0.132307808854, 0.52308003024, 2.85798379862
0.166092063263, 0.0875443765856, 0.00160349553864, 0.0772031919663, 0.133369304218, 0.23877123849, 0.960639727397, 0.570705412227, 0.367310873517, 0.48757141415, 0.0279897337347, 0.327763351049, 0.677915281946, 0.632543610833, 0.31043612909, 0.854577927143, 0.392946514011, 0.21350392129, 0.566552097664, 0.439666506324, 0.0540738918785, 0.897002768045, 0.486160807386, 0.306156802339, 0.300581173395, 0.0242972173104, 0.833249340816, 0.131997316575, 0.138451554753, 0.442682478415, 0.166092063263, 3.55289380594
0.0327769231483, 0.416878909239, 0.729521855591, 0.671407644181, 0.177935088568, 0.295061302815, 0.357879912324, 0.213874124632, 0.804295121554, 0.612807908585, 0.0568103596818, 0.395199634391, 0.326143134948, 0.129570838278, 0.825368001983, 0.450518324274, 0.31229057273, 0.51697478025, 0.269168065499, 0.0592974420485, 0.261568267584, 0.681543440162, 0.683987112857, 0.122521627626, 0.908780978319, 0.699380375575, 0.313459689441, 0.759514589447, 0.792400356245, 0.932324802293, 0.0327769231483, 4.85963210111
0.341036304134, 0.133019044274, 0.972921387832, 0.515278105927, 0.0429589828194, 0.0675517158311, 0.709410908973, 0.603986972035, 0.107525205683, 0.0715803488658, 0.345551256704, 0.788334804444, 0.750366295247, 0.583488001593, 0.380459648255, 0.94313570955, 0.325645781186, 0.29789368298, 0.420879243453, 0.262327213554, 0.139979264825, 0.0889342915819, 0.165794747939, 0.719217898711, 0.584637001287, 0.905975565318, 0.742886422313, 0.255582115851, 0.132988147758, 0.278607321683, 0.341036304134, 3.54543636813
0.895796378647, 0.588417433373, 0.0481371815677, 0.297257386342, 0.364525298052, 0.587175906082, 0.816994989624, 0.382131604329, 0.956221139872, 0.277460755618, 0.131608037751, 0.119663418507, 0.226976392556, 0.260040405616, 0.257999545452, 0.306688635849, 0.065542523309, 0.142909487741, 0.280483789298, 0.38889217131, 0.598185274681, 0.266233456597, 0.196233511633, 0.275661813778, 0.662585543497, 0.0141848096997, 0.732975329151, 0.221323856087, 0.178252671153, 0.249399219785, 0.895796378647, 2.16103898611
0.576913492182, 0.585827655973, 0.0723885590078, 0.26569132988, 0.285922291367, 0.60718079936, 0.152868281011, 0.299094584385, 0.252944652365, 0.118853284962, 0.38420838517, 0.150604968857, 0.376437512087, 0.259814844241, 0.104889652054, 0.819319275335, 0.378898187306, 0.249714674569, 0.438176704325, 0.473561052457, 0.249567778114, 0.376813083592, 0.0398048946408, 0.489877648338, 0.658808114678, 0.325377054834, 0.475576723879, 0.601318019716, 0.222914406911, 0.869735487419, 0.576913492182, 2.71301837993
1.13528768171e-05, 0.147733634438, 0.179536518792, 0.707644814961, 0.0039911106644, 0.912448682361, 0.697309417414, 0.662226203454, 0.273467232772, 0.997760574786, 0.250123853396, 0.501345116091, 0.0541907785968, 0.819584426651, 0.767927937697, 0.8800454781, 0.966190689314, 0.390768108768, 0.800244105319, 0.295041556643, 0.213316774072, 0.102476349077, 0.40630579625, 0.771951235803, 0.595225491065, 0.121392612127, 0.645693371749, 0.850788852946, 0.998862562294, 0.446476922097, 1.13528768171e-05, 5.78983965821
0.13389391155, 0.366465459901, 0.74819501537, 0.543781496164, 0.894681242763, 0.0675517158311, 0.75246582663, 0.112867995102, 0.802785117108, 0.43090017536, 0.0753076756953, 0.601606904077, 0.0443099245429, 0.0782937474737, 0.498636739965, 0.0165000814393, 0.325645781186, 0.266036473917, 0.535923946814, 0.518613286474, 0.390846131426, 0.0412512870839, 0.803609725838, 0.854633599057, 0.344951299755, 0.905975565318, 0.580325941155, 0.724929407305, 0.467167826131, 0.134608235875, 0.13389391155, 4.19318145853
0.49241984914, 0.133019044274, 0.972921387832, 0.530569595503, 0.0429589828194, 0.0249823507503, 0.709410908973, 0.603986972035, 0.107525205683, 0.0715803488658, 0.345551256704, 0.788334804444, 0.750366295247, 0.583488001593, 0.380459648255, 0.94313570955, 0.151046937502, 0.206975190615, 0.420879243453, 0.262327213554, 0.139979264825, 0.0889342915819, 0.165794747939, 0.506978684685, 0.584637001287, 0.479302224405, 0.601964302669, 0.255582115851, 0.132988147758, 0.278607321683, 0.49241984914, 3.00791955925
0.0502883539401, 0.260219715344, 0.251262365692, 0.485285206382, 0.614741052925, 0.335934889083, 0.576933676039, 0.596986345044, 0.492710889198, 0.412347217182, 0.167889652448, 0.232815780788, 0.507087730721, 0.119793192537, 0.37008065711, 0.696816749182, 0.704839322363, 0.721391215529, 0.842518950436, 0.61156254925, 0.216760965715, 0.669046558351, 0.550956703501, 0.3171592347, 0.316684452993, 0.595625542787, 0.817488170923, 0.219184696526, 0.332051515139, 0.444766677489, 0.0502883539401, 4.67317046794
0.754857417146, 0.153424586014, 0.480218294609, 0.297257386342, 0.304174566899, 0.233175258491, 0.26033992364, 0.252518735777, 0.747777485525, 0.625873429596, 0.38420838517, 0.254397750724, 0.210870060933, 0.564967313925, 0.973620594657, 0.290605791613, 0.835228880133, 0.126361821849, 0.280483789298, 0.290935859927, 0.867575994462, 0.0987174458671, 0.294551148628, 0.442336057053, 0.662585543497, 0.325377054834, 0.105867025278, 0.691511519951, 0.224554878976, 0.0831847835087, 0.754857417146, 2.6779094669
0.00938151840092, 0.535094579688, 0.4103678609, 0.761379266576, 0.933052084228, 0.583877806556, 0.041659421471, 0.242453598065, 0.499653508672, 0.694307582887, 0.00802138473221, 0.572454031886, 0.50718326155, 0.0170419920854, 0.0472973534966, 0.784034217937, 0.672674144641, 0.377140534211, 0.438176704325, 0.768910856235, 0.879149771782, 0.908679179501, 0.49741629072, 0.588935395096, 0.231699043436, 0.420110957796, 0.475576723879, 0.304538276663, 0.209508288008, 0.199565818926, 0.00938151840092, 5.00240543522
0.104344767835, 0.076731418104, 0.492528773223, 0.0928194020147, 0.560664305735, 0.160321467491, 0.64349954098, 0.0181977315674, 0.0887021281574, 0.785395709997, 0.753738423087, 0.24548297001, 0.798958045506, 0.781294738004, 0.710170416505, 0.227747815074, 0.445291102482, 0.156731555565, 0.8089021508, 0.233922650052, 0.357186610687, 0.45300917488, 0.196541662773, 0.738989154997, 0.833684550854, 0.865794603403, 0.647700118853, 0.771794163729, 0.155972018317, 0.949865441081, 0.104344767835, 4.61293803881
0.438708660368, 0.150741009471, 0.0456515215205, 0.202938629481, 0.974579224101, 0.241716477572, 0.881034190059, 0.34433597801, 0.113574526556, 0.728100060456, 0.0470212124851, 0.123646924287, 0.394051570137, 0.714175770772, 0.378932643833, 0.61471034858, 0.259121721021, 0.782385166884, 0.492437913336, 0.542223325599, 0.432859648566, 0.533953650354, 0.74711617103, 0.565409208941, 0.586592296883, 0.151052148631, 0.607331989341, 0.426149783891, 0.612354417946, 0.262174589249, 0.438708660368, 3.53678296932
0.52308003024, 0.530348314903, 0.213909881579, 0.175829646064, 0.10001929276, 0.256483599166, 0.644162581173, 0.221240964487, 0.254372809425, 0.418783875624, 0.998022515158, 0.550619225362, 0.880621312255, 0.40145634732, 0.501421133499, 0.740373978862, 0.486470947356, 0.30835143961, 0.369965016401, 0.188093816333, 0.183022826959, 0.568264414453, 0.234824572539, 0.6657240068, 0.0114511182704, 0.207302066114, 0.353391955222, 0.141700436043, 0.119923590453, 0.132307808854, 0.52308003024, 2.85798379862
0.166092063263, 0.0875443765856, 0.00160349553864, 0.0772031919663, 0.133369304218, 0.23877123849, 0.960639727397, 0.570705412227, 0.367310873517, 0.48757141415, 0.0279897337347, 0.327763351049, 0.677915281946, 0.632543610833, 0.31043612909, 0.854577927143, 0.392946514011, 0.21350392129, 0.566552097664, 0.439666506324, 0.0540738918785, 0.897002768045, 0.486160807386, 0.306156802339, 0.300581173395, 0.0242972173104, 0.833249340816, 0.131997316575, 0.138451554753, 0.442682478415, 0.166092063263, 3.55289380594
0.0327769231483, 0.416878909239, 0.729521855591, 0.671407644181, 0.177935088568, 0.295061302815, 0.357879912324, 0.213874124632, 0.804295121554, 0.612807908585, 0.0568103596818, 0.395199634391, 0.326143134948, 0.129570838278, 0.825368001983, 0.450518324274, 0.31229057273, 0.51697478025, 0.269168065499, 0.0592974420485, 0.261568267584, 0.681543440162, 0.683987112857, 0.122521627626, 0.908780978319, 0.699380375575, 0.313459689441, 0.759514589447, 0.792400356245, 0.932324802293, 0.0327769231483, 4.85963210111
0.341036304134, 0.133019044274, 0.972921387832, 0.515278105927, 0.0429589828194, 0.0675517158311, 0.709410908973, 0.603986972035, 0.107525205683, 0.0715803488658, 0.345551256704, 0.788334804444, 0.750366295247, 0.583488001593, 0.380459648255, 0.94313570955, 0.325645781186, 0.29789368298, 0.420879243453, 0.262327213554, 0.139979264825, 0.0889342915819, 0.165794747939, 0.719217898711, 0.584637001287, 0.905975565318, 0.742886422313, 0.255582115851, 0.132988147758, 0.278607321683, 0.341036304134, 3.54543636813
0.895796378647, 0.588417433373, 0.0481371815677, 0.297257386342, 0.364525298052, 0.587175906082, 0.816994989624, 0.382131604329, 0.956221139872, 0.277460755618, 0.131608037751, 0.119663418507, 0.226976392556, 0.260040405616, 0.257999545452, 0.306688635849, 0.065542523309, 0.142909487741, 0.280483789298, 0.38889217131, 0.598185274681, 0.266233456597, 0.196233511633, 0.275661813778, 0.662585543497, 0.0141848096997, 0.732975329151, 0.221323856087, 0.178252671153, 0.249399219785, 0.895796378647, 2.16103898611
0.576913492182, 0.585827655973, 0.0723885590078, 0.26569132988, 0.285922291367, 0.60718079936, 0.152868281011, 0.299094584385, 0.252944652365, 0.118853284962, 0.38420838517, 0.150604968857, 0.376437512087, 0.259814844241, 0.104889652054, 0.819319275335, 0.378898187306, 0.249714674569, 0.438176704325, 0.473561052457, 0.249567778114, 0.376813083592, 0.0398048946408, 0.489877648338, 0.658808114678, 0.325377054834, 0.475576723879, 0.601318019716, 0.222914406911, 0.869735487419, 0.576913492182, 2.71301837993
1.13528768171e-05, 0.147733634438, 0.179536518792, 0.707644814961, 0.0039911106644, 0.912448682361, 0.697309417414, 0.662226203454, 0.273467232772, 0.997760574786, 0.250123853396, 0.501345116091, 0.0541907785968, 0.819584426651, 0.767927937697, 0.8800454781, 0.966190689314, 0.390768108768, 0.800244105319, 0.295041556643, 0.213316774072, 0.102476349077, 0.40630579625, 0.771951235803, 0.595225491065, 0.121392612127, 0.645693371749, 0.850788852946, 0.998862562294, 0.446476922097, 1.13528768171e-05, 5.78983965821
0.13389391155, 0.366465459901, 0.74819501537, 0.543781496164, 0.894681242763, 0.0675517158311, 0.75246582663, 0.112867995102, 0.802785117108, 0.43090017536, 0.0753076756953, 0.601606904077, 0.0443099245429, 0.0782937474737, 0.498636739965, 0.0165000814393, 0.325645781186, 0.266036473917, 0.535923946814, 0.518613286474, 0.390846131426, 0.0412512870839, 0.803609725838, 0.854633599057, 0.344951299755, 0.905975565318, 0.580325941155, 0.724929407305, 0.467167826131, 0.134608235875, 0.13389391155, 4.19318145853
0.49241984914, 0.133019044274, 0.972921387832, 0.530569595503, 0.0429589828194, 0.0249823507503, 0.709410908973, 0.603986972035, 0.107525205683, 0.0715803488658, 0.345551256704, 0.788334804444, 0.750366295247, 0.583488001593, 0.380459648255, 0.94313570955, 0.151046937502, 0.206975190615, 0.420879243453, 0.262327213554, 0.139979264825, 0.0889342915819, 0.165794747939, 0.506978684685, 0.584637001287, 0.479302224405, 0.601964302669, 0.255582115851, 0.132988147758, 0.278607321683, 0.49241984914, 3.00791955925
0.0502883539401, 0.260219715344, 0.251262365692, 0.485285206382, 0.614741052925, 0.335934889083, 0.576933676039, 0.596986345044, 0.492710889198, 0.412347217182, 0.167889652448, 0.232815780788, 0.507087730721, 0.119793192537, 0.37008065711, 0.696816749182, 0.704839322363, 0.721391215529, 0.842518950436, 0.61156254925, 0.216760965715, 0.669046558351, 0.550956703501, 0.3171592347, 0.316684452993, 0.595625542787, 0.817488170923, 0.219184696526, 0.332051515139, 0.444766677489, 0.0502883539401, 4.67317046794
0.754857417146, 0.153424586014, 0.480218294609, 0.297257386342, 0.304174566899, 0.233175258491, 0.26033992364, 0.252518735777, 0.747777485525, 0.625873429596, 0.38420838517, 0.254397750724, 0.210870060933, 0.564967313925, 0.973620594657, 0.290605791613, 0.835228880133, 0.126361821849, 0.280483789298, 0.290935859927, 0.867575994462, 0.0987174458671, 0.294551148628, 0.442336057053, 0.662585543497, 0.325377054834, 0.105867025278, 0.691511519951, 0.224554878976, 0.0831847835087, 0.754857417146, 2.6779094669
0.00938151840092, 0.535094579688, 0.4103678609, 0.761379266576, 0.933052084228, 0.583877806556, 0.041659421471, 0.242453598065, 0.499653508672, 0.694307582887, 0.00802138473221, 0.572454031886, 0.50718326155, 0.0170419920854, 0.0472973534966, 0.784034217937, 0.672674144641, 0.377140534211, 0.438176704325, 0.768910856235, 0.879149771782, 0.908679179501, 0.49741629072, 0.588935395096, 0.231699043436, 0.420110957796, 0.475576723879, 0.304538276663, 0.209508288008, 0.199565818926, 0.00938151840092, 5.00240543522
0.104344767835, 0.076731418104, 0.492528773223, 0.0928194020147, 0.560664305735, 0.160321467491, 0.64349954098, 0.0181977315674, 0.0887021281574, 0.785395709997, 0.753738423087, 0.24548297001, 0.798958045506, 0.781294738004, 0.710170416505, 0.227747815074, 0.445291102482, 0.156731555565, 0.8089021508, 0.233922650052, 0.357186610687, 0.45300917488, 0.196541662773, 0.738989154997, 0.833684550854, 0.865794603403, 0.647700118853, 0.771794163729, 0.155972018317, 0.949865441081, 0.104344767835, 4.61293803881
0.438708660368, 0.150741009471, 0.0456515215205, 0.202938629481, 0.974579224101, 0.241716477572, 0.881034190059, 0.34433597801, 0.113574526556, 0.728100060456, 0.0470212124851, 0.123646924287, 0.394051570137, 0.714175770772, 0.378932643833, 0.61471034858, 0.259121721021, 0.782385166884, 0.492437913336, 0.542223325599, 0.432859648566, 0.533953650354, 0.74711617103, 0.565409208941, 0.586592296883, 0.151052148631, 0.607331989341, 0.426149783891, 0.612354417946, 0.262174589249, 0.438708660368, 3.53678296932
1.13528768171e-05, 0.147733634438, 0.179536518792, 0.759622088143, 0.0039911106644, 0.912448682361, 0.697309417414, 0.662226203454, 0.138170358505, 0.946936960788, 0.250123853396, 0.501345116091, 0.0541907785968, 0.819584426651, 0.767927937697, 0.8800454781, 0.966190689314, 0.390768108768, 0.800244105319, 0.295041556643, 0.213316774072, 0.102476349077, 0.40630579625, 0.79421889615, 0.595225491065, 0.121392612127, 0.645693371749, 0.850788852946, 0.998862562294, 0.713245066819, 1.13528768171e-05, 5.83787620914
1.13528768171e-05, 0.147733634438, 0.179536518792, 0.759622088143, 0.0039911106644, 0.912448682361, 0.697309417414, 0.662226203454, 0.138170358505, 0.946936960788, 0.250123853396, 0.501345116091, 0.0541907785968, 0.819584426651, 0.767927937697, 0.8800454781, 0.966190689314, 0.390768108768, 0.800244105319, 0.295041556643, 0.213316774072, 0.102476349077, 0.40630579625, 0.79421889615, 0.595225491065, 0.121392612127, 0.645693371749, 0.850788852946, 0.998862562294, 0.713245066819, 1.13528768171e-05, 5.83787620914
0.918736036586, 0.35087428798, 0.391361616565, 0.153776434134, 0.0828874297554, 0.404099414234, 0.0399519706616, 0.8036874963, 0.428333662424, 0.181421535793, 0.896067864431, 0.226997681457, 0.635607889817, 0.66959048558, 0.026953630249, 0.430130194417, 0.613203503921, 0.0429338391213, 0.213965912994, 0.407960244152, 0.357881383058, 0.0412512870839, 0.0218443619994, 0.338987407387, 0.774971652707, 0.370987184667, 0.982680471743, 0.164179007636, 0.100333701895, 0.418850946322, 0.918736036586, 2.29771251483
0.918736036586, 0.35087428798, 0.391361616565, 0.153776434134, 0.0828874297554, 0.404099414234, 0.0399519706616, 0.8036874963, 0.428333662424, 0.181421535793, 0.896067864431, 0.226997681457, 0.635607889817, 0.66959048558, 0.026953630249, 0.430130194417, 0.613203503921, 0.0429338391213, 0.213965912994, 0.407960244152, 0.357881383058, 0.0412512870839, 0.0218443619994, 0.338987407387, 0.774971652707, 0.370987184667, 0.982680471743, 0.164179007636, 0.100333701895, 0.418850946322, 0.918736036586, 2.29771251483
0.00938151840092, 0.652942667134, 0.217118064012, 0.761379266576, 0.841457541035, 0.583877806556, 0.340187086022, 0.242453598065, 0.499653508672, 0.694307582887, 0.0844316006537, 0.572454031886, 0.50718326155, 0.0170419920854, 0.0472973534966, 0.973241109031, 0.672674144641, 0.377140534211, 0.869129628711, 0.768910856235, 0.879149771782, 0.60681087956, 0.49741629072, 0.588935395096, 0.231699043436, 0.420110957796, 0.983164024323, 0.304538276663, 0.209508288008, 0.199565818926, 0.00938151840092, 5.31654920906
0.00938151840092, 0.652942667134, 0.217118064012, 0.761379266576, 0.841457541035, 0.583877806556, 0.340187086022, 0.242453598065, 0.499653508672, 0.694307582887, 0.0844316006537, 0.572454031886, 0.50718326155, 0.0170419920854, 0.0472973534966, 0.973241109031, 0.672674144641, 0.377140534211, 0.869129628711, 0.768910856235, 0.879149771782, 0.60681087956, 0.49741629072, 0.588935395096, 0.231699043436, 0.420110957796, 0.983164024323, 0.304538276663, 0.209508288008, 0.199565818926, 0.00938151840092, 5.31654920906
0.13389391155, 0.366465459901, 0.74819501537, 0.543781496164, 0.978201682708, 0.0249823507503, 0.917051007331, 0.0290401949181, 0.802785117108, 0.43090017536, 0.0753076756953, 0.601606904077, 0.0443099245429, 0.0782937474737, 0.498636739965, 0.0165000814393, 0.151046937502, 0.266036473917, 0.926062410751, 0.518613286474, 0.390846131426, 0.366012166985, 0.630862124279, 0.854633599057, 0.344951299755, 0.479302224405, 0.459271868896, 0.973024264652, 0.467167826131, 0.134608235875, 0.13389391155, 4.24723657359
0.515673890359, 0.125003917206, 0.729521855591, 0.577916281086, 0.0325560596652, 0.794031635624, 0.624594870207, 0.0294905451125, 0.825519131101, 0.643138377516, 0.161722639695, 0.342075633204, 0.0197268635664, 0.0260968155487, 0.21374097183, 0.693454987934, 0.239267800139, 0.397040380533, 0.0547034501895, 0.546974796561, 0.0146017442061, 0.895889632732, 0.308751962263, 0.352198017582, 0.743805548822, 0.752194358607, 0.519149299209, 0.530414932198, 0.886680320243, 0.134225665086, 0.515673890359, 3.21893978685
0.496861263897, 0.76827157691, 0.171579823958, 0.765545802608, 0.9540235602, 0.885784031626, 0.153239990817, 0.182831438985, 0.858454060538, 0.179122931515, 0.195873991338, 0.177375700407, 0.242280802379, 0.252416168752, 0.0573206319559, 0.217579822883, 0.442877831037, 0.448186746153, 0.367043580437, 0.664008564947, 0.462554837488, 0.266481903885, 0.856258102741, 0.451507659523, 0.107362668836, 0.460959860968, 0.343518356222, 0.677546903516, 0.98512846771, 0.221383275913, 0.496861263897, 3.40491616275
0.13389391155, 0.366465459901, 0.74819501537, 0.543781496164, 0.978201682708, 0.0249823507503, 0.917051007331, 0.0290401949181, 0.802785117108, 0.43090017536, 0.0753076756953, 0.601606904077, 0.0443099245429, 0.0782937474737, 0.498636739965, 0.0165000814393, 0.151046937502, 0.266036473917, 0.926062410751, 0.518613286474, 0.390846131426, 0.366012166985, 0.630862124279, 0.854633599057, 0.344951299755, 0.479302224405, 0.459271868896, 0.973024264652, 0.467167826131, 0.134608235875, 0.13389391155, 4.24723657359
0.515673890359, 0.125003917206, 0.729521855591, 0.577916281086, 0.0325560596652, 0.794031635624, 0.624594870207, 0.0294905451125, 0.825519131101, 0.643138377516, 0.161722639695, 0.342075633204, 0.0197268635664, 0.0260968155487, 0.21374097183, 0.693454987934, 0.239267800139, 0.397040380533, 0.0547034501895, 0.546974796561, 0.0146017442061, 0.895889632732, 0.308751962263, 0.352198017582, 0.743805548822, 0.752194358607, 0.519149299209, 0.530414932198, 0.886680320243, 0.134225665086, 0.515673890359, 3.21893978685
0.496861263897, 0.76827157691, 0.171579823958, 0.765545802608, 0.9540235602, 0.885784031626, 0.153239990817, 0.182831438985, 0.858454060538, 0.179122931515, 0.195873991338, 0.177375700407, 0.242280802379, 0.252416168752, 0.0573206319559, 0.217579822883, 0.442877831037, 0.448186746153, 0.367043580437, 0.664008564947, 0.462554837488, 0.266481903885, 0.856258102741, 0.451507659523, 0.107362668836, 0.460959860968, 0.343518356222, 0.677546903516, 0.98512846771, 0.221383275913, 0.496861263897, 3.40491616275
0.52308003024, 0.530348314903, 0.0921602804805, 0.175829646064, 0.488131855659, 0.139852084804, 0.644162581173, 0.221240964487, 0.254372809425, 0.418783875624, 0.998022515158, 0.550619225362, 0.880621312255, 0.40145634732, 0.501421133499, 0.740373978862, 0.486470947356, 0.30835143961, 0.369965016401, 0.188093816333, 0.183022826959, 0.568264414453, 0.486160807386, 0.6657240068, 0.0114511182704, 0.207302066114, 0.353391955222, 0.141700436043, 0.119923590453, 0.132307808854, 0.52308003024, 2.96107236967
0.52308003024, 0.530348314903, 0.0921602804805, 0.175829646064, 0.488131855659, 0.139852084804, 0.644162581173, 0.221240964487, 0.254372809425, 0.418783875624, 0.998022515158, 0.550619225362, 0.880621312255, 0.40145634732, 0.501421133499, 0.740373978862, 0.486470947356, 0.30835143961, 0.369965016401, 0.188093816333, 0.183022826959, 0.568264414453, 0.486160807386, 0.6657240068, 0.0114511182704, 0.207302066114, 0.353391955222, 0.141700436043, 0.119923590453, 0.132307808854, 0.52308003024, 2.96107236967
0.0327769231483, 0.416878909239, 0.963601709387, 0.671407644181, 0.177935088568, 0.295061302815, 0.57784029502, 0.213874124632, 0.808261738344, 0.612807908585, 0.0568103596818, 0.395199634391, 0.61398150252, 0.129570838278, 0.825368001983, 0.450518324274, 0.265957341046, 0.51697478025, 0.50704185464, 0.0592974420485, 0.261568267584, 0.681543440162, 0.683987112857, 0.122521627626, 0.898808289161, 0.699380375575, 0.313459689441, 0.131997316575, 0.792400356245, 0.838491325583, 0.0327769231483, 4.9210696887
0.0327769231483, 0.416878909239, 0.963601709387, 0.671407644181, 0.177935088568, 0.295061302815, 0.57784029502, 0.213874124632, 0.808261738344, 0.612807908585, 0.0568103596818, 0.395199634391, 0.61398150252, 0.129570838278, 0.825368001983, 0.450518324274, 0.265957341046, 0.51697478025, 0.50704185464, 0.0592974420485, 0.261568267584, 0.681543440162, 0.683987112857, 0.122521627626, 0.898808289161, 0.699380375575, 0.313459689441, 0.131997316575, 0.792400356245, 0.838491325583, 0.0327769231483, 4.9210696887
0.515673890359, 0.125003917206, 0.624246504099, 0.577916281086, 0.0325560596652, 0.794031635624, 0.624594870207, 0.0294905451125, 0.825519131101, 0.741820716298, 0.161722639695, 0.342075633204, 0.0197268635664, 0.0260968155487, 0.21374097183, 0.693454987934, 0.239267800139, 0.397040380533, 0.0547034501895, 0.546974796561, 0.0146017442061, 0.895889632732, 0.308751962263, 0.352198017582, 0.743805548822, 0.752194358607, 0.519149299209, 0.531585738551, 0.886680320243, 0.333332463731, 0.515673890359, 3.2692190677
0.515673890359, 0.125003917206, 0.624246504099, 0.577916281086, 0.0325560596652, 0.794031635624, 0.624594870207, 0.0294905451125, 0.825519131101, 0.741820716298, 0.161722639695, 0.342075633204, 0.0197268635664, 0.0260968155487, 0.21374097183, 0.693454987934, 0.239267800139, 0.397040380533, 0.0547034501895, 0.546974796561, 0.0146017442061, 0.895889632732, 0.308751962263, 0.352198017582, 0.743805548822, 0.752194358607, 0.519149299209, 0.531585738551, 0.886680320243, 0.333332463731, 0.515673890359, 3.2692190677
0.945606869566, 0.11257602976, 0.327994840752, 0.36918598161, 0.695239936569, 0.673289952725, 0.612836619019, 0.291782586919, 0.590727684048, 0.672104177323, 0.131608037751, 0.0949101605021, 0.183371376652, 0.288049291577, 0.208793994336, 0.827924314887, 0.0480726804525, 0.48243268782, 0.39421856666, 0.0326420530398, 0.0371302012222, 0.0812729699262, 0.903396617003, 0.419163665129, 0.65360697005, 0.00282457120449, 0.392334974417, 0.184100213597, 0.193083563503, 0.915665671679, 0.945606869566, 2.32801464937
0.945606869566, 0.11257602976, 0.327994840752, 0.36918598161, 0.695239936569, 0.673289952725, 0.612836619019, 0.291782586919, 0.590727684048, 0.672104177323, 0.131608037751, 0.0949101605021, 0.183371376652, 0.288049291577, 0.208793994336, 0.827924314887, 0.0480726804525, 0.48243268782, 0.39421856666, 0.0326420530398, 0.0371302012222, 0.0812729699262, 0.903396617003, 0.419163665129, 0.65360697005, 0.00282457120449, 0.392334974417, 0.184100213597, 0.193083563503, 0.915665671679, 0.945606869566, 2.32801464937
0.0502883539401, 0.260219715344, 0.251262365692, 0.485285206382, 0.548833197256, 0.335934889083, 0.576933676039, 0.596986345044, 0.707442592729, 0.412347217182, 0.408209926959, 0.232815780788, 0.507087730721, 0.119793192537, 0.37008065711, 0.696816749182, 0.704839322363, 0.721391215529, 0.842518950436, 0.61156254925, 0.441358651777, 0.669046558351, 0.06819265936, 0.3171592347, 0.65360697005, 0.595625542787, 0.817488170923, 0.219184696526, 0.193083563503, 0.236244413429, 0.0502883539401, 4.70870211046
0.0533386519193, 0.657502580182, 0.617895018705, 0.913398459034, 0.66523650161, 0.127996978647, 0.265811897684, 0.00780365007613, 0.072269329417, 0.978110873641, 0.0918934717196, 0.79536977356, 0.241361156722, 0.0214068196352, 0.657752281759, 0.0252567602365, 0.0602500788832, 0.144687599738, 0.779544795198, 0.467141702252, 0.482555931078, 0.439683908287, 0.210734884357, 0.210125039154, 0.74648528721, 0.572066702576, 0.934871274672, 0.947665665775, 0.561601330312, 0.916730343333, 0.0533386519193, 4.69688478424
0.0502883539401, 0.260219715344, 0.251262365692, 0.485285206382, 0.548833197256, 0.335934889083, 0.576933676039, 0.596986345044, 0.707442592729, 0.412347217182, 0.408209926959, 0.232815780788, 0.507087730721, 0.119793192537, 0.37008065711, 0.696816749182, 0.704839322363, 0.721391215529, 0.842518950436, 0.61156254925, 0.441358651777, 0.669046558351, 0.06819265936, 0.3171592347, 0.65360697005, 0.595625542787, 0.817488170923, 0.219184696526, 0.193083563503, 0.236244413429, 0.0502883539401, 4.70870211046
0.0533386519193, 0.657502580182, 0.617895018705, 0.913398459034, 0.66523650161, 0.127996978647, 0.265811897684, 0.00780365007613, 0.072269329417, 0.978110873641, 0.0918934717196, 0.79536977356, 0.241361156722, 0.0214068196352, 0.657752281759, 0.0252567602365, 0.0602500788832, 0.144687599738, 0.779544795198, 0.467141702252, 0.482555931078, 0.439683908287, 0.210734884357, 0.210125039154, 0.74648528721, 0.572066702576, 0.934871274672, 0.947665665775, 0.561601330312, 0.916730343333, 0.0533386519193, 4.69688478424
0.895796378647, 0.588417433373, 0.449911348394, 0.74479832347, 0.364525298052, 0.587175906082, 0.816994989624, 0.382131604329, 0.956221139872, 0.32846803667, 0.704064315905, 0.119663418507, 0.226976392556, 0.260040405616, 0.257999545452, 0.572137477132, 0.065542523309, 0.142909487741, 0.185724279993, 0.38889217131, 0.493389699235, 0.266233456597, 0.196233511633, 0.275661813778, 0.443840308014, 0.468271839509, 0.732975329151, 0.625050828115, 0.178252671153, 0.249399219785, 0.895796378647, 2.68444990881
0.950231965388, 0.735542157397, 0.680146132668, 0.186372961033, 0.568077706781, 0.521993525339, 0.20477614557, 0.891367498438, 0.365287895138, 0.236381436726, 0.0722351541194, 0.329638236158, 0.192850889581, 0.762145810546, 0.278681066585, 0.147258653909, 0.221897154937, 0.540806292345, 0.267298297433, 0.355081433636, 0.731212774365, 0.618796085881, 0.0555630456255, 0.531432711427, 0.0583981816195, 0.264888827317, 0.781816198053, 0.176199107671, 0.791383385952, 0.0292755051504, 0.950231965388, 2.50852391899
0.973136932529, 0.103758174903, 0.804481136395, 0.513738064255, 0.457577382107, 0.190953530521, 0.693379591047, 0.512894060545, 0.308559934261, 0.630745559937, 0.485366592245, 0.269762432433, 0.0171972267138, 0.32310805026, 0.233152269739, 0.00973259398123, 0.215797943317, 0.259496857759, 0.668363185942, 0.376920012949, 0.436322714393, 0.462469139475, 0.875099645591, 0.85948281146, 0.151688473772, 0.320903380678, 0.50352225691, 0.374174405224, 0.25490561726, 0.229273775498, 0.973136932529, 2.47058353476
0.895796378647, 0.588417433373, 0.449911348394, 0.74479832347, 0.364525298052, 0.587175906082, 0.816994989624, 0.382131604329, 0.956221139872, 0.32846803667, 0.704064315905, 0.119663418507, 0.226976392556, 0.260040405616, 0.257999545452, 0.572137477132, 0.065542523309, 0.142909487741, 0.185724279993, 0.38889217131, 0.493389699235, 0.266233456597, 0.196233511633, 0.275661813778, 0.443840308014, 0.468271839509, 0.732975329151, 0.625050828115, 0.178252671153, 0.249399219785, 0.895796378647, 2.68444990881
0.950231965388, 0.735542157397, 0.680146132668, 0.186372961033, 0.568077706781, 0.521993525339, 0.20477614557, 0.891367498438, 0.365287895138, 0.236381436726, 0.0722351541194, 0.329638236158, 0.192850889581, 0.762145810546, 0.278681066585, 0.147258653909, 0.221897154937, 0.540806292345, 0.267298297433, 0.355081433636, 0.731212774365, 0.618796085881, 0.0555630456255, 0.531432711427, 0.0583981816195, 0.264888827317, 0.781816198053, 0.176199107671, 0.791383385952, 0.0292755051504, 0.950231965388, 2.50852391899
0.973136932529, 0.103758174903, 0.804481136395, 0.513738064255, 0.457577382107, 0.190953530521, 0.693379591047, 0.512894060545, 0.308559934261, 0.630745559937, 0.485366592245, 0.269762432433, 0.0171972267138, 0.32310805026, 0.233152269739, 0.00973259398123, 0.215797943317, 0.259496857759, 0.668363185942, 0.376920012949, 0.436322714393, 0.462469139475, 0.875099645591, 0.85948281146, 0.151688473772, 0.320903380678, 0.50352225691, 0.374174405224, 0.25490561726, 0.229273775498, 0.973136932529, 2.47058353476
0.950231965388, 0.735542157397, 0.680146132668, 0.313789172314, 0.568077706781, 0.521993525339, 0.20477614557, 0.891367498438, 0.365287895138, 0.236381436726, 0.0722351541194, 0.329638236158, 0.192850889581, 0.656223579309, 0.278681066585, 0.147258653909, 0.221897154937, 0.540806292345, 0.90444465751, 0.355081433636, 0.467520970532, 0.212942843752, 0.0555630456255, 0.84406433119, 0.0583981816195, 0.264888827317, 0.781816198053, 0.957968038989, 0.314341378855, 0.0292755051504, 0.950231965388, 2.65438714497
0.154869222465, 0.0356252138408, 0.927527178268, 0.981545196107, 0.31117772465, 0.925122063384, 0.463032415173, 0.876249893059, 0.310909807912, 0.274271339395, 0.971640650852, 0.231857983191, 0.880346298019, 0.142330098868, 0.0274947458464, 0.0332531869405, 0.946967435168, 0.140806874571, 0.205008844058, 0.626943651468, 0.329714427607, 0.560855732285, 0.626461593153, 0.227733856108, 0.0060722655381, 0.594365407562, 0.931490274391, 0.92117286446, 0.547755684862, 0.484452052192, 0.154869222465, 4.58907437395
0.950231965388, 0.735542157397, 0.680146132668, 0.313789172314, 0.568077706781, 0.521993525339, 0.20477614557, 0.891367498438, 0.365287895138, 0.236381436726, 0.0722351541194, 0.329638236158, 0.192850889581, 0.656223579309, 0.278681066585, 0.147258653909, 0.221897154937, 0.540806292345, 0.90444465751, 0.355081433636, 0.467520970532, 0.212942843752, 0.0555630456255, 0.84406433119, 0.0583981816195, 0.264888827317, 0.781816198053, 0.957968038989, 0.314341378855, 0.0292755051504, 0.950231965388, 2.65438714497
0.154869222465, 0.0356252138408, 0.927527178268, 0.981545196107, 0.31117772465, 0.925122063384, 0.463032415173, 0.876249893059, 0.310909807912, 0.274271339395, 0.971640650852, 0.231857983191, 0.880346298019, 0.142330098868, 0.0274947458464, 0.0332531869405, 0.946967435168, 0.140806874571, 0.205008844058, 0.626943651468, 0.329714427607, 0.560855732285, 0.626461593153, 0.227733856108, 0.0060722655381, 0.594365407562, 0.931490274391, 0.92117286446, 0.547755684862, 0.484452052192, 0.154869222465, 4.58907437395
0.166092063263, 0.235936546779, 0.0233867191957, 0.0772031919663, 0.133369304218, 0.23877123849, 0.960639727397, 0.570705412227, 0.367310873517, 0.48757141415, 0.0279897337347, 0.984937529212, 0.677915281946, 0.632543610833, 0.31043612909, 0.592108584055, 0.392946514011, 0.580972655298, 0.566552097664, 0.439666506324, 0.0540738918785, 0.897002768045, 0.234824572539, 0.306156802339, 0.300581173395, 0.305288121752, 0.833249340816, 0.759514589447, 0.138451554753, 0.442682478415, 0.166092063263, 3.99958799627
0.973136932529, 0.103758174903, 0.804481136395, 0.513738064255, 0.669552262425, 0.190953530521, 0.693379591047, 0.537719668683, 0.308559934261, 0.630745559937, 0.485366592245, 0.269762432433, 0.0171972267138, 0.32310805026, 0.233152269739, 0.00973259398123, 0.464948083785, 0.259496857759, 0.668363185942, 0.376920012949, 0.18322486566, 0.848878401528, 0.875099645591, 0.85948281146, 0.111252901822, 0.320903380678, 0.50352225691, 0.374174405224, 0.201465332414, 0.229273775498, 0.973136932529, 2.59639288173
0.297790631246, 0.288427034208, 0.873214135857, 0.302902501384, 0.397141324513, 0.703313735492, 0.372020385851, 0.335038971438, 0.220975309933, 0.596671810931, 0.432723626869, 0.718272860889, 0.116992891841, 0.652257086936, 0.191495626876, 0.478819615325, 0.856738371156, 0.817877155304, 0.458785324994, 0.241168511308, 0.0228885788036, 0.422344817841, 0.825662122281, 0.121843485384, 0.154421674373, 0.402149900113, 0.965389406166, 0.0261364553903, 0.125894120599, 0.291459587582, 0.297790631246, 3.65024741647
0.245824216657, 0.255313335813, 0.64837600945, 0.851597120332, 0.206805156375, 0.43210941374, 0.871915610486, 0.953761859384, 0.124081804828, 0.00123365530957, 0.2686598614, 0.0306254879815, 0.814206648012, 0.183986555399, 0.412872356336, 0.438764794698, 0.665696023555, 0.84561155239, 0.5942173856, 0.771710942097, 0.540332711551, 0.634686111227, 0.0668685256956, 0.161521600263, 0.969826085965, 0.165394234994, 0.468226258606, 0.187514600758, 0.230746623097, 0.246724495654, 0.245824216657, 3.93398723405
0.275633558044, 0.398329434481, 0.394077099325, 0.634272950624, 0.734543115542, 0.529515698227, 0.73149828035, 0.126696442234, 0.834648792114, 0.384372303984, 0.171379283974, 0.373263752156, 0.549398962751, 0.803176442029, 0.934250722056, 0.695713327092, 0.157368887857, 0.169217342418, 0.177418056975, 0.177342683022, 0.191994924253, 0.11984717807, 0.611090061911, 0.384247228144, 0.389148674521, 0.193967943882, 0.282951445028, 0.140248646928, 0.330349903945, 0.999265683502, 0.275633558044, 3.75232473717
0.26202414292, 0.570573960777, 0.538086044969, 0.784374489036, 0.377839422731, 0.609174113027, 0.0867847060194, 0.151322892623, 0.0856224120319, 0.91622570803, 0.911974102788, 0.289827372854, 0.272074981758, 0.990879994146, 0.755811369025, 0.738682831878, 0.0630787903815, 0.0400909262936, 0.477119452806, 0.414576730571, 0.681290475408, 0.0447087338144, 0.219332508498, 0.427424618313, 0.995200514294, 0.181222084018, 0.50075405329, 0.140248646928, 0.465299591354, 0.153414355255, 0.26202414292, 3.8537809368
0.166092063263, 0.235936546779, 0.0233867191957, 0.0772031919663, 0.133369304218, 0.23877123849, 0.960639727397, 0.570705412227, 0.367310873517, 0.48757141415, 0.0279897337347, 0.984937529212, 0.677915281946, 0.632543610833, 0.31043612909, 0.592108584055, 0.392946514011, 0.580972655298, 0.566552097664, 0.439666506324, 0.0540738918785, 0.897002768045, 0.234824572539, 0.306156802339, 0.300581173395, 0.305288121752, 0.833249340816, 0.759514589447, 0.138451554753, 0.442682478415, 0.166092063263, 3.99958799627
0.973136932529, 0.103758174903, 0.804481136395, 0.513738064255, 0.669552262425, 0.190953530521, 0.693379591047, 0.537719668683, 0.308559934261, 0.630745559937, 0.485366592245, 0.269762432433, 0.0171972267138, 0.32310805026, 0.233152269739, 0.00973259398123, 0.464948083785, 0.259496857759, 0.668363185942, 0.376920012949, 0.18322486566, 0.848878401528, 0.875099645591, 0.85948281146, 0.111252901822, 0.320903380678, 0.50352225691, 0.374174405224, 0.201465332414, 0.229273775498, 0.973136932529, 2.59639288173
0.297790631246, 0.288427034208, 0.873214135857, 0.302902501384, 0.397141324513, 0.703313735492, 0.372020385851, 0.335038971438, 0.220975309933, 0.596671810931, 0.432723626869, 0.718272860889, 0.116992891841, 0.652257086936, 0.191495626876, 0.478819615325, 0.856738371156, 0.817877155304, 0.458785324994, 0.241168511308, 0.0228885788036, 0.422344817841, 0.825662122281, 0.121843485384, 0.154421674373, 0.402149900113, 0.965389406166, 0.0261364553903, 0.125894120599, 0.291459587582, 0.297790631246, 3.65024741647
0.245824216657, 0.255313335813, 0.64837600945, 0.851597120332, 0.206805156375, 0.43210941374, 0.871915610486, 0.953761859384, 0.124081804828, 0.00123365530957, 0.2686598614, 0.0306254879815, 0.814206648012, 0.183986555399, 0.412872356336, 0.438764794698, 0.665696023555, 0.84561155239, 0.5942173856, 0.771710942097, 0.540332711551, 0.634686111227, 0.0668685256956, 0.161521600263, 0.969826085965, 0.165394234994, 0.468226258606, 0.187514600758, 0.230746623097, 0.246724495654, 0.245824216657, 3.93398723405
0.275633558044, 0.398329434481, 0.394077099325, 0.634272950624, 0.734543115542, 0.529515698227, 0.73149828035, 0.126696442234, 0.834648792114, 0.384372303984, 0.171379283974, 0.373263752156, 0.549398962751, 0.803176442029, 0.934250722056, 0.695713327092, 0.157368887857, 0.169217342418, 0.177418056975, 0.177342683022, 0.191994924253, 0.11984717807, 0.611090061911, 0.384247228144, 0.389148674521, 0.193967943882, 0.282951445028, 0.140248646928, 0.330349903945, 0.999265683502, 0.275633558044, 3.75232473717
0.26202414292, 0.570573960777, 0.538086044969, 0.784374489036, 0.377839422731, 0.609174113027, 0.0867847060194, 0.151322892623, 0.0856224120319, 0.91622570803, 0.911974102788, 0.289827372854, 0.272074981758, 0.990879994146, 0.755811369025, 0.738682831878, 0.0630787903815, 0.0400909262936, 0.477119452806, 0.414576730571, 0.681290475408, 0.0447087338144, 0.219332508498, 0.427424618313, 0.995200514294, 0.181222084018, 0.50075405329, 0.140248646928, 0.465299591354, 0.153414355255, 0.26202414292, 3.8537809368
0.754857417146, 0.153424586014, 0.561460041289, 0.74479832347, 0.304174566899, 0.233175258491, 0.26033992364, 0.252518735777, 0.747777485525, 0.625873429596, 0.0906193396244, 0.254397750724, 0.210870060933, 0.564967313925, 0.9918613713, 0.290605791613, 0.835228880133, 0.126361821849, 0.185724279993, 0.134060160556, 0.867575994462, 0.0987174458671, 0.294551148628, 0.442336057053, 0.443840308014, 0.898129785746, 0.105867025278, 0.691511519951, 0.224554878976, 0.0735317648174, 0.754857417146, 2.76352990056
0.754857417146, 0.153424586014, 0.561460041289, 0.74479832347, 0.304174566899, 0.233175258491, 0.26033992364, 0.252518735777, 0.747777485525, 0.625873429596, 0.0906193396244, 0.254397750724, 0.210870060933, 0.564967313925, 0.9918613713, 0.290605791613, 0.835228880133, 0.126361821849, 0.185724279993, 0.134060160556, 0.867575994462, 0.0987174458671, 0.294551148628, 0.442336057053, 0.443840308014, 0.898129785746, 0.105867025278, 0.691511519951, 0.224554878976, 0.0735317648174, 0.754857417146, 2.76352990056
0.700791189701, 0.0627695177037, 0.612632713248, 0.248784999658, 0.500920641076, 0.309649094491, 0.569811628443, 0.211215698689, 0.0157082217589, 0.839208712339, 0.514396654705, 0.364929937942, 0.667408439924, 0.877574167329, 0.412783473914, 0.804566915855, 0.0397513820781, 0.000530637446021, 0.233833701458, 0.0481366067049, 0.526392500554, 0.084581331011, 0.918500972088, 0.262273229925, 0.317510691772, 0.927360737363, 0.386513882019, 0.937901952607, 0.044366476273, 0.233492425396, 0.700791189701, 2.89798526088
0.700791189701, 0.0627695177037, 0.612632713248, 0.248784999658, 0.500920641076, 0.309649094491, 0.569811628443, 0.211215698689, 0.0157082217589, 0.839208712339, 0.514396654705, 0.364929937942, 0.667408439924, 0.877574167329, 0.412783473914, 0.804566915855, 0.0397513820781, 0.000530637446021, 0.233833701458, 0.0481366067049, 0.526392500554, 0.084581331011, 0.918500972088, 0.262273229925, 0.317510691772, 0.927360737363, 0.386513882019, 0.937901952607, 0.044366476273, 0.233492425396, 0.700791189701, 2.89798526088
0.119367096725, 0.693400122518, 0.864890580993, 0.985722193543, 0.524898998789, 0.696529168259, 0.567251427838, 0.0502401141247, 0.270444160369, 0.00716838406898, 0.167889652448, 0.315091639568, 0.840955132326, 0.0254102258389, 0.0058903293221, 0.372726677929, 0.136095365004, 0.586650230122, 0.814479075138, 0.793846504975, 0.874271401314, 0.560574540673, 0.550956703501, 0.748613217408, 0.668134682018, 0.370044605821, 0.957059868442, 0.284285533626, 0.109359998203, 0.650274567492, 0.119367096725, 4.68777359
0.119367096725, 0.693400122518, 0.864890580993, 0.985722193543, 0.524898998789, 0.696529168259, 0.567251427838, 0.0502401141247, 0.270444160369, 0.00716838406898, 0.167889652448, 0.315091639568, 0.840955132326, 0.0254102258389, 0.0058903293221, 0.372726677929, 0.136095365004, 0.586650230122, 0.814479075138, 0.793846504975, 0.874271401314, 0.560574540673, 0.550956703501, 0.748613217408, 0.668134682018, 0.370044605821, 0.957059868442, 0.284285533626, 0.109359998203, 0.650274567492, 0.119367096725, 4.68777359
0.918736036586, 0.35087428798, 0.391361616565, 0.153776434134, 0.594731647246, 0.404099414234, 0.402600857813, 0.8036874963, 0.428333662424, 0.181421535793, 0.896067864431, 0.226997681457, 0.635607889817, 0.66959048558, 0.026953630249, 0.783411078901, 0.613203503921, 0.0429338391213, 0.35604662708, 0.407960244152, 0.357881383058, 0.201500879272, 0.0218443619994, 0.407269789755, 0.309000536109, 0.852730543222, 0.982680471743, 0.164179007636, 0.100333701895, 0.418850946322, 0.918736036586, 2.68583280541
0.918736036586, 0.35087428798, 0.391361616565, 0.153776434134, 0.594731647246, 0.404099414234, 0.402600857813, 0.8036874963, 0.428333662424, 0.181421535793, 0.896067864431, 0.226997681457, 0.635607889817, 0.66959048558, 0.026953630249, 0.783411078901, 0.613203503921, 0.0429338391213, 0.35604662708, 0.407960244152, 0.357881383058, 0.201500879272, 0.0218443619994, 0.407269789755, 0.309000536109, 0.852730543222, 0.982680471743, 0.164179007636, 0.100333701895, 0.418850946322, 0.918736036586, 2.68583280541
0.438708660368, 0.556442338547, 0.0456515215205, 0.202938629481, 0.449407577933, 0.241716477572, 0.881034190059, 0.34433597801, 0.707855127322, 0.728100060456, 0.0474116833507, 0.123646924287, 0.394051570137, 0.714175770772, 0.378932643833, 0.61471034858, 0.259121721021, 0.782385166884, 0.51527004102, 0.542223325599, 0.432859648566, 0.533953650354, 0.641183486022, 0.489385777183, 0.586592296883, 0.151052148631, 0.607331989341, 0.426149783891, 0.612354417946, 0.0337153596655, 0.438708660368, 3.55996120217
0.438708660368, 0.556442338547, 0.0456515215205, 0.202938629481, 0.449407577933, 0.241716477572, 0.881034190059, 0.34433597801, 0.707855127322, 0.728100060456, 0.0474116833507, 0.123646924287, 0.394051570137, 0.714175770772, 0.378932643833, 0.61471034858, 0.259121721021, 0.782385166884, 0.51527004102, 0.542223325599, 0.432859648566, 0.533953650354, 0.641183486022, 0.489385777183, 0.586592296883, 0.151052148631, 0.607331989341, 0.426149783891, 0.612354417946, 0.0337153596655, 0.438708660368, 3.55996120217
0.297790631246, 0.288427034208, 0.865317281177, 0.280298664016, 0.397141324513, 0.703313735492, 0.670609107664, 0.335038971438, 0.220975309933, 0.596671810931, 0.432723626869, 0.718272860889, 0.758613207913, 0.652257086936, 0.191495626876, 0.193312566979, 0.856738371156, 0.429256697339, 0.458785324994, 0.241168511308, 0.0228885788036, 0.422344817841, 0.825662122281, 0.121843485384, 0.154421674373, 0.402149900113, 0.965389406166, 0.20209348785, 0.226057575159, 0.291459587582, 0.297790631246, 3.78953929291
0.297790631246, 0.288427034208, 0.865317281177, 0.280298664016, 0.397141324513, 0.703313735492, 0.670609107664, 0.335038971438, 0.220975309933, 0.596671810931, 0.432723626869, 0.718272860889, 0.758613207913, 0.652257086936, 0.191495626876, 0.193312566979, 0.856738371156, 0.429256697339, 0.458785324994, 0.241168511308, 0.0228885788036, 0.422344817841, 0.825662122281, 0.121843485384, 0.154421674373, 0.402149900113, 0.965389406166, 0.20209348785, 0.226057575159, 0.291459587582, 0.297790631246, 3.78953929291
0.376134152395, 0.951692148171, 0.660671600423, 0.0859530682911, 0.899056617951, 0.291130126672, 0.400139879991, 0.590292026679, 0.343683323601, 0.393355624535, 0.945685970158, 0.212433318861, 0.172401696311, 0.60247054394, 0.0132126064592, 0.423706684699, 0.485677716515, 0.149752922686, 0.0395747348642, 0.271581184023, 0.682018431948, 0.961927713884, 0.147936315512, 0.240363021223, 0.619808017007, 0.371094175599, 0.360437796627, 0.0558277663954, 0.997157299679, 0.613976495174, 0.376134152395, 3.65383691067
0.376134152395, 0.951692148171, 0.660671600423, 0.0859530682911, 0.899056617951, 0.291130126672, 0.400139879991, 0.590292026679, 0.343683323601, 0.393355624535, 0.945685970158, 0.212433318861, 0.172401696311, 0.60247054394, 0.0132126064592, 0.423706684699, 0.485677716515, 0.149752922686, 0.0395747348642, 0.271581184023, 0.682018431948, 0.961927713884, 0.147936315512, 0.240363021223, 0.619808017007, 0.371094175599, 0.360437796627, 0.0558277663954, 0.997157299679, 0.613976495174, 0.376134152395, 3.65383691067
0.167267031293, 0.452800876063, 0.766549856919, 0.600822078003, 0.182377343095, 0.621246559336, 0.0992416626124, 0.449049166579, 0.356447630032, 0.694447684885, 0.799707294779, 0.797290968692, 0.202341743178, 0.858501024139, 0.310986995307, 0.412393259233, 0.603688203247, 0.961020409585, 0.404978795811, 0.232559269958, 0.726318656788, 0.0511100736047, 0.347532699348, 0.0810483173972, 0.0401174476254, 0.466674067575, 0.837833525909, 0.398287423027, 0.0697776338666, 0.0634494276505, 0.167267031293, 4.0854049531
0.245005130797, 0.0627695177037, 0.612632713248, 0.248784999658, 0.500920641076, 0.309649094491, 0.424785847714, 0.211215698689, 0.0157082217589, 0.839208712339, 0.514396654705, 0.364929937942, 0.667408439924, 0.877574167329, 0.412783473914, 0.804566915855, 0.49058344139, 0.0371436658512, 0.931448726844, 0.771710942097, 0.526392500554, 0.084581331011, 0.918500972088, 0.262273229925, 0.683744532796, 0.165394234994, 0.386513882019, 0.937901952607, 0.044366476273, 0.233492425396, 0.245005130797, 4.01818533283
0.167267031293, 0.452800876063, 0.766549856919, 0.600822078003, 0.182377343095, 0.621246559336, 0.0992416626124, 0.449049166579, 0.356447630032, 0.694447684885, 0.799707294779, 0.797290968692, 0.202341743178, 0.858501024139, 0.310986995307, 0.412393259233, 0.603688203247, 0.961020409585, 0.404978795811, 0.232559269958, 0.726318656788, 0.0511100736047, 0.347532699348, 0.0810483173972, 0.0401174476254, 0.466674067575, 0.837833525909, 0.398287423027, 0.0697776338666, 0.0634494276505, 0.167267031293, 4.0854049531
0.245005130797, 0.0627695177037, 0.612632713248, 0.248784999658, 0.500920641076, 0.309649094491, 0.424785847714, 0.211215698689, 0.0157082217589, 0.839208712339, 0.514396654705, 0.364929937942, 0.667408439924, 0.877574167329, 0.412783473914, 0.804566915855, 0.49058344139, 0.0371436658512, 0.931448726844, 0.771710942097, 0.526392500554, 0.084581331011, 0.918500972088, 0.262273229925, 0.683744532796, 0.165394234994, 0.386513882019, 0.937901952607, 0.044366476273, 0.233492425396, 0.245005130797, 4.01818533283
