2.85831370794e-08, 0.0431922733287, 0.303330099781, 0.315707783778, 0.307294082597, 0.707559674213, 0.00401585062767, 0.297960042887, 0.238110951683, 0.253961737123, 0.0145894186045, 0.175786708952, 0.183371376652, 0.255378900191, 0.00126972054898, 0.00591256908598, 0.0146823798082, 0.318547985751, 0.0931552581839, 0.399448856841, 0.0163630285478, 0.0204011706765, 0.0218443619994, 0.419163665129, 0.154453427286, 0.290518206657, 0.0501847405365, 0.0213589257984, 0.0705077862326, 0.311212054053, 2.85831370794e-08, 2.64743342925
7.82236575514e-09, 0.124828278007, 0.43408754333, 0.315707783778, 0.307294082597, 0.85653567299, 0.00401585062767, 0.297960042887, 0.570311766541, 0.253961737123, 0.0753076756953, 0.109176348196, 0.183371376652, 0.255378900191, 0.00122964286869, 0.00591256908598, 0.0146823798082, 0.0676364098396, 0.244688954817, 0.399448856841, 0.0163630285478, 0.0812729699262, 0.0218443619994, 0.104578362406, 0.154453427286, 0.290518206657, 0.00997347403393, 0.0213589257984, 0.206082866628, 0.311212054053, 7.82236575514e-09, 2.78098153672
0.764251778568, 0.196528132776, 0.43408754333, 0.0996593627178, 0.0242166525807, 0.180518680344, 0.0125681669187, 0.175991335862, 0.622232304103, 0.243697731864, 0.543668603622, 0.109176348196, 0.000378940911619, 0.288049291577, 0.00194749803419, 0.00226089462645, 0.0869803731975, 0.694003831717, 0.244688954817, 0.399448856841, 0.0163630285478, 0.0219321646695, 0.0218443619994, 0.107865064845, 0.134024175107, 0.398741129565, 0.18725429245, 0.131997316575, 0.100333701895, 0.353927695592, 0.764251778568, 1.34504523019
0.866795282974, 0.131137257459, 0.312495247911, 0.114263686679, 0.219968344575, 0.59468939213, 0.039399647011, 0.0452329587588, 0.0412968923586, 0.277460755618, 0.387209832119, 0.122480093613, 0.183371376652, 0.389403382965, 0.0113731032557, 0.0138665886372, 0.0133764687981, 0.0676364098396, 0.0931552581839, 0.399448856841, 0.0371302012222, 0.0204011706765, 0.00923734826879, 0.633116267082, 0.154453427286, 0.0242972173104, 0.209920261804, 0.00208340481032, 0.0705077862326, 0.353927695592, 0.866795282974, 1.05842402103
0.227696916343, 0.124828278007, 0.43408754333, 0.315707783778, 0.293495460196, 0.707559674213, 0.00401585062767, 0.297960042887, 0.242504266141, 0.253961737123, 0.0753076756953, 0.109176348196, 0.183371376652, 0.255378900191, 0.00126972054898, 0.00591256908598, 0.0146823798082, 0.0676364098396, 0.244688954817, 0.399448856841, 0.0163630285478, 0.0812729699262, 0.0218443619994, 0.104578362406, 0.154453427286, 0.290518206657, 0.0639601556332, 0.0213589257984, 0.0705077862326, 0.311212054053, 0.227696916343, 1.83361990882
0.623498445828, 0.0713301366462, 0.698748872588, 0.0225728554072, 0.0287824103178, 0.180518680344, 0.0125681669187, 0.238151315624, 0.622232304103, 0.243697731864, 0.208498552375, 0.0227779847011, 0.171106893806, 0.288049291577, 0.00194749803419, 0.000644221517342, 0.368715359874, 0.0676364098396, 0.244688954817, 0.399448856841, 0.0163630285478, 0.0219321646695, 0.0218443619994, 0.453806341617, 0.134024175107, 0.673281976075, 0.18725429245, 0.131997316575, 0.100333701895, 0.353927695592, 0.623498445828, 1.5230980494
0.185276738383, 0.123726072813, 0.0435085928523, 0.0385578211292, 0.307294082597, 0.0474003790356, 0.916177506528, 0.282390474842, 0.254372809425, 0.454898198997, 0.0315414986387, 0.119663418507, 0.0235278874292, 0.0321155276688, 0.402594330495, 0.0606107999996, 0.0941738539307, 0.142909487741, 0.243376750432, 0.305602015016, 0.598185274681, 0.645523256991, 0.0218443619994, 0.0209533412, 0.245589878535, 0.673281976075, 0.466582921127, 0.0385018644002, 0.178252671153, 0.249399219785, 0.185276738383, 2.42282101729
1.42672854642e-08, 0.0431922733287, 0.43408754333, 0.315707783778, 0.219968344575, 0.919227126311, 0.00401585062767, 0.297960042887, 0.130625144936, 0.0937060893193, 0.0753076756953, 0.175786708952, 0.171106893806, 0.288049291577, 0.00126972054898, 0.00591256908598, 0.0146823798082, 0.0210509342075, 0.426839319488, 0.399448856841, 0.0163630285478, 0.0812729699262, 0.0218443619994, 0.419163665129, 0.154453427286, 0.290518206657, 0.0258844615812, 0.0213589257984, 0.0705077862326, 0.311212054053, 1.42672854642e-08, 2.69134579438
0.218110646779, 0.110300921707, 0.109637580322, 0.134026576286, 0.0190485354744, 0.217101217925, 0.15643320484, 0.0321654747881, 0.267509646856, 0.43090017536, 0.0336917291574, 0.944944394014, 0.0196520034467, 0.393205283753, 0.00820562772381, 0.212174648402, 0.073298602647, 0.0392354824575, 0.0546795092612, 0.41607603931, 0.700179195622, 0.399404687301, 0.792126401969, 0.419163665129, 0.236129968951, 0.00844938135327, 0.258069604836, 0.152328555425, 0.189637424681, 0.0155179897887, 0.218110646779, 2.29835368518
0.565257306467, 0.11257602976, 0.237377905546, 0.631103644026, 0.286299211194, 0.673289952725, 0.53674841491, 0.252518735777, 0.165191744413, 0.672104177323, 0.0399171949063, 0.0395731380978, 0.119562355411, 0.160183987745, 0.0113731032557, 0.0121235416393, 0.00217539366783, 0.0676364098396, 0.117529099413, 0.0147927947811, 0.0371302012222, 0.0467685223515, 0.598688512388, 0.966623565767, 0.433062515156, 0.038315814476, 0.316166828037, 0.0299485405735, 0.100333701895, 0.000415284251299, 0.565257306467, 1.76475466398
0.107392660286, 0.192570597078, 0.43408754333, 0.417003992627, 0.215381431894, 0.634809447397, 0.0332068855218, 0.297960042887, 0.31631115696, 0.00852525146728, 0.00630163637671, 0.0215559830171, 0.143404614493, 0.155708977805, 0.0423004538172, 0.240861225796, 0.065542523309, 0.297450920265, 0.188875256025, 0.38889217131, 0.986511821746, 0.00100936506927, 0.0218443619994, 0.0858433979329, 0.154453427286, 0.17421457852, 0.3364129406, 0.412659044957, 0.100333701895, 0.106361744605, 0.107392660286, 2.44249519291
0.0910478218206, 0.111603526422, 0.284746792677, 0.0109753596037, 0.307294082597, 0.136750397763, 0.0332068855218, 0.857826968809, 0.254372809425, 0.0702465989972, 0.00630163637671, 0.119663418507, 0.206181668632, 0.260040405616, 0.253112213348, 0.018079415464, 0.065542523309, 0.194441936685, 0.0857813544213, 0.38889217131, 0.678515268785, 0.0492927528964, 0.417883597883, 0.199311830414, 0.471750537029, 0.260930349962, 0.127477524822, 0.00540909673982, 0.342669139217, 0.607369234975, 0.0910478218206, 2.58547405834
2.85831370794e-08, 0.0431922733287, 0.303330099781, 0.315707783778, 0.307294082597, 0.707559674213, 0.00401585062767, 0.297960042887, 0.238110951683, 0.253961737123, 0.0145894186045, 0.175786708952, 0.183371376652, 0.255378900191, 0.00126972054898, 0.00591256908598, 0.0146823798082, 0.318547985751, 0.0931552581839, 0.399448856841, 0.0163630285478, 0.0204011706765, 0.0218443619994, 0.419163665129, 0.154453427286, 0.290518206657, 0.0501847405365, 0.0213589257984, 0.0705077862326, 0.311212054053, 2.85831370794e-08, 2.64743342925
7.82236575514e-09, 0.124828278007, 0.43408754333, 0.315707783778, 0.307294082597, 0.85653567299, 0.00401585062767, 0.297960042887, 0.570311766541, 0.253961737123, 0.0753076756953, 0.109176348196, 0.183371376652, 0.255378900191, 0.00122964286869, 0.00591256908598, 0.0146823798082, 0.0676364098396, 0.244688954817, 0.399448856841, 0.0163630285478, 0.0812729699262, 0.0218443619994, 0.104578362406, 0.154453427286, 0.290518206657, 0.00997347403393, 0.0213589257984, 0.206082866628, 0.311212054053, 7.82236575514e-09, 2.78098153672
0.764251778568, 0.196528132776, 0.43408754333, 0.0996593627178, 0.0242166525807, 0.180518680344, 0.0125681669187, 0.175991335862, 0.622232304103, 0.243697731864, 0.543668603622, 0.109176348196, 0.000378940911619, 0.288049291577, 0.00194749803419, 0.00226089462645, 0.0869803731975, 0.694003831717, 0.244688954817, 0.399448856841, 0.0163630285478, 0.0219321646695, 0.0218443619994, 0.107865064845, 0.134024175107, 0.398741129565, 0.18725429245, 0.131997316575, 0.100333701895, 0.353927695592, 0.764251778568, 1.34504523019
0.866795282974, 0.131137257459, 0.312495247911, 0.114263686679, 0.219968344575, 0.59468939213, 0.039399647011, 0.0452329587588, 0.0412968923586, 0.277460755618, 0.387209832119, 0.122480093613, 0.183371376652, 0.389403382965, 0.0113731032557, 0.0138665886372, 0.0133764687981, 0.0676364098396, 0.0931552581839, 0.399448856841, 0.0371302012222, 0.0204011706765, 0.00923734826879, 0.633116267082, 0.154453427286, 0.0242972173104, 0.209920261804, 0.00208340481032, 0.0705077862326, 0.353927695592, 0.866795282974, 1.05842402103
0.227696916343, 0.124828278007, 0.43408754333, 0.315707783778, 0.293495460196, 0.707559674213, 0.00401585062767, 0.297960042887, 0.242504266141, 0.253961737123, 0.0753076756953, 0.109176348196, 0.183371376652, 0.255378900191, 0.00126972054898, 0.00591256908598, 0.0146823798082, 0.0676364098396, 0.244688954817, 0.399448856841, 0.0163630285478, 0.0812729699262, 0.0218443619994, 0.104578362406, 0.154453427286, 0.290518206657, 0.0639601556332, 0.0213589257984, 0.0705077862326, 0.311212054053, 0.227696916343, 1.83361990882
0.623498445828, 0.0713301366462, 0.698748872588, 0.0225728554072, 0.0287824103178, 0.180518680344, 0.0125681669187, 0.238151315624, 0.622232304103, 0.243697731864, 0.208498552375, 0.0227779847011, 0.171106893806, 0.288049291577, 0.00194749803419, 0.000644221517342, 0.368715359874, 0.0676364098396, 0.244688954817, 0.399448856841, 0.0163630285478, 0.0219321646695, 0.0218443619994, 0.453806341617, 0.134024175107, 0.673281976075, 0.18725429245, 0.131997316575, 0.100333701895, 0.353927695592, 0.623498445828, 1.5230980494
0.185276738383, 0.123726072813, 0.0435085928523, 0.0385578211292, 0.307294082597, 0.0474003790356, 0.916177506528, 0.282390474842, 0.254372809425, 0.454898198997, 0.0315414986387, 0.119663418507, 0.0235278874292, 0.0321155276688, 0.402594330495, 0.0606107999996, 0.0941738539307, 0.142909487741, 0.243376750432, 0.305602015016, 0.598185274681, 0.645523256991, 0.0218443619994, 0.0209533412, 0.245589878535, 0.673281976075, 0.466582921127, 0.0385018644002, 0.178252671153, 0.249399219785, 0.185276738383, 2.42282101729
1.42672854642e-08, 0.0431922733287, 0.43408754333, 0.315707783778, 0.219968344575, 0.919227126311, 0.00401585062767, 0.297960042887, 0.130625144936, 0.0937060893193, 0.0753076756953, 0.175786708952, 0.171106893806, 0.288049291577, 0.00126972054898, 0.00591256908598, 0.0146823798082, 0.0210509342075, 0.426839319488, 0.399448856841, 0.0163630285478, 0.0812729699262, 0.0218443619994, 0.419163665129, 0.154453427286, 0.290518206657, 0.0258844615812, 0.0213589257984, 0.0705077862326, 0.311212054053, 1.42672854642e-08, 2.69134579438
0.218110646779, 0.110300921707, 0.109637580322, 0.134026576286, 0.0190485354744, 0.217101217925, 0.15643320484, 0.0321654747881, 0.267509646856, 0.43090017536, 0.0336917291574, 0.944944394014, 0.0196520034467, 0.393205283753, 0.00820562772381, 0.212174648402, 0.073298602647, 0.0392354824575, 0.0546795092612, 0.41607603931, 0.700179195622, 0.399404687301, 0.792126401969, 0.419163665129, 0.236129968951, 0.00844938135327, 0.258069604836, 0.152328555425, 0.189637424681, 0.0155179897887, 0.218110646779, 2.29835368518
0.565257306467, 0.11257602976, 0.237377905546, 0.631103644026, 0.286299211194, 0.673289952725, 0.53674841491, 0.252518735777, 0.165191744413, 0.672104177323, 0.0399171949063, 0.0395731380978, 0.119562355411, 0.160183987745, 0.0113731032557, 0.0121235416393, 0.00217539366783, 0.0676364098396, 0.117529099413, 0.0147927947811, 0.0371302012222, 0.0467685223515, 0.598688512388, 0.966623565767, 0.433062515156, 0.038315814476, 0.316166828037, 0.0299485405735, 0.100333701895, 0.000415284251299, 0.565257306467, 1.76475466398
0.107392660286, 0.192570597078, 0.43408754333, 0.417003992627, 0.215381431894, 0.634809447397, 0.0332068855218, 0.297960042887, 0.31631115696, 0.00852525146728, 0.00630163637671, 0.0215559830171, 0.143404614493, 0.155708977805, 0.0423004538172, 0.240861225796, 0.065542523309, 0.297450920265, 0.188875256025, 0.38889217131, 0.986511821746, 0.00100936506927, 0.0218443619994, 0.0858433979329, 0.154453427286, 0.17421457852, 0.3364129406, 0.412659044957, 0.100333701895, 0.106361744605, 0.107392660286, 2.44249519291
0.0910478218206, 0.111603526422, 0.284746792677, 0.0109753596037, 0.307294082597, 0.136750397763, 0.0332068855218, 0.857826968809, 0.254372809425, 0.0702465989972, 0.00630163637671, 0.119663418507, 0.206181668632, 0.260040405616, 0.253112213348, 0.018079415464, 0.065542523309, 0.194441936685, 0.0857813544213, 0.38889217131, 0.678515268785, 0.0492927528964, 0.417883597883, 0.199311830414, 0.471750537029, 0.260930349962, 0.127477524822, 0.00540909673982, 0.342669139217, 0.607369234975, 0.0910478218206, 2.58547405834
0.565257306467, 0.11257602976, 0.237377905546, 0.631103644026, 0.286299211194, 0.673289952725, 0.53674841491, 0.252518735777, 0.165191744413, 0.672104177323, 0.0399171949063, 0.0395731380978, 0.119562355411, 0.0254597814376, 0.210580415014, 0.0165000814393, 0.00217539366783, 0.0676364098396, 0.117529099413, 0.0147927947811, 0.0371302012222, 0.0467685223515, 0.505188371859, 0.966623565767, 0.433062515156, 0.038315814476, 0.392334974417, 0.00936559509527, 0.100333701895, 0.000415284251299, 0.565257306467, 1.77230451375
0.565257306467, 0.11257602976, 0.237377905546, 0.631103644026, 0.286299211194, 0.673289952725, 0.53674841491, 0.252518735777, 0.165191744413, 0.672104177323, 0.0399171949063, 0.0395731380978, 0.119562355411, 0.0254597814376, 0.210580415014, 0.0165000814393, 0.00217539366783, 0.0676364098396, 0.117529099413, 0.0147927947811, 0.0371302012222, 0.0467685223515, 0.505188371859, 0.966623565767, 0.433062515156, 0.038315814476, 0.392334974417, 0.00936559509527, 0.100333701895, 0.000415284251299, 0.565257306467, 1.77230451375
0.565257306467, 0.11257602976, 0.237377905546, 0.631103644026, 0.286299211194, 0.673289952725, 0.53674841491, 0.252518735777, 0.165191744413, 0.672104177323, 0.0399171949063, 0.0395731380978, 0.119562355411, 0.160183987745, 0.0113731032557, 0.0165000814393, 0.00217539366783, 0.0676364098396, 0.117529099413, 0.0147927947811, 0.0371302012222, 0.0467685223515, 0.598688512388, 0.966623565767, 0.433062515156, 0.038315814476, 0.489177219062, 0.0299485405735, 0.172674268412, 0.000415284251299, 0.565257306467, 1.82577284359
0.565257306467, 0.11257602976, 0.237377905546, 0.631103644026, 0.286299211194, 0.673289952725, 0.53674841491, 0.252518735777, 0.165191744413, 0.672104177323, 0.0399171949063, 0.0395731380978, 0.119562355411, 0.160183987745, 0.0113731032557, 0.0165000814393, 0.00217539366783, 0.0676364098396, 0.117529099413, 0.0147927947811, 0.0371302012222, 0.0467685223515, 0.598688512388, 0.966623565767, 0.433062515156, 0.038315814476, 0.489177219062, 0.0299485405735, 0.172674268412, 0.000415284251299, 0.565257306467, 1.82577284359
0.185276738383, 0.0193643893112, 0.0435085928523, 0.0385578211292, 0.307294082597, 0.0474003790356, 0.100331032974, 0.282390474842, 0.254372809425, 0.454898198997, 0.0111350445773, 0.119663418507, 0.352891278599, 0.0321155276688, 0.0552833287061, 0.0674059431833, 0.0941738539307, 0.142909487741, 0.243376750432, 0.38889217131, 0.598185274681, 0.645523256991, 0.578124284106, 0.442336057053, 0.245589878535, 0.331673727418, 0.466582921127, 0.0385018644002, 0.426165697889, 0.249399219785, 0.185276738383, 2.42704950723
0.218110646779, 0.0442626636712, 0.998369498439, 0.134026576286, 0.0287824103178, 0.217101217925, 0.15643320484, 0.0322764615364, 0.267509646856, 0.495460181464, 0.0549017543082, 0.986424303827, 0.0196520034467, 0.365969007623, 0.0113731032557, 0.212174648402, 0.0642743241684, 0.0386915052343, 0.0546795092612, 0.41607603931, 0.0115191816049, 0.163345118108, 0.588609665293, 0.382974558636, 0.236129968951, 0.350065486962, 0.211811138132, 0.200290697655, 0.121946249128, 0.00968593599482, 0.218110646779, 2.30684504069
0.185276738383, 0.0193643893112, 0.0435085928523, 0.0385578211292, 0.307294082597, 0.0474003790356, 0.100331032974, 0.282390474842, 0.254372809425, 0.454898198997, 0.0111350445773, 0.119663418507, 0.352891278599, 0.0321155276688, 0.0552833287061, 0.0674059431833, 0.0941738539307, 0.142909487741, 0.243376750432, 0.38889217131, 0.598185274681, 0.645523256991, 0.578124284106, 0.442336057053, 0.245589878535, 0.331673727418, 0.466582921127, 0.0385018644002, 0.426165697889, 0.249399219785, 0.185276738383, 2.42704950723
0.218110646779, 0.0442626636712, 0.998369498439, 0.134026576286, 0.0287824103178, 0.217101217925, 0.15643320484, 0.0322764615364, 0.267509646856, 0.495460181464, 0.0549017543082, 0.986424303827, 0.0196520034467, 0.365969007623, 0.0113731032557, 0.212174648402, 0.0642743241684, 0.0386915052343, 0.0546795092612, 0.41607603931, 0.0115191816049, 0.163345118108, 0.588609665293, 0.382974558636, 0.236129968951, 0.350065486962, 0.211811138132, 0.200290697655, 0.121946249128, 0.00968593599482, 0.218110646779, 2.30684504069
0.623498445828, 0.02566905241, 0.43408754333, 0.0296802188747, 0.0287824103178, 0.180518680344, 0.0125681669187, 0.239885538376, 0.622232304103, 0.243697731864, 0.208498552375, 0.0227779847011, 0.230889366914, 0.288049291577, 0.00194749803419, 0.000644221517342, 0.368715359874, 0.0676364098396, 0.244688954817, 0.399448856841, 0.0371302012222, 0.0219321646695, 0.0218443619994, 0.453806341617, 0.134024175107, 0.673281976075, 0.18725429245, 0.277422039704, 0.73767284772, 0.353927695592, 0.623498445828, 1.65734268522
0.244255526548, 0.123726072813, 0.0107697176715, 0.0385578211292, 0.307294082597, 0.0474003790356, 0.0202687226012, 0.282390474842, 0.254372809425, 0.894408696119, 0.0315414986387, 0.119663418507, 0.352891278599, 0.0321155276688, 0.0552833287061, 0.0606107999996, 0.0941738539307, 0.229363960085, 0.280483789298, 0.38889217131, 0.598185274681, 0.00880937446382, 0.0853699465491, 0.0209533412, 0.229160648688, 0.398741129565, 0.309434161416, 0.131997316575, 0.178252671153, 0.249399219785, 0.244255526548, 1.98213845875
0.227696916343, 0.124828278007, 0.43408754333, 0.559596138663, 0.307294082597, 0.424649925032, 0.00401585062767, 0.590389338909, 0.242504266141, 0.253961737123, 0.0753076756953, 0.109176348196, 0.183371376652, 0.255378900191, 0.00126972054898, 0.0197963651394, 0.0146823798082, 0.185173280131, 0.244688954817, 0.399448856841, 0.0163630285478, 0.0812729699262, 0.0218443619994, 0.419163665129, 0.154453427286, 0.290518206657, 0.0639601556332, 0.0213589257984, 0.100333701895, 0.311212054053, 0.227696916343, 2.03084407151
0.367065645115, 0.419515577447, 0.360442963847, 0.489766295964, 0.60347210512, 0.705856943466, 0.0101063167028, 0.238151315624, 0.0368959553018, 0.0541511957099, 0.0753076756953, 0.273964857246, 0.183371376652, 0.720215759641, 0.0113731032557, 0.00198477002239, 0.00276404672287, 0.0135110510788, 0.0379725483122, 0.34382096053, 0.0371302012222, 0.00227348165326, 0.00789292418482, 0.442336057053, 0.014981506135, 0.0400369041594, 0.156914517243, 0.0213589257984, 0.632256406708, 0.353927695592, 0.367065645115, 1.9115546143
0.623498445828, 0.02566905241, 0.43408754333, 0.0296802188747, 0.0287824103178, 0.180518680344, 0.0125681669187, 0.239885538376, 0.622232304103, 0.243697731864, 0.208498552375, 0.0227779847011, 0.230889366914, 0.288049291577, 0.00194749803419, 0.000644221517342, 0.368715359874, 0.0676364098396, 0.244688954817, 0.399448856841, 0.0371302012222, 0.0219321646695, 0.0218443619994, 0.453806341617, 0.134024175107, 0.673281976075, 0.18725429245, 0.277422039704, 0.73767284772, 0.353927695592, 0.623498445828, 1.65734268522
0.244255526548, 0.123726072813, 0.0107697176715, 0.0385578211292, 0.307294082597, 0.0474003790356, 0.0202687226012, 0.282390474842, 0.254372809425, 0.894408696119, 0.0315414986387, 0.119663418507, 0.352891278599, 0.0321155276688, 0.0552833287061, 0.0606107999996, 0.0941738539307, 0.229363960085, 0.280483789298, 0.38889217131, 0.598185274681, 0.00880937446382, 0.0853699465491, 0.0209533412, 0.229160648688, 0.398741129565, 0.309434161416, 0.131997316575, 0.178252671153, 0.249399219785, 0.244255526548, 1.98213845875
0.227696916343, 0.124828278007, 0.43408754333, 0.559596138663, 0.307294082597, 0.424649925032, 0.00401585062767, 0.590389338909, 0.242504266141, 0.253961737123, 0.0753076756953, 0.109176348196, 0.183371376652, 0.255378900191, 0.00126972054898, 0.0197963651394, 0.0146823798082, 0.185173280131, 0.244688954817, 0.399448856841, 0.0163630285478, 0.0812729699262, 0.0218443619994, 0.419163665129, 0.154453427286, 0.290518206657, 0.0639601556332, 0.0213589257984, 0.100333701895, 0.311212054053, 0.227696916343, 2.03084407151
0.367065645115, 0.419515577447, 0.360442963847, 0.489766295964, 0.60347210512, 0.705856943466, 0.0101063167028, 0.238151315624, 0.0368959553018, 0.0541511957099, 0.0753076756953, 0.273964857246, 0.183371376652, 0.720215759641, 0.0113731032557, 0.00198477002239, 0.00276404672287, 0.0135110510788, 0.0379725483122, 0.34382096053, 0.0371302012222, 0.00227348165326, 0.00789292418482, 0.442336057053, 0.014981506135, 0.0400369041594, 0.156914517243, 0.0213589257984, 0.632256406708, 0.353927695592, 0.367065645115, 1.9115546143
0.149272878679, 0.150287439663, 0.174195089031, 0.0109753596037, 0.15673637405, 0.105486382738, 0.511306083817, 0.0458274420057, 0.862324506206, 0.277460755618, 0.24224908597, 0.0133440560958, 0.247902520081, 0.260040405616, 0.0113731032557, 0.131421738603, 0.0496658729107, 0.164689069164, 0.136964788609, 0.0393493044904, 0.562482105396, 0.399404687301, 0.31794442577, 0.0209533412, 0.436945839869, 0.865489278715, 0.00224854868538, 0.331849647389, 0.209508288008, 0.213544408436, 0.149272878679, 2.47097292249
0.149272878679, 0.150287439663, 0.174195089031, 0.0109753596037, 0.15673637405, 0.105486382738, 0.511306083817, 0.0458274420057, 0.862324506206, 0.277460755618, 0.24224908597, 0.0133440560958, 0.247902520081, 0.260040405616, 0.0113731032557, 0.131421738603, 0.0496658729107, 0.164689069164, 0.136964788609, 0.0393493044904, 0.562482105396, 0.399404687301, 0.31794442577, 0.0209533412, 0.436945839869, 0.865489278715, 0.00224854868538, 0.331849647389, 0.209508288008, 0.213544408436, 0.149272878679, 2.47097292249
0.227696916343, 0.124828278007, 0.43408754333, 0.315707783778, 0.307294082597, 0.707559674213, 0.00401585062767, 0.590389338909, 0.242504266141, 0.253961737123, 0.0753076756953, 0.109176348196, 0.183371376652, 0.255378900191, 0.334597740163, 0.00198477002239, 0.0100416146533, 0.0676364098396, 0.244688954817, 0.399448856841, 0.0163630285478, 0.0812729699262, 0.0218443619994, 0.419163665129, 0.154453427286, 0.290518206657, 0.0639601556332, 0.0213589257984, 0.100333701895, 0.739575915922, 0.227696916343, 2.20734348039
0.367065645115, 0.419515577447, 0.360442963847, 0.489766295964, 0.60347210512, 0.705856943466, 0.0101063167028, 0.238151315624, 0.0368959553018, 0.0203574982233, 0.0753076756953, 0.273964857246, 0.183371376652, 0.720215759641, 0.0113731032557, 0.00198477002239, 0.00276404672287, 0.0135110510788, 0.0379725483122, 0.34382096053, 0.0223354028924, 0.00119789654531, 0.0218443619994, 0.442336057053, 0.0314080346699, 0.0400369041594, 0.273968184638, 0.0213589257984, 0.632256406708, 0.353927695592, 0.367065645115, 1.93656087571
0.227696916343, 0.124828278007, 0.43408754333, 0.315707783778, 0.307294082597, 0.707559674213, 0.00401585062767, 0.590389338909, 0.242504266141, 0.253961737123, 0.0753076756953, 0.109176348196, 0.183371376652, 0.255378900191, 0.334597740163, 0.00198477002239, 0.0100416146533, 0.0676364098396, 0.244688954817, 0.399448856841, 0.0163630285478, 0.0812729699262, 0.0218443619994, 0.419163665129, 0.154453427286, 0.290518206657, 0.0639601556332, 0.0213589257984, 0.100333701895, 0.739575915922, 0.227696916343, 2.20734348039
0.367065645115, 0.419515577447, 0.360442963847, 0.489766295964, 0.60347210512, 0.705856943466, 0.0101063167028, 0.238151315624, 0.0368959553018, 0.0203574982233, 0.0753076756953, 0.273964857246, 0.183371376652, 0.720215759641, 0.0113731032557, 0.00198477002239, 0.00276404672287, 0.0135110510788, 0.0379725483122, 0.34382096053, 0.0223354028924, 0.00119789654531, 0.0218443619994, 0.442336057053, 0.0314080346699, 0.0400369041594, 0.273968184638, 0.0213589257984, 0.632256406708, 0.353927695592, 0.367065645115, 1.93656087571
0.218110646779, 0.110300921707, 0.74819501537, 0.134026576286, 0.0287824103178, 0.217101217925, 0.15643320484, 0.0322764615364, 0.777301550614, 0.495460181464, 0.0549017543082, 0.974205553844, 0.0196520034467, 0.204811369713, 0.0113731032557, 0.212174648402, 0.0642743241684, 0.0392354824575, 0.0546795092612, 0.41607603931, 0.0115191816049, 0.399404687301, 0.588609665293, 0.104578362406, 0.361415003954, 0.081415314908, 0.240061527885, 0.200290697655, 0.189637424681, 0.0155179897887, 0.218110646779, 2.32541060621
0.218110646779, 0.110300921707, 0.74819501537, 0.134026576286, 0.0287824103178, 0.217101217925, 0.15643320484, 0.0322764615364, 0.777301550614, 0.495460181464, 0.0549017543082, 0.974205553844, 0.0196520034467, 0.204811369713, 0.0113731032557, 0.212174648402, 0.0642743241684, 0.0392354824575, 0.0546795092612, 0.41607603931, 0.0115191816049, 0.399404687301, 0.588609665293, 0.104578362406, 0.361415003954, 0.081415314908, 0.240061527885, 0.200290697655, 0.189637424681, 0.0155179897887, 0.218110646779, 2.32541060621
0.413335084132, 0.245016147651, 0.851001379865, 0.00985999792278, 0.68755738658, 0.705856943466, 0.0576968316358, 0.238151315624, 0.31631115696, 0.238203740397, 0.185577309494, 0.109176348196, 0.183371376652, 0.00582484549469, 0.229354123237, 0.00896306230459, 0.0146823798082, 0.052094339672, 0.244688954817, 0.0326420530398, 0.42993449378, 0.0812729699262, 0.369958261873, 0.440254312144, 0.0961996409026, 0.081415314908, 0.440642473953, 0.0140354295756, 0.100333701895, 0.284635745548, 0.413335084132, 1.96500515799
0.227696916343, 0.110300921707, 1.92225258007e-05, 0.975622981634, 0.0479004415897, 0.217101217925, 0.0266311452834, 0.0832167990186, 0.242504266141, 0.43090017536, 0.00802138473221, 0.0436106516567, 0.162488388454, 0.174280382199, 0.0472973534966, 0.784034217937, 0.737958876159, 0.229363960085, 0.183343907973, 0.523597140669, 0.538669022088, 0.0653169345128, 0.147340968446, 0.245929087882, 0.0248027081988, 0.226208261859, 0.0830505586905, 0.0646816242884, 0.0705077862326, 0.191169930075, 0.227696916343, 2.23817500804
0.413335084132, 0.245016147651, 0.851001379865, 0.00985999792278, 0.68755738658, 0.705856943466, 0.0576968316358, 0.238151315624, 0.31631115696, 0.238203740397, 0.185577309494, 0.109176348196, 0.183371376652, 0.00582484549469, 0.229354123237, 0.00896306230459, 0.0146823798082, 0.052094339672, 0.244688954817, 0.0326420530398, 0.42993449378, 0.0812729699262, 0.369958261873, 0.440254312144, 0.0961996409026, 0.081415314908, 0.440642473953, 0.0140354295756, 0.100333701895, 0.284635745548, 0.413335084132, 1.96500515799
0.227696916343, 0.110300921707, 1.92225258007e-05, 0.975622981634, 0.0479004415897, 0.217101217925, 0.0266311452834, 0.0832167990186, 0.242504266141, 0.43090017536, 0.00802138473221, 0.0436106516567, 0.162488388454, 0.174280382199, 0.0472973534966, 0.784034217937, 0.737958876159, 0.229363960085, 0.183343907973, 0.523597140669, 0.538669022088, 0.0653169345128, 0.147340968446, 0.245929087882, 0.0248027081988, 0.226208261859, 0.0830505586905, 0.0646816242884, 0.0705077862326, 0.191169930075, 0.227696916343, 2.23817500804
0.866795282974, 0.245016147651, 0.312495247911, 0.114263686679, 0.219968344575, 0.673234893601, 0.039399647011, 0.0452329587588, 0.0368959553018, 0.277460755618, 0.387209832119, 0.122480093613, 0.183371376652, 0.389403382965, 0.0113731032557, 0.00198477002239, 0.0133764687981, 0.0676364098396, 0.244688954817, 0.399448856841, 0.0371302012222, 0.0812729699262, 0.00923734826879, 0.633116267082, 0.154453427286, 0.0242972173104, 0.209920261804, 0.00208340481032, 0.100333701895, 0.353927695592, 0.866795282974, 1.15083466426
0.413335084132, 0.245016147651, 0.43408754333, 0.00985999792278, 0.68755738658, 0.705856943466, 0.53674841491, 0.238151315624, 0.31631115696, 0.238203740397, 0.190829948614, 0.109176348196, 0.183371376652, 0.00582484549469, 0.229354123237, 0.0165000814393, 0.0146823798082, 0.468843738154, 0.244688954817, 0.0326420530398, 0.0334908093825, 0.0812729699262, 0.369958261873, 0.440254312144, 0.0961996409026, 0.081415314908, 0.440642473953, 0.0140354295756, 0.100333701895, 0.284635745548, 0.413335084132, 1.98917384449
0.866795282974, 0.245016147651, 0.312495247911, 0.114263686679, 0.219968344575, 0.673234893601, 0.039399647011, 0.0452329587588, 0.0368959553018, 0.277460755618, 0.387209832119, 0.122480093613, 0.183371376652, 0.389403382965, 0.0113731032557, 0.00198477002239, 0.0133764687981, 0.0676364098396, 0.244688954817, 0.399448856841, 0.0371302012222, 0.0812729699262, 0.00923734826879, 0.633116267082, 0.154453427286, 0.0242972173104, 0.209920261804, 0.00208340481032, 0.100333701895, 0.353927695592, 0.866795282974, 1.15083466426
0.413335084132, 0.245016147651, 0.43408754333, 0.00985999792278, 0.68755738658, 0.705856943466, 0.53674841491, 0.238151315624, 0.31631115696, 0.238203740397, 0.190829948614, 0.109176348196, 0.183371376652, 0.00582484549469, 0.229354123237, 0.0165000814393, 0.0146823798082, 0.468843738154, 0.244688954817, 0.0326420530398, 0.0334908093825, 0.0812729699262, 0.369958261873, 0.440254312144, 0.0961996409026, 0.081415314908, 0.440642473953, 0.0140354295756, 0.100333701895, 0.284635745548, 0.413335084132, 1.98917384449
0.218110646779, 0.0713301366462, 0.43408754333, 0.291436450397, 0.0258236979086, 0.0661282482966, 0.816994989624, 0.0322764615364, 0.011386572312, 0.43090017536, 0.0347562798961, 0.944944394014, 0.110128596028, 0.0189811430058, 0.0261429490672, 0.400701497443, 0.0642743241684, 0.0915519807877, 0.0546795092612, 0.41607603931, 0.0371302012222, 0.399404687301, 0.933343701185, 0.104578362406, 0.236129968951, 0.00844938135327, 0.000880813689058, 0.27811371964, 0.710901483228, 0.00121434873902, 0.218110646779, 2.35481272028
0.218110646779, 0.0713301366462, 0.43408754333, 0.291436450397, 0.0258236979086, 0.0661282482966, 0.816994989624, 0.0322764615364, 0.011386572312, 0.43090017536, 0.0347562798961, 0.944944394014, 0.110128596028, 0.0189811430058, 0.0261429490672, 0.400701497443, 0.0642743241684, 0.0915519807877, 0.0546795092612, 0.41607603931, 0.0371302012222, 0.399404687301, 0.933343701185, 0.104578362406, 0.236129968951, 0.00844938135327, 0.000880813689058, 0.27811371964, 0.710901483228, 0.00121434873902, 0.218110646779, 2.35481272028
0.764251778568, 0.245016147651, 0.43408754333, 0.202432381202, 0.0242166525807, 0.180518680344, 0.0125681669187, 0.409457177362, 0.622232304103, 0.314965975119, 0.543668603622, 0.109176348196, 0.171106893806, 0.792060856589, 0.00194749803419, 0.00226089462645, 0.244368699694, 0.694003831717, 0.244688954817, 0.399448856841, 0.0163630285478, 0.0219321646695, 0.0218443619994, 0.107865064845, 0.134024175107, 0.398741129565, 0.18725429245, 0.0724838557213, 0.100333701895, 0.353927695592, 0.764251778568, 1.63008578471
0.764251778568, 0.245016147651, 0.43408754333, 0.202432381202, 0.0242166525807, 0.180518680344, 0.0125681669187, 0.409457177362, 0.622232304103, 0.314965975119, 0.543668603622, 0.109176348196, 0.171106893806, 0.792060856589, 0.00194749803419, 0.00226089462645, 0.244368699694, 0.694003831717, 0.244688954817, 0.399448856841, 0.0163630285478, 0.0219321646695, 0.0218443619994, 0.107865064845, 0.134024175107, 0.398741129565, 0.18725429245, 0.0724838557213, 0.100333701895, 0.353927695592, 0.764251778568, 1.63008578471
0.00754768077908, 0.376434504557, 0.195532907786, 0.228571533281, 0.307294082597, 0.102578371269, 0.0747677611438, 0.0421526525073, 0.0368959553018, 0.0755985696393, 0.0753076756953, 0.722371015898, 0.324266554384, 0.111368988468, 0.382148058421, 0.00198477002239, 0.00786452599062, 0.0621125058962, 0.244688954817, 0.380008903386, 0.745003291388, 0.0812729699262, 0.00570090692168, 0.16939677732, 0.154453427286, 0.0242972173104, 0.058511955209, 0.0213589257984, 0.632256406708, 0.260313408623, 0.00754768077908, 2.6862219893
0.156274180468, 0.0405292452403, 0.0730564809121, 0.00985999792278, 0.0242204292945, 0.161942592023, 0.960639727397, 0.252518735777, 0.0496576809997, 0.179354288529, 0.043745397745, 0.327763351049, 0.909886046693, 0.000672688571038, 0.38333894134, 0.013738559334, 0.25638963334, 0.135964244931, 0.76458010363, 0.194144474981, 0.921909465549, 0.104826880808, 0.154820635159, 0.379364092439, 0.206984660808, 0.0157182521961, 0.313307121695, 0.386780387122, 0.135297349435, 0.0639400933502, 0.156274180468, 2.59676744199
0.00754768077908, 0.376434504557, 0.195532907786, 0.228571533281, 0.307294082597, 0.102578371269, 0.0747677611438, 0.0421526525073, 0.0368959553018, 0.0755985696393, 0.0753076756953, 0.722371015898, 0.324266554384, 0.111368988468, 0.382148058421, 0.00198477002239, 0.00786452599062, 0.0621125058962, 0.244688954817, 0.380008903386, 0.745003291388, 0.0812729699262, 0.00570090692168, 0.16939677732, 0.154453427286, 0.0242972173104, 0.058511955209, 0.0213589257984, 0.632256406708, 0.260313408623, 0.00754768077908, 2.6862219893
0.156274180468, 0.0405292452403, 0.0730564809121, 0.00985999792278, 0.0242204292945, 0.161942592023, 0.960639727397, 0.252518735777, 0.0496576809997, 0.179354288529, 0.043745397745, 0.327763351049, 0.909886046693, 0.000672688571038, 0.38333894134, 0.013738559334, 0.25638963334, 0.135964244931, 0.76458010363, 0.194144474981, 0.921909465549, 0.104826880808, 0.154820635159, 0.379364092439, 0.206984660808, 0.0157182521961, 0.313307121695, 0.386780387122, 0.135297349435, 0.0639400933502, 0.156274180468, 2.59676744199
7.82236575514e-09, 0.123726072813, 0.0107697176715, 0.0385578211292, 0.820795808708, 0.0474003790356, 0.041659421471, 0.282390474842, 0.600659135277, 0.894408696119, 0.0315414986387, 0.119663418507, 0.352891278599, 0.0321155276688, 0.0552833287061, 0.0606107999996, 0.0941738539307, 0.142909487741, 0.280483789298, 0.38889217131, 0.598185274681, 0.00880937446382, 0.0853699465491, 0.0209533412, 0.229160648688, 0.398741129565, 0.309434161416, 0.131997316575, 0.178252671153, 0.249399219785, 7.82236575514e-09, 3.05719438366
7.82236575514e-09, 0.123726072813, 0.0107697176715, 0.0385578211292, 0.820795808708, 0.0474003790356, 0.041659421471, 0.282390474842, 0.600659135277, 0.894408696119, 0.0315414986387, 0.119663418507, 0.352891278599, 0.0321155276688, 0.0552833287061, 0.0606107999996, 0.0941738539307, 0.142909487741, 0.280483789298, 0.38889217131, 0.598185274681, 0.00880937446382, 0.0853699465491, 0.0209533412, 0.229160648688, 0.398741129565, 0.309434161416, 0.131997316575, 0.178252671153, 0.249399219785, 7.82236575514e-09, 3.05719438366
0.185276738383, 0.123726072813, 0.0435085928523, 0.0385578211292, 0.417229701429, 0.0474003790356, 0.76709586045, 0.282390474842, 0.254372809425, 0.454898198997, 0.0315414986387, 0.0770500112206, 0.0235278874292, 0.0321155276688, 0.402594330495, 0.235005383157, 0.0941738539307, 0.0429018986714, 0.243376750432, 0.38889217131, 0.598185274681, 0.645523256991, 0.0218443619994, 0.0209533412, 0.179522490421, 0.673281976075, 0.663387023961, 0.0385018644002, 0.178252671153, 0.249399219785, 0.185276738383, 2.47926765992
0.777280604963, 0.101545225852, 0.43408754333, 0.938889075493, 0.954896113627, 0.0677787941262, 0.000909743559877, 0.238151315624, 0.323126173913, 0.253961737123, 0.0753076756953, 0.109176348196, 0.183371376652, 0.255378900191, 0.00126972054898, 0.00591256908598, 0.0146823798082, 0.905382924054, 0.0264843847714, 0.399448856841, 0.0163630285478, 0.0812729699262, 0.125822992814, 0.0125021468213, 0.154453427286, 0.781962988759, 0.209920261804, 0.293421835843, 0.0705077862326, 0.311212054053, 0.777280604963, 1.68341607705
0.185276738383, 0.123726072813, 0.0435085928523, 0.0385578211292, 0.417229701429, 0.0474003790356, 0.76709586045, 0.282390474842, 0.254372809425, 0.454898198997, 0.0315414986387, 0.0770500112206, 0.0235278874292, 0.0321155276688, 0.402594330495, 0.235005383157, 0.0941738539307, 0.0429018986714, 0.243376750432, 0.38889217131, 0.598185274681, 0.645523256991, 0.0218443619994, 0.0209533412, 0.179522490421, 0.673281976075, 0.663387023961, 0.0385018644002, 0.178252671153, 0.249399219785, 0.185276738383, 2.47926765992
0.777280604963, 0.101545225852, 0.43408754333, 0.938889075493, 0.954896113627, 0.0677787941262, 0.000909743559877, 0.238151315624, 0.323126173913, 0.253961737123, 0.0753076756953, 0.109176348196, 0.183371376652, 0.255378900191, 0.00126972054898, 0.00591256908598, 0.0146823798082, 0.905382924054, 0.0264843847714, 0.399448856841, 0.0163630285478, 0.0812729699262, 0.125822992814, 0.0125021468213, 0.154453427286, 0.781962988759, 0.209920261804, 0.293421835843, 0.0705077862326, 0.311212054053, 0.777280604963, 1.68341607705
0.185276738383, 0.123726072813, 0.0435085928523, 0.0385578211292, 0.307294082597, 0.0474003790356, 0.100331032974, 0.282390474842, 0.254372809425, 0.454898198997, 0.0315414986387, 0.119663418507, 0.352891278599, 0.0321155276688, 0.0552833287061, 0.131421738603, 0.296910495845, 0.142909487741, 0.243376750432, 0.38889217131, 0.598185274681, 0.645523256991, 0.578124284106, 0.442336057053, 0.196048529881, 0.331673727418, 0.466582921127, 0.0385018644002, 0.178252671153, 0.404711622364, 0.185276738383, 2.49518240782
0.777280604963, 0.245016147651, 0.43408754333, 0.335027171501, 0.307294082597, 0.0165235685795, 0.0332066570845, 0.238151315624, 0.0496576809997, 0.381874292109, 0.190157051671, 0.0561958661541, 0.0732428542427, 0.260040405616, 0.454727155811, 0.303128909317, 0.0146823798082, 0.0957036520715, 0.142438575837, 0.439194842436, 0.631180566387, 0.000523193320907, 0.015841526778, 0.645911696944, 0.151423847889, 0.809486416315, 0.358765079296, 0.412659044957, 0.100333701895, 0.183298634574, 0.777280604963, 1.69106650875
0.185276738383, 0.123726072813, 0.0435085928523, 0.0385578211292, 0.307294082597, 0.0474003790356, 0.100331032974, 0.282390474842, 0.254372809425, 0.454898198997, 0.0315414986387, 0.119663418507, 0.352891278599, 0.0321155276688, 0.0552833287061, 0.131421738603, 0.296910495845, 0.142909487741, 0.243376750432, 0.38889217131, 0.598185274681, 0.645523256991, 0.578124284106, 0.442336057053, 0.196048529881, 0.331673727418, 0.466582921127, 0.0385018644002, 0.178252671153, 0.404711622364, 0.185276738383, 2.49518240782
0.777280604963, 0.245016147651, 0.43408754333, 0.335027171501, 0.307294082597, 0.0165235685795, 0.0332066570845, 0.238151315624, 0.0496576809997, 0.381874292109, 0.190157051671, 0.0561958661541, 0.0732428542427, 0.260040405616, 0.454727155811, 0.303128909317, 0.0146823798082, 0.0957036520715, 0.142438575837, 0.439194842436, 0.631180566387, 0.000523193320907, 0.015841526778, 0.645911696944, 0.151423847889, 0.809486416315, 0.358765079296, 0.412659044957, 0.100333701895, 0.183298634574, 0.777280604963, 1.69106650875
0.924832968207, 0.419515577447, 0.360442963847, 0.489766295964, 0.60347210512, 0.705856943466, 0.0101063167028, 0.238151315624, 0.0368959553018, 0.0171542080523, 0.0753076756953, 0.119663418507, 0.183371376652, 0.720215759641, 0.0113731032557, 0.00198477002239, 0.00276404672287, 0.00980585063749, 0.0379725483122, 0.34382096053, 0.0371302012222, 0.00136702619099, 0.0218443619994, 0.6672086809, 0.0314080346699, 0.0400369041594, 0.156914517243, 0.00208340481032, 0.000875238436203, 0.353927695592, 0.924832968207, 1.16880246476
0.866795282974, 0.245016147651, 0.207137094823, 0.0996593627178, 0.307294082597, 0.652912406272, 0.204821230317, 0.0452329587588, 0.0368959553018, 0.783430872955, 0.0672792919198, 0.296877131644, 0.0844295878845, 0.742991706397, 0.0571813058902, 0.00198477002239, 0.0146823798082, 0.0676364098396, 0.244688954817, 0.399448856841, 0.0205332911772, 0.0812729699262, 0.00923734826879, 0.633116267082, 0.154453427286, 0.0242972173104, 0.209920261804, 0.00208340481032, 0.0582140966964, 0.192337525593, 0.866795282974, 1.27465424805
0.924832968207, 0.419515577447, 0.360442963847, 0.489766295964, 0.60347210512, 0.705856943466, 0.0101063167028, 0.238151315624, 0.0368959553018, 0.0171542080523, 0.0753076756953, 0.119663418507, 0.183371376652, 0.720215759641, 0.0113731032557, 0.00198477002239, 0.00276404672287, 0.00980585063749, 0.0379725483122, 0.34382096053, 0.0371302012222, 0.00136702619099, 0.0218443619994, 0.6672086809, 0.0314080346699, 0.0400369041594, 0.156914517243, 0.00208340481032, 0.000875238436203, 0.353927695592, 0.924832968207, 1.16880246476
0.866795282974, 0.245016147651, 0.207137094823, 0.0996593627178, 0.307294082597, 0.652912406272, 0.204821230317, 0.0452329587588, 0.0368959553018, 0.783430872955, 0.0672792919198, 0.296877131644, 0.0844295878845, 0.742991706397, 0.0571813058902, 0.00198477002239, 0.0146823798082, 0.0676364098396, 0.244688954817, 0.399448856841, 0.0205332911772, 0.0812729699262, 0.00923734826879, 0.633116267082, 0.154453427286, 0.0242972173104, 0.209920261804, 0.00208340481032, 0.0582140966964, 0.192337525593, 0.866795282974, 1.27465424805
0.777280604963, 0.245016147651, 0.43408754333, 0.335027171501, 0.307294082597, 0.0473192163683, 0.0332066570845, 0.238151315624, 0.168740507728, 0.381874292109, 0.190157051671, 0.0561958661541, 0.0732428542427, 0.260040405616, 0.454727155811, 0.303128909317, 0.0146823798082, 0.0957036520715, 0.142438575837, 0.439194842436, 0.782054724705, 0.000523193320907, 0.015841526778, 0.0858433979329, 0.622977905864, 0.781962988759, 0.358765079296, 0.412659044957, 0.172674268412, 0.183298634574, 0.777280604963, 1.75157130972
0.777280604963, 0.245016147651, 0.43408754333, 0.335027171501, 0.307294082597, 0.0473192163683, 0.0332066570845, 0.238151315624, 0.168740507728, 0.381874292109, 0.190157051671, 0.0561958661541, 0.0732428542427, 0.260040405616, 0.454727155811, 0.303128909317, 0.0146823798082, 0.0957036520715, 0.142438575837, 0.439194842436, 0.782054724705, 0.000523193320907, 0.015841526778, 0.0858433979329, 0.622977905864, 0.781962988759, 0.358765079296, 0.412659044957, 0.172674268412, 0.183298634574, 0.777280604963, 1.75157130972
0.218110646779, 0.110300921707, 0.74819501537, 0.383169426101, 0.0229830787903, 0.217101217925, 0.15643320484, 0.0322764615364, 0.267509646856, 0.495460181464, 0.0549017543082, 0.974205553844, 0.0196520034467, 0.256805931622, 0.0113731032557, 0.354556119198, 0.0642743241684, 0.01394746105, 0.0546795092612, 0.41607603931, 0.0115191816049, 0.399404687301, 0.588609665293, 0.382974558636, 0.236129968951, 0.507063935815, 0.258069604836, 0.200290697655, 0.0869420600464, 0.00968593599482, 0.218110646779, 2.43092084013
0.218110646779, 0.110300921707, 0.74819501537, 0.383169426101, 0.0229830787903, 0.217101217925, 0.15643320484, 0.0322764615364, 0.267509646856, 0.495460181464, 0.0549017543082, 0.974205553844, 0.0196520034467, 0.256805931622, 0.0113731032557, 0.354556119198, 0.0642743241684, 0.01394746105, 0.0546795092612, 0.41607603931, 0.0115191816049, 0.399404687301, 0.588609665293, 0.382974558636, 0.236129968951, 0.507063935815, 0.258069604836, 0.200290697655, 0.0869420600464, 0.00968593599482, 0.218110646779, 2.43092084013
0.128912879155, 0.410404801469, 0.237377905546, 0.631103644026, 0.286299211194, 0.673289952725, 0.0576968316358, 0.252518735777, 0.165191744413, 0.672104177323, 0.0399171949063, 0.0395731380978, 0.853676967917, 0.0254597814376, 0.00402999022424, 0.00708592646615, 7.40909732593e-05, 0.0445655378038, 0.117529099413, 0.0147927947811, 0.373861474062, 0.0467685223515, 0.598688512388, 0.966623565767, 0.433062515156, 0.038315814476, 0.392334974417, 0.00936559509527, 0.100333701895, 0.000415284251299, 0.128912879155, 2.67051991446
0.924832968207, 0.0384171019718, 0.43408754333, 0.489766295964, 0.60347210512, 0.662874559408, 0.0101063167028, 0.238151315624, 0.0108432971617, 0.310424247817, 0.0753076756953, 0.140754248593, 0.183371376652, 0.720215759641, 0.0113731032557, 0.00198477002239, 0.00276404672287, 0.0101112953916, 0.143428400725, 0.399448856841, 0.0371302012222, 0.0812729699262, 0.00935901295596, 0.192333301638, 0.0314080346699, 0.0400369041594, 0.209920261804, 0.314861878012, 0.00984306436561, 0.353927695592, 0.924832968207, 1.1835009077
0.777280604963, 0.629334804322, 0.43408754333, 0.938889075493, 0.307294082597, 0.707559674213, 0.000909743559877, 0.238151315624, 0.323126173913, 0.253961737123, 0.0753076756953, 0.109176348196, 0.183371376652, 0.255378900191, 0.00126972054898, 0.00591256908598, 0.0146823798082, 0.905382924054, 0.0625549330143, 0.399448856841, 0.189707793833, 0.0812729699262, 0.0218443619994, 0.0125021468213, 0.154453427286, 0.839776388235, 0.209920261804, 0.0213589257984, 0.0705077862326, 0.311212054053, 0.777280604963, 1.7802552287
0.128912879155, 0.410404801469, 0.237377905546, 0.631103644026, 0.286299211194, 0.673289952725, 0.0576968316358, 0.252518735777, 0.165191744413, 0.672104177323, 0.0399171949063, 0.0395731380978, 0.853676967917, 0.0254597814376, 0.00402999022424, 0.00708592646615, 7.40909732593e-05, 0.0445655378038, 0.117529099413, 0.0147927947811, 0.373861474062, 0.0467685223515, 0.598688512388, 0.966623565767, 0.433062515156, 0.038315814476, 0.392334974417, 0.00936559509527, 0.100333701895, 0.000415284251299, 0.128912879155, 2.67051991446
0.924832968207, 0.0384171019718, 0.43408754333, 0.489766295964, 0.60347210512, 0.662874559408, 0.0101063167028, 0.238151315624, 0.0108432971617, 0.310424247817, 0.0753076756953, 0.140754248593, 0.183371376652, 0.720215759641, 0.0113731032557, 0.00198477002239, 0.00276404672287, 0.0101112953916, 0.143428400725, 0.399448856841, 0.0371302012222, 0.0812729699262, 0.00935901295596, 0.192333301638, 0.0314080346699, 0.0400369041594, 0.209920261804, 0.314861878012, 0.00984306436561, 0.353927695592, 0.924832968207, 1.1835009077
0.777280604963, 0.629334804322, 0.43408754333, 0.938889075493, 0.307294082597, 0.707559674213, 0.000909743559877, 0.238151315624, 0.323126173913, 0.253961737123, 0.0753076756953, 0.109176348196, 0.183371376652, 0.255378900191, 0.00126972054898, 0.00591256908598, 0.0146823798082, 0.905382924054, 0.0625549330143, 0.399448856841, 0.189707793833, 0.0812729699262, 0.0218443619994, 0.0125021468213, 0.154453427286, 0.839776388235, 0.209920261804, 0.0213589257984, 0.0705077862326, 0.311212054053, 0.777280604963, 1.7802552287
0.866795282974, 0.245016147651, 0.224951647897, 0.0996593627178, 0.307294082597, 0.652912406272, 0.760940498598, 0.0452329587588, 0.0368959553018, 0.783430872955, 0.0485022934552, 0.296877131644, 0.0844295878845, 0.734157498694, 0.0571813058902, 0.00198477002239, 0.0146823798082, 0.0576237235999, 0.244688954817, 0.399448856841, 0.0205332911772, 0.0812729699262, 0.00923734826879, 0.453890888557, 0.154453427286, 0.112287063751, 0.209920261804, 0.00208340481032, 0.0582140966964, 0.0291398632669, 0.866795282974, 1.33817312905
0.866795282974, 0.245016147651, 0.224951647897, 0.0996593627178, 0.307294082597, 0.652912406272, 0.760940498598, 0.0452329587588, 0.0368959553018, 0.783430872955, 0.0485022934552, 0.296877131644, 0.0844295878845, 0.734157498694, 0.0571813058902, 0.00198477002239, 0.0146823798082, 0.0576237235999, 0.244688954817, 0.399448856841, 0.0205332911772, 0.0812729699262, 0.00923734826879, 0.453890888557, 0.154453427286, 0.112287063751, 0.209920261804, 0.00208340481032, 0.0582140966964, 0.0291398632669, 0.866795282974, 1.33817312905
2.85831370794e-08, 0.0431922733287, 0.43408754333, 0.315707783778, 0.104992187844, 0.707559674213, 0.00401585062767, 0.297960042887, 0.661632579127, 0.253961737123, 0.0753076756953, 0.175786708952, 0.171106893806, 0.288049291577, 0.00126972054898, 0.00591256908598, 0.0146823798082, 0.0210509342075, 0.244688954817, 0.399448856841, 0.0163630285478, 0.0812729699262, 0.0218443619994, 0.419163665129, 0.154453427286, 0.290518206657, 0.0639601556332, 0.0213589257984, 0.0705077862326, 0.311212054053, 2.85831370794e-08, 2.75970582282
2.85831370794e-08, 0.0431922733287, 0.43408754333, 0.315707783778, 0.104992187844, 0.707559674213, 0.00401585062767, 0.297960042887, 0.661632579127, 0.253961737123, 0.0753076756953, 0.175786708952, 0.171106893806, 0.288049291577, 0.00126972054898, 0.00591256908598, 0.0146823798082, 0.0210509342075, 0.244688954817, 0.399448856841, 0.0163630285478, 0.0812729699262, 0.0218443619994, 0.419163665129, 0.154453427286, 0.290518206657, 0.0639601556332, 0.0213589257984, 0.0705077862326, 0.311212054053, 2.85831370794e-08, 2.75970582282
