0.859171404665, 0.380733414561, 0.482083619771, 0.686538740837, 0.474842493887, 0.888724029505, 0.703018794649, 0.681227456708, 0.60342293316, 11.6744642336, 5.33035070135, 18.2687646632, 57.3728187717, 15.1858663759
0.859263031096, 0.345048186777, 0.326227089935, 0.454302758666, 0.586405729278, 0.82090775719, 0.702876936026, 0.681227456708, 0.60342293316, 4.28853847252, 5.15128638153, 19.4965361818, 54.9254360835, 13.7355555939
0.859263031096, 0.345048186777, 0.322956786418, 0.295843424887, 0.500860745887, 0.82090775719, 0.702876936026, 0.681227456708, 0.60342293316, 2.2701882239, 5.40342569794, 16.0868835954, 45.1008917837, 11.2786688755
0.653208613042, 0.380733414561, 0.482083619771, 0.785379953768, 0.501078462091, 0.811006284958, 0.703018794649, 0.702078516006, 0.60342293316, 2.26457882553, 0.61883933999, 3.09773955746, 9.7284109522, 8.34028057899
0.653208613042, 0.380733414561, 0.482083619771, 0.785379953768, 0.501078462091, 0.811006284958, 0.703018794649, 0.702078516006, 0.60342293316, 2.26457882553, 0.61883933999, 3.09773955746, 9.7284109522, 8.34028057899
0.653208613042, 0.380733414561, 0.482083619771, 0.785379953768, 0.501078462091, 0.811006284958, 0.703018794649, 0.702078516006, 0.60342293316, 2.26457882553, 0.61883933999, 3.09773955746, 9.7284109522, 8.34028057899
0.653208613042, 0.380733414561, 0.482083619771, 0.785379953768, 0.501078462091, 0.811006284958, 0.703018794649, 0.702078516006, 0.60342293316, 2.26457882553, 0.61883933999, 3.09773955746, 9.7284109522, 8.34028057899
0.659508031922, 0.853772501255, 0.322956786418, 0.794899808987, 0.500860745887, 0.801600567714, 0.704082282857, 0.714229371374, 0.60342293316, 4.59105266005, 1.18458422921, 12.1079844872, 3.06296726417, 10.8143416692
0.659508031922, 0.853772501255, 0.322956786418, 0.794899808987, 0.500860745887, 0.801600567714, 0.704082282857, 0.714229371374, 0.60342293316, 4.59105266005, 1.18458422921, 12.1079844872, 3.06296726417, 10.8143416692
0.655944161798, 0.841138751566, 0.322956786418, 0.75954893894, 0.500860745887, 0.801439644741, 0.704082282857, 0.714229371374, 0.60342293316, 4.29142669874, 1.35854064205, 11.8445321663, 3.30408987489, 10.9092763073
0.815472081011, 0.381569177693, 0.482083619771, 0.785379953768, 0.501078462091, 0.811006284958, 0.703018794649, 0.702131408851, 0.60342293316, 2.83603602734, 0.775000915651, 3.87944146137, 12.1402434733, 4.44210947338
0.653208613042, 0.380733414561, 0.3245199086, 0.794657335094, 0.501078462091, 0.810273030854, 0.703002280544, 0.702078516006, 0.60342293316, 1.44876192309, 0.374365932287, 3.79479513506, 9.1376061425, 7.83377670035
0.653208613042, 0.380733414561, 0.3245199086, 0.794657335094, 0.501078462091, 0.810273030854, 0.703002280544, 0.702078516006, 0.60342293316, 1.44876192309, 0.374365932287, 3.79479513506, 9.1376061425, 7.83377670035
0.653208613042, 0.400900882151, 0.482083619771, 0.785379953768, 0.501078462091, 0.782447752262, 0.703018794649, 0.702078516006, 0.60342293316, 3.88293370092, 1.06108566485, 5.31150304364, 15.3256695161, 13.5811697072
0.653208613042, 0.400900882151, 0.482083619771, 0.785379953768, 0.501078462091, 0.782447752262, 0.703018794649, 0.702078516006, 0.60342293316, 3.88293370092, 1.06108566485, 5.31150304364, 15.3256695161, 13.5811697072
0.653208613042, 0.400900882151, 0.482083619771, 0.785379953768, 0.501078462091, 0.782447752262, 0.703018794649, 0.702078516006, 0.60342293316, 3.88293370092, 1.06108566485, 5.31150304364, 15.3256695161, 13.5811697072
0.655944161798, 0.841138751566, 0.322956786418, 0.75954893894, 0.500860745887, 0.801439644741, 0.704082282857, 0.714229371374, 0.60342293316, 4.29142669874, 1.35854064205, 11.8445321663, 3.30408987489, 10.9092763073
0.655944161798, 0.841138751566, 0.322956786418, 0.75954893894, 0.500860745887, 0.801439644741, 0.704082282857, 0.714229371374, 0.60342293316, 4.29142669874, 1.35854064205, 11.8445321663, 3.30408987489, 10.9092763073
0.655944161798, 0.841138751566, 0.322956786418, 0.75954893894, 0.500860745887, 0.801439644741, 0.704082282857, 0.714229371374, 0.60342293316, 4.29142669874, 1.35854064205, 11.8445321663, 3.30408987489, 10.9092763073
0.815472081011, 0.381569177693, 0.484269227838, 0.785379953768, 0.640801997731, 0.810927337732, 0.703018794649, 0.702131408851, 0.60342293316, 13.8071619881, 3.77307025726, 18.7223681156, 58.837684765, 21.5286816497
0.653208613042, 0.380733414561, 0.498125512639, 0.785379953768, 0.501078462091, 0.811006284958, 0.703018794649, 0.702078516006, 0.60342293316, 2.33993531851, 0.639431938426, 3.00179046605, 9.7284109522, 8.34028057899
0.655944161798, 0.841138751566, 0.322958774724, 0.794603203892, 0.500862860178, 0.801439644741, 0.704082282857, 0.701809469635, 0.60342293316, 1.85275209424, 0.478917454995, 4.88804309436, 1.36354740732, 4.50209164638
0.655944161798, 0.841138751566, 0.322958774724, 0.794603203892, 0.500862860178, 0.801439644741, 0.704082282857, 0.701809469635, 0.60342293316, 1.85275209424, 0.478917454995, 4.88804309436, 1.36354740732, 4.50209164638
0.655944161798, 0.841138751566, 0.322958774724, 0.794603203892, 0.500862860178, 0.801439644741, 0.704082282857, 0.701809469635, 0.60342293316, 1.85275209424, 0.478917454995, 4.88804309436, 1.36354740732, 4.50209164638
0.655944161798, 0.841138751566, 0.322958774724, 0.794603203892, 0.500862860178, 0.801439644741, 0.704082282857, 0.701809469635, 0.60342293316, 1.85275209424, 0.478917454995, 4.88804309436, 1.36354740732, 4.50209164638
0.655944161798, 0.841138751566, 0.322958774724, 0.794603203892, 0.500862860178, 0.801439644741, 0.704082282857, 0.701809469635, 0.60342293316, 1.85275209424, 0.478917454995, 4.88804309436, 1.36354740732, 4.50209164638
0.655944161798, 0.841138751566, 0.322958774724, 0.794603203892, 0.500862860178, 0.801439644741, 0.704082282857, 0.701809469635, 0.60342293316, 1.85275209424, 0.478917454995, 4.88804309436, 1.36354740732, 4.50209164638
0.655944161798, 0.841138751566, 0.322958774724, 0.794603203892, 0.500862860178, 0.801439644741, 0.704082282857, 0.701809469635, 0.60342293316, 1.85275209424, 0.478917454995, 4.88804309436, 1.36354740732, 4.50209164638
0.655944161798, 0.841138751566, 0.322958774724, 0.794603203892, 0.500862860178, 0.801439644741, 0.704082282857, 0.701809469635, 0.60342293316, 1.85275209424, 0.478917454995, 4.88804309436, 1.36354740732, 4.50209164638
0.655944161798, 0.841138751566, 0.322958774724, 0.794603203892, 0.500862860178, 0.801439644741, 0.704082282857, 0.701809469635, 0.60342293316, 1.85275209424, 0.478917454995, 4.88804309436, 1.36354740732, 4.50209164638
0.653066344729, 0.380733414561, 0.3245199086, 0.794657335094, 0.50108623184, 0.810273030854, 0.703002019044, 0.702078516006, 0.60342293316, 1.44854257721, 0.374309252426, 3.79422059436, 9.13622268796, 7.83751090804
0.653066344729, 0.380733414561, 0.3245199086, 0.794657335094, 0.50108623184, 0.810273030854, 0.703002019044, 0.702078516006, 0.60342293316, 1.44854257721, 0.374309252426, 3.79422059436, 9.13622268796, 7.83751090804
0.653066344729, 0.380733414561, 0.3245199086, 0.794657335094, 0.50108623184, 0.810273030854, 0.703002019044, 0.702078516006, 0.60342293316, 1.44854257721, 0.374309252426, 3.79422059436, 9.13622268796, 7.83751090804
0.653066344729, 0.380733414561, 0.3245199086, 0.794657335094, 0.50108623184, 0.810273030854, 0.703002019044, 0.702078516006, 0.60342293316, 1.44854257721, 0.374309252426, 3.79422059436, 9.13622268796, 7.83751090804
0.653066344729, 0.380733414561, 0.3245199086, 0.794657335094, 0.50108623184, 0.810273030854, 0.703002019044, 0.702078516006, 0.60342293316, 1.44854257721, 0.374309252426, 3.79422059436, 9.13622268796, 7.83751090804
0.653066344729, 0.380733414561, 0.3245199086, 0.794657335094, 0.50108623184, 0.810273030854, 0.703002019044, 0.702078516006, 0.60342293316, 1.44854257721, 0.374309252426, 3.79422059436, 9.13622268796, 7.83751090804
0.653066344729, 0.380733414561, 0.3245199086, 0.794657335094, 0.50108623184, 0.810273030854, 0.703002019044, 0.702078516006, 0.60342293316, 1.44854257721, 0.374309252426, 3.79422059436, 9.13622268796, 7.83751090804
0.653066344729, 0.380733414561, 0.3245199086, 0.794657335094, 0.50108623184, 0.810273030854, 0.703002019044, 0.702078516006, 0.60342293316, 1.44854257721, 0.374309252426, 3.79422059436, 9.13622268796, 7.83751090804
0.653066344729, 0.380733414561, 0.3245199086, 0.794657335094, 0.50108623184, 0.810273030854, 0.703002019044, 0.702078516006, 0.60342293316, 1.44854257721, 0.374309252426, 3.79422059436, 9.13622268796, 7.83751090804
0.653066344729, 0.380733414561, 0.3245199086, 0.794657335094, 0.50108623184, 0.810273030854, 0.703002019044, 0.702078516006, 0.60342293316, 1.44854257721, 0.374309252426, 3.79422059436, 9.13622268796, 7.83751090804
0.653066344729, 0.380733414561, 0.3245199086, 0.794657335094, 0.50108623184, 0.810273030854, 0.703002019044, 0.702078516006, 0.60342293316, 1.44854257721, 0.374309252426, 3.79422059436, 9.13622268796, 7.83751090804
0.655944161798, 0.841138751566, 0.322956786418, 0.759756934131, 0.501081112242, 0.801540268445, 0.704082282857, 0.702249774639, 0.60342293316, 1.80659052955, 0.571262765883, 4.98490666329, 1.39056396675, 4.59129355153
0.655944161798, 0.841138751566, 0.322956786418, 0.759756934131, 0.501081112242, 0.801540268445, 0.704082282857, 0.702249774639, 0.60342293316, 1.80659052955, 0.571262765883, 4.98490666329, 1.39056396675, 4.59129355153
0.655944161798, 0.841138751566, 0.322956786418, 0.759756934131, 0.501081112242, 0.801540268445, 0.704082282857, 0.702249774639, 0.60342293316, 1.80659052955, 0.571262765883, 4.98490666329, 1.39056396675, 4.59129355153
0.655944161798, 0.841138751566, 0.322956786418, 0.759756934131, 0.501081112242, 0.801540268445, 0.704082282857, 0.702249774639, 0.60342293316, 1.80659052955, 0.571262765883, 4.98490666329, 1.39056396675, 4.59129355153
0.655944161798, 0.841138751566, 0.322956786418, 0.759756934131, 0.501081112242, 0.801540268445, 0.704082282857, 0.702249774639, 0.60342293316, 1.80659052955, 0.571262765883, 4.98490666329, 1.39056396675, 4.59129355153
0.655944161798, 0.841138751566, 0.322956786418, 0.759756934131, 0.501081112242, 0.801540268445, 0.704082282857, 0.702249774639, 0.60342293316, 1.80659052955, 0.571262765883, 4.98490666329, 1.39056396675, 4.59129355153
0.655944161798, 0.841138751566, 0.322956786418, 0.759756934131, 0.501081112242, 0.801540268445, 0.704082282857, 0.702249774639, 0.60342293316, 1.80659052955, 0.571262765883, 4.98490666329, 1.39056396675, 4.59129355153
0.655944161798, 0.841138751566, 0.322956786418, 0.759756934131, 0.501081112242, 0.801540268445, 0.704082282857, 0.702249774639, 0.60342293316, 1.80659052955, 0.571262765883, 4.98490666329, 1.39056396675, 4.59129355153
0.655944161798, 0.841138751566, 0.322956786418, 0.759756934131, 0.501081112242, 0.801540268445, 0.704082282857, 0.702249774639, 0.60342293316, 1.80659052955, 0.571262765883, 4.98490666329, 1.39056396675, 4.59129355153
0.655944161798, 0.841138751566, 0.322956786418, 0.759756934131, 0.501081112242, 0.801540268445, 0.704082282857, 0.702249774639, 0.60342293316, 1.80659052955, 0.571262765883, 4.98490666329, 1.39056396675, 4.59129355153
0.655944161798, 0.841138751566, 0.322956786418, 0.759756934131, 0.501081112242, 0.801540268445, 0.704082282857, 0.702249774639, 0.60342293316, 1.80659052955, 0.571262765883, 4.98490666329, 1.39056396675, 4.59129355153
0.655944161798, 0.841138751566, 0.32295876602, 0.794603203892, 0.500862860178, 0.801439644741, 0.704082282857, 0.701807262814, 0.611677345273, 3.52368724722, 0.910837091418, 9.29640606244, 2.59328528333, 8.56237777144
0.655944161798, 0.841138751566, 0.32295876602, 0.794603203892, 0.500862860178, 0.801439644741, 0.704082282857, 0.701807262814, 0.611677345273, 3.52368724722, 0.910837091418, 9.29640606244, 2.59328528333, 8.56237777144
0.655944161798, 0.841138751566, 0.32295876602, 0.794603203892, 0.500862860178, 0.801439644741, 0.704082282857, 0.701807262814, 0.611677345273, 3.52368724722, 0.910837091418, 9.29640606244, 2.59328528333, 8.56237777144
0.655944161798, 0.841138751566, 0.32295876602, 0.794603203892, 0.500862860178, 0.801439644741, 0.704082282857, 0.701807262814, 0.611677345273, 3.52368724722, 0.910837091418, 9.29640606244, 2.59328528333, 8.56237777144
0.653064630148, 0.42534129542, 0.3245199086, 0.794833971746, 0.501078482688, 0.810995042593, 0.703002019044, 0.702078516006, 0.60342293316, 1.72078072848, 0.444175463188, 4.50630228675, 9.01322490058, 8.33225654985
0.653064630148, 0.42534129542, 0.3245199086, 0.794833971746, 0.501078482688, 0.810995042593, 0.703002019044, 0.702078516006, 0.60342293316, 1.72078072848, 0.444175463188, 4.50630228675, 9.01322490058, 8.33225654985
0.653064630148, 0.42534129542, 0.3245199086, 0.794833971746, 0.501078482688, 0.810995042593, 0.703002019044, 0.702078516006, 0.60342293316, 1.72078072848, 0.444175463188, 4.50630228675, 9.01322490058, 8.33225654985
0.653064630148, 0.42534129542, 0.3245199086, 0.794833971746, 0.501078482688, 0.810995042593, 0.703002019044, 0.702078516006, 0.60342293316, 1.72078072848, 0.444175463188, 4.50630228675, 9.01322490058, 8.33225654985
0.653064630148, 0.42534129542, 0.3245199086, 0.794833971746, 0.501078482688, 0.810995042593, 0.703002019044, 0.702078516006, 0.60342293316, 1.72078072848, 0.444175463188, 4.50630228675, 9.01322490058, 8.33225654985
0.653064630148, 0.42534129542, 0.3245199086, 0.794833971746, 0.501078482688, 0.810995042593, 0.703002019044, 0.702078516006, 0.60342293316, 1.72078072848, 0.444175463188, 4.50630228675, 9.01322490058, 8.33225654985
0.653064630148, 0.42534129542, 0.3245199086, 0.794833971746, 0.501078482688, 0.810995042593, 0.703002019044, 0.702078516006, 0.60342293316, 1.72078072848, 0.444175463188, 4.50630228675, 9.01322490058, 8.33225654985
0.653064630148, 0.42534129542, 0.3245199086, 0.794833971746, 0.501078482688, 0.810995042593, 0.703002019044, 0.702078516006, 0.60342293316, 1.72078072848, 0.444175463188, 4.50630228675, 9.01322490058, 8.33225654985
0.655944161798, 0.841138751566, 0.322956786418, 0.759756934131, 0.501081112242, 0.801540268445, 0.704082282857, 0.702249774639, 0.60342293316, 1.80659052955, 0.571262765883, 4.98490666329, 1.39056396675, 4.59129355153
0.653208613042, 0.408941772841, 0.48301447245, 0.785379953768, 0.500861801861, 0.810927284592, 0.703003626889, 0.701806509741, 0.60342293316, 2.40457537086, 0.657096065143, 3.27700289081, 9.16151359184, 8.22911939479
0.653208613042, 0.408941772841, 0.48301447245, 0.785379953768, 0.500861801861, 0.810927284592, 0.703003626889, 0.701806509741, 0.60342293316, 2.40457537086, 0.657096065143, 3.27700289081, 9.16151359184, 8.22911939479
0.653208613042, 0.408941772841, 0.48301447245, 0.785379953768, 0.500861801861, 0.810927284592, 0.703003626889, 0.701806509741, 0.60342293316, 2.40457537086, 0.657096065143, 3.27700289081, 9.16151359184, 8.22911939479
0.653208613042, 0.408941772841, 0.48301447245, 0.785379953768, 0.500861801861, 0.810927284592, 0.703003626889, 0.701806509741, 0.60342293316, 2.40457537086, 0.657096065143, 3.27700289081, 9.16151359184, 8.22911939479
0.653208613042, 0.408941772841, 0.48301447245, 0.785379953768, 0.500861801861, 0.810927284592, 0.703003626889, 0.701806509741, 0.60342293316, 2.40457537086, 0.657096065143, 3.27700289081, 9.16151359184, 8.22911939479
0.655944161798, 0.841138751566, 0.32295876602, 0.794603203892, 0.500862860178, 0.801439644741, 0.704082282857, 0.701807262814, 0.611677345273, 3.52368724722, 0.910837091418, 9.29640606244, 2.59328528333, 8.56237777144
0.655944161798, 0.823526858557, 0.322956786418, 0.759756934131, 0.501078448328, 0.801540268445, 0.704082282857, 0.702080886301, 0.60342293316, 1.75869768619, 0.556118549349, 4.85275643328, 1.53593541272, 4.56516414458
0.655944161798, 0.823526858557, 0.322956786418, 0.759756934131, 0.501078448328, 0.801540268445, 0.704082282857, 0.702080886301, 0.60342293316, 1.75869768619, 0.556118549349, 4.85275643328, 1.53593541272, 4.56516414458
0.655944161798, 0.823526858557, 0.322956786418, 0.759756934131, 0.501078448328, 0.801540268445, 0.704082282857, 0.702080886301, 0.60342293316, 1.75869768619, 0.556118549349, 4.85275643328, 1.53593541272, 4.56516414458
0.655944161798, 0.823526858557, 0.322956786418, 0.759756934131, 0.501078448328, 0.801540268445, 0.704082282857, 0.702080886301, 0.60342293316, 1.75869768619, 0.556118549349, 4.85275643328, 1.53593541272, 4.56516414458
0.655944161798, 0.823526858557, 0.322956786418, 0.759756934131, 0.501078448328, 0.801540268445, 0.704082282857, 0.702080886301, 0.60342293316, 1.75869768619, 0.556118549349, 4.85275643328, 1.53593541272, 4.56516414458
0.655944161798, 0.823526858557, 0.322956786418, 0.759756934131, 0.501078448328, 0.801540268445, 0.704082282857, 0.702080886301, 0.60342293316, 1.75869768619, 0.556118549349, 4.85275643328, 1.53593541272, 4.56516414458
0.655944161798, 0.823526858557, 0.322956786418, 0.759756934131, 0.501078448328, 0.801540268445, 0.704082282857, 0.702080886301, 0.60342293316, 1.75869768619, 0.556118549349, 4.85275643328, 1.53593541272, 4.56516414458
0.655944161798, 0.823526858557, 0.322956786418, 0.759756934131, 0.501078448328, 0.801540268445, 0.704082282857, 0.702080886301, 0.60342293316, 1.75869768619, 0.556118549349, 4.85275643328, 1.53593541272, 4.56516414458
0.655944161798, 0.823526858557, 0.322956786418, 0.759756934131, 0.501078448328, 0.801540268445, 0.704082282857, 0.702080886301, 0.60342293316, 1.75869768619, 0.556118549349, 4.85275643328, 1.53593541272, 4.56516414458
0.655936732644, 0.385965819378, 0.3245199086, 0.794657335094, 0.501082564927, 0.80123834213, 0.704082421431, 0.701803701914, 0.60342293316, 0.85306783513, 0.220436174027, 2.23447180591, 5.26266865391, 4.49562250838
0.655936732644, 0.385965819378, 0.3245199086, 0.794657335094, 0.501082564927, 0.80123834213, 0.704082421431, 0.701803701914, 0.60342293316, 0.85306783513, 0.220436174027, 2.23447180591, 5.26266865391, 4.49562250838
0.655936732644, 0.385965819378, 0.3245199086, 0.794657335094, 0.501082564927, 0.80123834213, 0.704082421431, 0.701803701914, 0.60342293316, 0.85306783513, 0.220436174027, 2.23447180591, 5.26266865391, 4.49562250838
0.655936732644, 0.385965819378, 0.3245199086, 0.794657335094, 0.501082564927, 0.80123834213, 0.704082421431, 0.701803701914, 0.60342293316, 0.85306783513, 0.220436174027, 2.23447180591, 5.26266865391, 4.49562250838
0.655936732644, 0.385965819378, 0.3245199086, 0.794657335094, 0.501082564927, 0.80123834213, 0.704082421431, 0.701803701914, 0.60342293316, 0.85306783513, 0.220436174027, 2.23447180591, 5.26266865391, 4.49562250838
0.655936732644, 0.385965819378, 0.3245199086, 0.794657335094, 0.501082564927, 0.80123834213, 0.704082421431, 0.701803701914, 0.60342293316, 0.85306783513, 0.220436174027, 2.23447180591, 5.26266865391, 4.49562250838
0.655936732644, 0.385965819378, 0.3245199086, 0.794657335094, 0.501082564927, 0.80123834213, 0.704082421431, 0.701803701914, 0.60342293316, 0.85306783513, 0.220436174027, 2.23447180591, 5.26266865391, 4.49562250838
0.655936732644, 0.385965819378, 0.3245199086, 0.794657335094, 0.501082564927, 0.80123834213, 0.704082421431, 0.701803701914, 0.60342293316, 0.85306783513, 0.220436174027, 2.23447180591, 5.26266865391, 4.49562250838
0.655936732644, 0.385965819378, 0.3245199086, 0.794657335094, 0.501082564927, 0.80123834213, 0.704082421431, 0.701803701914, 0.60342293316, 0.85306783513, 0.220436174027, 2.23447180591, 5.26266865391, 4.49562250838
0.655936732644, 0.385965819378, 0.3245199086, 0.794657335094, 0.501082564927, 0.80123834213, 0.704082421431, 0.701803701914, 0.60342293316, 0.85306783513, 0.220436174027, 2.23447180591, 5.26266865391, 4.49562250838
0.655944161798, 0.790314599874, 0.322971432746, 0.794660616407, 0.50086444823, 0.810435191578, 0.704082282857, 0.702074737494, 0.60342293316, 3.14408834114, 0.812428788596, 8.29384537477, 3.25025270172, 8.13038284051
0.655944161798, 0.790314599874, 0.322971432746, 0.794660616407, 0.50086444823, 0.810435191578, 0.704082282857, 0.702074737494, 0.60342293316, 3.14408834114, 0.812428788596, 8.29384537477, 3.25025270172, 8.13038284051
