0.399331510995, 0.346679669408, 0.34223276572, 0.759302510499, 0.501082172887, 0.69931573255, 0.698088532003, 0.701807676905, 0.500705248839, 0.265416710079, 0.0841366055087, 0.671837242539, 1.92481785343, 4.43164264812
0.268075429814, 0.774731517874, 0.46904672987, 0.758116490968, 0.501082114006, 0.699367113658, 0.698314509799, 0.701804107489, 0.50064289029, 0.53815497543, 0.171702918233, 0.803547591244, 0.440052519563, 5.33351344913
0.511447303681, 0.774605387682, 0.336283641102, 0.756121342584, 0.501082153432, 0.598840557011, 0.698314493595, 0.701804107508, 0.500640882907, 0.592413427124, 0.191076462342, 1.54635846979, 0.677939084913, 2.87314578692
0.259106443552, 0.774216931677, 0.46904672987, 0.731396602762, 0.501082114006, 0.699367113658, 0.698314509799, 0.701804107489, 0.50064289029, 0.501483903376, 0.184168588695, 0.776147470293, 0.426301295247, 5.39887019599
0.268398502918, 0.774455225719, 0.469191944589, 0.755432765767, 0.501082153533, 0.599596202481, 0.698314493595, 0.701804107508, 0.500640882907, 0.425247537226, 0.137671568876, 0.636843832273, 0.349407237681, 4.2227330172
0.268398502918, 0.774455225719, 0.469191944589, 0.755432765767, 0.501082153533, 0.599596202481, 0.698314493595, 0.701804107508, 0.500640882907, 0.425247537226, 0.137671568876, 0.636843832273, 0.349407237681, 4.2227330172
0.447553785868, 0.774369820132, 0.337353752089, 0.755918021763, 0.501082153215, 0.599645838151, 0.698314493595, 0.701804107525, 0.500640882907, 0.509836249348, 0.164623460131, 1.32480576572, 0.582531262255, 3.1868880977
0.619962721266, 0.782962312746, 0.338138695755, 0.756192664476, 0.500774852476, 0.600947575175, 0.698303655382, 0.70180769803, 0.500702684335, 0.721692312071, 0.232683928237, 1.86806393672, 0.782382342628, 2.20975696393
0.622240121179, 0.38591303637, 0.226174622569, 0.760355132179, 0.501062297229, 0.60238604255, 0.698315490637, 0.701804111115, 0.50070229124, 0.262165978777, 0.0826281413411, 1.1796656809, 2.42580789494, 2.3981941944
0.619878555916, 0.404225202707, 0.506513473761, 0.814369903471, 0.501061778222, 0.597706497836, 0.698314497126, 0.701804110996, 0.500641676057, 0.646111337626, 0.147276697556, 0.772983001881, 2.30862494679, 2.37622201178
0.511447303681, 0.411609534482, 0.336283641102, 0.755915537944, 0.501082165742, 0.59885023437, 0.69831552603, 0.701804111832, 0.500636972075, 0.314554527596, 0.101569380178, 0.821295511172, 1.76887493355, 2.87171953253
0.619962721266, 0.375152479978, 0.339449507782, 0.706139902903, 0.50077067749, 0.600947575175, 0.698314414921, 0.701807709704, 0.500702684335, 0.323935466851, 0.134805733751, 0.892685712929, 2.25091342982, 2.20823538932
0.619962721266, 0.409717844371, 0.340009379026, 0.706139902903, 0.50077067749, 0.599605373802, 0.698314414921, 0.701804135066, 0.500703996979, 0.349008073074, 0.145239697997, 0.959382044924, 2.09425035561, 2.17485129257
0.511447303681, 0.323176089656, 0.336283641102, 0.755915537944, 0.501082201528, 0.59885023437, 0.698315499361, 0.701804111832, 0.500636926719, 0.246973578476, 0.0797475511727, 0.644843019525, 2.03473545117, 2.87172454546
0.577102791433, 0.774541102618, 0.454734195084, 0.756192664476, 0.500758515329, 0.600973404552, 0.69831449591, 0.701803960083, 0.500702684335, 0.893403614211, 0.288046109094, 1.41666085663, 0.756276386942, 2.45807316444
0.475340616105, 0.744728133619, 0.435983489884, 0.755813415426, 0.499413399754, 0.599589388925, 0.698314495791, 0.701804107372, 0.500640865753, 0.663831337792, 0.214469211317, 1.13622653618, 0.690523246969, 2.98571170365
0.618439342148, 0.391815133295, 0.402567564941, 0.698454697439, 0.501081105182, 0.599590638782, 0.698315482645, 0.701804111015, 0.500703988754, 0.393816380681, 0.170023167002, 0.836768938413, 2.17405815405, 2.20547442871
0.631568711304, 0.40944600564, 0.402567564941, 0.698454697439, 0.501081105182, 0.599590638782, 0.698315482645, 0.701804111015, 0.500703988754, 0.420274176748, 0.181445846453, 0.892985650094, 2.15585057272, 2.12958482285
0.619954620723, 0.782962312746, 0.338138695755, 0.756192664476, 0.500774852476, 0.599587747474, 0.698303655382, 0.70180769803, 0.500702690967, 0.711076670271, 0.229261293419, 1.84058588648, 0.770873988498, 2.17732768108
0.619954620723, 0.782962312746, 0.338138695755, 0.756192664476, 0.500774852476, 0.599587747474, 0.698303655382, 0.70180769803, 0.500702690967, 0.711076670271, 0.229261293419, 1.84058588648, 0.770873988498, 2.17732768108
0.619954620723, 0.782962312746, 0.338138695755, 0.756192664476, 0.500774852476, 0.599587747474, 0.698303655382, 0.70180769803, 0.500702690967, 0.711076670271, 0.229261293419, 1.84058588648, 0.770873988498, 2.17732768108
0.475340616105, 0.725300464044, 0.435983489884, 0.755813415426, 0.499413399754, 0.599589388925, 0.698314495791, 0.701804107372, 0.500640865753, 0.646514017146, 0.208874368335, 1.10658587577, 0.743076071008, 2.98571170365
0.619962721266, 0.782962312746, 0.338138695755, 0.756192664476, 0.500774852476, 0.600947575175, 0.698303354176, 0.70180769803, 0.500702684335, 0.721704066331, 0.232687717978, 1.86809436203, 0.782395085351, 2.20979295441
0.59691028954, 0.773252926695, 0.497877853582, 0.755983168367, 0.500790411589, 0.602397463775, 0.698314401275, 0.70180409988, 0.500640675174, 1.09385127141, 0.353074159182, 1.45926013316, 0.852203785217, 2.53801635022
0.618439342148, 0.391815133295, 0.402567564941, 0.698454697439, 0.501081105182, 0.599590638782, 0.698315496186, 0.701804107541, 0.500703988754, 0.393816003902, 0.170023004334, 0.836768137844, 2.17405607405, 2.20547231865
0.618439342148, 0.391815133295, 0.402567564941, 0.698454697439, 0.501081105182, 0.599590638782, 0.698315496186, 0.701804107541, 0.500703988754, 0.393816003902, 0.170023004334, 0.836768137844, 2.17405607405, 2.20547231865
0.630427667732, 0.782944731663, 0.42438608869, 0.675745569992, 0.499395373252, 0.599602756087, 0.698314493606, 0.701807772806, 0.500696338466, 0.806928659682, 0.387202231463, 1.61965335619, 0.780063611325, 2.10680273554
0.630427667732, 0.782944731663, 0.42438608869, 0.675745569992, 0.499395373252, 0.599602756087, 0.698314493606, 0.701807772806, 0.500696338466, 0.806928659682, 0.387202231463, 1.61965335619, 0.780063611325, 2.10680273554
0.617288209172, 0.783501863817, 0.337648560844, 0.755921914281, 0.500774852476, 0.600947575175, 0.698314414921, 0.70180769803, 0.500634615485, 0.716249300776, 0.231268276429, 1.85870666624, 0.77541911063, 2.22057885081
0.511447303681, 0.739476011696, 0.434825436133, 0.755814163658, 0.499439670786, 0.599564580534, 0.698314485764, 0.70180410744, 0.500636887261, 0.70713039112, 0.228457250818, 1.21605199133, 0.758041815808, 2.77943144317
0.511447303681, 0.739476011696, 0.434825436133, 0.755814163658, 0.499439670786, 0.599564580534, 0.698314485764, 0.70180410744, 0.500636887261, 0.70713039112, 0.228457250818, 1.21605199133, 0.758041815808, 2.77943144317
0.630427667732, 0.782944731663, 0.448844949512, 0.676796363066, 0.499395373252, 0.599602756087, 0.698314493606, 0.701807772806, 0.500696338466, 0.854761894545, 0.40819095389, 1.5508313989, 0.780063611325, 2.10680273554
0.268398502918, 0.774455225719, 0.469191944589, 0.762946383607, 0.501082153373, 0.599596202481, 0.698314493595, 0.701804107508, 0.500636894806, 0.429439661512, 0.133430378557, 0.636788322699, 0.349376782103, 4.22236494877
0.619954620723, 0.71497642273, 0.338138695755, 0.706171444711, 0.500774852476, 0.599587751714, 0.698314456029, 0.701804080547, 0.500703358634, 0.605887844286, 0.252101881614, 1.67940021696, 1.01152420618, 2.17555991795
0.619954620723, 0.71497642273, 0.338138695755, 0.706171444711, 0.500774852476, 0.599587751714, 0.698314456029, 0.701804080547, 0.500703358634, 0.605887844286, 0.252101881614, 1.67940021696, 1.01152420618, 2.17555991795
0.619954620723, 0.71497642273, 0.338138695755, 0.706171444711, 0.500774852476, 0.599587751714, 0.698314456029, 0.701804080547, 0.500703358634, 0.605887844286, 0.252101881614, 1.67940021696, 1.01152420618, 2.17555991795
0.619954620723, 0.71497642273, 0.338138695755, 0.706171444711, 0.500774852476, 0.599587751714, 0.698314456029, 0.701804080547, 0.500703358634, 0.605887844286, 0.252101881614, 1.67940021696, 1.01152420618, 2.17555991795
0.619954620723, 0.71497642273, 0.338138695755, 0.706171444711, 0.500774852476, 0.599587751714, 0.698314456029, 0.701804080547, 0.500703358634, 0.605887844286, 0.252101881614, 1.67940021696, 1.01152420618, 2.17555991795
0.473457726182, 0.495093772192, 0.435983489884, 0.755813415426, 0.499413399754, 0.599589388925, 0.698314495791, 0.701804107372, 0.500640865753, 0.439565639511, 0.142013928329, 0.752369036485, 1.36038664941, 2.99642678212
0.473457726182, 0.495093772192, 0.435983489884, 0.755813415426, 0.499413399754, 0.599589388925, 0.698314495791, 0.701804107372, 0.500640865753, 0.439565639511, 0.142013928329, 0.752369036485, 1.36038664941, 2.99642678212
0.619962263255, 0.375152479978, 0.339449507782, 0.706139173699, 0.50077067749, 0.600974244515, 0.698314414921, 0.701807709704, 0.500702684335, 0.32423174166, 0.134929502662, 0.893503095426, 2.25297446565, 2.21026164387
0.268398502918, 0.774455225719, 0.470746731775, 0.762946383607, 0.501125761837, 0.599589298747, 0.698314493595, 0.701804107508, 0.500636894806, 0.431608235748, 0.134104172124, 0.636021708771, 0.349981304384, 4.22967085408
0.268398502918, 0.774455225719, 0.470746731775, 0.762946383607, 0.501125761837, 0.599589298747, 0.698314493595, 0.701804107508, 0.500636894806, 0.431608235748, 0.134104172124, 0.636021708771, 0.349981304384, 4.22967085408
0.281870917661, 0.44445450683, 0.312043963457, 0.756333457247, 0.50077533236, 0.599589423976, 0.698314414921, 0.701803981573, 0.500701850293, 0.169247041828, 0.0545260045794, 0.493347207828, 0.896363787922, 4.11071076143
0.281870917661, 0.44445450683, 0.312043963457, 0.756333457247, 0.50077533236, 0.599589423976, 0.698314414921, 0.701803981573, 0.500701850293, 0.169247041828, 0.0545260045794, 0.493347207828, 0.896363787922, 4.11071076143
0.25866207248, 0.516784432101, 0.439189205814, 0.72333114819, 0.50108031853, 0.599553629879, 0.698314414782, 0.701804107771, 0.500638788613, 0.245210657677, 0.093791275657, 0.432879362578, 0.721742056428, 4.28079629109
0.619181241006, 0.417064063744, 0.336203870199, 0.698111857237, 0.501082146444, 0.599557480184, 0.698315496186, 0.701804107522, 0.500703988754, 0.350499655179, 0.15156838957, 0.991275992166, 2.08726663357, 2.20220449469
0.473457726182, 0.555215994111, 0.426507339241, 0.755813415426, 0.499413399754, 0.599589791527, 0.698314493452, 0.701804107372, 0.500640865753, 0.482228173627, 0.155797248766, 0.857905277247, 1.19839135791, 2.99641210636
0.541026464659, 0.416463110479, 0.403019929074, 0.768226791454, 0.501081283365, 0.599589647505, 0.698315454551, 0.701804111015, 0.500702794596, 0.403223463218, 0.121652091375, 0.777480772548, 1.82482659584, 2.65290941493
0.615114491971, 0.410252702957, 0.3358672782, 0.75580240159, 0.50068197589, 0.5995578676, 0.69831449591, 0.701803957675, 0.500700412706, 0.365963652828, 0.118241811535, 0.957451689494, 2.07241391372, 2.19880208603
0.615114491971, 0.410252702957, 0.3358672782, 0.75580240159, 0.50068197589, 0.5995578676, 0.69831449591, 0.701803957675, 0.500700412706, 0.365963652828, 0.118241811535, 0.957451689494, 2.07241391372, 2.19880208603
0.615114491971, 0.410252702957, 0.3358672782, 0.75580240159, 0.50068197589, 0.5995578676, 0.69831449591, 0.701803957675, 0.500700412706, 0.365963652828, 0.118241811535, 0.957451689494, 2.07241391372, 2.19880208603
0.619998546842, 0.71497642273, 0.338138695755, 0.706372711513, 0.500774852476, 0.599587770797, 0.698314444569, 0.701804080547, 0.50070336287, 0.606103767717, 0.251947170319, 1.67952003153, 1.01159637203, 2.17530952964
0.619998546842, 0.71497642273, 0.338138695755, 0.706372711513, 0.500774852476, 0.599587770797, 0.698314444569, 0.701804080547, 0.50070336287, 0.606103767717, 0.251947170319, 1.67952003153, 1.01159637203, 2.17530952964
0.47724223385, 0.774369820132, 0.338245227067, 0.756121342584, 0.501082153215, 0.599645838151, 0.698314454794, 0.701804079511, 0.50063964352, 0.545224797174, 0.175856286598, 1.41074821069, 0.62115673242, 3.01554372933
0.526600151807, 0.725300464044, 0.435983489884, 0.755813415426, 0.499413399754, 0.599587701123, 0.698314495791, 0.701804107372, 0.500702835313, 0.717282155627, 0.231737987424, 1.2277139881, 0.824413998571, 2.69795415771
0.526600151807, 0.725300464044, 0.435983489884, 0.755813415426, 0.499413399754, 0.599587701123, 0.698314495791, 0.701804107372, 0.500702835313, 0.717282155627, 0.231737987424, 1.2277139881, 0.824413998571, 2.69795415771
0.526600151807, 0.725300464044, 0.435983489884, 0.755813415426, 0.499413399754, 0.599587701123, 0.698314495791, 0.701804107372, 0.500702835313, 0.717282155627, 0.231737987424, 1.2277139881, 0.824413998571, 2.69795415771
0.473457726182, 0.555215994111, 0.340367828384, 0.755813415426, 0.499413399754, 0.600849251435, 0.698314493452, 0.701804107372, 0.500639545352, 0.389366824658, 0.125795802402, 0.998384142343, 1.21250360641, 3.03169783498
0.473464361675, 0.714404928447, 0.434859005139, 0.755813415426, 0.499413358209, 0.599589388925, 0.698314495791, 0.701804107372, 0.500640865753, 0.632653031745, 0.204396190765, 1.08782576597, 0.769500304627, 2.99639155486
0.510461282573, 0.695327399181, 0.182035922623, 0.759995986216, 0.499394645619, 0.599564580534, 0.698314485624, 0.701804107438, 0.500707817338, 0.280077350277, 0.0884474253228, 1.65593704649, 0.887061331572, 2.79218690832
0.613978998525, 0.745544074003, 0.44831468036, 0.706863295449, 0.499413399754, 0.599589398354, 0.698314496508, 0.701804107372, 0.500700107189, 0.826634747418, 0.342806009712, 1.43908581664, 0.890296184978, 2.19978056018
0.511447303681, 0.696736824481, 0.434825436133, 0.768349115102, 0.499439670786, 0.599564580534, 0.698314485764, 0.70180410744, 0.500707817338, 0.678431365479, 0.204541429236, 1.14766460904, 0.883859623537, 2.78403145514
0.630427667732, 0.783093439263, 0.448844949512, 0.677075627613, 0.499395373252, 0.599602756087, 0.698314493606, 0.701807852071, 0.500696338466, 0.855281482172, 0.407917852277, 1.55113406915, 0.779533257127, 2.10681375778
0.473457726182, 0.514803272301, 0.434785195235, 0.755813415426, 0.499413399754, 0.599564794066, 0.698314485611, 0.701804107372, 0.500641534471, 0.455960198656, 0.147310647495, 0.784243845614, 1.30771816012, 2.99742501986
0.473457726182, 0.514803272301, 0.434785195235, 0.755813415426, 0.499413399754, 0.599564794066, 0.698314485611, 0.701804107372, 0.500641534471, 0.455960198656, 0.147310647495, 0.784243845614, 1.30771816012, 2.99742501986
0.511447303681, 0.740522266948, 0.435076775454, 0.755814163658, 0.499439670786, 0.59956470481, 0.698314485812, 0.70180410744, 0.50063682537, 0.708538051232, 0.228912032798, 1.21722728998, 0.754995258646, 2.77942302141
0.511447303681, 0.740522266948, 0.435076775454, 0.755814163658, 0.499439670786, 0.59956470481, 0.698314485812, 0.70180410744, 0.50063682537, 0.708538051232, 0.228912032798, 1.21722728998, 0.754995258646, 2.77942302141
0.61851512205, 0.492264723104, 0.44551297526, 0.694354407203, 0.499455866985, 0.599587477957, 0.698314498193, 0.701807741052, 0.500640040293, 0.535680403384, 0.235799402645, 0.960186495224, 1.78608790696, 2.16966406631
0.61851512205, 0.492264723104, 0.44551297526, 0.694354407203, 0.499455866985, 0.599587477957, 0.698314498193, 0.701807741052, 0.500640040293, 0.535680403384, 0.235799402645, 0.960186495224, 1.78608790696, 2.16966406631
0.61851512205, 0.492264723104, 0.44551297526, 0.694354407203, 0.499455866985, 0.599587477957, 0.698314498193, 0.701807741052, 0.500640040293, 0.535680403384, 0.235799402645, 0.960186495224, 1.78608790696, 2.16966406631
0.61851512205, 0.492264723104, 0.44551297526, 0.694354407203, 0.499455866985, 0.599587477957, 0.698314498193, 0.701807741052, 0.500640040293, 0.535680403384, 0.235799402645, 0.960186495224, 1.78608790696, 2.16966406631
0.469485540339, 0.414792724382, 0.308510354005, 0.75580240159, 0.499416910266, 0.5995578676, 0.698314495788, 0.701803957675, 0.500701533413, 0.258855814778, 0.0836355748148, 0.767654137605, 1.56624068196, 3.02429246824
0.325378914546, 0.714176074035, 0.434859005139, 0.755813415426, 0.49941326995, 0.59956336929, 0.698314495791, 0.70180410744, 0.500707720095, 0.435465776248, 0.14068935326, 0.748768863553, 0.530254360331, 3.84641529775
0.325378914546, 0.714176074035, 0.434859005139, 0.755813415426, 0.49941326995, 0.59956336929, 0.698314495791, 0.70180410744, 0.500707720095, 0.435465776248, 0.14068935326, 0.748768863553, 0.530254360331, 3.84641529775
0.375248844317, 0.725300464044, 0.454959385251, 0.755815960481, 0.500743415316, 0.599589388925, 0.698314495913, 0.70180395631, 0.50069864811, 0.535230887651, 0.172918867894, 0.848362272784, 0.589511730777, 3.57291126656
0.473464361675, 0.714404928447, 0.434859005139, 0.755111476943, 0.499413358209, 0.599590039203, 0.69830031195, 0.701804107372, 0.500640865753, 0.632554454958, 0.205142327931, 1.08866733281, 0.770095607622, 2.99870963174
0.511276721666, 0.696736824481, 0.434785131035, 0.768349115102, 0.499439670786, 0.599564580534, 0.698314485764, 0.701804107443, 0.500707817338, 0.678142225119, 0.204454255816, 1.14736364864, 0.883564831717, 2.78500352207
0.511476518205, 0.492264723104, 0.445675305811, 0.694354407203, 0.499455866985, 0.599587477957, 0.698314498193, 0.701807741052, 0.500638836214, 0.44312652074, 0.195058412118, 0.793765468111, 1.47695274354, 2.77836311498
0.511476518205, 0.492264723104, 0.445675305811, 0.694354407203, 0.499455866985, 0.599587477957, 0.698314498193, 0.701807741052, 0.500638836214, 0.44312652074, 0.195058412118, 0.793765468111, 1.47695274354, 2.77836311498
0.511476518205, 0.492264723104, 0.445675305811, 0.694354407203, 0.499455866985, 0.599587477957, 0.698314498193, 0.701807741052, 0.500638836214, 0.44312652074, 0.195058412118, 0.793765468111, 1.47695274354, 2.77836311498
0.620530405966, 0.696736824481, 0.434785131035, 0.772768393844, 0.499439670786, 0.599587302006, 0.698314485764, 0.701804107443, 0.500640514061, 0.826242293913, 0.242955541422, 1.38994291952, 1.07037091792, 2.15838313277
0.55013337078, 0.555215994111, 0.426507339241, 0.706246782092, 0.499435143538, 0.599589791527, 0.698314415463, 0.701804107372, 0.500700982524, 0.524085313895, 0.217985768316, 0.997807728622, 1.39381839762, 2.56255278272
0.268398502918, 0.491444224981, 0.469191944589, 0.762946383607, 0.501076752347, 0.599596202481, 0.698314493255, 0.701804107508, 0.500636894806, 0.272454193106, 0.0846537229415, 0.404004716354, 0.787613741238, 4.22152329916
0.268398502918, 0.491444224981, 0.469191944589, 0.762946383607, 0.501076752347, 0.599596202481, 0.698314493255, 0.701804107508, 0.500636894806, 0.272454193106, 0.0846537229415, 0.404004716354, 0.787613741238, 4.22152329916
0.61838190577, 0.410114262016, 0.401360837947, 0.75580240159, 0.500682954898, 0.599588883961, 0.69831449591, 0.701804109749, 0.500703901154, 0.439375203537, 0.141960874005, 0.867076479388, 2.08331674654, 2.17951365257
0.473457726182, 0.596877360557, 0.455212816269, 0.755813415426, 0.499413399754, 0.599590379057, 0.698314493452, 0.701804107372, 0.500640865753, 0.553299794705, 0.178758916364, 0.876109347705, 1.08613426369, 2.99639015856
0.505602618311, 0.696736824481, 0.434952144157, 0.694390466778, 0.499456047868, 0.599564580534, 0.698314485764, 0.701804125535, 0.500700867084, 0.606005779847, 0.266710377475, 1.13374862058, 0.873338194182, 2.81598037196
0.505602618311, 0.696736824481, 0.434952144157, 0.694390466778, 0.499456047868, 0.599564580534, 0.698314485764, 0.701804125535, 0.500700867084, 0.606005779847, 0.266710377475, 1.13374862058, 0.873338194182, 2.81598037196
0.505602618311, 0.696736824481, 0.434952144157, 0.694390466778, 0.499456047868, 0.599564580534, 0.698314485764, 0.701804125535, 0.500700867084, 0.606005779847, 0.266710377475, 1.13374862058, 0.873338194182, 2.81598037196
0.555331988617, 0.696736824481, 0.562141048591, 0.768999788334, 0.499439670786, 0.599587493972, 0.698314498032, 0.701804107443, 0.50063885805, 0.951321300409, 0.285767857274, 0.963584784886, 0.957870094785, 2.52912406406
0.555331988617, 0.696736824481, 0.562141048591, 0.768999788334, 0.499439670786, 0.599587493972, 0.698314498032, 0.701804107443, 0.50063885805, 0.951321300409, 0.285767857274, 0.963584784886, 0.957870094785, 2.52912406406
