0.516314148711, 0.391416317421, 0.323519817122, 0.759905486979, 0.501085111676, 0.801239431146, 0.70294115287, 0.701807682424, 0.599887384598, 0.550207500818, 0.173839779068, 1.51398341117, 3.47974496482, 5.35644276358
0.379656045995, 0.416805565265, 0.366918141513, 0.664239196344, 0.501082202604, 0.801239428184, 0.698380895109, 0.701669840835, 0.500108896156, 0.379512864873, 0.191836834094, 0.985808790421, 2.17877648643, 6.10437973859
0.425257302654, 0.803895667022, 0.271417687209, 0.759420612107, 0.501080513171, 0.699367232516, 0.69830749962, 0.701804092514, 0.501245532102, 0.521517467393, 0.165213257424, 1.84343129918, 0.617214094312, 4.25373398296
0.516422137794, 0.803895667022, 0.271417687209, 0.759420612107, 0.501080513171, 0.699367232516, 0.698069922159, 0.701804125945, 0.501261948751, 0.640516580197, 0.202911383155, 2.26406282704, 0.758049127126, 3.61969286904
0.425257302654, 0.803895667022, 0.271417687209, 0.759420612107, 0.501080513171, 0.699367232516, 0.69830749962, 0.701804092514, 0.501245532102, 0.521517467393, 0.165213257424, 1.84343129918, 0.617214094312, 4.25373398296
0.516518992701, 0.837646294329, 0.271417687209, 0.759420612107, 0.501080513171, 0.699367232516, 0.698069922159, 0.701804125789, 0.501261497444, 0.66752307465, 0.211466860582, 2.35952390029, 0.627693007926, 3.61891354532
0.44658506006, 0.784195962848, 0.394309412732, 0.759420612107, 0.501080512472, 0.699367232516, 0.69830749962, 0.701804092514, 0.501244042579, 0.776110765667, 0.24586671729, 1.56983861363, 0.71324567289, 4.09568237775
0.425257302654, 0.813766632854, 0.394309412732, 0.759420612107, 0.501080512482, 0.699367232516, 0.69830749962, 0.701804092514, 0.50069318064, 0.756001352772, 0.239496189327, 1.52916332055, 0.577777552396, 4.19299988945
0.425257302654, 0.813766632854, 0.394309412732, 0.759420612107, 0.501080512482, 0.699367232516, 0.69830749962, 0.701804092514, 0.50069318064, 0.756001352772, 0.239496189327, 1.52916332055, 0.577777552396, 4.19299988945
0.425257302654, 0.813766632854, 0.394309412732, 0.759420612107, 0.501080512482, 0.699367232516, 0.69830749962, 0.701804092514, 0.50069318064, 0.756001352772, 0.239496189327, 1.52916332055, 0.577777552396, 4.19299988945
0.397743954517, 0.813766632854, 0.364387252025, 0.759567994977, 0.501080523488, 0.700411227394, 0.698307503011, 0.701804094651, 0.50069318064, 0.653383926348, 0.206820730337, 1.50048346263, 0.540251811135, 4.39254598556
0.398936727051, 0.38401791059, 0.342887754111, 0.759302416975, 0.501082143546, 0.69931573255, 0.698085225314, 0.701807676905, 0.500705248839, 0.294320993106, 0.0932992574373, 0.742837883048, 1.81330595245, 4.43526092327
0.425257302654, 0.784283746747, 0.394309412732, 0.759420612107, 0.501080513181, 0.699367232516, 0.69830749962, 0.701804092514, 0.500642557642, 0.72794466398, 0.230608017333, 1.47241307898, 0.668634059767, 4.18916347858
0.425257302654, 0.784283746747, 0.394309412732, 0.759420612107, 0.501080513181, 0.699367232516, 0.69830749962, 0.701804092514, 0.500642557642, 0.72794466398, 0.230608017333, 1.47241307898, 0.668634059767, 4.18916347858
0.444140723588, 0.813766632854, 0.394309412732, 0.759420612107, 0.501080512482, 0.699367232516, 0.69830749962, 0.701804092514, 0.500640206517, 0.788816700276, 0.249891872681, 1.59553889722, 0.602856834453, 4.05136111344
0.444140723588, 0.813766632854, 0.394309412732, 0.759420612107, 0.501080512482, 0.699367232516, 0.69830749962, 0.701804092514, 0.500640206517, 0.788816700276, 0.249891872681, 1.59553889722, 0.602856834453, 4.05136111344
0.257172285947, 0.813766632854, 0.394309412732, 0.759420612107, 0.501080512482, 0.699367232516, 0.69830749962, 0.701804092514, 0.50069318064, 0.457188141999, 0.144834155935, 0.924754082478, 0.349408165343, 5.41925375874
0.516422137794, 0.803698997352, 0.400850409805, 0.759420612107, 0.501080513167, 0.699367232516, 0.698328653156, 0.701804092904, 0.500683299977, 0.920750354714, 0.291687574985, 1.81222638408, 0.738764934912, 3.52407640467
0.268075429814, 0.784283746747, 0.394309412732, 0.737876080847, 0.501080513181, 0.699367232516, 0.69830749962, 0.701804092514, 0.500642557642, 0.445866301345, 0.158390040497, 0.928185751423, 0.421496260833, 5.33482494454
0.268075429814, 0.784283746747, 0.394309412732, 0.737876080847, 0.501080513181, 0.699367232516, 0.69830749962, 0.701804092514, 0.500642557642, 0.445866301345, 0.158390040497, 0.928185751423, 0.421496260833, 5.33482494454
0.268075429814, 0.784283746747, 0.394309412732, 0.737876080847, 0.501080513181, 0.699367232516, 0.69830749962, 0.701804092514, 0.500642557642, 0.445866301345, 0.158390040497, 0.928185751423, 0.421496260833, 5.33482494454
0.268075429814, 0.784283746747, 0.394309412732, 0.737876080847, 0.501080513181, 0.699367232516, 0.69830749962, 0.701804092514, 0.500642557642, 0.445866301345, 0.158390040497, 0.928185751423, 0.421496260833, 5.33482494454
0.399331510995, 0.38401791059, 0.34223276572, 0.759302510499, 0.501082172887, 0.69931573255, 0.698088532003, 0.701807676905, 0.500705248839, 0.294002733458, 0.0931983219747, 0.744195742938, 1.81481161319, 4.43164264812
0.399331510995, 0.38401791059, 0.34223276572, 0.759302510499, 0.501082172887, 0.69931573255, 0.698088532003, 0.701807676905, 0.500705248839, 0.294002733458, 0.0931983219747, 0.744195742938, 1.81481161319, 4.43164264812
0.399331510995, 0.38401791059, 0.34223276572, 0.759302510499, 0.501082172887, 0.69931573255, 0.698088532003, 0.701807676905, 0.500705248839, 0.294002733458, 0.0931983219747, 0.744195742938, 1.81481161319, 4.43164264812
0.399331510995, 0.38401791059, 0.34223276572, 0.759302510499, 0.501082172887, 0.69931573255, 0.698088532003, 0.701807676905, 0.500705248839, 0.294002733458, 0.0931983219747, 0.744195742938, 1.81481161319, 4.43164264812
0.399331510995, 0.38401791059, 0.34223276572, 0.759302510499, 0.501082172887, 0.69931573255, 0.698088532003, 0.701807676905, 0.500705248839, 0.294002733458, 0.0931983219747, 0.744195742938, 1.81481161319, 4.43164264812
0.516518992701, 0.842979154676, 0.271999157958, 0.737920621281, 0.501080513171, 0.699367232516, 0.698305072641, 0.701804125789, 0.501261497444, 0.647223428811, 0.229867426419, 2.34751785979, 0.600644492171, 3.58057941707
0.516518992701, 0.842979154676, 0.271999157958, 0.737920621281, 0.501080513171, 0.699367232516, 0.698305072641, 0.701804125789, 0.501261497444, 0.647223428811, 0.229867426419, 2.34751785979, 0.600644492171, 3.58057941707
0.516518992701, 0.842979154676, 0.271999157958, 0.737920621281, 0.501080513171, 0.699367232516, 0.698305072641, 0.701804125789, 0.501261497444, 0.647223428811, 0.229867426419, 2.34751785979, 0.600644492171, 3.58057941707
0.516518992701, 0.842979154676, 0.271999157958, 0.737920621281, 0.501080513171, 0.699367232516, 0.698305072641, 0.701804125789, 0.501261497444, 0.647223428811, 0.229867426419, 2.34751785979, 0.600644492171, 3.58057941707
0.516518992701, 0.842979154676, 0.271999157958, 0.737920621281, 0.501080513171, 0.699367232516, 0.698305072641, 0.701804125789, 0.501261497444, 0.647223428811, 0.229867426419, 2.34751785979, 0.600644492171, 3.58057941707
0.516518992701, 0.842979154676, 0.271999157958, 0.737920621281, 0.501080513171, 0.699367232516, 0.698305072641, 0.701804125789, 0.501261497444, 0.647223428811, 0.229867426419, 2.34751785979, 0.600644492171, 3.58057941707
0.516518992701, 0.842979154676, 0.271999157958, 0.737920621281, 0.501080513171, 0.699367232516, 0.698305072641, 0.701804125789, 0.501261497444, 0.647223428811, 0.229867426419, 2.34751785979, 0.600644492171, 3.58057941707
0.268075429814, 0.784283746747, 0.464444752861, 0.737393018371, 0.501080513181, 0.699367232516, 0.69830749962, 0.701804092514, 0.500642557642, 0.524828190808, 0.186906498472, 0.820707403984, 0.421496260833, 5.33482494454
0.268075429814, 0.784283746747, 0.464444752861, 0.737393018371, 0.501080513181, 0.699367232516, 0.69830749962, 0.701804092514, 0.500642557642, 0.524828190808, 0.186906498472, 0.820707403984, 0.421496260833, 5.33482494454
0.268075429814, 0.784283746747, 0.464444752861, 0.737393018371, 0.501080513181, 0.699367232516, 0.69830749962, 0.701804092514, 0.500642557642, 0.524828190808, 0.186906498472, 0.820707403984, 0.421496260833, 5.33482494454
0.268075429814, 0.784283746747, 0.464444752861, 0.737393018371, 0.501080513181, 0.699367232516, 0.69830749962, 0.701804092514, 0.500642557642, 0.524828190808, 0.186906498472, 0.820707403984, 0.421496260833, 5.33482494454
0.268075429814, 0.784283746747, 0.464444752861, 0.737393018371, 0.501080513181, 0.699367232516, 0.69830749962, 0.701804092514, 0.500642557642, 0.524828190808, 0.186906498472, 0.820707403984, 0.421496260833, 5.33482494454
0.519041340995, 0.393304668626, 0.342887754111, 0.759302416975, 0.501082143546, 0.69931573255, 0.698085225314, 0.701807678, 0.500705248839, 0.392190270742, 0.124323653057, 0.989850528146, 2.32365479803, 3.54900617146
0.519041340995, 0.393304668626, 0.342887754111, 0.759302416975, 0.501082143546, 0.69931573255, 0.698085225314, 0.701807678, 0.500705248839, 0.392190270742, 0.124323653057, 0.989850528146, 2.32365479803, 3.54900617146
0.519041340995, 0.393304668626, 0.342887754111, 0.759302416975, 0.501082143546, 0.69931573255, 0.698085225314, 0.701807678, 0.500705248839, 0.392190270742, 0.124323653057, 0.989850528146, 2.32365479803, 3.54900617146
0.519041340995, 0.393304668626, 0.342887754111, 0.759302416975, 0.501082143546, 0.69931573255, 0.698085225314, 0.701807678, 0.500705248839, 0.392190270742, 0.124323653057, 0.989850528146, 2.32365479803, 3.54900617146
0.519041340995, 0.393304668626, 0.342887754111, 0.759302416975, 0.501082143546, 0.69931573255, 0.698085225314, 0.701807678, 0.500705248839, 0.392190270742, 0.124323653057, 0.989850528146, 2.32365479803, 3.54900617146
0.519041340995, 0.393304668626, 0.342887754111, 0.759302416975, 0.501082143546, 0.69931573255, 0.698085225314, 0.701807678, 0.500705248839, 0.392190270742, 0.124323653057, 0.989850528146, 2.32365479803, 3.54900617146
0.519041340995, 0.393304668626, 0.342887754111, 0.759302416975, 0.501082143546, 0.69931573255, 0.698085225314, 0.701807678, 0.500705248839, 0.392190270742, 0.124323653057, 0.989850528146, 2.32365479803, 3.54900617146
0.519041340995, 0.393304668626, 0.342887754111, 0.759302416975, 0.501082143546, 0.69931573255, 0.698085225314, 0.701807678, 0.500705248839, 0.392190270742, 0.124323653057, 0.989850528146, 2.32365479803, 3.54900617146
0.519041340995, 0.393304668626, 0.342887754111, 0.759302416975, 0.501082143546, 0.69931573255, 0.698085225314, 0.701807678, 0.500705248839, 0.392190270742, 0.124323653057, 0.989850528146, 2.32365479803, 3.54900617146
0.519041340995, 0.393304668626, 0.342887754111, 0.759302416975, 0.501082143546, 0.69931573255, 0.698085225314, 0.701807678, 0.500705248839, 0.392190270742, 0.124323653057, 0.989850528146, 2.32365479803, 3.54900617146
0.516518992701, 0.842979154676, 0.271999157958, 0.737920621281, 0.501080513231, 0.699367232516, 0.698305072641, 0.701804149596, 0.501261497444, 0.647224211288, 0.229867704323, 2.34752069788, 0.600645218336, 3.5805837459
0.516518992701, 0.842979154676, 0.271999157958, 0.737920621281, 0.501080513231, 0.699367232516, 0.698305072641, 0.701804149596, 0.501261497444, 0.647224211288, 0.229867704323, 2.34752069788, 0.600645218336, 3.5805837459
0.516518992701, 0.842979154676, 0.271999157958, 0.737920621281, 0.501080513231, 0.699367232516, 0.698305072641, 0.701804149596, 0.501261497444, 0.647224211288, 0.229867704323, 2.34752069788, 0.600645218336, 3.5805837459
0.425257302654, 0.784283746747, 0.340346880949, 0.759420126528, 0.50108042762, 0.699367232516, 0.69830749962, 0.701804086458, 0.500642557642, 0.628320887257, 0.19904839795, 1.60358963206, 0.668632177601, 4.18915168633
0.425257302654, 0.784283746747, 0.340346880949, 0.759420126528, 0.50108042762, 0.699367232516, 0.69830749962, 0.701804086458, 0.500642557642, 0.628320887257, 0.19904839795, 1.60358963206, 0.668632177601, 4.18915168633
0.425257302654, 0.783956308107, 0.271417687209, 0.759420612107, 0.501080513171, 0.699367232516, 0.69830749962, 0.701804092514, 0.501245532102, 0.508582052524, 0.161115404216, 1.79770790519, 0.679970756371, 4.25373398295
0.425257302654, 0.783956308107, 0.271417687209, 0.759420612107, 0.501080513171, 0.699367232516, 0.69830749962, 0.701804092514, 0.501245532102, 0.508582052524, 0.161115404216, 1.79770790519, 0.679970756371, 4.25373398295
0.425257302654, 0.784283746747, 0.394309412732, 0.759420612107, 0.501080513094, 0.699367232516, 0.69830749962, 0.701804092514, 0.500642557642, 0.727944662127, 0.230608016747, 1.47241307523, 0.668634058065, 4.18916346792
0.425257302654, 0.784283746747, 0.394309412732, 0.759420612107, 0.501080513094, 0.699367232516, 0.69830749962, 0.701804092514, 0.500642557642, 0.727944662127, 0.230608016747, 1.47241307523, 0.668634058065, 4.18916346792
0.419797448705, 0.784283746747, 0.456975956455, 0.737876080847, 0.501080513181, 0.699367232516, 0.69830749962, 0.701804092514, 0.500642557642, 0.809177204143, 0.287453009449, 1.3031245177, 0.66004950569, 4.22895906165
0.419797448705, 0.784283746747, 0.456975956455, 0.737876080847, 0.501080513181, 0.699367232516, 0.69830749962, 0.701804092514, 0.500642557642, 0.809177204143, 0.287453009449, 1.3031245177, 0.66004950569, 4.22895906165
0.419797448705, 0.784283746747, 0.456975956455, 0.737876080847, 0.501080513181, 0.699367232516, 0.69830749962, 0.701804092514, 0.500642557642, 0.809177204143, 0.287453009449, 1.3031245177, 0.66004950569, 4.22895906165
0.419797448705, 0.784283746747, 0.456975956455, 0.737876080847, 0.501080513181, 0.699367232516, 0.69830749962, 0.701804092514, 0.500642557642, 0.809177204143, 0.287453009449, 1.3031245177, 0.66004950569, 4.22895906165
0.419797448705, 0.784283746747, 0.456975956455, 0.737876080847, 0.501080513181, 0.699367232516, 0.69830749962, 0.701804092514, 0.500642557642, 0.809177204143, 0.287453009449, 1.3031245177, 0.66004950569, 4.22895906165
0.419797448705, 0.784283746747, 0.456975956455, 0.737876080847, 0.501080513181, 0.699367232516, 0.69830749962, 0.701804092514, 0.500642557642, 0.809177204143, 0.287453009449, 1.3031245177, 0.66004950569, 4.22895906165
0.419797448705, 0.784283746747, 0.456975956455, 0.737876080847, 0.501080513181, 0.699367232516, 0.69830749962, 0.701804092514, 0.500642557642, 0.809177204143, 0.287453009449, 1.3031245177, 0.66004950569, 4.22895906165
0.419797448705, 0.784283746747, 0.456975956455, 0.737876080847, 0.501080513181, 0.699367232516, 0.69830749962, 0.701804092514, 0.500642557642, 0.809177204143, 0.287453009449, 1.3031245177, 0.66004950569, 4.22895906165
0.419797448705, 0.784283746747, 0.456975956455, 0.737876080847, 0.501080513181, 0.699367232516, 0.69830749962, 0.701804092514, 0.500642557642, 0.809177204143, 0.287453009449, 1.3031245177, 0.66004950569, 4.22895906165
0.419797448705, 0.784283746747, 0.456975956455, 0.737876080847, 0.501080513181, 0.699367232516, 0.69830749962, 0.701804092514, 0.500642557642, 0.809177204143, 0.287453009449, 1.3031245177, 0.66004950569, 4.22895906165
0.419797448705, 0.784283746747, 0.456975956455, 0.737876080847, 0.501080513181, 0.699367232516, 0.69830749962, 0.701804092514, 0.500642557642, 0.809177204143, 0.287453009449, 1.3031245177, 0.66004950569, 4.22895906165
0.419797448705, 0.784283746747, 0.456975956455, 0.737876080847, 0.501080513181, 0.699367232516, 0.69830749962, 0.701804092514, 0.500642557642, 0.809177204143, 0.287453009449, 1.3031245177, 0.66004950569, 4.22895906165
0.419797448705, 0.784283746747, 0.456975956455, 0.737876080847, 0.501080513181, 0.699367232516, 0.69830749962, 0.701804092514, 0.500642557642, 0.809177204143, 0.287453009449, 1.3031245177, 0.66004950569, 4.22895906165
0.419797448705, 0.784283746747, 0.456975956455, 0.737876080847, 0.501080513181, 0.699367232516, 0.69830749962, 0.701804092514, 0.500642557642, 0.809177204143, 0.287453009449, 1.3031245177, 0.66004950569, 4.22895906165
0.419797448705, 0.784283746747, 0.456975956455, 0.737876080847, 0.501080513181, 0.699367232516, 0.69830749962, 0.701804092514, 0.500642557642, 0.809177204143, 0.287453009449, 1.3031245177, 0.66004950569, 4.22895906165
0.419797448705, 0.784283746747, 0.456975956455, 0.737876080847, 0.501080513181, 0.699367232516, 0.69830749962, 0.701804092514, 0.500642557642, 0.809177204143, 0.287453009449, 1.3031245177, 0.66004950569, 4.22895906165
0.264632673325, 0.841601836619, 0.306463075596, 0.759420126528, 0.50108042762, 0.699367232516, 0.69830749962, 0.701804086458, 0.500642557642, 0.377800929029, 0.119685134128, 1.12582879195, 0.305524632256, 5.35990329383
0.425257302654, 0.783956308107, 0.424266030959, 0.759420612107, 0.501080513171, 0.699367232516, 0.69830749962, 0.701804092514, 0.501219933861, 0.794320305703, 0.251635378196, 1.41937410349, 0.679398766859, 4.25015575373
0.425257302654, 0.784283746747, 0.272709406479, 0.759420126528, 0.50108042762, 0.699367232516, 0.69830749962, 0.701804084962, 0.500642557642, 0.503454013017, 0.159491299374, 1.76801341746, 0.668632126052, 4.18915136336
0.399331510995, 0.346679669408, 0.34223276572, 0.759302510499, 0.501082172887, 0.69931573255, 0.698088532003, 0.701807676905, 0.500705248839, 0.265416710079, 0.0841366055087, 0.671837242539, 1.92481785343, 4.43164264812
0.399331510995, 0.346679669408, 0.34223276572, 0.759302510499, 0.501082172887, 0.69931573255, 0.698088532003, 0.701807676905, 0.500705248839, 0.265416710079, 0.0841366055087, 0.671837242539, 1.92481785343, 4.43164264812
0.399331510995, 0.346679669408, 0.34223276572, 0.759302510499, 0.501082172887, 0.69931573255, 0.698088532003, 0.701807676905, 0.500705248839, 0.265416710079, 0.0841366055087, 0.671837242539, 1.92481785343, 4.43164264812
0.399331510995, 0.346679669408, 0.34223276572, 0.759302510499, 0.501082172887, 0.69931573255, 0.698088532003, 0.701807676905, 0.500705248839, 0.265416710079, 0.0841366055087, 0.671837242539, 1.92481785343, 4.43164264812
0.516422137794, 0.784416303058, 0.400850409805, 0.759420612107, 0.501080513167, 0.699367232516, 0.698328653156, 0.701804092516, 0.500683299977, 0.898659295615, 0.284689274714, 1.76874662874, 0.811333974393, 3.52407633422
0.516422137794, 0.784416303058, 0.400850409805, 0.759420612107, 0.501080513167, 0.699367232516, 0.698328653156, 0.701804092516, 0.500683299977, 0.898659295615, 0.284689274714, 1.76874662874, 0.811333974393, 3.52407633422
0.516422137794, 0.784416303058, 0.400850409805, 0.759420612107, 0.501080513167, 0.699367232516, 0.698328653156, 0.701804092516, 0.500683299977, 0.898659295615, 0.284689274714, 1.76874662874, 0.811333974393, 3.52407633422
0.42584792807, 0.784283746747, 0.339099147745, 0.737043435863, 0.500387622497, 0.699367232516, 0.69830749962, 0.701804086458, 0.500642557642, 0.600035595028, 0.214075983518, 1.58669533577, 0.660338907302, 4.12720856464
0.42584792807, 0.784283746747, 0.339099147745, 0.737043435863, 0.500387622497, 0.699367232516, 0.69830749962, 0.701804086458, 0.500642557642, 0.600035595028, 0.214075983518, 1.58669533577, 0.660338907302, 4.12720856464
0.519141126197, 0.36957933767, 0.34362133417, 0.759302416975, 0.501080505572, 0.69931573255, 0.698082001625, 0.701807678, 0.500705248839, 0.369431813738, 0.117109260647, 0.929381122529, 2.41525030813, 3.54865604583
0.519141126197, 0.36957933767, 0.34362133417, 0.759302416975, 0.501080505572, 0.69931573255, 0.698082001625, 0.701807678, 0.500705248839, 0.369431813738, 0.117109260647, 0.929381122529, 2.41525030813, 3.54865604583
0.519141126197, 0.36957933767, 0.34362133417, 0.759302416975, 0.501080505572, 0.69931573255, 0.698082001625, 0.701807678, 0.500705248839, 0.369431813738, 0.117109260647, 0.929381122529, 2.41525030813, 3.54865604583
0.519141126197, 0.36957933767, 0.34362133417, 0.759302416975, 0.501080505572, 0.69931573255, 0.698082001625, 0.701807678, 0.500705248839, 0.369431813738, 0.117109260647, 0.929381122529, 2.41525030813, 3.54865604583
0.519141126197, 0.36957933767, 0.34362133417, 0.759302416975, 0.501080505572, 0.69931573255, 0.698082001625, 0.701807678, 0.500705248839, 0.369431813738, 0.117109260647, 0.929381122529, 2.41525030813, 3.54865604583
0.519141126197, 0.36957933767, 0.34362133417, 0.759302416975, 0.501080505572, 0.69931573255, 0.698082001625, 0.701807678, 0.500705248839, 0.369431813738, 0.117109260647, 0.929381122529, 2.41525030813, 3.54865604583
