0.130709553626, 0.175261415745, 0.645712847756, 0.00374739613884, 0.165855462712, 0.00487924606017, 0.179692104683, 0.140363627082, 0.597752244179, 0.107536612955, 0.963959026478, 7.0661639589
0.130709553626, 0.175261415745, 0.645712847756, 0.00374739613884, 0.165855462712, 0.00487924606017, 0.179692104683, 0.140363627082, 0.597752244179, 0.107536612955, 0.963959026478, 7.0661639589
0.0897019474124, 0.830191439886, 0.855626408016, 0.225640917257, 0.667535061186, 0.248982463463, 0.852672571886, 0.389711725534, 0.0565507962164, 0.329409048728, 0.331116134551, 8.53681182007
0.0897019474124, 0.830191439886, 0.855626408016, 0.225640917257, 0.667535061186, 0.248982463463, 0.852672571886, 0.389711725534, 0.0565507962164, 0.329409048728, 0.331116134551, 8.53681182007
0.124656822888, 0.0393750884321, 0.393630568866, 0.0678610160619, 0.412252751427, 0.609596676008, 0.00251360473071, 0.3942706991, 0.281623807903, 0.661953604292, 0.921094662759, 7.64977593003
0.124656822888, 0.0393750884321, 0.393630568866, 0.0678610160619, 0.412252751427, 0.609596676008, 0.00251360473071, 0.3942706991, 0.281623807903, 0.661953604292, 0.921094662759, 7.64977593003
0.0920869819751, 0.487885592186, 0.0186274844154, 0.224526320138, 0.170272032378, 0.562059520255, 0.853874799342, 0.910008745137, 0.296431465157, 0.0672947897125, 0.362625974557, 8.13682053666
0.0920869819751, 0.487885592186, 0.0186274844154, 0.224526320138, 0.170272032378, 0.562059520255, 0.853874799342, 0.910008745137, 0.296431465157, 0.0672947897125, 0.362625974557, 8.13682053666
0.0920869819751, 0.487885592186, 0.0186274844154, 0.224526320138, 0.170272032378, 0.562059520255, 0.853874799342, 0.910008745137, 0.296431465157, 0.0672947897125, 0.362625974557, 8.13682053666
0.0920869819751, 0.487885592186, 0.0186274844154, 0.224526320138, 0.170272032378, 0.562059520255, 0.853874799342, 0.910008745137, 0.296431465157, 0.0672947897125, 0.362625974557, 8.13682053666
0.736796496812, 0.0934676058415, 0.294077948022, 0.317056168699, 0.0385459571144, 0.798474006394, 0.57779753626, 0.162582419014, 0.0137222857572, 0.0359366913329, 0.956498535146, 7.29764921317
0.736796496812, 0.0934676058415, 0.294077948022, 0.317056168699, 0.0385459571144, 0.798474006394, 0.57779753626, 0.162582419014, 0.0137222857572, 0.0359366913329, 0.956498535146, 7.29764921317
0.243895512642, 0.231936378823, 0.544238844209, 0.456137468404, 0.262607379896, 0.245063957898, 0.680893846981, 0.234923006829, 0.0861500866209, 0.68844459288, 0.637739304473, 8.02121606556
0.243895512642, 0.231936378823, 0.544238844209, 0.456137468404, 0.262607379896, 0.245063957898, 0.680893846981, 0.234923006829, 0.0861500866209, 0.68844459288, 0.637739304473, 8.02121606556
0.0933743773799, 0.823914463793, 0.294077948022, 0.317056168699, 0.0385459571144, 0.798474006394, 0.57779753626, 0.411094396962, 0.106029148119, 0.0359366913329, 0.382214431698, 8.03927375226
0.0933743773799, 0.823914463793, 0.294077948022, 0.317056168699, 0.0385459571144, 0.798474006394, 0.57779753626, 0.411094396962, 0.106029148119, 0.0359366913329, 0.382214431698, 8.03927375226
0.591441590523, 0.120418128749, 0.288838404399, 0.136121977394, 0.29337176421, 0.0779719691993, 0.616883369645, 0.419717213728, 0.645031266729, 0.614714736784, 0.912500166463, 7.85219132077
0.591441590523, 0.120418128749, 0.288838404399, 0.136121977394, 0.29337176421, 0.0779719691993, 0.616883369645, 0.419717213728, 0.645031266729, 0.614714736784, 0.912500166463, 7.85219132077
0.110924818392, 0.226758112643, 0.650400497035, 0.710065153222, 0.757373481443, 0.0177197889609, 0.141698049161, 0.0450013306048, 0.133919743388, 0.69807738346, 0.726000893575, 7.98050788615
0.110924818392, 0.226758112643, 0.650400497035, 0.710065153222, 0.757373481443, 0.0177197889609, 0.141698049161, 0.0450013306048, 0.133919743388, 0.69807738346, 0.726000893575, 7.98050788615
0.130709553626, 0.175261415745, 0.645712847756, 0.00374739613884, 0.165855462712, 0.00487924606017, 0.179692104683, 0.495450029047, 0.597752244179, 0.0139376158411, 0.963959026478, 7.26087404411
0.130709553626, 0.175261415745, 0.645712847756, 0.00374739613884, 0.165855462712, 0.00487924606017, 0.179692104683, 0.495450029047, 0.597752244179, 0.0139376158411, 0.963959026478, 7.26087404411
0.0897019474124, 0.830191439886, 0.993293092006, 0.225640917257, 0.667535061186, 0.248982463463, 0.852672571886, 0.389711725534, 0.0565507962164, 0.329409048728, 0.331116134551, 8.59454085253
0.0897019474124, 0.830191439886, 0.993293092006, 0.225640917257, 0.667535061186, 0.248982463463, 0.852672571886, 0.389711725534, 0.0565507962164, 0.329409048728, 0.331116134551, 8.59454085253
0.128791318636, 0.793575454985, 0.229927614358, 0.708925493971, 0.20682613354, 0.189264846, 0.347999826571, 0.018186815899, 0.299303472232, 0.269763253299, 0.952906033817, 7.75926613288
0.128791318636, 0.793575454985, 0.229927614358, 0.708925493971, 0.20682613354, 0.189264846, 0.347999826571, 0.018186815899, 0.299303472232, 0.269763253299, 0.952906033817, 7.75926613288
0.0920869819751, 0.487885592186, 0.40913442815, 0.371420173313, 0.162306004936, 0.562059520255, 0.853874799342, 0.910008745137, 0.296431465157, 0.0672947897125, 0.362625974557, 8.38751141072
0.0920869819751, 0.487885592186, 0.40913442815, 0.371420173313, 0.162306004936, 0.562059520255, 0.853874799342, 0.910008745137, 0.296431465157, 0.0672947897125, 0.362625974557, 8.38751141072
0.095510796254, 0.925341907754, 0.233569266303, 0.0404865570357, 0.435959266139, 0.67885524352, 0.21655662974, 0.103806487915, 0.973126077827, 0.0927844573228, 0.418134850328, 8.18556433239
0.095510796254, 0.925341907754, 0.233569266303, 0.0404865570357, 0.435959266139, 0.67885524352, 0.21655662974, 0.103806487915, 0.973126077827, 0.0927844573228, 0.418134850328, 8.18556433239
0.243895512642, 0.237028813633, 0.544238844209, 0.456137468404, 0.262607379896, 0.245063957898, 0.680893846981, 0.234923006829, 0.0861500866209, 0.77090549629, 0.637739304473, 8.06618980978
0.243895512642, 0.237028813633, 0.544238844209, 0.456137468404, 0.262607379896, 0.245063957898, 0.680893846981, 0.234923006829, 0.0861500866209, 0.77090549629, 0.637739304473, 8.06618980978
0.124656822888, 0.0393750884321, 0.393630568866, 0.0678610160619, 0.412252751427, 0.609596676008, 0.647283273415, 0.3942706991, 0.308034108894, 0.661953604292, 0.921094662759, 8.02010723423
0.124656822888, 0.0393750884321, 0.393630568866, 0.0678610160619, 0.412252751427, 0.609596676008, 0.647283273415, 0.3942706991, 0.308034108894, 0.661953604292, 0.921094662759, 8.02010723423
0.572919088701, 0.115677038634, 0.830814024488, 0.150865803511, 0.27076618776, 0.930192733391, 0.704733993833, 0.380707628588, 0.10753347913, 0.0813946779758, 0.910007793249, 8.04213508483
0.572919088701, 0.115677038634, 0.830814024488, 0.150865803511, 0.27076618776, 0.930192733391, 0.704733993833, 0.380707628588, 0.10753347913, 0.0813946779758, 0.910007793249, 8.04213508483
0.588617525632, 0.36443077328, 0.380011587079, 0.627821783584, 0.849447719211, 0.465781977315, 0.61280658359, 0.147080445756, 0.0429691601789, 0.0885806152041, 0.907844943412, 8.04577644576
0.588617525632, 0.36443077328, 0.380011587079, 0.627821783584, 0.849447719211, 0.465781977315, 0.61280658359, 0.147080445756, 0.0429691601789, 0.0885806152041, 0.907844943412, 8.04577644576
0.130709553626, 0.175261415745, 0.645712847756, 0.000483461488303, 0.165855462712, 0.00487924606017, 0.179692104683, 0.495450029047, 0.597752244179, 0.107536612955, 0.963959026478, 7.32420644758
0.130709553626, 0.175261415745, 0.645712847756, 0.000483461488303, 0.165855462712, 0.00487924606017, 0.179692104683, 0.495450029047, 0.597752244179, 0.107536612955, 0.963959026478, 7.32420644758
0.0712109346735, 0.0417484676849, 0.732972299974, 0.704821518924, 0.763499990277, 0.604798124683, 0.729539967478, 0.686560396997, 0.163521122266, 0.324949116205, 0.357806351759, 8.65726853163
0.0712109346735, 0.0417484676849, 0.732972299974, 0.704821518924, 0.763499990277, 0.604798124683, 0.729539967478, 0.686560396997, 0.163521122266, 0.324949116205, 0.357806351759, 8.65726853163
0.0920869819751, 0.487885592186, 0.639008933184, 0.224526320138, 0.170272032378, 0.562059520255, 0.853874799342, 0.910008745137, 0.296431465157, 0.0672947897125, 0.362625974557, 8.42810368898
0.0920869819751, 0.487885592186, 0.639008933184, 0.224526320138, 0.170272032378, 0.562059520255, 0.853874799342, 0.910008745137, 0.296431465157, 0.0672947897125, 0.362625974557, 8.42810368898
0.240586824032, 0.270752237122, 0.922742639327, 0.389133465535, 0.155424305696, 0.300036166327, 0.90928325955, 0.0575966585174, 0.266559039912, 0.590340388937, 0.652606020369, 8.23277908937
0.240586824032, 0.270752237122, 0.922742639327, 0.389133465535, 0.155424305696, 0.300036166327, 0.90928325955, 0.0575966585174, 0.266559039912, 0.590340388937, 0.652606020369, 8.23277908937
0.108906856665, 0.237028813633, 0.812645465526, 0.456137468404, 0.262607379896, 0.245063957898, 0.680893846981, 0.234923006829, 0.0861500866209, 0.77090549629, 0.686996752567, 8.1910983599
0.108906856665, 0.237028813633, 0.812645465526, 0.456137468404, 0.262607379896, 0.245063957898, 0.680893846981, 0.234923006829, 0.0861500866209, 0.77090549629, 0.686996752567, 8.1910983599
0.108906856665, 0.237028813633, 0.812645465526, 0.456137468404, 0.262607379896, 0.245063957898, 0.680893846981, 0.234923006829, 0.0861500866209, 0.77090549629, 0.686996752567, 8.1910983599
0.108906856665, 0.237028813633, 0.812645465526, 0.456137468404, 0.262607379896, 0.245063957898, 0.680893846981, 0.234923006829, 0.0861500866209, 0.77090549629, 0.686996752567, 8.1910983599
0.409321631893, 0.646402576851, 0.393630568866, 0.0678610160619, 0.666134297203, 0.609596676008, 0.00235803011448, 0.3942706991, 0.281623807903, 0.661953604292, 0.816396535591, 8.13710699716
0.409321631893, 0.646402576851, 0.393630568866, 0.0678610160619, 0.666134297203, 0.609596676008, 0.00235803011448, 0.3942706991, 0.281623807903, 0.661953604292, 0.816396535591, 8.13710699716
0.428094640641, 0.498284564667, 0.370530007739, 0.339000111643, 0.126290190737, 0.770607357537, 0.337148126013, 0.566481204555, 0.0150198666104, 0.579166202986, 0.843183031574, 8.07155145135
0.428094640641, 0.498284564667, 0.370530007739, 0.339000111643, 0.126290190737, 0.770607357537, 0.337148126013, 0.566481204555, 0.0150198666104, 0.579166202986, 0.843183031574, 8.07155145135
0.736796496812, 0.823914463793, 0.294077948022, 0.317056168699, 0.211596816433, 0.798474006394, 0.57779753626, 0.451164530426, 0.106029148119, 0.0359366913329, 0.956498535146, 8.05335481788
0.736796496812, 0.823914463793, 0.294077948022, 0.317056168699, 0.211596816433, 0.798474006394, 0.57779753626, 0.451164530426, 0.106029148119, 0.0359366913329, 0.956498535146, 8.05335481788
0.130709553626, 0.175261415745, 0.645712847756, 0.132704983427, 0.165855462712, 0.00487924606017, 0.179692104683, 0.495450029047, 0.597752244179, 0.0139376158411, 0.963959026478, 7.35072773036
0.130709553626, 0.175261415745, 0.645712847756, 0.132704983427, 0.165855462712, 0.00487924606017, 0.179692104683, 0.495450029047, 0.597752244179, 0.0139376158411, 0.963959026478, 7.35072773036
0.095510796254, 0.925341907754, 0.233569266303, 0.140498248776, 0.435959266139, 0.67885524352, 0.760475289402, 0.0783592513827, 0.989921767762, 0.0927844573228, 0.418134850328, 8.47747583838
0.095510796254, 0.925341907754, 0.233569266303, 0.140498248776, 0.435959266139, 0.67885524352, 0.760475289402, 0.0783592513827, 0.989921767762, 0.0927844573228, 0.418134850328, 8.47747583838
0.240586824032, 0.270752237122, 0.922742639327, 0.389133465535, 0.155424305696, 0.337378872291, 0.90928325955, 0.0575966585174, 0.266559039912, 0.590340388937, 0.652606020369, 8.25043304272
0.240586824032, 0.270752237122, 0.922742639327, 0.389133465535, 0.155424305696, 0.337378872291, 0.90928325955, 0.0575966585174, 0.266559039912, 0.590340388937, 0.652606020369, 8.25043304272
0.227358420416, 0.0628985533675, 0.371535718551, 0.543391013154, 0.967850065746, 0.447193879449, 0.750332916306, 0.570914070238, 0.0419906139372, 0.116458631598, 0.770833868425, 8.21754709815
0.227358420416, 0.0628985533675, 0.371535718551, 0.543391013154, 0.967850065746, 0.447193879449, 0.750332916306, 0.570914070238, 0.0419906139372, 0.116458631598, 0.770833868425, 8.21754709815
0.390532517599, 0.354033403584, 0.582470284866, 0.333211038765, 0.338258363641, 0.868837263804, 0.0240342125976, 0.459257977187, 0.204880758768, 0.499358315413, 0.901888187206, 8.08987889163
0.390532517599, 0.354033403584, 0.582470284866, 0.333211038765, 0.338258363641, 0.868837263804, 0.0240342125976, 0.459257977187, 0.204880758768, 0.499358315413, 0.901888187206, 8.08987889163
0.901883995307, 0.0187256451491, 0.462467843305, 0.372740316741, 0.127354511276, 0.970278000018, 0.0193507830452, 0.0388780493642, 0.200627297922, 0.545858113683, 0.978582486442, 7.57074290974
0.901883995307, 0.0187256451491, 0.462467843305, 0.372740316741, 0.127354511276, 0.970278000018, 0.0193507830452, 0.0388780493642, 0.200627297922, 0.545858113683, 0.978582486442, 7.57074290974
0.131595938357, 0.0229364902127, 0.756700661816, 0.0156429586321, 0.638224229883, 0.505100856224, 0.348679125608, 0.213652446463, 0.255351012967, 0.437644451188, 0.968360132573, 7.8284513042
0.131595938357, 0.0229364902127, 0.756700661816, 0.0156429586321, 0.638224229883, 0.505100856224, 0.348679125608, 0.213652446463, 0.255351012967, 0.437644451188, 0.968360132573, 7.8284513042
0.095510796254, 0.925341907754, 0.233569266303, 0.140498248776, 0.435959266139, 0.67885524352, 0.760475289402, 0.103806487915, 0.973126077827, 0.0927844573228, 0.418134850328, 8.48122247301
0.095510796254, 0.925341907754, 0.233569266303, 0.140498248776, 0.435959266139, 0.67885524352, 0.760475289402, 0.103806487915, 0.973126077827, 0.0927844573228, 0.418134850328, 8.48122247301
0.257614838748, 0.656146675084, 0.0790263900862, 0.213788940751, 0.159577756844, 0.819197706087, 0.255469573942, 0.930330105002, 0.657182208512, 0.142109682649, 0.664616557286, 8.25493520508
0.257614838748, 0.656146675084, 0.0790263900862, 0.213788940751, 0.159577756844, 0.819197706087, 0.255469573942, 0.930330105002, 0.657182208512, 0.142109682649, 0.664616557286, 8.25493520508
0.588617525632, 0.36443077328, 0.600222342977, 0.627821783584, 0.849447719211, 0.465781977315, 0.61280658359, 0.147080445756, 0.0429691601789, 0.0885806152041, 0.907844943412, 8.15458190381
0.588617525632, 0.36443077328, 0.600222342977, 0.627821783584, 0.849447719211, 0.465781977315, 0.61280658359, 0.147080445756, 0.0429691601789, 0.0885806152041, 0.907844943412, 8.15458190381
0.750869197381, 0.0187256451491, 0.462467843305, 0.44826922739, 0.214322254693, 0.970278000018, 0.0324729290909, 0.478352373634, 0.543910468443, 0.545858113683, 0.950425670539, 8.10378269519
0.750869197381, 0.0187256451491, 0.462467843305, 0.44826922739, 0.214322254693, 0.970278000018, 0.0324729290909, 0.478352373634, 0.543910468443, 0.545858113683, 0.950425670539, 8.10378269519
0.128791318636, 0.793575454985, 0.229927614358, 0.708925493971, 0.20682613354, 0.814012182651, 0.347999826571, 0.018186815899, 0.299303472232, 0.269763253299, 0.952906033817, 8.09031367502
0.128791318636, 0.793575454985, 0.229927614358, 0.708925493971, 0.20682613354, 0.814012182651, 0.347999826571, 0.018186815899, 0.299303472232, 0.269763253299, 0.952906033817, 8.09031367502
0.124656822888, 0.608870752262, 0.393630568866, 0.0678610160619, 0.412252751427, 0.268445238502, 0.647283273415, 0.3942706991, 0.281623807903, 0.661953604292, 0.921094662759, 8.1210292138
0.124656822888, 0.608870752262, 0.393630568866, 0.0678610160619, 0.412252751427, 0.268445238502, 0.647283273415, 0.3942706991, 0.281623807903, 0.661953604292, 0.921094662759, 8.1210292138
0.802582999052, 0.0964721309244, 0.492807268175, 0.169842645503, 0.132526566589, 0.903792682646, 0.245586452317, 0.719816990863, 0.0268604710504, 0.134378957032, 0.998910828918, 7.66564987051
0.802582999052, 0.0964721309244, 0.492807268175, 0.169842645503, 0.132526566589, 0.903792682646, 0.245586452317, 0.719816990863, 0.0268604710504, 0.134378957032, 0.998910828918, 7.66564987051
0.095510796254, 0.925341907754, 0.233569266303, 0.311453309522, 0.435959266139, 0.67885524352, 0.760475289402, 0.103806487915, 0.973126077827, 0.0927844573228, 0.418134850328, 8.55413205155
0.095510796254, 0.925341907754, 0.233569266303, 0.311453309522, 0.435959266139, 0.67885524352, 0.760475289402, 0.103806487915, 0.973126077827, 0.0927844573228, 0.418134850328, 8.55413205155
0.257614838748, 0.656146675084, 0.0790263900862, 0.213788940751, 0.159577756844, 0.819197706087, 0.255469573942, 0.930330105002, 0.673250707342, 0.142109682649, 0.664616557286, 8.26247447337
0.257614838748, 0.656146675084, 0.0790263900862, 0.213788940751, 0.159577756844, 0.819197706087, 0.255469573942, 0.930330105002, 0.673250707342, 0.142109682649, 0.664616557286, 8.26247447337
0.44512543695, 0.0628985533675, 0.764999689752, 0.543391013154, 0.512054983623, 0.447193879449, 0.750332916306, 0.570914070238, 0.0419906139372, 0.116458631598, 0.932029192487, 8.1545484287
0.750869197381, 0.0187256451491, 0.462467843305, 0.44826922739, 0.214322254693, 0.975694299417, 0.0324729290909, 0.478352373634, 0.543910468443, 0.545858113683, 0.950425670539, 8.10644601064
0.131595938357, 0.0229364902127, 0.756700661816, 0.12831328014, 0.638224229883, 0.505100856224, 0.348679125608, 0.213652446463, 0.255351012967, 0.437644451188, 0.968360132573, 7.88980977346
0.361139487409, 0.588235830882, 0.276253424493, 0.147050096301, 0.382507581995, 0.774424770386, 0.156199612243, 0.10665340059, 0.479194417588, 0.315358127502, 0.99629431007, 7.83912084933
