2.993819367e-05, 0.721945795167, 0.420432120597, 0.958682181861, 0.324338461438, 0.737664335871, 0.961457178074, 0.415255612509, 0.906073245684, 0.181933736781, 0.02732357437, 0.0303200536798, 0.409542911844, 0.447605446721, 0.257708410358, 0.550880416164, 0.343730710201, 0.300654225241, 0.246144378328, 0.0608070082651, 0.808498824209, 0.55652629769, 0.129313404151, 0.326706780828, 0.943510635626, 0.349713664575, 0.029782459572, 0.415258406271, 0.0250239311834, 0.135662638767, 2.993819367e-05, 4.71921837274
0.0199287631732, 0.925688992367, 0.538763977611, 0.0834178334135, 0.0629794000765, 0.770366453525, 0.293527426986, 0.115662831298, 0.115394986712, 0.161058712441, 0.918628801078, 0.0675855171308, 0.0708204651904, 0.188457142512, 0.313773945401, 0.985228729851, 0.482696206284, 0.499672147106, 0.0760149940941, 0.0498374648469, 0.0424214990644, 0.724581251754, 0.0760495843315, 0.195532633647, 0.138753937034, 0.201427370645, 0.110840112793, 0.21127887489, 0.295782859859, 0.176032451493, 0.0199287631732, 3.4742688925
0.111003468016, 0.0417969966, 0.0100607338184, 0.664997715237, 0.0845692394817, 0.318642290946, 0.623784583308, 0.740850670819, 0.117624822595, 0.278079767313, 0.13093905141, 0.0303200536798, 0.668390207312, 0.275135149317, 0.707550485237, 0.181251540314, 0.247893319276, 0.0115997935177, 0.00177958984376, 0.219257654599, 0.718978687028, 0.634198344342, 0.129313404151, 0.269244739489, 0.848603050215, 0.0759938338461, 0.46474742014, 0.361131015572, 0.0508834988926, 0.394206145974, 0.111003468016, 3.26754042997
0.437875123586, 0.0421274421276, 0.0337004927719, 0.333578326795, 0.448972428448, 0.000399648718857, 0.0565660761743, 0.0864741954015, 0.325090044051, 0.358593776342, 0.394362545819, 0.440121178985, 0.596930621808, 0.0674341821541, 0.0294285778047, 0.400805633104, 0.362267857683, 0.562680315384, 0.198645208051, 0.318105267014, 0.235540787896, 0.9995340289, 0.129313404151, 0.183578064362, 0.350221036532, 0.151040860008, 0.0357976905972, 0.428533611147, 0.0351369895749, 0.610227317766, 0.437875123586, 1.8963576958
0.226283349405, 0.731206223989, 0.758629900142, 0.323556633442, 0.442065423822, 0.333709576786, 0.018404811863, 0.45119085826, 0.124832344283, 0.16503892736, 0.603266968543, 0.143622137667, 0.0406514931968, 0.0489785926439, 0.791979649749, 0.303305160164, 0.0913466326398, 0.241662454786, 0.389860049979, 0.0975679817168, 0.328970992464, 0.0926570610015, 0.3908570803, 0.360783848948, 0.237241816216, 0.08363610454, 0.869786720023, 0.149175642887, 0.236535693761, 0.843866804767, 0.226283349405, 2.88986970919
0.0331613727501, 0.107586322196, 0.151920537641, 0.100251721074, 0.564949205354, 0.77500640471, 0.0565660761743, 0.308087228394, 0.566955073786, 0.517507946002, 0.0317852840057, 0.123970395051, 0.0225312222319, 0.204720789077, 0.113475462927, 0.634463262595, 0.637847638842, 0.769349482074, 0.151225753173, 0.000282653833724, 0.220299176274, 0.388122224908, 0.8497168212, 0.019506356163, 0.137581489536, 0.25304552675, 0.00418745361951, 0.218396598013, 0.00848974822847, 0.694097069803, 0.0331613727501, 3.30096469807
0.000129344207873, 0.393897405991, 0.186089323158, 0.713311161642, 0.442065423822, 0.0447410782569, 0.018404811863, 0.465954739006, 0.124832344283, 0.0467860322231, 0.0317852840057, 0.101033263249, 0.0406514931968, 0.740840379204, 0.791979649749, 0.0568054417467, 0.0338093355484, 0.446143567245, 0.472325661096, 0.0975679817168, 0.645737136008, 0.0926570610015, 0.286446444444, 0.360783848948, 0.943510635626, 0.155505129278, 0.843631589717, 0.149175642887, 0.550753139191, 0.154460022972, 0.000129344207873, 3.90453651696
0.0108777700471, 0.897756267495, 0.533813220989, 0.304009696108, 0.028925545313, 0.163726071617, 0.301886294403, 0.0352534892146, 0.685952543055, 0.274434519432, 0.0355983777722, 0.083449162404, 0.508265581863, 0.322936820606, 0.454469477826, 0.387019790637, 0.773074678426, 0.291740601606, 0.0702597514703, 0.443710340413, 0.262852893892, 0.0138975739639, 0.439149016698, 0.125002332143, 0.122278022803, 0.869385548415, 0.029782459572, 0.691648042211, 0.105841414657, 0.176032451493, 0.0108777700471, 3.71688749775
0.421493681756, 0.191765208725, 0.164900448014, 0.304009696108, 0.793125847944, 0.318642290946, 0.3790928991, 0.381797748974, 0.662126205959, 0.274434519432, 0.0503259460196, 0.083449162404, 0.190391023139, 0.500964111686, 0.454469477826, 0.53524627725, 0.820426525548, 0.291740601606, 0.370459610267, 0.181671200713, 0.262852893892, 0.0121363791046, 0.655537754766, 0.125002332143, 0.122278022803, 0.120449341354, 0.286767254428, 0.784394919502, 0.24559103054, 0.254633478525, 0.421493681756, 2.47762109163
0.646238568322, 0.109816972904, 0.738180366028, 0.921255229162, 0.333859101099, 0.475006252014, 0.876418331636, 0.0864741954015, 0.197352856767, 0.216169124878, 0.611552562605, 0.00382810387663, 0.0630032199264, 0.31649367274, 0.252078287612, 0.0797569043026, 0.187832804044, 0.0172235802881, 0.0059373261819, 0.130429513958, 0.326496147899, 0.23410607047, 0.129313404151, 0.511561993236, 0.00514510948755, 0.0545564106393, 0.361321855635, 0.169948252337, 0.255143632922, 0.171848576697, 0.646238568322, 1.30238652395
0.266917384188, 0.0421274421276, 0.614225793268, 0.734263230743, 0.793125847944, 0.000380546084196, 0.680910604675, 0.044563173514, 0.325090044051, 0.274434519432, 0.394362545819, 0.101033263249, 0.596930621808, 0.376074175478, 0.79750382003, 0.168601148219, 0.0414820360258, 0.0209510766818, 0.776511139276, 0.219257654599, 0.00327339566819, 0.520243155823, 0.129313404151, 0.326706780828, 0.169312887556, 0.407397539684, 0.0357976905972, 0.0558047694056, 0.0351369895749, 0.539701501662, 0.266917384188, 2.61727910718
0.130105428147, 0.184385171999, 0.0376804323738, 0.100251721074, 0.1799749673, 0.77500640471, 0.646636821978, 0.0647046630441, 0.566955073786, 0.468149448845, 0.818660407766, 0.214492162901, 0.104093279935, 0.204720789077, 0.436977794661, 0.394686950159, 0.121583428112, 0.647235222122, 0.219421169521, 0.000282653833724, 0.373204241682, 0.496275496465, 0.104128209829, 0.0360172873915, 0.263959840193, 0.25304552675, 0.029782459572, 0.0558047694056, 0.116143996403, 0.967481758161, 0.130105428147, 3.16282183758
0.00386205375387, 0.730679018184, 0.564615159104, 0.0585825583642, 0.415784088514, 0.965915868892, 0.0264848062139, 0.182657878886, 0.264862188396, 0.243626747666, 0.415962203137, 0.168826443477, 0.074441362382, 0.0068559606323, 0.680854091941, 0.125071597756, 0.451027719336, 0.219643205308, 0.76300594778, 0.293903023235, 0.226763306606, 0.318605287868, 0.268635408656, 0.025657029984, 0.0381677803279, 0.43757817523, 0.111052636849, 0.142630888638, 0.550753139191, 0.514750304858, 0.00386205375387, 3.75937872064
2.993819367e-05, 0.721945795167, 0.420432120597, 0.958682181861, 0.324338461438, 0.737664335871, 0.961457178074, 0.415255612509, 0.906073245684, 0.181933736781, 0.02732357437, 0.0303200536798, 0.409542911844, 0.447605446721, 0.257708410358, 0.550880416164, 0.343730710201, 0.300654225241, 0.246144378328, 0.0608070082651, 0.808498824209, 0.55652629769, 0.129313404151, 0.326706780828, 0.943510635626, 0.349713664575, 0.029782459572, 0.415258406271, 0.0250239311834, 0.135662638767, 2.993819367e-05, 4.71921837274
0.0199287631732, 0.925688992367, 0.538763977611, 0.0834178334135, 0.0629794000765, 0.770366453525, 0.293527426986, 0.115662831298, 0.115394986712, 0.161058712441, 0.918628801078, 0.0675855171308, 0.0708204651904, 0.188457142512, 0.313773945401, 0.985228729851, 0.482696206284, 0.499672147106, 0.0760149940941, 0.0498374648469, 0.0424214990644, 0.724581251754, 0.0760495843315, 0.195532633647, 0.138753937034, 0.201427370645, 0.110840112793, 0.21127887489, 0.295782859859, 0.176032451493, 0.0199287631732, 3.4742688925
0.111003468016, 0.0417969966, 0.0100607338184, 0.664997715237, 0.0845692394817, 0.318642290946, 0.623784583308, 0.740850670819, 0.117624822595, 0.278079767313, 0.13093905141, 0.0303200536798, 0.668390207312, 0.275135149317, 0.707550485237, 0.181251540314, 0.247893319276, 0.0115997935177, 0.00177958984376, 0.219257654599, 0.718978687028, 0.634198344342, 0.129313404151, 0.269244739489, 0.848603050215, 0.0759938338461, 0.46474742014, 0.361131015572, 0.0508834988926, 0.394206145974, 0.111003468016, 3.26754042997
0.437875123586, 0.0421274421276, 0.0337004927719, 0.333578326795, 0.448972428448, 0.000399648718857, 0.0565660761743, 0.0864741954015, 0.325090044051, 0.358593776342, 0.394362545819, 0.440121178985, 0.596930621808, 0.0674341821541, 0.0294285778047, 0.400805633104, 0.362267857683, 0.562680315384, 0.198645208051, 0.318105267014, 0.235540787896, 0.9995340289, 0.129313404151, 0.183578064362, 0.350221036532, 0.151040860008, 0.0357976905972, 0.428533611147, 0.0351369895749, 0.610227317766, 0.437875123586, 1.8963576958
0.226283349405, 0.731206223989, 0.758629900142, 0.323556633442, 0.442065423822, 0.333709576786, 0.018404811863, 0.45119085826, 0.124832344283, 0.16503892736, 0.603266968543, 0.143622137667, 0.0406514931968, 0.0489785926439, 0.791979649749, 0.303305160164, 0.0913466326398, 0.241662454786, 0.389860049979, 0.0975679817168, 0.328970992464, 0.0926570610015, 0.3908570803, 0.360783848948, 0.237241816216, 0.08363610454, 0.869786720023, 0.149175642887, 0.236535693761, 0.843866804767, 0.226283349405, 2.88986970919
0.0331613727501, 0.107586322196, 0.151920537641, 0.100251721074, 0.564949205354, 0.77500640471, 0.0565660761743, 0.308087228394, 0.566955073786, 0.517507946002, 0.0317852840057, 0.123970395051, 0.0225312222319, 0.204720789077, 0.113475462927, 0.634463262595, 0.637847638842, 0.769349482074, 0.151225753173, 0.000282653833724, 0.220299176274, 0.388122224908, 0.8497168212, 0.019506356163, 0.137581489536, 0.25304552675, 0.00418745361951, 0.218396598013, 0.00848974822847, 0.694097069803, 0.0331613727501, 3.30096469807
0.000129344207873, 0.393897405991, 0.186089323158, 0.713311161642, 0.442065423822, 0.0447410782569, 0.018404811863, 0.465954739006, 0.124832344283, 0.0467860322231, 0.0317852840057, 0.101033263249, 0.0406514931968, 0.740840379204, 0.791979649749, 0.0568054417467, 0.0338093355484, 0.446143567245, 0.472325661096, 0.0975679817168, 0.645737136008, 0.0926570610015, 0.286446444444, 0.360783848948, 0.943510635626, 0.155505129278, 0.843631589717, 0.149175642887, 0.550753139191, 0.154460022972, 0.000129344207873, 3.90453651696
0.0108777700471, 0.897756267495, 0.533813220989, 0.304009696108, 0.028925545313, 0.163726071617, 0.301886294403, 0.0352534892146, 0.685952543055, 0.274434519432, 0.0355983777722, 0.083449162404, 0.508265581863, 0.322936820606, 0.454469477826, 0.387019790637, 0.773074678426, 0.291740601606, 0.0702597514703, 0.443710340413, 0.262852893892, 0.0138975739639, 0.439149016698, 0.125002332143, 0.122278022803, 0.869385548415, 0.029782459572, 0.691648042211, 0.105841414657, 0.176032451493, 0.0108777700471, 3.71688749775
0.421493681756, 0.191765208725, 0.164900448014, 0.304009696108, 0.793125847944, 0.318642290946, 0.3790928991, 0.381797748974, 0.662126205959, 0.274434519432, 0.0503259460196, 0.083449162404, 0.190391023139, 0.500964111686, 0.454469477826, 0.53524627725, 0.820426525548, 0.291740601606, 0.370459610267, 0.181671200713, 0.262852893892, 0.0121363791046, 0.655537754766, 0.125002332143, 0.122278022803, 0.120449341354, 0.286767254428, 0.784394919502, 0.24559103054, 0.254633478525, 0.421493681756, 2.47762109163
0.646238568322, 0.109816972904, 0.738180366028, 0.921255229162, 0.333859101099, 0.475006252014, 0.876418331636, 0.0864741954015, 0.197352856767, 0.216169124878, 0.611552562605, 0.00382810387663, 0.0630032199264, 0.31649367274, 0.252078287612, 0.0797569043026, 0.187832804044, 0.0172235802881, 0.0059373261819, 0.130429513958, 0.326496147899, 0.23410607047, 0.129313404151, 0.511561993236, 0.00514510948755, 0.0545564106393, 0.361321855635, 0.169948252337, 0.255143632922, 0.171848576697, 0.646238568322, 1.30238652395
0.266917384188, 0.0421274421276, 0.614225793268, 0.734263230743, 0.793125847944, 0.000380546084196, 0.680910604675, 0.044563173514, 0.325090044051, 0.274434519432, 0.394362545819, 0.101033263249, 0.596930621808, 0.376074175478, 0.79750382003, 0.168601148219, 0.0414820360258, 0.0209510766818, 0.776511139276, 0.219257654599, 0.00327339566819, 0.520243155823, 0.129313404151, 0.326706780828, 0.169312887556, 0.407397539684, 0.0357976905972, 0.0558047694056, 0.0351369895749, 0.539701501662, 0.266917384188, 2.61727910718
0.130105428147, 0.184385171999, 0.0376804323738, 0.100251721074, 0.1799749673, 0.77500640471, 0.646636821978, 0.0647046630441, 0.566955073786, 0.468149448845, 0.818660407766, 0.214492162901, 0.104093279935, 0.204720789077, 0.436977794661, 0.394686950159, 0.121583428112, 0.647235222122, 0.219421169521, 0.000282653833724, 0.373204241682, 0.496275496465, 0.104128209829, 0.0360172873915, 0.263959840193, 0.25304552675, 0.029782459572, 0.0558047694056, 0.116143996403, 0.967481758161, 0.130105428147, 3.16282183758
0.00386205375387, 0.730679018184, 0.564615159104, 0.0585825583642, 0.415784088514, 0.965915868892, 0.0264848062139, 0.182657878886, 0.264862188396, 0.243626747666, 0.415962203137, 0.168826443477, 0.074441362382, 0.0068559606323, 0.680854091941, 0.125071597756, 0.451027719336, 0.219643205308, 0.76300594778, 0.293903023235, 0.226763306606, 0.318605287868, 0.268635408656, 0.025657029984, 0.0381677803279, 0.43757817523, 0.111052636849, 0.142630888638, 0.550753139191, 0.514750304858, 0.00386205375387, 3.75937872064
2.993819367e-05, 0.721945795167, 0.0376804323738, 0.958682181861, 0.324338461438, 0.737664335871, 0.961457178074, 0.415255612509, 0.906073245684, 0.181933736781, 0.904925419173, 0.0303200536798, 0.409542911844, 0.447605446721, 0.257708410358, 0.550880416164, 0.736781723381, 0.300654225241, 0.658206018075, 0.0608070082651, 0.808498824209, 0.55652629769, 0.0662984640827, 0.326706780828, 0.943510635626, 0.349713664575, 0.029782459572, 0.415258406271, 0.0250239311834, 0.135662638767, 2.993819367e-05, 5.10262532916
2.993819367e-05, 0.721945795167, 0.0376804323738, 0.958682181861, 0.324338461438, 0.737664335871, 0.961457178074, 0.415255612509, 0.906073245684, 0.181933736781, 0.904925419173, 0.0303200536798, 0.409542911844, 0.447605446721, 0.257708410358, 0.550880416164, 0.736781723381, 0.300654225241, 0.658206018075, 0.0608070082651, 0.808498824209, 0.55652629769, 0.0662984640827, 0.326706780828, 0.943510635626, 0.349713664575, 0.029782459572, 0.415258406271, 0.0250239311834, 0.135662638767, 2.993819367e-05, 5.10262532916
0.000129344207873, 0.719873817089, 0.186089323158, 0.713311161642, 0.442065423822, 0.0447410782569, 0.018404811863, 0.465954739006, 0.124832344283, 0.0467860322231, 0.603266968543, 0.101033263249, 0.0406514931968, 0.740840379204, 0.791979649749, 0.0568054417467, 0.214588913915, 0.446143567245, 0.472325661096, 0.0975679817168, 0.328970992464, 0.0926570610015, 0.286446444444, 0.360783848948, 0.943510635626, 0.155505129278, 0.843631589717, 0.300715115332, 0.550753139191, 0.154460022972, 0.000129344207873, 4.18708584635
0.646238568322, 0.109816972904, 0.885022346718, 0.921255229162, 0.333859101099, 0.475006252014, 0.018404811863, 0.0864741954015, 0.264862188396, 0.216169124878, 0.00861180896736, 0.00382810387663, 0.203337598897, 0.820289605039, 0.313773945401, 0.45271191167, 0.425001031545, 0.0307365510687, 0.0177675127141, 0.293903023235, 0.0785220751253, 0.377977128152, 0.774938667756, 0.0745574126754, 0.0743226718411, 0.603217165102, 0.00414028477653, 0.222485090015, 0.0377088690869, 0.819464979033, 0.646238568322, 1.57296183705
0.421493681756, 0.721945795167, 0.81580623486, 0.106788589852, 0.309060724269, 0.568738930513, 0.153313300067, 0.0710651287712, 0.115394986712, 0.382944726724, 0.918628801078, 0.250985119173, 3.63290749167e-05, 0.188457142512, 0.74962075152, 0.187299083443, 0.196284956699, 0.142828912701, 0.0760149940941, 0.638535498095, 0.186191943517, 0.496275496465, 0.0393691886587, 0.369117873109, 0.957371737342, 0.532540124911, 0.201745496961, 0.43084796116, 0.0410041414735, 0.254633478525, 0.421493681756, 2.55165698975
0.000129344207873, 0.719873817089, 0.186089323158, 0.713311161642, 0.442065423822, 0.0447410782569, 0.018404811863, 0.465954739006, 0.124832344283, 0.0467860322231, 0.603266968543, 0.101033263249, 0.0406514931968, 0.740840379204, 0.791979649749, 0.0568054417467, 0.214588913915, 0.446143567245, 0.472325661096, 0.0975679817168, 0.328970992464, 0.0926570610015, 0.286446444444, 0.360783848948, 0.943510635626, 0.155505129278, 0.843631589717, 0.300715115332, 0.550753139191, 0.154460022972, 0.000129344207873, 4.18708584635
0.646238568322, 0.109816972904, 0.885022346718, 0.921255229162, 0.333859101099, 0.475006252014, 0.018404811863, 0.0864741954015, 0.264862188396, 0.216169124878, 0.00861180896736, 0.00382810387663, 0.203337598897, 0.820289605039, 0.313773945401, 0.45271191167, 0.425001031545, 0.0307365510687, 0.0177675127141, 0.293903023235, 0.0785220751253, 0.377977128152, 0.774938667756, 0.0745574126754, 0.0743226718411, 0.603217165102, 0.00414028477653, 0.222485090015, 0.0377088690869, 0.819464979033, 0.646238568322, 1.57296183705
0.421493681756, 0.721945795167, 0.81580623486, 0.106788589852, 0.309060724269, 0.568738930513, 0.153313300067, 0.0710651287712, 0.115394986712, 0.382944726724, 0.918628801078, 0.250985119173, 3.63290749167e-05, 0.188457142512, 0.74962075152, 0.187299083443, 0.196284956699, 0.142828912701, 0.0760149940941, 0.638535498095, 0.186191943517, 0.496275496465, 0.0393691886587, 0.369117873109, 0.957371737342, 0.532540124911, 0.201745496961, 0.43084796116, 0.0410041414735, 0.254633478525, 0.421493681756, 2.55165698975
0.0199287631732, 0.957226820663, 0.538763977611, 0.0834178334135, 0.142741107705, 0.770366453525, 0.293527426986, 0.182657878886, 0.115394986712, 0.409873946574, 0.918628801078, 0.078635709039, 0.0708204651904, 0.188457142512, 0.313773945401, 0.301316451527, 0.0253598540099, 0.499672147106, 0.0760149940941, 0.0498374648469, 0.0061610608601, 0.724581251754, 0.0760495843315, 0.529045707629, 0.982515767522, 0.532540124911, 0.0348040051693, 0.0132046783293, 0.237789137063, 0.176032451493, 0.0199287631732, 3.6049767627
0.0199287631732, 0.957226820663, 0.538763977611, 0.0834178334135, 0.142741107705, 0.770366453525, 0.293527426986, 0.182657878886, 0.115394986712, 0.409873946574, 0.918628801078, 0.078635709039, 0.0708204651904, 0.188457142512, 0.313773945401, 0.301316451527, 0.0253598540099, 0.499672147106, 0.0760149940941, 0.0498374648469, 0.0061610608601, 0.724581251754, 0.0760495843315, 0.529045707629, 0.982515767522, 0.532540124911, 0.0348040051693, 0.0132046783293, 0.237789137063, 0.176032451493, 0.0199287631732, 3.6049767627
0.226283349405, 0.731206223989, 0.28960775334, 0.323556633442, 0.442065423822, 0.333709576786, 0.018404811863, 0.655681782562, 0.124832344283, 0.16503892736, 0.603266968543, 0.143622137667, 0.0406514931968, 0.0489785926439, 0.791979649749, 0.303305160164, 0.214588913915, 0.446143567245, 0.389860049979, 0.0975679817168, 0.328970992464, 0.0926570610015, 0.3908570803, 0.360783848948, 0.237241816216, 0.08363610454, 0.808817642173, 0.149175642887, 0.236535693761, 0.843866804767, 0.226283349405, 2.89047767824
0.0409431466569, 0.184385171999, 0.324143122648, 0.648225621051, 0.1799749673, 0.565356097181, 0.709150945372, 0.308087228394, 0.566955073786, 0.37104259181, 0.0504324939525, 0.173858237205, 0.088336669957, 0.180201289645, 0.0992521268848, 0.634463262595, 0.637847638842, 0.646760525889, 0.0760149940941, 0.19071201499, 0.313010566107, 0.412838335009, 0.104128209829, 0.0294607364534, 0.263959840193, 0.25304552675, 0.115354599873, 0.0558047694056, 0.231264358583, 0.774216633845, 0.0409431466569, 3.41513226643
0.00243249562534, 0.730679018184, 0.844900212262, 0.0585825583642, 0.415784088514, 0.965915868892, 0.0642030851433, 0.182657878886, 0.264862188396, 0.464932544487, 0.415962203137, 0.977070550374, 0.074441362382, 0.0068559606323, 0.680854091941, 0.934430630817, 0.451027719336, 0.22886133102, 0.76300594778, 0.293903023235, 0.599899006783, 0.040602137104, 0.268635408656, 0.0337590046963, 0.0381677803279, 0.22492039243, 0.111052636849, 0.142630888638, 0.883000523125, 0.123497471981, 0.00243249562534, 4.39743468246
0.226283349405, 0.731206223989, 0.28960775334, 0.323556633442, 0.442065423822, 0.333709576786, 0.018404811863, 0.655681782562, 0.124832344283, 0.16503892736, 0.603266968543, 0.143622137667, 0.0406514931968, 0.0489785926439, 0.791979649749, 0.303305160164, 0.214588913915, 0.446143567245, 0.389860049979, 0.0975679817168, 0.328970992464, 0.0926570610015, 0.3908570803, 0.360783848948, 0.237241816216, 0.08363610454, 0.808817642173, 0.149175642887, 0.236535693761, 0.843866804767, 0.226283349405, 2.89047767824
0.0409431466569, 0.184385171999, 0.324143122648, 0.648225621051, 0.1799749673, 0.565356097181, 0.709150945372, 0.308087228394, 0.566955073786, 0.37104259181, 0.0504324939525, 0.173858237205, 0.088336669957, 0.180201289645, 0.0992521268848, 0.634463262595, 0.637847638842, 0.646760525889, 0.0760149940941, 0.19071201499, 0.313010566107, 0.412838335009, 0.104128209829, 0.0294607364534, 0.263959840193, 0.25304552675, 0.115354599873, 0.0558047694056, 0.231264358583, 0.774216633845, 0.0409431466569, 3.41513226643
0.00243249562534, 0.730679018184, 0.844900212262, 0.0585825583642, 0.415784088514, 0.965915868892, 0.0642030851433, 0.182657878886, 0.264862188396, 0.464932544487, 0.415962203137, 0.977070550374, 0.074441362382, 0.0068559606323, 0.680854091941, 0.934430630817, 0.451027719336, 0.22886133102, 0.76300594778, 0.293903023235, 0.599899006783, 0.040602137104, 0.268635408656, 0.0337590046963, 0.0381677803279, 0.22492039243, 0.111052636849, 0.142630888638, 0.883000523125, 0.123497471981, 0.00243249562534, 4.39743468246
0.130105428147, 0.169805002225, 0.0376804323738, 0.100251721074, 0.1799749673, 0.77500640471, 0.522534724565, 0.0647046630441, 0.566955073786, 0.468149448845, 0.0317852840057, 0.214492162901, 0.104093279935, 0.204720789077, 0.50192510109, 0.333021570824, 0.121583428112, 0.477497712024, 0.219421169521, 0.000282653833724, 0.645737136008, 0.496275496465, 0.104128209829, 0.0360172873915, 0.263959840193, 0.25304552675, 0.522683038628, 0.574602103046, 0.0410041414735, 0.967481758161, 0.130105428147, 3.19578347097
0.176527041716, 0.244893781199, 0.0376804323738, 0.664997715237, 0.930182258044, 0.318642290946, 0.539781840871, 0.625468324103, 0.117624822595, 0.278079767313, 0.13093905141, 0.0303200536798, 0.668390207312, 0.206097447831, 0.454469477826, 0.0352961456323, 0.482696206284, 0.00214064234717, 0.00177958984376, 0.219257654599, 0.718978687028, 0.634198344342, 0.129313404151, 0.398467693407, 0.138753937034, 0.0759938338461, 0.46474742014, 0.361131015572, 0.0508834988926, 0.394206145974, 0.176527041716, 3.19200342459
2.993819367e-05, 0.721945795167, 0.981249195499, 0.958682181861, 0.672058002509, 0.737664335871, 0.846129949547, 0.415255612509, 0.73107477215, 0.0697621559556, 0.818660407766, 0.547340756397, 0.400555944585, 0.447605446721, 0.228250247131, 0.550880416164, 0.736781723381, 0.300654225241, 0.219421169521, 0.0608070082651, 0.808498824209, 0.55652629769, 0.499275893372, 0.58280148695, 0.943510635626, 0.0467800565662, 0.0834669637263, 0.281821064811, 0.00575241692386, 0.342976641732, 2.993819367e-05, 5.51698515498
0.266917384188, 0.178446920347, 0.8820537022, 0.441519218279, 0.846526037562, 0.00097212514203, 0.018404811863, 0.449542825917, 0.325090044051, 0.00635734975465, 0.0678979351124, 0.101033263249, 0.980757418498, 0.376074175478, 0.852084332948, 0.168601148219, 0.196284956699, 0.3230054682, 0.776511139276, 0.219257654599, 0.0952960584784, 0.520243155823, 0.129313404151, 0.326706780828, 0.169312887556, 0.203035793776, 0.0357976905972, 0.196818057404, 0.0377088690869, 0.488217152633, 0.266917384188, 2.6680795863
0.00243249562534, 0.730679018184, 0.564615159104, 0.0585825583642, 0.415784088514, 0.965915868892, 0.0133501060397, 0.146269497298, 0.264862188396, 0.464932544487, 0.415962203137, 0.977070550374, 0.074441362382, 0.0068559606323, 0.680854091941, 0.979283914303, 0.451027719336, 0.22886133102, 0.76300594778, 0.293903023235, 0.599899006783, 0.040602137104, 0.268635408656, 0.328342537824, 0.0381677803279, 0.284907347743, 0.111052636849, 0.142630888638, 0.883000523125, 0.123497471981, 0.00243249562534, 4.40721887763
0.130105428147, 0.169805002225, 0.0376804323738, 0.100251721074, 0.1799749673, 0.77500640471, 0.522534724565, 0.0647046630441, 0.566955073786, 0.468149448845, 0.0317852840057, 0.214492162901, 0.104093279935, 0.204720789077, 0.50192510109, 0.333021570824, 0.121583428112, 0.477497712024, 0.219421169521, 0.000282653833724, 0.645737136008, 0.496275496465, 0.104128209829, 0.0360172873915, 0.263959840193, 0.25304552675, 0.522683038628, 0.574602103046, 0.0410041414735, 0.967481758161, 0.130105428147, 3.19578347097
0.176527041716, 0.244893781199, 0.0376804323738, 0.664997715237, 0.930182258044, 0.318642290946, 0.539781840871, 0.625468324103, 0.117624822595, 0.278079767313, 0.13093905141, 0.0303200536798, 0.668390207312, 0.206097447831, 0.454469477826, 0.0352961456323, 0.482696206284, 0.00214064234717, 0.00177958984376, 0.219257654599, 0.718978687028, 0.634198344342, 0.129313404151, 0.398467693407, 0.138753937034, 0.0759938338461, 0.46474742014, 0.361131015572, 0.0508834988926, 0.394206145974, 0.176527041716, 3.19200342459
2.993819367e-05, 0.721945795167, 0.981249195499, 0.958682181861, 0.672058002509, 0.737664335871, 0.846129949547, 0.415255612509, 0.73107477215, 0.0697621559556, 0.818660407766, 0.547340756397, 0.400555944585, 0.447605446721, 0.228250247131, 0.550880416164, 0.736781723381, 0.300654225241, 0.219421169521, 0.0608070082651, 0.808498824209, 0.55652629769, 0.499275893372, 0.58280148695, 0.943510635626, 0.0467800565662, 0.0834669637263, 0.281821064811, 0.00575241692386, 0.342976641732, 2.993819367e-05, 5.51698515498
0.266917384188, 0.178446920347, 0.8820537022, 0.441519218279, 0.846526037562, 0.00097212514203, 0.018404811863, 0.449542825917, 0.325090044051, 0.00635734975465, 0.0678979351124, 0.101033263249, 0.980757418498, 0.376074175478, 0.852084332948, 0.168601148219, 0.196284956699, 0.3230054682, 0.776511139276, 0.219257654599, 0.0952960584784, 0.520243155823, 0.129313404151, 0.326706780828, 0.169312887556, 0.203035793776, 0.0357976905972, 0.196818057404, 0.0377088690869, 0.488217152633, 0.266917384188, 2.6680795863
0.00243249562534, 0.730679018184, 0.564615159104, 0.0585825583642, 0.415784088514, 0.965915868892, 0.0133501060397, 0.146269497298, 0.264862188396, 0.464932544487, 0.415962203137, 0.977070550374, 0.074441362382, 0.0068559606323, 0.680854091941, 0.979283914303, 0.451027719336, 0.22886133102, 0.76300594778, 0.293903023235, 0.599899006783, 0.040602137104, 0.268635408656, 0.328342537824, 0.0381677803279, 0.284907347743, 0.111052636849, 0.142630888638, 0.883000523125, 0.123497471981, 0.00243249562534, 4.40721887763
0.421493681756, 0.721945795167, 0.533813220989, 0.304009696108, 0.252621620253, 0.163726071617, 0.301886294403, 0.0352534892146, 0.73107477215, 0.274434519432, 0.191634519624, 0.083449162404, 0.508265581863, 0.800280742189, 0.454469477826, 0.387019790637, 0.773074678426, 0.32262688588, 0.370459610267, 0.443710340413, 0.262852893892, 0.280156153328, 0.439149016698, 0.125002332143, 0.122278022803, 0.224635435209, 0.029782459572, 0.691648042211, 0.105841414657, 0.254633478525, 0.421493681756, 2.57432484134
0.421493681756, 0.721945795167, 0.533813220989, 0.304009696108, 0.252621620253, 0.163726071617, 0.301886294403, 0.0352534892146, 0.73107477215, 0.274434519432, 0.191634519624, 0.083449162404, 0.508265581863, 0.800280742189, 0.454469477826, 0.387019790637, 0.773074678426, 0.32262688588, 0.370459610267, 0.443710340413, 0.262852893892, 0.280156153328, 0.439149016698, 0.125002332143, 0.122278022803, 0.224635435209, 0.029782459572, 0.691648042211, 0.105841414657, 0.254633478525, 0.421493681756, 2.57432484134
0.646238568322, 0.109816972904, 0.885022346718, 0.921255229162, 0.333859101099, 0.475006252014, 0.018404811863, 0.0864741954015, 0.264862188396, 0.216169124878, 0.00861180896736, 0.00382810387663, 0.203337598897, 0.820289605039, 0.313773945401, 0.45271191167, 0.425001031545, 0.0307365510687, 0.0177675127141, 0.293903023235, 0.0785220751253, 0.377977128152, 0.718200691169, 0.0745574126754, 0.227224121955, 0.603217165102, 0.00414028477653, 0.222485090015, 0.0377088690869, 0.819464979033, 0.646238568322, 1.59664552386
0.437875123586, 0.0421274421276, 0.0337004927719, 0.333578326795, 0.997401624997, 0.000399648718857, 0.0565660761743, 0.182657878886, 0.325090044051, 0.274434519432, 0.394362545819, 0.101033263249, 0.596930621808, 0.376074175478, 0.79750382003, 0.125071597756, 0.362267857683, 0.0115997935177, 0.858709422379, 0.219257654599, 0.235540787896, 0.955937251875, 0.129313404151, 0.326706780828, 0.350221036532, 0.151040860008, 0.0357976905972, 0.0281414794999, 0.0351369895749, 0.610227317766, 0.437875123586, 2.08415703693
0.646238568322, 0.109816972904, 0.885022346718, 0.921255229162, 0.333859101099, 0.475006252014, 0.018404811863, 0.0864741954015, 0.264862188396, 0.216169124878, 0.00861180896736, 0.00382810387663, 0.203337598897, 0.820289605039, 0.313773945401, 0.45271191167, 0.425001031545, 0.0307365510687, 0.0177675127141, 0.293903023235, 0.0785220751253, 0.377977128152, 0.718200691169, 0.0745574126754, 0.227224121955, 0.603217165102, 0.00414028477653, 0.222485090015, 0.0377088690869, 0.819464979033, 0.646238568322, 1.59664552386
0.437875123586, 0.0421274421276, 0.0337004927719, 0.333578326795, 0.997401624997, 0.000399648718857, 0.0565660761743, 0.182657878886, 0.325090044051, 0.274434519432, 0.394362545819, 0.101033263249, 0.596930621808, 0.376074175478, 0.79750382003, 0.125071597756, 0.362267857683, 0.0115997935177, 0.858709422379, 0.219257654599, 0.235540787896, 0.955937251875, 0.129313404151, 0.326706780828, 0.350221036532, 0.151040860008, 0.0357976905972, 0.0281414794999, 0.0351369895749, 0.610227317766, 0.437875123586, 2.08415703693
2.993819367e-05, 0.721945795167, 0.981249195499, 0.958682181861, 0.92070432664, 0.737664335871, 0.153645047337, 0.415255612509, 0.325090044051, 0.465502853334, 0.818660407766, 0.913734204001, 0.409542911844, 0.504233264036, 0.451848955912, 0.0181786521719, 0.736781723381, 0.300654225241, 0.219421169521, 0.0608070082651, 0.808498824209, 0.55652629769, 0.638471615682, 0.326706780828, 0.943510635626, 0.17782830899, 0.0834669637263, 0.281821064811, 0.666899877407, 0.342976641732, 2.993819367e-05, 5.62365714792
0.00386205375387, 0.730679018184, 0.564615159104, 0.0585825583642, 0.415784088514, 0.965915868892, 0.0555414758872, 0.182657878886, 0.264862188396, 0.243626747666, 0.415962203137, 0.168826443477, 0.074441362382, 0.0068559606323, 0.680854091941, 0.934430630817, 0.451027719336, 0.22886133102, 0.76300594778, 0.293903023235, 0.599899006783, 0.318605287868, 0.268635408656, 0.025657029984, 0.0381677803279, 0.145430831351, 0.111052636849, 0.142630888638, 0.550753139191, 0.514750304858, 0.00386205375387, 4.04310832512
2.993819367e-05, 0.721945795167, 0.981249195499, 0.958682181861, 0.92070432664, 0.737664335871, 0.153645047337, 0.415255612509, 0.325090044051, 0.465502853334, 0.818660407766, 0.913734204001, 0.409542911844, 0.504233264036, 0.451848955912, 0.0181786521719, 0.736781723381, 0.300654225241, 0.219421169521, 0.0608070082651, 0.808498824209, 0.55652629769, 0.638471615682, 0.326706780828, 0.943510635626, 0.17782830899, 0.0834669637263, 0.281821064811, 0.666899877407, 0.342976641732, 2.993819367e-05, 5.62365714792
0.00386205375387, 0.730679018184, 0.564615159104, 0.0585825583642, 0.415784088514, 0.965915868892, 0.0555414758872, 0.182657878886, 0.264862188396, 0.243626747666, 0.415962203137, 0.168826443477, 0.074441362382, 0.0068559606323, 0.680854091941, 0.934430630817, 0.451027719336, 0.22886133102, 0.76300594778, 0.293903023235, 0.599899006783, 0.318605287868, 0.268635408656, 0.025657029984, 0.0381677803279, 0.145430831351, 0.111052636849, 0.142630888638, 0.550753139191, 0.514750304858, 0.00386205375387, 4.04310832512
0.421493681756, 0.191765208725, 0.164900448014, 0.304009696108, 0.793125847944, 0.318642290946, 0.729693474842, 0.0756550844217, 0.662126205959, 0.274434519432, 0.0719357388699, 0.083449162404, 0.508265581863, 0.322936820606, 0.454469477826, 0.53524627725, 0.820426525548, 0.291740601606, 0.71879718463, 0.181671200713, 0.262852893892, 0.0177988976753, 0.655537754766, 0.125002332143, 0.122278022803, 0.120449341354, 0.286767254428, 0.784394919502, 0.0717211932549, 0.254633478525, 0.421493681756, 2.57823742742
0.421493681756, 0.191765208725, 0.164900448014, 0.304009696108, 0.793125847944, 0.318642290946, 0.729693474842, 0.0756550844217, 0.662126205959, 0.274434519432, 0.0719357388699, 0.083449162404, 0.508265581863, 0.322936820606, 0.454469477826, 0.53524627725, 0.820426525548, 0.291740601606, 0.71879718463, 0.181671200713, 0.262852893892, 0.0177988976753, 0.655537754766, 0.125002332143, 0.122278022803, 0.120449341354, 0.286767254428, 0.784394919502, 0.0717211932549, 0.254633478525, 0.421493681756, 2.57823742742
2.993819367e-05, 0.721945795167, 0.981249195499, 0.958682181861, 0.92070432664, 0.737664335871, 0.846129949547, 0.415255612509, 0.73107477215, 0.0697621559556, 0.818660407766, 0.547340756397, 0.409542911844, 0.447605446721, 0.228250247131, 0.550880416164, 0.736781723381, 0.300654225241, 0.219421169521, 0.0608070082651, 0.852311725417, 0.55652629769, 0.826648491098, 0.326706780828, 0.943510635626, 0.0335302086506, 0.0834669637263, 0.281821064811, 0.0250239311834, 0.342976641732, 2.993819367e-05, 5.63439091152
2.993819367e-05, 0.721945795167, 0.981249195499, 0.958682181861, 0.92070432664, 0.737664335871, 0.846129949547, 0.415255612509, 0.73107477215, 0.0697621559556, 0.818660407766, 0.547340756397, 0.409542911844, 0.447605446721, 0.228250247131, 0.550880416164, 0.736781723381, 0.300654225241, 0.219421169521, 0.0608070082651, 0.852311725417, 0.55652629769, 0.826648491098, 0.326706780828, 0.943510635626, 0.0335302086506, 0.0834669637263, 0.281821064811, 0.0250239311834, 0.342976641732, 2.993819367e-05, 5.63439091152
0.226283349405, 0.885175597962, 0.0390545278736, 0.713311161642, 0.442065423822, 0.614158577308, 0.018404811863, 0.45119085826, 0.124832344283, 0.16503892736, 0.603266968543, 0.490996949141, 0.124330153026, 0.0047359833281, 0.791979649749, 0.269183566417, 0.176419890101, 0.203268314967, 0.472325661096, 0.0975679817168, 0.0867503715076, 0.0926570610015, 0.3908570803, 0.153065220299, 0.134305925742, 0.155505129278, 0.881144233512, 0.149175642887, 0.695325405602, 0.843866804767, 0.226283349405, 3.04750701568
0.226283349405, 0.885175597962, 0.0390545278736, 0.713311161642, 0.442065423822, 0.614158577308, 0.018404811863, 0.45119085826, 0.124832344283, 0.16503892736, 0.603266968543, 0.490996949141, 0.124330153026, 0.0047359833281, 0.791979649749, 0.269183566417, 0.176419890101, 0.203268314967, 0.472325661096, 0.0975679817168, 0.0867503715076, 0.0926570610015, 0.3908570803, 0.153065220299, 0.134305925742, 0.155505129278, 0.881144233512, 0.149175642887, 0.695325405602, 0.843866804767, 0.226283349405, 3.04750701568
0.130105428147, 0.184385171999, 0.0376804323738, 0.100251721074, 0.1799749673, 0.77500640471, 0.0735048619359, 0.0647046630441, 0.566955073786, 0.468149448845, 0.603266968543, 0.214492162901, 0.104093279935, 0.309005056744, 0.50192510109, 0.333021570824, 0.121583428112, 0.477497712024, 0.219421169521, 0.640459895172, 0.328970992464, 0.496275496465, 0.104128209829, 0.0360172873915, 0.263959840193, 0.25304552675, 0.029782459572, 0.574602103046, 0.0410041414735, 0.967481758161, 0.130105428147, 3.21601326705
0.646238568322, 0.109816972904, 0.847560420396, 0.653014457411, 0.333859101099, 0.475006252014, 0.018404811863, 0.0864741954015, 0.468734374022, 0.0694772887526, 0.731802164723, 0.00382810387663, 0.211923168017, 0.850088984484, 0.313773945401, 0.45271191167, 0.0507700126323, 0.0307365510687, 0.0177675127141, 0.130429513958, 0.0785220751253, 0.377977128152, 0.774938667756, 0.0671155806125, 0.237241816216, 0.742865529915, 0.007552170606, 0.222485090015, 0.0377088690869, 0.873961694028, 0.646238568322, 1.65393661615
0.130105428147, 0.184385171999, 0.0376804323738, 0.100251721074, 0.1799749673, 0.77500640471, 0.0735048619359, 0.0647046630441, 0.566955073786, 0.468149448845, 0.603266968543, 0.214492162901, 0.104093279935, 0.309005056744, 0.50192510109, 0.333021570824, 0.121583428112, 0.477497712024, 0.219421169521, 0.640459895172, 0.328970992464, 0.496275496465, 0.104128209829, 0.0360172873915, 0.263959840193, 0.25304552675, 0.029782459572, 0.574602103046, 0.0410041414735, 0.967481758161, 0.130105428147, 3.21601326705
0.646238568322, 0.109816972904, 0.847560420396, 0.653014457411, 0.333859101099, 0.475006252014, 0.018404811863, 0.0864741954015, 0.468734374022, 0.0694772887526, 0.731802164723, 0.00382810387663, 0.211923168017, 0.850088984484, 0.313773945401, 0.45271191167, 0.0507700126323, 0.0307365510687, 0.0177675127141, 0.130429513958, 0.0785220751253, 0.377977128152, 0.774938667756, 0.0671155806125, 0.237241816216, 0.742865529915, 0.007552170606, 0.222485090015, 0.0377088690869, 0.873961694028, 0.646238568322, 1.65393661615
0.421493681756, 0.0865447842731, 0.533813220989, 0.304009696108, 0.793125847944, 0.996831511014, 0.301886294403, 0.0756550844217, 0.662126205959, 0.0792352714195, 0.0719357388699, 0.0529734386287, 0.0225312222319, 0.322936820606, 0.434369080567, 0.53524627725, 0.820426525548, 0.489029665692, 0.370459610267, 0.0482126549843, 0.262852893892, 0.413697762586, 0.655537754766, 0.125002332143, 0.122278022803, 0.120449341354, 0.422338803444, 0.784394919502, 0.105841414657, 0.254633478525, 0.421493681756, 2.59485291575
0.405219755, 0.178446920347, 0.8820537022, 0.491098334708, 0.846526037562, 0.00097212514203, 0.018404811863, 0.449542825917, 0.325090044051, 0.00635734975465, 0.0678979351124, 0.101033263249, 0.980757418498, 0.376074175478, 0.852084332948, 0.168601148219, 0.581806246502, 0.3230054682, 0.811829771097, 0.219257654599, 0.0952960584784, 0.520243155823, 0.129313404151, 0.326706780828, 0.169312887556, 0.203035793776, 0.0357976905972, 0.117746455414, 0.0377088690869, 0.488217152633, 0.405219755, 2.69662341861
0.266917384188, 0.178446920347, 0.8820537022, 0.491098334708, 0.846526037562, 0.00097212514203, 0.0565660761743, 0.449542825917, 0.325090044051, 0.00635734975465, 0.0678979351124, 0.101033263249, 0.596930621808, 0.376074175478, 0.852084332948, 0.0775778007814, 0.581806246502, 0.3230054682, 0.776511139276, 0.219257654599, 0.0952960584784, 0.520243155823, 0.129313404151, 0.326706780828, 0.169312887556, 0.203035793776, 0.0357976905972, 0.196818057404, 0.126628399896, 0.657377629368, 0.266917384188, 2.73734858163
2.993819367e-05, 0.350981458183, 0.750311233108, 0.958682181861, 0.92070432664, 0.737664335871, 0.153645047337, 0.415255612509, 0.946685092254, 0.465502853334, 0.818660407766, 0.913734204001, 0.369936878806, 0.504233264036, 0.0730516911231, 0.550880416164, 0.485000517207, 0.300654225241, 0.219421169521, 0.0608070082651, 0.808498824209, 0.193031072132, 0.826648491098, 0.326706780828, 0.943510635626, 0.349713664575, 0.361321855635, 0.281821064811, 0.666899877407, 0.342976641732, 2.993819367e-05, 5.67221115601
0.421493681756, 0.0865447842731, 0.533813220989, 0.304009696108, 0.793125847944, 0.996831511014, 0.301886294403, 0.0756550844217, 0.662126205959, 0.0792352714195, 0.0719357388699, 0.0529734386287, 0.0225312222319, 0.322936820606, 0.434369080567, 0.53524627725, 0.820426525548, 0.489029665692, 0.370459610267, 0.0482126549843, 0.262852893892, 0.413697762586, 0.655537754766, 0.125002332143, 0.122278022803, 0.120449341354, 0.422338803444, 0.784394919502, 0.105841414657, 0.254633478525, 0.421493681756, 2.59485291575
0.405219755, 0.178446920347, 0.8820537022, 0.491098334708, 0.846526037562, 0.00097212514203, 0.018404811863, 0.449542825917, 0.325090044051, 0.00635734975465, 0.0678979351124, 0.101033263249, 0.980757418498, 0.376074175478, 0.852084332948, 0.168601148219, 0.581806246502, 0.3230054682, 0.811829771097, 0.219257654599, 0.0952960584784, 0.520243155823, 0.129313404151, 0.326706780828, 0.169312887556, 0.203035793776, 0.0357976905972, 0.117746455414, 0.0377088690869, 0.488217152633, 0.405219755, 2.69662341861
0.266917384188, 0.178446920347, 0.8820537022, 0.491098334708, 0.846526037562, 0.00097212514203, 0.0565660761743, 0.449542825917, 0.325090044051, 0.00635734975465, 0.0678979351124, 0.101033263249, 0.596930621808, 0.376074175478, 0.852084332948, 0.0775778007814, 0.581806246502, 0.3230054682, 0.776511139276, 0.219257654599, 0.0952960584784, 0.520243155823, 0.129313404151, 0.326706780828, 0.169312887556, 0.203035793776, 0.0357976905972, 0.196818057404, 0.126628399896, 0.657377629368, 0.266917384188, 2.73734858163
2.993819367e-05, 0.350981458183, 0.750311233108, 0.958682181861, 0.92070432664, 0.737664335871, 0.153645047337, 0.415255612509, 0.946685092254, 0.465502853334, 0.818660407766, 0.913734204001, 0.369936878806, 0.504233264036, 0.0730516911231, 0.550880416164, 0.485000517207, 0.300654225241, 0.219421169521, 0.0608070082651, 0.808498824209, 0.193031072132, 0.826648491098, 0.326706780828, 0.943510635626, 0.349713664575, 0.361321855635, 0.281821064811, 0.666899877407, 0.342976641732, 2.993819367e-05, 5.67221115601
0.0108777700471, 0.88910568638, 0.81580623486, 0.106788589852, 0.309060724269, 0.69488798297, 0.0565660761743, 0.0710651287712, 0.115394986712, 0.382944726724, 0.918628801078, 0.0867046056845, 0.596930621808, 0.146878802284, 0.74962075152, 0.468688732108, 0.196284956699, 0.206208558958, 0.0760149940941, 0.0468499676453, 0.0275936934908, 0.496275496465, 0.133367955354, 0.369117873109, 0.653830495408, 0.532540124911, 0.201745496961, 0.634910246427, 0.0410041414735, 0.0567381476365, 0.0108777700471, 3.91318917037
0.0108777700471, 0.88910568638, 0.81580623486, 0.106788589852, 0.309060724269, 0.69488798297, 0.0565660761743, 0.0710651287712, 0.115394986712, 0.382944726724, 0.918628801078, 0.0867046056845, 0.596930621808, 0.146878802284, 0.74962075152, 0.468688732108, 0.196284956699, 0.206208558958, 0.0760149940941, 0.0468499676453, 0.0275936934908, 0.496275496465, 0.133367955354, 0.369117873109, 0.653830495408, 0.532540124911, 0.201745496961, 0.634910246427, 0.0410041414735, 0.0567381476365, 0.0108777700471, 3.91318917037
2.993819367e-05, 0.721945795167, 0.983682933001, 0.958682181861, 0.324338461438, 0.737664335871, 0.995507575678, 0.415255612509, 0.73107477215, 0.181933736781, 0.0317852840057, 0.913734204001, 0.409542911844, 0.447605446721, 0.451848955912, 0.550880416164, 0.736781723381, 0.300654225241, 0.219421169521, 0.0608070082651, 0.808498824209, 0.55652629769, 0.826648491098, 0.326706780828, 0.943510635626, 0.908873800331, 0.507140752917, 0.577010700962, 0.0250239311834, 0.254633478525, 2.993819367e-05, 5.92354683491
2.993819367e-05, 0.721945795167, 0.983682933001, 0.958682181861, 0.324338461438, 0.737664335871, 0.995507575678, 0.415255612509, 0.73107477215, 0.181933736781, 0.0317852840057, 0.913734204001, 0.409542911844, 0.447605446721, 0.451848955912, 0.550880416164, 0.736781723381, 0.300654225241, 0.219421169521, 0.0608070082651, 0.808498824209, 0.55652629769, 0.826648491098, 0.326706780828, 0.943510635626, 0.908873800331, 0.507140752917, 0.577010700962, 0.0250239311834, 0.254633478525, 2.993819367e-05, 5.92354683491
2.993819367e-05, 0.721945795167, 0.983682933001, 0.958682181861, 0.324338461438, 0.737664335871, 0.995507575678, 0.415255612509, 0.73107477215, 0.181933736781, 0.682953939261, 0.913734204001, 0.409542911844, 0.447605446721, 0.451848955912, 0.550880416164, 0.736781723381, 0.300654225241, 0.112971757546, 0.0502377584354, 0.808498824209, 0.55652629769, 0.826648491098, 0.326706780828, 0.983115738305, 0.908873800331, 0.029782459572, 0.577010700962, 0.0250239311834, 0.342976641732, 2.993819367e-05, 5.98081570869
2.993819367e-05, 0.721945795167, 0.983682933001, 0.958682181861, 0.324338461438, 0.737664335871, 0.995507575678, 0.415255612509, 0.73107477215, 0.181933736781, 0.682953939261, 0.913734204001, 0.409542911844, 0.447605446721, 0.451848955912, 0.550880416164, 0.736781723381, 0.300654225241, 0.112971757546, 0.0502377584354, 0.808498824209, 0.55652629769, 0.826648491098, 0.326706780828, 0.983115738305, 0.908873800331, 0.029782459572, 0.577010700962, 0.0250239311834, 0.342976641732, 2.993819367e-05, 5.98081570869
0.0108777700471, 0.88910568638, 0.81580623486, 0.106788589852, 0.309060724269, 0.568738930513, 0.0565660761743, 0.0710651287712, 0.115394986712, 0.382944726724, 0.918628801078, 0.250985119173, 0.000657608821785, 0.146878802284, 0.74962075152, 0.468688732108, 0.196284956699, 0.206208558958, 0.219421169521, 0.0468499676453, 0.0275936934908, 0.496275496465, 0.133367955354, 0.369117873109, 0.957371737342, 0.532540124911, 0.201745496961, 0.634910246427, 0.0410041414735, 0.176032451493, 0.0108777700471, 3.91563850961
0.646238568322, 0.309213663118, 0.885022346718, 0.921255229162, 0.333859101099, 0.475006252014, 0.018404811863, 0.0864741954015, 0.264862188396, 0.216169124878, 0.358524164208, 0.00382810387663, 0.211923168017, 0.820289605039, 0.313773945401, 0.45271191167, 0.136531143314, 0.00887712602589, 0.0177675127141, 0.293903023235, 0.0785220751253, 0.377977128152, 0.774938667756, 0.00963429437439, 0.227224121955, 0.742865529915, 0.00414028477653, 0.0892245541739, 0.0377088690869, 0.819464979033, 0.646238568322, 1.65728350233
0.0108777700471, 0.88910568638, 0.81580623486, 0.106788589852, 0.309060724269, 0.568738930513, 0.0565660761743, 0.0710651287712, 0.115394986712, 0.382944726724, 0.918628801078, 0.250985119173, 0.000657608821785, 0.146878802284, 0.74962075152, 0.468688732108, 0.196284956699, 0.206208558958, 0.219421169521, 0.0468499676453, 0.0275936934908, 0.496275496465, 0.133367955354, 0.369117873109, 0.957371737342, 0.532540124911, 0.201745496961, 0.634910246427, 0.0410041414735, 0.176032451493, 0.0108777700471, 3.91563850961
0.646238568322, 0.309213663118, 0.885022346718, 0.921255229162, 0.333859101099, 0.475006252014, 0.018404811863, 0.0864741954015, 0.264862188396, 0.216169124878, 0.358524164208, 0.00382810387663, 0.211923168017, 0.820289605039, 0.313773945401, 0.45271191167, 0.136531143314, 0.00887712602589, 0.0177675127141, 0.293903023235, 0.0785220751253, 0.377977128152, 0.774938667756, 0.00963429437439, 0.227224121955, 0.742865529915, 0.00414028477653, 0.0892245541739, 0.0377088690869, 0.819464979033, 0.646238568322, 1.65728350233
0.437875123586, 0.0421274421276, 0.0337004927719, 0.734263230743, 0.324338461438, 0.00097212514203, 0.620622202253, 0.0756550844217, 0.325090044051, 0.199431917763, 0.394362545819, 0.0850772440945, 0.596930621808, 0.376074175478, 0.79750382003, 0.19468689458, 0.362267857683, 0.0802578199309, 0.776511139276, 0.260900781246, 0.235540787896, 0.969867659797, 0.129313404151, 0.326706780828, 0.169312887556, 0.349713664575, 0.0357976905972, 0.196818057404, 0.0329508648283, 0.342976641732, 0.437875123586, 2.11583185905
0.226283349405, 0.731206223989, 0.28960775334, 0.323556633442, 0.487213148139, 0.62489410522, 0.018404811863, 0.45119085826, 0.124832344283, 0.16503892736, 0.864931691334, 0.490996949141, 0.0406514931968, 0.0489785926439, 0.58788829487, 0.198201833507, 0.312290835577, 0.446143567245, 0.389860049979, 0.0975679817168, 0.328970992464, 0.188849672064, 0.3908570803, 0.360783848948, 0.227224121955, 0.08363610454, 0.869786720023, 0.149175642887, 0.236535693761, 0.888502204093, 0.226283349405, 3.08806389987
