0.0108777700471, 0.360416758246, 0.533813220989, 0.099311074629, 0.028925545313, 0.163726071617, 0.0565660761743, 0.0352534892146, 0.685952543055, 0.274434519432, 0.0181957821914, 0.083449162404, 0.508265581863, 0.322936820606, 0.0294285778047, 0.387019790637, 0.773074678426, 0.291740601606, 0.0702597514703, 0.443710340413, 0.0424214990644, 0.00778686249706, 0.439149016698, 0.0785661220765, 0.122278022803, 0.869385548415, 0.029782459572, 0.691648042211, 0.105841414657, 0.176032451493, 0.0108777700471, 3.2028466212
0.226283349405, 0.0421274421276, 0.0301503821171, 0.323556633442, 0.811843557054, 0.333709576786, 0.018404811863, 0.182657878886, 0.124832344283, 0.16503892736, 0.603266968543, 0.143622137667, 0.0406514931968, 0.0466063633352, 0.720601199743, 0.179263051174, 0.214588913915, 0.3898730216, 0.389860049979, 0.187696190692, 0.328970992464, 0.0283596671066, 0.3908570803, 0.360783848948, 0.237241816216, 0.0793982891412, 0.115354599873, 0.424581953296, 0.00375005169855, 0.843866804767, 0.226283349405, 2.36415947463
0.0331613727501, 0.19408637761, 0.151920537641, 0.451005681649, 0.564949205354, 0.000399648718857, 0.0565660761743, 0.308087228394, 0.566955073786, 0.517507946002, 0.0317852840057, 0.123970395051, 0.0225312222319, 0.0674341821541, 0.113475462927, 0.634463262595, 0.637847638842, 0.585006624889, 0.151225753173, 0.000282653833724, 0.220299176274, 0.388122224908, 0.643076076012, 0.019506356163, 0.178182536504, 0.25304552675, 0.0205151232828, 0.218396598013, 0.00848974822847, 0.694097069803, 0.0331613727501, 3.0621150645
2.993819367e-05, 0.0179376722207, 0.0349164398661, 0.664997715237, 0.930182258044, 0.318642290946, 0.539781840871, 0.625468324103, 0.117624822595, 0.278079767313, 0.13093905141, 0.0303200536798, 0.668390207312, 0.206097447831, 0.454469477826, 0.00213788624472, 0.23450069567, 0.00214064234717, 0.00016758773376, 0.0608070082651, 0.718978687028, 0.634198344342, 0.217938430811, 0.398467693407, 0.138753937034, 0.0718635312828, 0.46474742014, 0.281821064811, 0.0508834988926, 0.0781918193696, 2.993819367e-05, 3.58827585263
0.266917384188, 0.0421274421276, 0.614225793268, 0.143775914075, 0.793125847944, 0.000380546084196, 0.617433119266, 0.044563173514, 0.325090044051, 0.274434519432, 0.394362545819, 0.101033263249, 0.596930621808, 0.376074175478, 0.79750382003, 0.168601148219, 0.0414820360258, 0.0209510766818, 0.776511139276, 0.219257654599, 0.00327339566819, 0.520243155823, 0.129313404151, 0.183578064362, 0.169312887556, 0.0101280620614, 0.0258239375437, 0.0558047694056, 0.0351369895749, 0.539701501662, 0.266917384188, 2.29389377167
0.437875123586, 0.0421274421276, 0.0337004927719, 0.26128078035, 0.448972428448, 0.000399648718857, 0.0565660761743, 0.0864741954015, 0.325090044051, 0.358593776342, 0.394362545819, 0.181928403832, 0.596930621808, 0.0674341821541, 0.0294285778047, 0.400805633104, 0.362267857683, 0.637367891334, 0.198645208051, 0.318105267014, 0.396726502594, 0.999618892165, 0.129313404151, 0.326706780828, 0.152755434938, 0.407397539684, 0.000294241634536, 0.0428864513565, 0.0351369895749, 0.610227317766, 0.437875123586, 1.81622774583
0.214538788383, 0.178446920347, 0.8820537022, 0.0201623613216, 0.930182258044, 0.00097212514203, 0.0059007123068, 0.449542825917, 0.325090044051, 0.00635734975465, 0.0479589143292, 0.101033263249, 0.0225312222319, 0.376074175478, 0.0730516911231, 0.168601148219, 0.589135165349, 0.3230054682, 0.811829771097, 0.342233030463, 0.596074958878, 0.520243155823, 0.129313404151, 0.326706780828, 0.169312887556, 0.5437206425, 0.313783811895, 0.117746455414, 0.105841414657, 0.107537054733, 0.214538788383, 2.68289609696
0.00386205375387, 0.730679018184, 0.0376804323738, 0.0585825583642, 0.415784088514, 0.965915868892, 0.0264848062139, 0.182657878886, 0.163444059078, 0.243626747666, 0.415962203137, 0.132201193759, 0.0138816198833, 0.0068559606323, 0.680854091941, 0.416300881471, 0.451027719336, 0.184240006745, 0.00177958984376, 0.293903023235, 0.226763306606, 0.622407538523, 0.104128209829, 0.025657029984, 0.0381677803279, 0.155252174229, 0.111052636849, 0.142630888638, 0.550753139191, 0.514750304858, 0.00386205375387, 3.33989450626
1.70774404024e-05, 0.0618626591334, 0.0376804323738, 0.664997715237, 0.930182258044, 0.606564283342, 0.539781840871, 0.625468324103, 0.117624822595, 0.278079767313, 0.415962203137, 0.0303200536798, 0.668390207312, 0.206097447831, 0.454469477826, 0.0352961456323, 0.23450069567, 0.00214064234717, 0.00177958984376, 0.0608070082651, 0.718978687028, 0.634198344342, 0.217938430811, 0.398467693407, 0.973731507251, 0.42623195872, 0.46474742014, 0.281821064811, 0.0508834988926, 0.0781918193696, 1.70774404024e-05, 4.16241428249
0.176527041716, 0.244893781199, 0.0376804323738, 0.664997715237, 0.504594780418, 0.318642290946, 0.209127211975, 0.625468324103, 0.117624822595, 0.216169124878, 0.512574269476, 0.0303200536798, 0.668390207312, 0.206097447831, 0.454469477826, 0.0188721829303, 0.482696206284, 0.19299993929, 0.00177958984376, 0.157606740448, 0.0922663477083, 0.23410607047, 0.110362283779, 0.181572320381, 0.170483557945, 0.0759938338461, 0.772173640571, 0.361131015572, 0.0508834988926, 0.651256779651, 0.176527041716, 2.91805129367
0.130105428147, 0.184385171999, 0.0376804323738, 0.0834178334135, 0.0629794000765, 0.0447410782569, 0.646636821978, 0.0647046630441, 0.566955073786, 0.468149448845, 0.818660407766, 0.214492162901, 0.104093279935, 0.204720789077, 0.436977794661, 0.394686950159, 0.121583428112, 0.647235222122, 0.219421169521, 0.000282653833724, 0.373204241682, 0.496275496465, 0.104128209829, 0.0360172873915, 0.263959840193, 0.25304552675, 0.110840112793, 0.0558047694056, 0.0491427399598, 0.967481758161, 0.130105428147, 2.9240115619
0.646238568322, 0.109816972904, 0.00517649723276, 0.921255229162, 0.333859101099, 0.813368857603, 0.360746747024, 0.0297472215628, 0.169917409949, 0.216169124878, 0.611552562605, 0.00382810387663, 0.0630032199264, 0.167662739386, 0.252078287612, 0.0797569043026, 0.168222531043, 0.002096720454, 0.0059373261819, 0.130429513958, 0.326496147899, 0.23410607047, 0.00623931722759, 0.511561993236, 0.00514510948755, 0.0545564106393, 0.551306840693, 0.169948252337, 0.255143632922, 0.171848576697, 0.646238568322, 1.03432921566
0.0108777700471, 0.360416758246, 0.533813220989, 0.099311074629, 0.028925545313, 0.163726071617, 0.0565660761743, 0.0352534892146, 0.685952543055, 0.274434519432, 0.0181957821914, 0.083449162404, 0.508265581863, 0.322936820606, 0.0294285778047, 0.387019790637, 0.773074678426, 0.291740601606, 0.0702597514703, 0.443710340413, 0.0424214990644, 0.00778686249706, 0.439149016698, 0.0785661220765, 0.122278022803, 0.869385548415, 0.029782459572, 0.691648042211, 0.105841414657, 0.176032451493, 0.0108777700471, 3.2028466212
0.226283349405, 0.0421274421276, 0.0301503821171, 0.323556633442, 0.811843557054, 0.333709576786, 0.018404811863, 0.182657878886, 0.124832344283, 0.16503892736, 0.603266968543, 0.143622137667, 0.0406514931968, 0.0466063633352, 0.720601199743, 0.179263051174, 0.214588913915, 0.3898730216, 0.389860049979, 0.187696190692, 0.328970992464, 0.0283596671066, 0.3908570803, 0.360783848948, 0.237241816216, 0.0793982891412, 0.115354599873, 0.424581953296, 0.00375005169855, 0.843866804767, 0.226283349405, 2.36415947463
0.0331613727501, 0.19408637761, 0.151920537641, 0.451005681649, 0.564949205354, 0.000399648718857, 0.0565660761743, 0.308087228394, 0.566955073786, 0.517507946002, 0.0317852840057, 0.123970395051, 0.0225312222319, 0.0674341821541, 0.113475462927, 0.634463262595, 0.637847638842, 0.585006624889, 0.151225753173, 0.000282653833724, 0.220299176274, 0.388122224908, 0.643076076012, 0.019506356163, 0.178182536504, 0.25304552675, 0.0205151232828, 0.218396598013, 0.00848974822847, 0.694097069803, 0.0331613727501, 3.0621150645
2.993819367e-05, 0.0179376722207, 0.0349164398661, 0.664997715237, 0.930182258044, 0.318642290946, 0.539781840871, 0.625468324103, 0.117624822595, 0.278079767313, 0.13093905141, 0.0303200536798, 0.668390207312, 0.206097447831, 0.454469477826, 0.00213788624472, 0.23450069567, 0.00214064234717, 0.00016758773376, 0.0608070082651, 0.718978687028, 0.634198344342, 0.217938430811, 0.398467693407, 0.138753937034, 0.0718635312828, 0.46474742014, 0.281821064811, 0.0508834988926, 0.0781918193696, 2.993819367e-05, 3.58827585263
0.266917384188, 0.0421274421276, 0.614225793268, 0.143775914075, 0.793125847944, 0.000380546084196, 0.617433119266, 0.044563173514, 0.325090044051, 0.274434519432, 0.394362545819, 0.101033263249, 0.596930621808, 0.376074175478, 0.79750382003, 0.168601148219, 0.0414820360258, 0.0209510766818, 0.776511139276, 0.219257654599, 0.00327339566819, 0.520243155823, 0.129313404151, 0.183578064362, 0.169312887556, 0.0101280620614, 0.0258239375437, 0.0558047694056, 0.0351369895749, 0.539701501662, 0.266917384188, 2.29389377167
0.437875123586, 0.0421274421276, 0.0337004927719, 0.26128078035, 0.448972428448, 0.000399648718857, 0.0565660761743, 0.0864741954015, 0.325090044051, 0.358593776342, 0.394362545819, 0.181928403832, 0.596930621808, 0.0674341821541, 0.0294285778047, 0.400805633104, 0.362267857683, 0.637367891334, 0.198645208051, 0.318105267014, 0.396726502594, 0.999618892165, 0.129313404151, 0.326706780828, 0.152755434938, 0.407397539684, 0.000294241634536, 0.0428864513565, 0.0351369895749, 0.610227317766, 0.437875123586, 1.81622774583
0.214538788383, 0.178446920347, 0.8820537022, 0.0201623613216, 0.930182258044, 0.00097212514203, 0.0059007123068, 0.449542825917, 0.325090044051, 0.00635734975465, 0.0479589143292, 0.101033263249, 0.0225312222319, 0.376074175478, 0.0730516911231, 0.168601148219, 0.589135165349, 0.3230054682, 0.811829771097, 0.342233030463, 0.596074958878, 0.520243155823, 0.129313404151, 0.326706780828, 0.169312887556, 0.5437206425, 0.313783811895, 0.117746455414, 0.105841414657, 0.107537054733, 0.214538788383, 2.68289609696
0.00386205375387, 0.730679018184, 0.0376804323738, 0.0585825583642, 0.415784088514, 0.965915868892, 0.0264848062139, 0.182657878886, 0.163444059078, 0.243626747666, 0.415962203137, 0.132201193759, 0.0138816198833, 0.0068559606323, 0.680854091941, 0.416300881471, 0.451027719336, 0.184240006745, 0.00177958984376, 0.293903023235, 0.226763306606, 0.622407538523, 0.104128209829, 0.025657029984, 0.0381677803279, 0.155252174229, 0.111052636849, 0.142630888638, 0.550753139191, 0.514750304858, 0.00386205375387, 3.33989450626
1.70774404024e-05, 0.0618626591334, 0.0376804323738, 0.664997715237, 0.930182258044, 0.606564283342, 0.539781840871, 0.625468324103, 0.117624822595, 0.278079767313, 0.415962203137, 0.0303200536798, 0.668390207312, 0.206097447831, 0.454469477826, 0.0352961456323, 0.23450069567, 0.00214064234717, 0.00177958984376, 0.0608070082651, 0.718978687028, 0.634198344342, 0.217938430811, 0.398467693407, 0.973731507251, 0.42623195872, 0.46474742014, 0.281821064811, 0.0508834988926, 0.0781918193696, 1.70774404024e-05, 4.16241428249
0.176527041716, 0.244893781199, 0.0376804323738, 0.664997715237, 0.504594780418, 0.318642290946, 0.209127211975, 0.625468324103, 0.117624822595, 0.216169124878, 0.512574269476, 0.0303200536798, 0.668390207312, 0.206097447831, 0.454469477826, 0.0188721829303, 0.482696206284, 0.19299993929, 0.00177958984376, 0.157606740448, 0.0922663477083, 0.23410607047, 0.110362283779, 0.181572320381, 0.170483557945, 0.0759938338461, 0.772173640571, 0.361131015572, 0.0508834988926, 0.651256779651, 0.176527041716, 2.91805129367
0.130105428147, 0.184385171999, 0.0376804323738, 0.0834178334135, 0.0629794000765, 0.0447410782569, 0.646636821978, 0.0647046630441, 0.566955073786, 0.468149448845, 0.818660407766, 0.214492162901, 0.104093279935, 0.204720789077, 0.436977794661, 0.394686950159, 0.121583428112, 0.647235222122, 0.219421169521, 0.000282653833724, 0.373204241682, 0.496275496465, 0.104128209829, 0.0360172873915, 0.263959840193, 0.25304552675, 0.110840112793, 0.0558047694056, 0.0491427399598, 0.967481758161, 0.130105428147, 2.9240115619
0.646238568322, 0.109816972904, 0.00517649723276, 0.921255229162, 0.333859101099, 0.813368857603, 0.360746747024, 0.0297472215628, 0.169917409949, 0.216169124878, 0.611552562605, 0.00382810387663, 0.0630032199264, 0.167662739386, 0.252078287612, 0.0797569043026, 0.168222531043, 0.002096720454, 0.0059373261819, 0.130429513958, 0.326496147899, 0.23410607047, 0.00623931722759, 0.511561993236, 0.00514510948755, 0.0545564106393, 0.551306840693, 0.169948252337, 0.255143632922, 0.171848576697, 0.646238568322, 1.03432921566
0.130105428147, 0.184385171999, 0.0376804323738, 0.100251721074, 0.1799749673, 0.77500640471, 0.0735048619359, 0.0647046630441, 0.727345949947, 0.468149448845, 0.603266968543, 0.214492162901, 0.01492782017, 0.346900130025, 0.50192510109, 0.333021570824, 0.121583428112, 0.112083152835, 0.124579345199, 0.640459895172, 0.328970992464, 0.657100862612, 0.0968018423258, 0.0360172873915, 0.181631234583, 0.25304552675, 0.029782459572, 0.574602103046, 0.0410041414735, 0.617779484652, 0.130105428147, 3.03887997057
0.130105428147, 0.184385171999, 0.0376804323738, 0.100251721074, 0.1799749673, 0.77500640471, 0.0735048619359, 0.0647046630441, 0.727345949947, 0.468149448845, 0.603266968543, 0.214492162901, 0.01492782017, 0.346900130025, 0.50192510109, 0.333021570824, 0.121583428112, 0.112083152835, 0.124579345199, 0.640459895172, 0.328970992464, 0.657100862612, 0.0968018423258, 0.0360172873915, 0.181631234583, 0.25304552675, 0.029782459572, 0.574602103046, 0.0410041414735, 0.617779484652, 0.130105428147, 3.03887997057
0.646238568322, 0.0421274421276, 0.0337004927719, 0.333578326795, 0.613302644734, 4.03347105984e-05, 0.0565660761743, 0.182657878886, 0.325090044051, 0.274434519432, 0.115192082431, 0.00382810387663, 0.203337598897, 0.376074175478, 0.79750382003, 0.168601148219, 0.280003670653, 0.0115997935177, 0.151225753173, 0.655078436702, 0.235540787896, 0.955937251875, 0.129313404151, 0.326706780828, 0.156647294498, 0.151040860008, 0.0357976905972, 0.0281414794999, 0.0351369895749, 0.610227317766, 0.646238568322, 1.16830589422
0.646238568322, 0.0421274421276, 0.0337004927719, 0.333578326795, 0.613302644734, 4.03347105984e-05, 0.0565660761743, 0.182657878886, 0.325090044051, 0.274434519432, 0.115192082431, 0.00382810387663, 0.203337598897, 0.376074175478, 0.79750382003, 0.168601148219, 0.280003670653, 0.0115997935177, 0.151225753173, 0.655078436702, 0.235540787896, 0.955937251875, 0.129313404151, 0.326706780828, 0.156647294498, 0.151040860008, 0.0357976905972, 0.0281414794999, 0.0351369895749, 0.610227317766, 0.646238568322, 1.16830589422
0.437875123586, 0.0421274421276, 0.0337004927719, 0.333578326795, 0.448972428448, 0.000399648718857, 0.0565660761743, 0.607438152914, 0.325090044051, 0.358593776342, 0.394362545819, 0.143622137667, 0.596930621808, 0.0674341821541, 0.0294285778047, 0.400805633104, 0.362267857683, 0.562680315384, 0.198645208051, 0.318105267014, 0.235540787896, 0.9995340289, 0.129313404151, 0.644429603225, 0.350221036532, 0.151040860008, 0.0357976905972, 0.293359901503, 0.0351369895749, 0.610227317766, 0.437875123586, 2.03746054192
0.421493681756, 0.18622192161, 0.86121748585, 0.106788589852, 0.309060724269, 0.568738930513, 0.153313300067, 0.0710651287712, 0.0771197726642, 0.123679399612, 0.688588609476, 0.250985119173, 0.203337598897, 0.188457142512, 0.74962075152, 0.187299083443, 0.196284956699, 0.142828912701, 0.0760149940941, 0.638535498095, 0.447284288641, 0.496275496465, 0.0317773328607, 0.369117873109, 0.387458866957, 0.532540124911, 0.201745496961, 0.0869404671041, 0.667921998913, 0.254633478525, 0.421493681756, 2.33118625874
0.437875123586, 0.0421274421276, 0.0337004927719, 0.333578326795, 0.448972428448, 0.000399648718857, 0.0565660761743, 0.607438152914, 0.325090044051, 0.358593776342, 0.394362545819, 0.143622137667, 0.596930621808, 0.0674341821541, 0.0294285778047, 0.400805633104, 0.362267857683, 0.562680315384, 0.198645208051, 0.318105267014, 0.235540787896, 0.9995340289, 0.129313404151, 0.644429603225, 0.350221036532, 0.151040860008, 0.0357976905972, 0.293359901503, 0.0351369895749, 0.610227317766, 0.437875123586, 2.03746054192
0.421493681756, 0.18622192161, 0.86121748585, 0.106788589852, 0.309060724269, 0.568738930513, 0.153313300067, 0.0710651287712, 0.0771197726642, 0.123679399612, 0.688588609476, 0.250985119173, 0.203337598897, 0.188457142512, 0.74962075152, 0.187299083443, 0.196284956699, 0.142828912701, 0.0760149940941, 0.638535498095, 0.447284288641, 0.496275496465, 0.0317773328607, 0.369117873109, 0.387458866957, 0.532540124911, 0.201745496961, 0.0869404671041, 0.667921998913, 0.254633478525, 0.421493681756, 2.33118625874
0.130105428147, 0.184385171999, 0.564615159104, 0.100251721074, 0.1799749673, 0.77500640471, 0.646636821978, 0.250385142173, 0.566955073786, 0.126193784288, 0.818660407766, 0.214492162901, 0.0406514931968, 0.0984336098699, 0.436977794661, 0.394686950159, 0.0523903596571, 0.693897347624, 0.219421169521, 0.000282653833724, 0.373204241682, 0.496275496465, 0.268635408656, 0.0360172873915, 0.263959840193, 0.25304552675, 0.00543045677297, 0.0558047694056, 0.116143996403, 0.276114274199, 0.130105428147, 3.05797187098
0.130105428147, 0.184385171999, 0.564615159104, 0.100251721074, 0.1799749673, 0.77500640471, 0.646636821978, 0.250385142173, 0.566955073786, 0.126193784288, 0.818660407766, 0.214492162901, 0.0406514931968, 0.0984336098699, 0.436977794661, 0.394686950159, 0.0523903596571, 0.693897347624, 0.219421169521, 0.000282653833724, 0.373204241682, 0.496275496465, 0.268635408656, 0.0360172873915, 0.263959840193, 0.25304552675, 0.00543045677297, 0.0558047694056, 0.116143996403, 0.276114274199, 0.130105428147, 3.05797187098
0.646238568322, 0.109816972904, 0.564615159104, 0.684245532745, 0.183159975029, 0.475006252014, 0.293527426986, 0.0864741954015, 0.197352856767, 0.216169124878, 0.67737628818, 0.00382810387663, 0.159953974457, 0.566278536982, 0.252078287612, 0.0797569043026, 0.538587943556, 0.0172235802881, 0.0059373261819, 0.130429513958, 0.326496147899, 0.23410607047, 0.129313404151, 0.511561993236, 0.00514510948755, 0.0545564106393, 0.361321855635, 0.169948252337, 0.255143632922, 0.171848576697, 0.646238568322, 1.21005384897
0.646238568322, 0.109816972904, 0.564615159104, 0.684245532745, 0.183159975029, 0.475006252014, 0.293527426986, 0.0864741954015, 0.197352856767, 0.216169124878, 0.67737628818, 0.00382810387663, 0.159953974457, 0.566278536982, 0.252078287612, 0.0797569043026, 0.538587943556, 0.0172235802881, 0.0059373261819, 0.130429513958, 0.326496147899, 0.23410607047, 0.129313404151, 0.511561993236, 0.00514510948755, 0.0545564106393, 0.361321855635, 0.169948252337, 0.255143632922, 0.171848576697, 0.646238568322, 1.21005384897
0.226283349405, 0.731206223989, 0.0301503821171, 0.323556633442, 0.360336988766, 0.333709576786, 0.018404811863, 0.655681782562, 0.172865771989, 0.16503892736, 0.603266968543, 0.143622137667, 0.0406514931968, 0.0466063633352, 0.720601199743, 0.179263051174, 0.214588913915, 0.3898730216, 0.389860049979, 0.83598935411, 0.548408702042, 0.0283596671066, 0.150725905593, 0.360783848948, 0.237241816216, 0.0793982891412, 0.115354599873, 0.424581953296, 0.130974783642, 0.268923287474, 0.226283349405, 2.61866863163
0.226283349405, 0.731206223989, 0.0301503821171, 0.323556633442, 0.360336988766, 0.333709576786, 0.018404811863, 0.655681782562, 0.172865771989, 0.16503892736, 0.603266968543, 0.143622137667, 0.0406514931968, 0.0466063633352, 0.720601199743, 0.179263051174, 0.214588913915, 0.3898730216, 0.389860049979, 0.83598935411, 0.548408702042, 0.0283596671066, 0.150725905593, 0.360783848948, 0.237241816216, 0.0793982891412, 0.115354599873, 0.424581953296, 0.130974783642, 0.268923287474, 0.226283349405, 2.61866863163
0.00386205375387, 0.730679018184, 0.0376804323738, 0.0585825583642, 0.415784088514, 0.965915868892, 0.0264848062139, 0.182657878886, 0.264862188396, 0.243626747666, 0.101132489179, 0.132201193759, 0.0138816198833, 0.0068559606323, 0.680854091941, 0.416300881471, 0.451027719336, 0.219643205308, 0.76300594778, 0.293903023235, 0.226763306606, 0.622407538523, 0.104128209829, 0.025657029984, 0.0381677803279, 0.155252174229, 0.111052636849, 0.142630888638, 0.550753139191, 0.514750304858, 0.00386205375387, 3.51790645213
0.111003468016, 0.0417969966, 0.0100607338184, 0.100251721074, 0.0845692394817, 0.318642290946, 0.623784583308, 0.740850670819, 0.117624822595, 0.278079767313, 0.0317852840057, 0.0303200536798, 0.975426322599, 0.275135149317, 0.892406839234, 0.101750674859, 0.247893319276, 0.0307365510687, 0.00066624501154, 0.219257654599, 0.0547412753278, 0.377977128152, 0.129313404151, 0.269244739489, 0.666567965849, 0.0759938338461, 0.46474742014, 0.967395679831, 0.229644460728, 0.394206145974, 0.111003468016, 3.11116538864
0.0409431466569, 0.184385171999, 0.324143122648, 0.648225621051, 0.0388455718772, 0.565356097181, 0.709150945372, 0.308087228394, 0.566955073786, 0.37104259181, 0.0905860079577, 0.212082027667, 0.088336669957, 0.180201289645, 0.0992521268848, 0.634463262595, 0.519938100993, 0.646760525889, 0.0760149940941, 0.0985885086435, 0.313010566107, 0.412838335009, 0.104128209829, 0.0294607364534, 0.263959840193, 0.25304552675, 0.115354599873, 0.142630888638, 0.180808145406, 0.202744642667, 0.0409431466569, 3.17755138103
0.00386205375387, 0.730679018184, 0.0376804323738, 0.0585825583642, 0.415784088514, 0.965915868892, 0.0264848062139, 0.182657878886, 0.264862188396, 0.243626747666, 0.101132489179, 0.132201193759, 0.0138816198833, 0.0068559606323, 0.680854091941, 0.416300881471, 0.451027719336, 0.219643205308, 0.76300594778, 0.293903023235, 0.226763306606, 0.622407538523, 0.104128209829, 0.025657029984, 0.0381677803279, 0.155252174229, 0.111052636849, 0.142630888638, 0.550753139191, 0.514750304858, 0.00386205375387, 3.51790645213
0.111003468016, 0.0417969966, 0.0100607338184, 0.100251721074, 0.0845692394817, 0.318642290946, 0.623784583308, 0.740850670819, 0.117624822595, 0.278079767313, 0.0317852840057, 0.0303200536798, 0.975426322599, 0.275135149317, 0.892406839234, 0.101750674859, 0.247893319276, 0.0307365510687, 0.00066624501154, 0.219257654599, 0.0547412753278, 0.377977128152, 0.129313404151, 0.269244739489, 0.666567965849, 0.0759938338461, 0.46474742014, 0.967395679831, 0.229644460728, 0.394206145974, 0.111003468016, 3.11116538864
0.0409431466569, 0.184385171999, 0.324143122648, 0.648225621051, 0.0388455718772, 0.565356097181, 0.709150945372, 0.308087228394, 0.566955073786, 0.37104259181, 0.0905860079577, 0.212082027667, 0.088336669957, 0.180201289645, 0.0992521268848, 0.634463262595, 0.519938100993, 0.646760525889, 0.0760149940941, 0.0985885086435, 0.313010566107, 0.412838335009, 0.104128209829, 0.0294607364534, 0.263959840193, 0.25304552675, 0.115354599873, 0.142630888638, 0.180808145406, 0.202744642667, 0.0409431466569, 3.17755138103
0.437875123586, 0.0937318630387, 0.0337004927719, 0.26128078035, 0.448972428448, 0.77500640471, 0.0565660761743, 0.0864741954015, 0.650534456138, 0.358593776342, 0.394362545819, 0.181928403832, 0.596930621808, 0.204720789077, 0.0294285778047, 0.400805633104, 0.362267857683, 0.232873783519, 0.198645208051, 0.318105267014, 0.396726502594, 0.9995340289, 0.129313404151, 0.183578064362, 0.350221036532, 0.0101280620614, 0.0357976905972, 0.428533611147, 0.0351369895749, 0.610227317766, 0.437875123586, 2.06286743021
0.437875123586, 0.0937318630387, 0.0337004927719, 0.26128078035, 0.448972428448, 0.77500640471, 0.0565660761743, 0.0864741954015, 0.650534456138, 0.358593776342, 0.394362545819, 0.181928403832, 0.596930621808, 0.204720789077, 0.0294285778047, 0.400805633104, 0.362267857683, 0.232873783519, 0.198645208051, 0.318105267014, 0.396726502594, 0.9995340289, 0.129313404151, 0.183578064362, 0.350221036532, 0.0101280620614, 0.0357976905972, 0.428533611147, 0.0351369895749, 0.610227317766, 0.437875123586, 2.06286743021
2.993819367e-05, 0.0618626591334, 0.0376804323738, 0.664997715237, 0.792089727616, 0.318642290946, 0.539781840871, 0.839310185176, 0.117624822595, 0.278079767313, 0.382063589759, 0.0303200536798, 0.668390207312, 0.206097447831, 0.454469477826, 0.00213788624472, 0.23450069567, 0.00214064234717, 0.00016758773376, 0.0608070082651, 0.718978687028, 0.634198344342, 0.217938430811, 0.398467693407, 0.138753937034, 0.0759938338461, 0.46474742014, 0.281821064811, 0.0508834988926, 0.0781918193696, 2.993819367e-05, 3.70532328034
2.993819367e-05, 0.0618626591334, 0.0376804323738, 0.664997715237, 0.792089727616, 0.318642290946, 0.539781840871, 0.839310185176, 0.117624822595, 0.278079767313, 0.382063589759, 0.0303200536798, 0.668390207312, 0.206097447831, 0.454469477826, 0.00213788624472, 0.23450069567, 0.00214064234717, 0.00016758773376, 0.0608070082651, 0.718978687028, 0.634198344342, 0.217938430811, 0.398467693407, 0.138753937034, 0.0759938338461, 0.46474742014, 0.281821064811, 0.0508834988926, 0.0781918193696, 2.993819367e-05, 3.70532328034
0.646238568322, 0.109816972904, 0.564615159104, 0.921255229162, 0.183159975029, 0.475006252014, 0.293527426986, 0.0864741954015, 0.197352856767, 0.216169124878, 0.611552562605, 0.00382810387663, 0.0630032199264, 0.8841517316, 0.252078287612, 0.0797569043026, 0.187832804044, 0.0172235802881, 0.0059373261819, 0.130429513958, 0.326496147899, 0.23410607047, 0.129313404151, 0.511561993236, 0.00514510948755, 0.0489790915245, 0.361321855635, 0.169948252337, 0.255143632922, 0.171848576697, 0.646238568322, 1.21870789095
0.646238568322, 0.109816972904, 0.564615159104, 0.921255229162, 0.183159975029, 0.475006252014, 0.293527426986, 0.0864741954015, 0.197352856767, 0.216169124878, 0.611552562605, 0.00382810387663, 0.0630032199264, 0.8841517316, 0.252078287612, 0.0797569043026, 0.187832804044, 0.0172235802881, 0.0059373261819, 0.130429513958, 0.326496147899, 0.23410607047, 0.129313404151, 0.511561993236, 0.00514510948755, 0.0489790915245, 0.361321855635, 0.169948252337, 0.255143632922, 0.171848576697, 0.646238568322, 1.21870789095
0.437875123586, 0.0421274421276, 0.026122691507, 0.333578326795, 0.448972428448, 0.000399648718857, 0.0565660761743, 0.607438152914, 0.325090044051, 0.358593776342, 0.394362545819, 0.143622137667, 0.596930621808, 0.0674341821541, 0.0294285778047, 0.400805633104, 0.362267857683, 0.562680315384, 0.198645208051, 0.318105267014, 0.235540787896, 0.9995340289, 0.129313404151, 0.644429603225, 0.350221036532, 0.151040860008, 0.0357976905972, 0.293359901503, 0.0351369895749, 0.77194580554, 0.437875123586, 2.07711775194
0.437875123586, 0.0421274421276, 0.026122691507, 0.333578326795, 0.448972428448, 0.000399648718857, 0.0565660761743, 0.607438152914, 0.325090044051, 0.358593776342, 0.394362545819, 0.143622137667, 0.596930621808, 0.0674341821541, 0.0294285778047, 0.400805633104, 0.362267857683, 0.562680315384, 0.198645208051, 0.318105267014, 0.235540787896, 0.9995340289, 0.129313404151, 0.644429603225, 0.350221036532, 0.151040860008, 0.0357976905972, 0.293359901503, 0.0351369895749, 0.77194580554, 0.437875123586, 2.07711775194
0.405219755, 0.178446920347, 0.8820537022, 0.0116465065934, 0.518384443855, 0.00097212514203, 0.0059007123068, 0.449542825917, 0.688437441281, 0.00635734975465, 0.0479589143292, 0.101033263249, 0.0225312222319, 0.376074175478, 0.0730516911231, 0.168601148219, 0.581806246502, 0.573091990366, 0.811829771097, 0.342233030463, 0.596074958878, 0.520243155823, 0.129313404151, 0.326706780828, 0.169312887556, 0.203035793776, 0.631093964238, 0.117746455414, 0.105841414657, 0.223586497926, 0.405219755, 2.45160423249
0.266917384188, 0.178446920347, 0.8820537022, 0.491098334708, 0.846526037562, 0.00097212514203, 0.0565660761743, 0.449542825917, 0.325090044051, 0.00635734975465, 0.0678979351124, 0.101033263249, 0.596930621808, 0.504233264036, 0.0730516911231, 0.0775778007814, 0.581806246502, 0.300654225241, 0.776511139276, 0.0757102770797, 0.081829007855, 0.95606182865, 0.0194402995618, 0.326706780828, 0.169312887556, 0.116933921283, 0.0435723620597, 0.196818057404, 0.126628399896, 0.42605983677, 0.266917384188, 2.51790143274
0.405219755, 0.178446920347, 0.8820537022, 0.0116465065934, 0.518384443855, 0.00097212514203, 0.0059007123068, 0.449542825917, 0.688437441281, 0.00635734975465, 0.0479589143292, 0.101033263249, 0.0225312222319, 0.376074175478, 0.0730516911231, 0.168601148219, 0.581806246502, 0.573091990366, 0.811829771097, 0.342233030463, 0.596074958878, 0.520243155823, 0.129313404151, 0.326706780828, 0.169312887556, 0.203035793776, 0.631093964238, 0.117746455414, 0.105841414657, 0.223586497926, 0.405219755, 2.45160423249
0.266917384188, 0.178446920347, 0.8820537022, 0.491098334708, 0.846526037562, 0.00097212514203, 0.0565660761743, 0.449542825917, 0.325090044051, 0.00635734975465, 0.0678979351124, 0.101033263249, 0.596930621808, 0.504233264036, 0.0730516911231, 0.0775778007814, 0.581806246502, 0.300654225241, 0.776511139276, 0.0757102770797, 0.081829007855, 0.95606182865, 0.0194402995618, 0.326706780828, 0.169312887556, 0.116933921283, 0.0435723620597, 0.196818057404, 0.126628399896, 0.42605983677, 0.266917384188, 2.51790143274
0.646238568322, 0.731206223989, 0.0337004927719, 0.333578326795, 0.333859101099, 4.03347105984e-05, 0.0565660761743, 0.655681782562, 0.325090044051, 0.0225276345084, 0.177209740457, 0.00382810387663, 0.203337598897, 0.376074175478, 0.79750382003, 0.168601148219, 0.418929280403, 0.0115997935177, 0.858709422379, 0.0975679817168, 0.235540787896, 0.996748412893, 0.129313404151, 0.326706780828, 0.156647294498, 0.151040860008, 0.0357976905972, 0.0281414794999, 0.0351369895749, 0.376044899267, 0.646238568322, 1.35948847255
0.111003468016, 0.0417969966, 0.0322396638091, 0.664997715237, 0.0845692394817, 0.318642290946, 0.623784583308, 0.0864741954015, 0.117624822595, 0.278079767313, 0.13093905141, 0.0303200536798, 0.975426322599, 0.275135149317, 0.707550485237, 0.181251540314, 0.247893319276, 0.0115997935177, 0.00066624501154, 0.219257654599, 0.904578779269, 0.750091160774, 0.129313404151, 0.160360831331, 0.848603050215, 0.0759938338461, 0.361321855635, 0.437770612555, 0.0508834988926, 0.0576782360312, 0.111003468016, 3.12646975741
0.646238568322, 0.731206223989, 0.0337004927719, 0.333578326795, 0.333859101099, 4.03347105984e-05, 0.0565660761743, 0.655681782562, 0.325090044051, 0.0225276345084, 0.177209740457, 0.00382810387663, 0.203337598897, 0.376074175478, 0.79750382003, 0.168601148219, 0.418929280403, 0.0115997935177, 0.858709422379, 0.0975679817168, 0.235540787896, 0.996748412893, 0.129313404151, 0.326706780828, 0.156647294498, 0.151040860008, 0.0357976905972, 0.0281414794999, 0.0351369895749, 0.376044899267, 0.646238568322, 1.35948847255
0.111003468016, 0.0417969966, 0.0322396638091, 0.664997715237, 0.0845692394817, 0.318642290946, 0.623784583308, 0.0864741954015, 0.117624822595, 0.278079767313, 0.13093905141, 0.0303200536798, 0.975426322599, 0.275135149317, 0.707550485237, 0.181251540314, 0.247893319276, 0.0115997935177, 0.00066624501154, 0.219257654599, 0.904578779269, 0.750091160774, 0.129313404151, 0.160360831331, 0.848603050215, 0.0759938338461, 0.361321855635, 0.437770612555, 0.0508834988926, 0.0576782360312, 0.111003468016, 3.12646975741
0.421493681756, 0.18622192161, 0.86121748585, 0.106788589852, 0.309060724269, 0.568738930513, 0.072608667312, 0.0710651287712, 0.00933055782004, 0.123679399612, 0.918628801078, 0.250985119173, 0.203337598897, 0.188457142512, 0.74962075152, 0.187299083443, 0.196284956699, 0.142828912701, 0.0760149940941, 0.638535498095, 0.447284288641, 0.496275496465, 0.0317773328607, 0.369117873109, 0.957371737342, 0.740710911134, 0.201745496961, 0.0869404671041, 0.0410041414735, 0.254633478525, 0.421493681756, 2.39154850458
0.421493681756, 0.18622192161, 0.86121748585, 0.106788589852, 0.309060724269, 0.568738930513, 0.072608667312, 0.0710651287712, 0.00933055782004, 0.123679399612, 0.918628801078, 0.250985119173, 0.203337598897, 0.188457142512, 0.74962075152, 0.187299083443, 0.196284956699, 0.142828912701, 0.0760149940941, 0.638535498095, 0.447284288641, 0.496275496465, 0.0317773328607, 0.369117873109, 0.957371737342, 0.740710911134, 0.201745496961, 0.0869404671041, 0.0410041414735, 0.254633478525, 0.421493681756, 2.39154850458
0.266917384188, 0.0421274421276, 0.614225793268, 0.143775914075, 0.832297715678, 0.000380546084196, 0.617433119266, 0.044563173514, 0.325090044051, 0.274434519432, 0.394362545819, 0.101033263249, 0.596930621808, 0.376074175478, 0.79750382003, 0.168601148219, 0.0414820360258, 0.0209510766818, 0.776511139276, 0.219257654599, 0.00327339566819, 0.520243155823, 0.129313404151, 0.326706780828, 0.169312887556, 0.407397539684, 0.0141007850999, 0.414490403585, 0.0351369895749, 0.539701501662, 0.266917384188, 2.54245956579
0.266917384188, 0.0421274421276, 0.614225793268, 0.143775914075, 0.832297715678, 0.000380546084196, 0.617433119266, 0.044563173514, 0.325090044051, 0.274434519432, 0.394362545819, 0.101033263249, 0.596930621808, 0.376074175478, 0.79750382003, 0.168601148219, 0.0414820360258, 0.0209510766818, 0.776511139276, 0.219257654599, 0.00327339566819, 0.520243155823, 0.129313404151, 0.326706780828, 0.169312887556, 0.407397539684, 0.0141007850999, 0.414490403585, 0.0351369895749, 0.539701501662, 0.266917384188, 2.54245956579
0.437875123586, 0.0421274421276, 0.0337004927719, 0.734263230743, 0.487213148139, 0.378738430682, 0.0970071039311, 0.0756550844217, 0.325090044051, 0.199431917763, 0.00196468353884, 0.137019063521, 0.596930621808, 0.332044929239, 0.79750382003, 0.19468689458, 0.362267857683, 0.0802578199309, 0.776511139276, 0.515339072908, 0.235540787896, 0.969867659797, 0.129313404151, 0.326706780828, 0.169312887556, 0.349713664575, 0.0357976905972, 0.196818057404, 0.0329508648283, 0.342976641732, 0.437875123586, 2.08671183446
0.646238568322, 0.0842225293782, 0.738180366028, 0.921255229162, 0.333859101099, 0.237260683811, 0.985030615148, 0.0864741954015, 0.197352856767, 0.278079767313, 0.611552562605, 0.00382810387663, 0.0630032199264, 0.543921135421, 0.252078287612, 0.0797569043026, 0.187832804044, 0.0172235802881, 0.0632165789432, 0.130429513958, 0.326496147899, 0.634198344342, 0.129313404151, 0.263650442305, 0.00514510948755, 0.0154903117722, 0.361321855635, 0.169948252337, 0.255143632922, 0.171848576697, 0.646238568322, 1.3766505631
0.860119813163, 0.393897405991, 0.186089323158, 0.713311161642, 0.27270489498, 0.0447410782569, 0.018404811863, 0.465954739006, 0.124832344283, 0.0467860322231, 0.0317852840057, 0.101033263249, 0.0406514931968, 0.816214171115, 0.71240608265, 0.0568054417467, 0.0338093355484, 0.446143567245, 0.472325661096, 0.0975679817168, 0.645737136008, 0.0926570610015, 0.286446444444, 0.360783848948, 0.943510635626, 0.155505129278, 0.843631589717, 0.149175642887, 0.550753139191, 0.765986549904, 0.860119813163, 1.37657721379
0.437875123586, 0.0421274421276, 0.0337004927719, 0.734263230743, 0.487213148139, 0.378738430682, 0.0970071039311, 0.0756550844217, 0.325090044051, 0.199431917763, 0.00196468353884, 0.137019063521, 0.596930621808, 0.332044929239, 0.79750382003, 0.19468689458, 0.362267857683, 0.0802578199309, 0.776511139276, 0.515339072908, 0.235540787896, 0.969867659797, 0.129313404151, 0.326706780828, 0.169312887556, 0.349713664575, 0.0357976905972, 0.196818057404, 0.0329508648283, 0.342976641732, 0.437875123586, 2.08671183446
0.646238568322, 0.0842225293782, 0.738180366028, 0.921255229162, 0.333859101099, 0.237260683811, 0.985030615148, 0.0864741954015, 0.197352856767, 0.278079767313, 0.611552562605, 0.00382810387663, 0.0630032199264, 0.543921135421, 0.252078287612, 0.0797569043026, 0.187832804044, 0.0172235802881, 0.0632165789432, 0.130429513958, 0.326496147899, 0.634198344342, 0.129313404151, 0.263650442305, 0.00514510948755, 0.0154903117722, 0.361321855635, 0.169948252337, 0.255143632922, 0.171848576697, 0.646238568322, 1.3766505631
0.860119813163, 0.393897405991, 0.186089323158, 0.713311161642, 0.27270489498, 0.0447410782569, 0.018404811863, 0.465954739006, 0.124832344283, 0.0467860322231, 0.0317852840057, 0.101033263249, 0.0406514931968, 0.816214171115, 0.71240608265, 0.0568054417467, 0.0338093355484, 0.446143567245, 0.472325661096, 0.0975679817168, 0.645737136008, 0.0926570610015, 0.286446444444, 0.360783848948, 0.943510635626, 0.155505129278, 0.843631589717, 0.149175642887, 0.550753139191, 0.765986549904, 0.860119813163, 1.37657721379
2.993819367e-05, 0.0618626591334, 0.0376804323738, 0.664997715237, 0.930182258044, 0.318642290946, 0.539781840871, 0.625468324103, 0.117624822595, 0.278079767313, 0.13093905141, 0.0303200536798, 0.235967302655, 0.206097447831, 0.454469477826, 0.0352961456323, 0.23450069567, 0.00214064234717, 0.76300594778, 0.0608070082651, 0.262201215365, 0.634198344342, 0.217938430811, 0.050393676333, 0.973731507251, 0.0759938338461, 0.46474742014, 0.281821064811, 0.0508834988926, 0.0781918193696, 2.993819367e-05, 3.72603296867
2.993819367e-05, 0.0618626591334, 0.0376804323738, 0.664997715237, 0.930182258044, 0.318642290946, 0.539781840871, 0.625468324103, 0.117624822595, 0.278079767313, 0.13093905141, 0.0303200536798, 0.235967302655, 0.206097447831, 0.454469477826, 0.0352961456323, 0.23450069567, 0.00214064234717, 0.76300594778, 0.0608070082651, 0.262201215365, 0.634198344342, 0.217938430811, 0.050393676333, 0.973731507251, 0.0759938338461, 0.46474742014, 0.281821064811, 0.0508834988926, 0.0781918193696, 2.993819367e-05, 3.72603296867
0.266917384188, 0.0421274421276, 0.614225793268, 0.734263230743, 0.793125847944, 0.000380546084196, 0.680910604675, 0.044563173514, 0.325090044051, 0.274434519432, 0.394362545819, 0.101033263249, 0.596930621808, 0.376074175478, 0.434369080567, 0.455089467764, 0.0414820360258, 0.0209510766818, 0.776511139276, 0.219257654599, 0.00327339566819, 0.520243155823, 0.129313404151, 0.326706780828, 0.169312887556, 0.407397539684, 0.0357976905972, 0.0558047694056, 0.0351369895749, 0.539701501662, 0.266917384188, 2.5966235168
0.646238568322, 0.109816972904, 0.738180366028, 0.921255229162, 0.333859101099, 0.813368857603, 0.876418331636, 0.0297472215628, 0.169917409949, 0.216169124878, 0.611552562605, 0.294604695147, 0.0630032199264, 0.31649367274, 0.252078287612, 0.0797569043026, 0.13790719154, 0.002096720454, 0.0059373261819, 0.130429513958, 0.326496147899, 0.23410607047, 0.00623931722759, 0.511561993236, 0.00514510948755, 0.0545564106393, 0.46474742014, 0.169948252337, 0.255143632922, 0.342083230589, 0.646238568322, 1.45620601496
0.266917384188, 0.0421274421276, 0.614225793268, 0.734263230743, 0.793125847944, 0.000380546084196, 0.680910604675, 0.044563173514, 0.325090044051, 0.274434519432, 0.394362545819, 0.101033263249, 0.596930621808, 0.376074175478, 0.434369080567, 0.455089467764, 0.0414820360258, 0.0209510766818, 0.776511139276, 0.219257654599, 0.00327339566819, 0.520243155823, 0.129313404151, 0.326706780828, 0.169312887556, 0.407397539684, 0.0357976905972, 0.0558047694056, 0.0351369895749, 0.539701501662, 0.266917384188, 2.5966235168
0.646238568322, 0.109816972904, 0.738180366028, 0.921255229162, 0.333859101099, 0.813368857603, 0.876418331636, 0.0297472215628, 0.169917409949, 0.216169124878, 0.611552562605, 0.294604695147, 0.0630032199264, 0.31649367274, 0.252078287612, 0.0797569043026, 0.13790719154, 0.002096720454, 0.0059373261819, 0.130429513958, 0.326496147899, 0.23410607047, 0.00623931722759, 0.511561993236, 0.00514510948755, 0.0545564106393, 0.46474742014, 0.169948252337, 0.255143632922, 0.342083230589, 0.646238568322, 1.45620601496
0.130105428147, 0.184385171999, 0.0376804323738, 0.323556633442, 0.0629794000765, 0.862461264202, 0.646636821978, 0.0202966416338, 0.566955073786, 0.468149448845, 0.818660407766, 0.214744429008, 0.104093279935, 0.204720789077, 0.0491408802841, 0.31695578463, 0.121583428112, 0.647235222122, 0.219421169521, 0.000282653833724, 0.373204241682, 0.496275496465, 0.104128209829, 0.0360172873915, 0.263959840193, 0.25304552675, 0.110840112793, 0.0558047694056, 0.0491427399598, 0.967481758161, 0.130105428147, 3.07790132791
0.646238568322, 0.109816972904, 0.738180366028, 0.921255229162, 0.333859101099, 0.26180291456, 0.920814748982, 0.0864741954015, 0.197352856767, 0.216169124878, 0.611552562605, 0.00382810387663, 0.0630032199264, 0.543921135421, 0.252078287612, 0.0797569043026, 0.187832804044, 0.0172235802881, 0.0632165789432, 0.130429513958, 0.326496147899, 0.23410607047, 0.129313404151, 0.511561993236, 0.00514510948755, 0.0154903117722, 0.361321855635, 0.169948252337, 0.255143632922, 0.781556478302, 0.646238568322, 1.46993060482
0.226283349405, 0.731206223989, 0.758629900142, 0.323556633442, 0.442065423822, 0.333709576786, 0.0328754647241, 0.45119085826, 0.0853091287092, 0.16503892736, 0.603266968543, 0.13096098413, 0.0406514931968, 0.0203687895584, 0.246445547563, 0.303305160164, 0.0913466326398, 0.241662454786, 0.389860049979, 0.0975679817168, 0.328970992464, 0.130163603964, 0.3908570803, 0.360783848948, 0.237241816216, 0.08363610454, 0.905029298673, 0.149175642887, 0.236535693761, 0.843866804767, 0.226283349405, 2.74264761926
0.130105428147, 0.184385171999, 0.0376804323738, 0.323556633442, 0.0629794000765, 0.862461264202, 0.646636821978, 0.0202966416338, 0.566955073786, 0.468149448845, 0.818660407766, 0.214744429008, 0.104093279935, 0.204720789077, 0.0491408802841, 0.31695578463, 0.121583428112, 0.647235222122, 0.219421169521, 0.000282653833724, 0.373204241682, 0.496275496465, 0.104128209829, 0.0360172873915, 0.263959840193, 0.25304552675, 0.110840112793, 0.0558047694056, 0.0491427399598, 0.967481758161, 0.130105428147, 3.07790132791
0.646238568322, 0.109816972904, 0.738180366028, 0.921255229162, 0.333859101099, 0.26180291456, 0.920814748982, 0.0864741954015, 0.197352856767, 0.216169124878, 0.611552562605, 0.00382810387663, 0.0630032199264, 0.543921135421, 0.252078287612, 0.0797569043026, 0.187832804044, 0.0172235802881, 0.0632165789432, 0.130429513958, 0.326496147899, 0.23410607047, 0.129313404151, 0.511561993236, 0.00514510948755, 0.0154903117722, 0.361321855635, 0.169948252337, 0.255143632922, 0.781556478302, 0.646238568322, 1.46993060482
0.226283349405, 0.731206223989, 0.758629900142, 0.323556633442, 0.442065423822, 0.333709576786, 0.0328754647241, 0.45119085826, 0.0853091287092, 0.16503892736, 0.603266968543, 0.13096098413, 0.0406514931968, 0.0203687895584, 0.246445547563, 0.303305160164, 0.0913466326398, 0.241662454786, 0.389860049979, 0.0975679817168, 0.328970992464, 0.130163603964, 0.3908570803, 0.360783848948, 0.237241816216, 0.08363610454, 0.905029298673, 0.149175642887, 0.236535693761, 0.843866804767, 0.226283349405, 2.74264761926
0.437875123586, 0.0937318630387, 0.465086655011, 0.26128078035, 0.448972428448, 0.465004146898, 0.0565660761743, 0.0864741954015, 0.650534456138, 0.358593776342, 0.394362545819, 0.181928403832, 0.596930621808, 0.204720789077, 0.0294285778047, 0.400805633104, 0.362267857683, 0.232873783519, 0.198645208051, 0.318105267014, 0.396726502594, 0.9995340289, 0.129313404151, 0.183578064362, 0.350221036532, 0.0101280620614, 0.0258873097603, 0.428533611147, 0.0351369895749, 0.610227317766, 0.437875123586, 2.0915661707
0.437875123586, 0.0937318630387, 0.465086655011, 0.26128078035, 0.448972428448, 0.465004146898, 0.0565660761743, 0.0864741954015, 0.650534456138, 0.358593776342, 0.394362545819, 0.181928403832, 0.596930621808, 0.204720789077, 0.0294285778047, 0.400805633104, 0.362267857683, 0.232873783519, 0.198645208051, 0.318105267014, 0.396726502594, 0.9995340289, 0.129313404151, 0.183578064362, 0.350221036532, 0.0101280620614, 0.0258873097603, 0.428533611147, 0.0351369895749, 0.610227317766, 0.437875123586, 2.0915661707
0.437875123586, 0.0213752802871, 0.0337004927719, 0.333578326795, 0.64777122793, 0.000399648718857, 0.0565660761743, 0.0864741954015, 0.325090044051, 0.358593776342, 0.394362545819, 0.143622137667, 0.596930621808, 0.0674341821541, 0.0294285778047, 0.400805633104, 0.362267857683, 0.562680315384, 0.198645208051, 0.318105267014, 0.235540787896, 0.9995340289, 0.129313404151, 0.644429603225, 0.350221036532, 0.151040860008, 0.557959135073, 0.602848775737, 0.0351369895749, 0.610227317766, 0.437875123586, 2.16337824468
0.437875123586, 0.0213752802871, 0.0337004927719, 0.333578326795, 0.64777122793, 0.000399648718857, 0.0565660761743, 0.0864741954015, 0.325090044051, 0.358593776342, 0.394362545819, 0.143622137667, 0.596930621808, 0.0674341821541, 0.0294285778047, 0.400805633104, 0.362267857683, 0.562680315384, 0.198645208051, 0.318105267014, 0.235540787896, 0.9995340289, 0.129313404151, 0.644429603225, 0.350221036532, 0.151040860008, 0.557959135073, 0.602848775737, 0.0351369895749, 0.610227317766, 0.437875123586, 2.16337824468
2.993819367e-05, 0.730679018184, 0.420432120597, 0.354623268926, 0.0725609694279, 0.69940702895, 0.961457178074, 0.415255612509, 0.906073245684, 0.093585904114, 0.02732357437, 0.0303200536798, 0.074441362382, 0.461269346729, 0.208780691907, 0.550880416164, 0.343730710201, 0.0221359435751, 0.246144378328, 0.0608070082651, 0.808498824209, 0.55652629769, 0.129313404151, 0.326706780828, 0.232581337024, 0.349713664575, 0.029782459572, 0.133426858905, 0.0250239311834, 0.135662638767, 2.993819367e-05, 3.90862603508
0.437875123586, 0.0421274421276, 0.0337004927719, 0.333578326795, 0.448972428448, 0.000399648718857, 0.00971304999235, 0.0864741954015, 0.325090044051, 0.376400472012, 0.394362545819, 0.143622137667, 0.596930621808, 0.0674341821541, 0.0294285778047, 0.400805633104, 0.362267857683, 0.562680315384, 0.198645208051, 0.318105267014, 0.235540787896, 0.9995340289, 0.129313404151, 0.644429603225, 0.350221036532, 0.151040860008, 0.788754796219, 0.602848775737, 0.0351369895749, 0.610227317766, 0.437875123586, 2.16949797535
0.226283349405, 0.731206223989, 0.189424598541, 0.0834178334135, 0.360336988766, 0.333709576786, 0.018404811863, 0.655681782562, 0.0533861170494, 0.16503892736, 0.603266968543, 0.143622137667, 0.0406514931968, 0.0466063633352, 0.791979649749, 0.303305160164, 0.214588913915, 0.446143567245, 0.389860049979, 0.0975679817168, 0.328970992464, 0.0926570610015, 0.3908570803, 0.767991095933, 0.226295987658, 0.0793982891412, 0.100750271118, 0.424581953296, 0.236535693761, 0.965703824314, 0.226283349405, 2.77719841216
2.993819367e-05, 0.730679018184, 0.420432120597, 0.354623268926, 0.0725609694279, 0.69940702895, 0.961457178074, 0.415255612509, 0.906073245684, 0.093585904114, 0.02732357437, 0.0303200536798, 0.074441362382, 0.461269346729, 0.208780691907, 0.550880416164, 0.343730710201, 0.0221359435751, 0.246144378328, 0.0608070082651, 0.808498824209, 0.55652629769, 0.129313404151, 0.326706780828, 0.232581337024, 0.349713664575, 0.029782459572, 0.133426858905, 0.0250239311834, 0.135662638767, 2.993819367e-05, 3.90862603508
0.437875123586, 0.0421274421276, 0.0337004927719, 0.333578326795, 0.448972428448, 0.000399648718857, 0.00971304999235, 0.0864741954015, 0.325090044051, 0.376400472012, 0.394362545819, 0.143622137667, 0.596930621808, 0.0674341821541, 0.0294285778047, 0.400805633104, 0.362267857683, 0.562680315384, 0.198645208051, 0.318105267014, 0.235540787896, 0.9995340289, 0.129313404151, 0.644429603225, 0.350221036532, 0.151040860008, 0.788754796219, 0.602848775737, 0.0351369895749, 0.610227317766, 0.437875123586, 2.16949797535
0.226283349405, 0.731206223989, 0.189424598541, 0.0834178334135, 0.360336988766, 0.333709576786, 0.018404811863, 0.655681782562, 0.0533861170494, 0.16503892736, 0.603266968543, 0.143622137667, 0.0406514931968, 0.0466063633352, 0.791979649749, 0.303305160164, 0.214588913915, 0.446143567245, 0.389860049979, 0.0975679817168, 0.328970992464, 0.0926570610015, 0.3908570803, 0.767991095933, 0.226295987658, 0.0793982891412, 0.100750271118, 0.424581953296, 0.236535693761, 0.965703824314, 0.226283349405, 2.77719841216
