0.0916365855222, 0.227694873709, 0.0011186033143, 0.150865803511, 0.155424305696, 0.356516374318, 0.130260284771, 0.0166849916377, 0.00881261703358, 0.000416525245336, 0.356180547797, 6.23688129127
0.730740295516, 0.0357864926649, 0.0965166863473, 0.0515218577839, 0.184517688783, 0.108201016601, 0.00683041738323, 0.19582198824, 0.207070260393, 0.0606742636536, 0.964111973633, 5.9740738761
0.0778131886127, 0.0393750884321, 0.0570038602181, 0.0741147022526, 0.0561775313638, 0.64430694931, 0.727806896935, 0.0148425266998, 0.0339518423947, 0.178746077191, 0.290923715439, 7.02852789704
0.0800362358355, 0.459821280646, 0.251934587639, 0.150865803511, 0.310392899301, 0.566004792014, 0.130260284771, 0.224872382629, 0.0876383449744, 0.326785482729, 0.282325990818, 7.52883970342
0.0916365855222, 0.227694873709, 0.0011186033143, 0.150865803511, 0.155424305696, 0.356516374318, 0.130260284771, 0.0166849916377, 0.00881261703358, 0.000416525245336, 0.356180547797, 6.23688129127
0.730740295516, 0.0357864926649, 0.0965166863473, 0.0515218577839, 0.184517688783, 0.108201016601, 0.00683041738323, 0.19582198824, 0.207070260393, 0.0606742636536, 0.964111973633, 5.9740738761
0.0778131886127, 0.0393750884321, 0.0570038602181, 0.0741147022526, 0.0561775313638, 0.64430694931, 0.727806896935, 0.0148425266998, 0.0339518423947, 0.178746077191, 0.290923715439, 7.02852789704
0.0800362358355, 0.459821280646, 0.251934587639, 0.150865803511, 0.310392899301, 0.566004792014, 0.130260284771, 0.224872382629, 0.0876383449744, 0.326785482729, 0.282325990818, 7.52883970342
0.0916365855222, 0.0587426598748, 0.0652934199196, 0.237942954716, 0.155424305696, 0.257377162208, 0.130260284771, 0.0158664313452, 0.0876383449744, 0.298048919276, 0.356180547797, 6.53606980143
0.253649253289, 0.0215500810135, 0.00289151690299, 0.141268397155, 0.155424305696, 0.136437631315, 0.560184211082, 0.0622824557767, 0.00881261703358, 0.0894158448899, 0.642565480057, 6.34930643979
0.0916365855222, 0.0587426598748, 0.0652934199196, 0.237942954716, 0.155424305696, 0.257377162208, 0.130260284771, 0.0158664313452, 0.0876383449744, 0.298048919276, 0.356180547797, 6.53606980143
0.253649253289, 0.0215500810135, 0.00289151690299, 0.141268397155, 0.155424305696, 0.136437631315, 0.560184211082, 0.0622824557767, 0.00881261703358, 0.0894158448899, 0.642565480057, 6.34930643979
0.0800362358355, 0.459821280646, 0.251934587639, 0.547413191377, 0.310392899301, 0.566004792014, 0.130260284771, 0.224872382629, 0.0876383449744, 0.326785482729, 0.282325990818, 7.77355955683
0.0800362358355, 0.459821280646, 0.251934587639, 0.547413191377, 0.310392899301, 0.566004792014, 0.130260284771, 0.224872382629, 0.0876383449744, 0.326785482729, 0.282325990818, 7.77355955683
0.730740295516, 0.0357864926649, 0.0570038602181, 0.0515218577839, 0.204279479845, 0.108201016601, 0.00683041738323, 0.19582198824, 0.498114257384, 0.0606742636536, 0.964111973633, 6.31510886132
0.730740295516, 0.0357864926649, 0.0570038602181, 0.0515218577839, 0.204279479845, 0.108201016601, 0.00683041738323, 0.19582198824, 0.498114257384, 0.0606742636536, 0.964111973633, 6.31510886132
0.0778131886127, 0.0393750884321, 0.0965166863473, 0.025505274152, 0.184517688783, 0.64430694931, 0.727806896935, 0.0148425266998, 0.0429691601789, 0.178746077191, 0.290923715439, 7.13207327879
0.0778131886127, 0.0393750884321, 0.0965166863473, 0.025505274152, 0.184517688783, 0.64430694931, 0.727806896935, 0.0148425266998, 0.0429691601789, 0.178746077191, 0.290923715439, 7.13207327879
0.572919088701, 0.115677038634, 0.117965326384, 0.150865803511, 0.310392899301, 0.248982463463, 0.0958763833931, 0.0622824557767, 0.10753347913, 0.0518204495243, 0.910007793249, 6.37947235197
0.572919088701, 0.115677038634, 0.117965326384, 0.150865803511, 0.310392899301, 0.248982463463, 0.0958763833931, 0.0622824557767, 0.10753347913, 0.0518204495243, 0.910007793249, 6.37947235197
0.0916365855222, 0.284003733354, 0.0652934199196, 0.237942954716, 0.155424305696, 0.0795098995521, 0.305249895645, 0.1232967019, 0.0565507962164, 0.134166075094, 0.356180547797, 6.67456674673
0.0916365855222, 0.284003733354, 0.0652934199196, 0.237942954716, 0.155424305696, 0.0795098995521, 0.305249895645, 0.1232967019, 0.0565507962164, 0.134166075094, 0.356180547797, 6.67456674673
0.0800362358355, 0.971337718168, 0.251934587639, 0.0666484914712, 0.736180266867, 0.0799729828672, 0.130260284771, 0.290446430204, 0.28474498643, 0.326785482729, 0.282325990818, 7.90594513176
0.572919088701, 0.172969129421, 0.215917810646, 0.150865803511, 0.310392899301, 0.248982463463, 0.0565407571499, 0.0622824557767, 0.10753347913, 0.0518204495243, 0.910007793249, 6.50418513249
0.0800362358355, 0.971337718168, 0.251934587639, 0.0666484914712, 0.736180266867, 0.0799729828672, 0.130260284771, 0.290446430204, 0.28474498643, 0.326785482729, 0.282325990818, 7.90594513176
0.572919088701, 0.172969129421, 0.215917810646, 0.150865803511, 0.310392899301, 0.248982463463, 0.0565407571499, 0.0622824557767, 0.10753347913, 0.0518204495243, 0.910007793249, 6.50418513249
0.674373616518, 0.284003733354, 0.0431697418428, 0.237942954716, 0.155424305696, 0.0139176725403, 0.305249895645, 0.0398555755795, 0.0565507962164, 0.259860215897, 0.999999379955, 6.49766672686
0.837909538525, 0.0906591358973, 0.0737073337615, 0.0515218577839, 0.554623651382, 0.0432313798722, 0.348679125608, 0.0276594061311, 0.10753347913, 0.0591406712221, 0.999999985678, 6.4566592782
0.674373616518, 0.284003733354, 0.0431697418428, 0.237942954716, 0.155424305696, 0.0139176725403, 0.305249895645, 0.0398555755795, 0.0565507962164, 0.259860215897, 0.999999379955, 6.49766672686
0.837909538525, 0.0906591358973, 0.0737073337615, 0.0515218577839, 0.554623651382, 0.0432313798722, 0.348679125608, 0.0276594061311, 0.10753347913, 0.0591406712221, 0.999999985678, 6.4566592782
0.0901446720125, 0.115677038634, 0.233211837127, 0.0183473722617, 0.283074573739, 0.566004792014, 0.232343700629, 0.566481204555, 0.00881261703358, 0.24146994145, 0.336461018099, 7.35948856775
0.0901446720125, 0.115677038634, 0.233211837127, 0.0183473722617, 0.283074573739, 0.566004792014, 0.232343700629, 0.566481204555, 0.00881261703358, 0.24146994145, 0.336461018099, 7.35948856775
0.0916365855222, 0.243748536573, 0.0652934199196, 0.237942954716, 0.155424305696, 0.257377162208, 0.130260284771, 0.0158664313452, 0.0876383449744, 0.319714109115, 0.356180547797, 6.74440170532
0.0916365855222, 0.243748536573, 0.0652934199196, 0.237942954716, 0.155424305696, 0.257377162208, 0.130260284771, 0.0158664313452, 0.0876383449744, 0.319714109115, 0.356180547797, 6.74440170532
0.0800362358355, 0.971337718168, 0.251934587639, 0.225640917257, 0.736180266867, 0.0799729828672, 0.130260284771, 0.290446430204, 0.28474498643, 0.326785482729, 0.282325990818, 7.99203111231
0.0800362358355, 0.971337718168, 0.251934587639, 0.225640917257, 0.736180266867, 0.0799729828672, 0.130260284771, 0.290446430204, 0.28474498643, 0.326785482729, 0.282325990818, 7.99203111231
0.572919088701, 0.174200788827, 0.103908392996, 0.150865803511, 0.218928068691, 0.64430694931, 0.00365681531112, 0.0148425266998, 0.10753347913, 0.0320316410833, 0.910007793249, 6.57866800227
0.572919088701, 0.174200788827, 0.103908392996, 0.150865803511, 0.218928068691, 0.64430694931, 0.00365681531112, 0.0148425266998, 0.10753347913, 0.0320316410833, 0.910007793249, 6.57866800227
0.0916365855222, 0.227354499922, 0.0652934199196, 0.237942954716, 0.155424305696, 0.0795098995521, 0.305249895645, 0.1232967019, 0.266559039912, 0.134166075094, 0.356180547797, 6.82071603063
0.0916365855222, 0.227354499922, 0.0652934199196, 0.237942954716, 0.155424305696, 0.0795098995521, 0.305249895645, 0.1232967019, 0.266559039912, 0.134166075094, 0.356180547797, 6.82071603063
0.0800362358355, 0.459821280646, 0.251934587639, 0.237942954716, 0.310392899301, 0.566004792014, 0.130260284771, 0.239625008113, 0.310032722291, 0.949519487843, 0.282325990818, 8.07466466269
0.0800362358355, 0.459821280646, 0.251934587639, 0.237942954716, 0.310392899301, 0.566004792014, 0.130260284771, 0.239625008113, 0.310032722291, 0.949519487843, 0.282325990818, 8.07466466269
0.572919088701, 0.0357864926649, 0.103908392996, 0.150865803511, 0.218928068691, 0.64430694931, 0.00365681531112, 0.0148425266998, 0.10753347913, 0.178746077191, 0.910007793249, 6.58695913037
0.572919088701, 0.0357864926649, 0.103908392996, 0.150865803511, 0.218928068691, 0.64430694931, 0.00365681531112, 0.0148425266998, 0.10753347913, 0.178746077191, 0.910007793249, 6.58695913037
0.0757819490993, 0.115677038634, 0.0652934199196, 0.213788940751, 0.288554402807, 0.770607357537, 0.226468673268, 0.566481204555, 0.00649244779045, 0.394812797419, 0.305189680552, 7.6163415513
0.0757819490993, 0.115677038634, 0.0652934199196, 0.213788940751, 0.288554402807, 0.770607357537, 0.226468673268, 0.566481204555, 0.00649244779045, 0.394812797419, 0.305189680552, 7.6163415513
0.0757819490993, 0.115677038634, 0.0652934199196, 0.213788940751, 0.288554402807, 0.770607357537, 0.226468673268, 0.566481204555, 0.00649244779045, 0.394812797419, 0.305189680552, 7.6163415513
0.0757819490993, 0.115677038634, 0.0652934199196, 0.213788940751, 0.288554402807, 0.770607357537, 0.226468673268, 0.566481204555, 0.00649244779045, 0.394812797419, 0.305189680552, 7.6163415513
0.0800362358355, 0.971337718168, 0.229634523865, 0.225640917257, 0.736180266867, 0.0799729828672, 0.130260284771, 0.290446430204, 0.266559039912, 0.535433795491, 0.282325990818, 8.07975599102
0.0800362358355, 0.971337718168, 0.229634523865, 0.225640917257, 0.736180266867, 0.0799729828672, 0.130260284771, 0.290446430204, 0.266559039912, 0.535433795491, 0.282325990818, 8.07975599102
0.811509186384, 0.115677038634, 0.0570038602181, 0.182098232968, 0.578929750549, 0.108201016601, 0.00683041738323, 0.19582198824, 0.207070260393, 0.0278327599636, 0.999840859802, 6.58217980135
0.811509186384, 0.115677038634, 0.0570038602181, 0.182098232968, 0.578929750549, 0.108201016601, 0.00683041738323, 0.19582198824, 0.207070260393, 0.0278327599636, 0.999840859802, 6.58217980135
0.0916365855222, 0.243748536573, 0.0618099151924, 0.237942954716, 0.434842785526, 0.356516374318, 0.130260284771, 0.1232967019, 0.0876383449744, 0.000564974023523, 0.356180547797, 6.89441251597
0.0916365855222, 0.243748536573, 0.0618099151924, 0.237942954716, 0.434842785526, 0.356516374318, 0.130260284771, 0.1232967019, 0.0876383449744, 0.000564974023523, 0.356180547797, 6.89441251597
0.0916365855222, 0.243748536573, 0.0618099151924, 0.237942954716, 0.434842785526, 0.356516374318, 0.130260284771, 0.1232967019, 0.0876383449744, 0.000564974023523, 0.356180547797, 6.89441251597
0.0916365855222, 0.243748536573, 0.0618099151924, 0.237942954716, 0.434842785526, 0.356516374318, 0.130260284771, 0.1232967019, 0.0876383449744, 0.000564974023523, 0.356180547797, 6.89441251597
0.0901446720125, 0.115677038634, 0.768566253079, 0.476368737012, 0.464745508151, 0.0523782230386, 0.089598411628, 0.566481204555, 0.00881261703358, 0.0507078930333, 0.336461018099, 7.57905667387
0.0901446720125, 0.115677038634, 0.768566253079, 0.476368737012, 0.464745508151, 0.0523782230386, 0.089598411628, 0.566481204555, 0.00881261703358, 0.0507078930333, 0.336461018099, 7.57905667387
0.680365015368, 0.0906591358973, 0.263445901256, 0.0515218577839, 0.554623651382, 0.0139176725403, 0.348679125608, 0.00730775277466, 0.10753347913, 0.0591406712221, 0.999981766024, 6.59924782504
0.680365015368, 0.0906591358973, 0.263445901256, 0.0515218577839, 0.554623651382, 0.0139176725403, 0.348679125608, 0.00730775277466, 0.10753347913, 0.0591406712221, 0.999981766024, 6.59924782504
0.680365015368, 0.0906591358973, 0.263445901256, 0.0515218577839, 0.554623651382, 0.0655198479261, 0.348679125608, 0.00730775277466, 0.10753347913, 0.0591406712221, 0.999981766024, 6.64922130783
0.680365015368, 0.0906591358973, 0.263445901256, 0.0515218577839, 0.554623651382, 0.0655198479261, 0.348679125608, 0.00730775277466, 0.10753347913, 0.0591406712221, 0.999981766024, 6.64922130783
0.0800362358355, 0.830191439886, 0.441504148618, 0.225640917257, 0.999002469899, 0.566004792014, 0.305249895645, 0.290446430204, 0.0297321666933, 0.0162533198609, 0.282325990818, 8.19888054207
0.0800362358355, 0.830191439886, 0.441504148618, 0.225640917257, 0.999002469899, 0.566004792014, 0.305249895645, 0.290446430204, 0.0297321666933, 0.0162533198609, 0.282325990818, 8.19888054207
0.0800362358355, 0.830191439886, 0.441504148618, 0.225640917257, 0.999002469899, 0.566004792014, 0.305249895645, 0.290446430204, 0.0297321666933, 0.0162533198609, 0.282325990818, 8.19888054207
0.0800362358355, 0.830191439886, 0.441504148618, 0.225640917257, 0.999002469899, 0.566004792014, 0.305249895645, 0.290446430204, 0.0297321666933, 0.0162533198609, 0.282325990818, 8.19888054207
0.0901446720125, 0.115677038634, 0.212280146972, 0.0183473722617, 0.283074573739, 0.856152453037, 0.232343700629, 0.65369992484, 0.00881261703358, 0.259860215897, 0.336461018099, 7.60873479678
0.0901446720125, 0.115677038634, 0.212280146972, 0.0183473722617, 0.283074573739, 0.856152453037, 0.232343700629, 0.65369992484, 0.00881261703358, 0.259860215897, 0.336461018099, 7.60873479678
0.572919088701, 0.0357864926649, 0.108559101534, 0.150865803511, 0.218928068691, 0.64430694931, 0.00365681531112, 0.100228864777, 0.10753347913, 0.178746077191, 0.910007793249, 6.67467851208
0.572919088701, 0.0357864926649, 0.108559101534, 0.150865803511, 0.218928068691, 0.64430694931, 0.00365681531112, 0.100228864777, 0.10753347913, 0.178746077191, 0.910007793249, 6.67467851208
0.589892253224, 0.375226505041, 0.212280146972, 0.150865803511, 0.310392899301, 0.256761572621, 0.00978682657047, 0.382299774294, 0.0204152079788, 0.0182515644151, 0.909783366444, 6.84583237255
0.253649253289, 0.3686059305, 0.00584102280707, 0.141268397155, 0.155424305696, 0.337378872291, 0.560184211082, 0.0622824557767, 0.00881261703358, 0.0476471143471, 0.642565480057, 6.86263818827
0.589892253224, 0.375226505041, 0.212280146972, 0.150865803511, 0.310392899301, 0.256761572621, 0.00978682657047, 0.382299774294, 0.0204152079788, 0.0182515644151, 0.909783366444, 6.84583237255
0.253649253289, 0.3686059305, 0.00584102280707, 0.141268397155, 0.155424305696, 0.337378872291, 0.560184211082, 0.0622824557767, 0.00881261703358, 0.0476471143471, 0.642565480057, 6.86263818827
0.0800362358355, 0.830191439886, 0.441504148618, 0.225640917257, 0.999002469899, 0.566004792014, 0.305249895645, 0.473897257854, 0.0297321666933, 0.0162533198609, 0.282325990818, 8.28662744419
0.0800362358355, 0.830191439886, 0.441504148618, 0.225640917257, 0.999002469899, 0.566004792014, 0.305249895645, 0.473897257854, 0.0297321666933, 0.0162533198609, 0.282325990818, 8.28662744419
0.0916365855222, 0.115677038634, 0.582981174342, 0.194782027288, 0.0427666017683, 0.00817419435877, 0.305249895645, 0.1232967019, 0.0565507962164, 0.259860215897, 0.356180547797, 6.90562301063
0.0916365855222, 0.115677038634, 0.582981174342, 0.194782027288, 0.0427666017683, 0.00817419435877, 0.305249895645, 0.1232967019, 0.0565507962164, 0.259860215897, 0.356180547797, 6.90562301063
0.0897019474124, 0.00926022180923, 0.597596221044, 0.380859661015, 0.64020444822, 0.128014703762, 0.106178628858, 0.053459750669, 0.0565507962164, 0.751123683136, 0.331116134551, 7.66075211876
0.0897019474124, 0.00926022180923, 0.597596221044, 0.380859661015, 0.64020444822, 0.128014703762, 0.106178628858, 0.053459750669, 0.0565507962164, 0.751123683136, 0.331116134551, 7.66075211876
0.0800362358355, 0.971337718168, 0.251934587639, 0.225640917257, 0.736180266867, 0.0799729828672, 0.945405857395, 0.861651102423, 0.0565507962164, 0.535433795491, 0.282325990818, 8.62691305971
0.0800362358355, 0.971337718168, 0.251934587639, 0.225640917257, 0.736180266867, 0.0799729828672, 0.945405857395, 0.861651102423, 0.0565507962164, 0.535433795491, 0.282325990818, 8.62691305971
0.572919088701, 0.0393750884321, 0.215917810646, 0.150865803511, 0.155424305696, 0.363428567033, 0.0958763833931, 0.474755730565, 0.10753347913, 0.0606742636536, 0.910007793249, 6.78148336356
0.572919088701, 0.0393750884321, 0.215917810646, 0.150865803511, 0.155424305696, 0.363428567033, 0.0958763833931, 0.474755730565, 0.10753347913, 0.0606742636536, 0.910007793249, 6.78148336356
0.0897019474124, 0.772861666682, 0.0652934199196, 0.159936577792, 0.434842785526, 0.770607357537, 0.232343700629, 0.00159623660712, 0.00649244779045, 0.394812797419, 0.331116134551, 7.73058155543
0.0897019474124, 0.772861666682, 0.0652934199196, 0.159936577792, 0.434842785526, 0.770607357537, 0.232343700629, 0.00159623660712, 0.00649244779045, 0.394812797419, 0.331116134551, 7.73058155543
0.0901446720125, 0.699683521163, 0.207446793707, 0.751337251719, 0.64020444822, 0.128014703762, 0.124092468391, 0.053459750669, 0.0565507962164, 0.0243837175491, 0.336461018099, 7.63678717668
0.0901446720125, 0.699683521163, 0.207446793707, 0.751337251719, 0.64020444822, 0.128014703762, 0.124092468391, 0.053459750669, 0.0565507962164, 0.0243837175491, 0.336461018099, 7.63678717668
0.0757819490993, 0.978948647374, 0.212280146972, 0.213788940751, 0.155424305696, 0.770607357537, 0.232343700629, 0.566481204555, 0.00881261703358, 0.0979806513628, 0.305189680552, 7.95788973315
0.0757819490993, 0.978948647374, 0.212280146972, 0.213788940751, 0.155424305696, 0.770607357537, 0.232343700629, 0.566481204555, 0.00881261703358, 0.0979806513628, 0.305189680552, 7.95788973315
0.0778131886127, 0.936887792453, 0.384520449731, 0.0119922919743, 0.924476432194, 0.522197863685, 0.207890955624, 0.0622824557767, 0.0429691601789, 0.590340388937, 0.290923715439, 8.18828851575
0.0778131886127, 0.936887792453, 0.384520449731, 0.0119922919743, 0.924476432194, 0.522197863685, 0.207890955624, 0.0622824557767, 0.0429691601789, 0.590340388937, 0.290923715439, 8.18828851575
