0.0800362358355, 0.0401406274609, 0.117965326384, 0.0125285588958, 0.353638251419, 0.108201016601, 0.130260284771, 0.0175301746776, 0.0228770362613, 0.120677332877, 0.282325990818, 6.08115086159
0.572919088701, 0.115677038634, 0.023543933904, 0.0125285588958, 0.0158638068844, 0.108201016601, 0.0586587946823, 0.0622824557767, 0.0410849196885, 0.0518204495243, 0.910007793249, 5.19177647977
0.0778131886127, 0.000565355900822, 0.023543933904, 0.000906841414613, 0.0561775313638, 0.108201016601, 0.130260284771, 0.000102920374911, 0.0316817829731, 0.120677332877, 0.290923715439, 5.2912450685
0.0800362358355, 0.0401406274609, 0.117965326384, 0.0125285588958, 0.353638251419, 0.108201016601, 0.130260284771, 0.0175301746776, 0.0228770362613, 0.120677332877, 0.282325990818, 6.08115086159
0.572919088701, 0.115677038634, 0.023543933904, 0.0125285588958, 0.0158638068844, 0.108201016601, 0.0586587946823, 0.0622824557767, 0.0410849196885, 0.0518204495243, 0.910007793249, 5.19177647977
0.0778131886127, 0.000565355900822, 0.023543933904, 0.000906841414613, 0.0561775313638, 0.108201016601, 0.130260284771, 0.000102920374911, 0.0316817829731, 0.120677332877, 0.290923715439, 5.2912450685
0.0916365855222, 0.0594497479665, 0.0011186033143, 0.0515218577839, 0.0561775313638, 0.00145449845516, 0.0859493720315, 0.0622824557767, 0.168428442236, 0.0518204495243, 0.356180547797, 5.42732299694
0.0916365855222, 0.0594497479665, 0.0011186033143, 0.0515218577839, 0.0561775313638, 0.00145449845516, 0.0859493720315, 0.0622824557767, 0.168428442236, 0.0518204495243, 0.356180547797, 5.42732299694
0.0800362358355, 0.00166612109613, 0.117965326384, 0.56262577361, 0.0561775313638, 0.236424295954, 0.1269586175, 0.290446430204, 0.0228770362613, 0.120677332877, 0.282325990818, 6.77276517503
0.0800362358355, 0.00166612109613, 0.117965326384, 0.56262577361, 0.0561775313638, 0.236424295954, 0.1269586175, 0.290446430204, 0.0228770362613, 0.120677332877, 0.282325990818, 6.77276517503
0.0374823772359, 0.000565355900822, 0.117965326384, 0.0307574949683, 0.0561775313638, 0.0619768607853, 0.130260284771, 0.000102920374911, 0.0316817829731, 0.120677332877, 0.935562434408, 5.31525994351
0.0374823772359, 0.000565355900822, 0.117965326384, 0.0307574949683, 0.0561775313638, 0.0619768607853, 0.130260284771, 0.000102920374911, 0.0316817829731, 0.120677332877, 0.935562434408, 5.31525994351
0.0916365855222, 0.0357864926649, 0.117965326384, 0.0515218577839, 0.0293926876018, 0.00145449845516, 0.0859493720315, 0.19582198824, 0.207070260393, 0.021054415789, 0.356180547797, 5.80736779673
0.0916365855222, 0.0357864926649, 0.117965326384, 0.0515218577839, 0.0293926876018, 0.00145449845516, 0.0859493720315, 0.19582198824, 0.207070260393, 0.021054415789, 0.356180547797, 5.80736779673
0.0800362358355, 0.0401406274609, 0.117965326384, 0.228210987025, 0.353638251419, 0.0619768607853, 0.618998393721, 0.0175301746776, 0.0228770362613, 0.120677332877, 0.282325990818, 6.81585567624
0.0800362358355, 0.0401406274609, 0.117965326384, 0.228210987025, 0.353638251419, 0.0619768607853, 0.618998393721, 0.0175301746776, 0.0228770362613, 0.120677332877, 0.282325990818, 6.81585567624
0.0778131886127, 0.0313699642506, 0.0570038602181, 0.00529647060041, 0.0561775313638, 0.505688401119, 0.130260284771, 0.124579056751, 0.0162012382439, 0.120677332877, 0.290923715439, 6.24295080053
0.0778131886127, 0.0313699642506, 0.0570038602181, 0.00529647060041, 0.0561775313638, 0.505688401119, 0.130260284771, 0.124579056751, 0.0162012382439, 0.120677332877, 0.290923715439, 6.24295080053
0.572919088701, 0.00179842453649, 0.117965326384, 0.150865803511, 0.0158638068844, 0.108201016601, 0.0208011865576, 0.0622824557767, 0.10753347913, 0.0518204495243, 0.910007793249, 5.49559717963
0.572919088701, 0.00179842453649, 0.117965326384, 0.150865803511, 0.0158638068844, 0.108201016601, 0.0208011865576, 0.0622824557767, 0.10753347913, 0.0518204495243, 0.910007793249, 5.49559717963
0.403463424184, 0.172969129421, 0.0341548597663, 0.150865803511, 0.250977607575, 0.107226848324, 0.0565407571499, 0.00736386865932, 0.10753347913, 0.0518204495243, 0.834968824846, 6.00164942824
0.0916365855222, 0.187164932267, 0.0248867374591, 0.101379818069, 0.310392899301, 0.0674678300579, 0.055113171643, 0.0622824557767, 0.050499397723, 0.0518204495243, 0.356180547797, 6.05559866725
0.403463424184, 0.172969129421, 0.0341548597663, 0.150865803511, 0.250977607575, 0.107226848324, 0.0565407571499, 0.00736386865932, 0.10753347913, 0.0518204495243, 0.834968824846, 6.00164942824
0.0916365855222, 0.187164932267, 0.0248867374591, 0.101379818069, 0.310392899301, 0.0674678300579, 0.055113171643, 0.0622824557767, 0.050499397723, 0.0518204495243, 0.356180547797, 6.05559866725
0.0800362358355, 0.0401406274609, 0.117965326384, 0.482694847471, 0.234683927869, 0.236424295954, 0.1269586175, 0.290446430204, 0.0228770362613, 0.120677332877, 0.282325990818, 6.89791755636
0.0800362358355, 0.0401406274609, 0.117965326384, 0.482694847471, 0.234683927869, 0.236424295954, 0.1269586175, 0.290446430204, 0.0228770362613, 0.120677332877, 0.282325990818, 6.89791755636
0.66459461808, 0.0401406274609, 0.0011186033143, 0.0515218577839, 0.234683927869, 0.00145449845516, 0.0265351144487, 0.0622824557767, 0.168428442236, 0.0518204495243, 0.999999999752, 5.46673747392
0.66459461808, 0.0401406274609, 0.0011186033143, 0.0515218577839, 0.234683927869, 0.00145449845516, 0.0265351144487, 0.0622824557767, 0.168428442236, 0.0518204495243, 0.999999999752, 5.46673747392
0.572919088701, 0.115677038634, 0.117965326384, 0.000906841414613, 0.0158638068844, 0.108201016601, 0.0586587946823, 0.0622824557767, 0.10753347913, 0.0518204495243, 0.910007793249, 5.49891530692
0.572919088701, 0.115677038634, 0.117965326384, 0.000906841414613, 0.0158638068844, 0.108201016601, 0.0586587946823, 0.0622824557767, 0.10753347913, 0.0518204495243, 0.910007793249, 5.49891530692
0.0778131886127, 0.0313699642506, 0.0570038602181, 0.328418418867, 0.0561775313638, 0.505688401119, 0.130260284771, 0.00560760392191, 0.00398064568049, 0.120677332877, 0.290923715439, 6.46928185743
0.0778131886127, 0.0313699642506, 0.0570038602181, 0.328418418867, 0.0561775313638, 0.505688401119, 0.130260284771, 0.00560760392191, 0.00398064568049, 0.120677332877, 0.290923715439, 6.46928185743
0.572919088701, 0.0424081815831, 0.117965326384, 0.150865803511, 0.0158638068844, 0.108201016601, 0.0586587946823, 0.0622824557767, 0.10753347913, 0.0518204495243, 0.910007793249, 5.63584190941
0.572919088701, 0.0424081815831, 0.117965326384, 0.150865803511, 0.0158638068844, 0.108201016601, 0.0586587946823, 0.0622824557767, 0.10753347913, 0.0518204495243, 0.910007793249, 5.63584190941
0.0800362358355, 0.0425129417614, 0.251934587639, 0.367963803481, 0.0212025493857, 0.374506280771, 0.130260284771, 0.224872382629, 0.0869039039399, 0.326785482729, 0.282325990818, 7.02973865599
0.0800362358355, 0.0425129417614, 0.251934587639, 0.367963803481, 0.0212025493857, 0.374506280771, 0.130260284771, 0.224872382629, 0.0869039039399, 0.326785482729, 0.282325990818, 7.02973865599
0.0778131886127, 0.000565355900822, 0.0570038602181, 0.228210987025, 0.0451339848927, 0.64430694931, 0.130260284771, 0.000102920374911, 0.0316817829731, 0.120677332877, 0.290923715439, 6.48995514754
0.0778131886127, 0.000565355900822, 0.0570038602181, 0.228210987025, 0.0451339848927, 0.64430694931, 0.130260284771, 0.000102920374911, 0.0316817829731, 0.120677332877, 0.290923715439, 6.48995514754
0.730740295516, 0.0357864926649, 0.0192006019835, 0.150865803511, 0.0988465353508, 0.108201016601, 0.00683041738323, 0.0166849916377, 0.208830617185, 0.0606742636536, 0.964111973633, 5.60160089552
0.730740295516, 0.0357864926649, 0.0192006019835, 0.150865803511, 0.0988465353508, 0.108201016601, 0.00683041738323, 0.0166849916377, 0.208830617185, 0.0606742636536, 0.964111973633, 5.60160089552
0.0778131886127, 0.000565355900822, 0.0151376298478, 0.228210987025, 0.0561775313638, 0.64430694931, 0.199776619209, 0.00560760392191, 0.0316817829731, 0.120677332877, 0.290923715439, 6.53776306197
0.0778131886127, 0.000565355900822, 0.0151376298478, 0.228210987025, 0.0561775313638, 0.64430694931, 0.199776619209, 0.00560760392191, 0.0316817829731, 0.120677332877, 0.290923715439, 6.53776306197
0.0800362358355, 0.0970211129504, 0.251934587639, 0.367963803481, 0.0212025493857, 0.374506280771, 0.130260284771, 0.519027000791, 0.0876383449744, 0.326785482729, 0.282325990818, 7.30032107728
0.0800362358355, 0.0970211129504, 0.251934587639, 0.367963803481, 0.0212025493857, 0.374506280771, 0.130260284771, 0.519027000791, 0.0876383449744, 0.326785482729, 0.282325990818, 7.30032107728
0.100697366299, 0.284003733354, 0.0597076483311, 0.0123428661479, 0.155424305696, 0.0795098995521, 0.18118146337, 0.0364991339869, 0.0516955217606, 0.114466249289, 0.518130267425, 6.11958471941
0.0916365855222, 0.115677038634, 0.016576926225, 0.150865803511, 0.310392899301, 0.00145449845516, 0.055113171643, 0.250343136019, 0.0876383449744, 0.0518204495243, 0.356180547797, 6.22689629508
0.100697366299, 0.284003733354, 0.0597076483311, 0.0123428661479, 0.155424305696, 0.0795098995521, 0.18118146337, 0.0364991339869, 0.0516955217606, 0.114466249289, 0.518130267425, 6.11958471941
0.0916365855222, 0.115677038634, 0.016576926225, 0.150865803511, 0.310392899301, 0.00145449845516, 0.055113171643, 0.250343136019, 0.0876383449744, 0.0518204495243, 0.356180547797, 6.22689629508
0.572919088701, 0.115677038634, 0.251934587639, 0.0515218577839, 0.272619520485, 0.00145449845516, 0.0958763833931, 0.0501665292536, 0.0509124735811, 0.0518204495243, 0.910007793249, 5.98375616634
0.572919088701, 0.115677038634, 0.251934587639, 0.0515218577839, 0.272619520485, 0.00145449845516, 0.0958763833931, 0.0501665292536, 0.0509124735811, 0.0518204495243, 0.910007793249, 5.98375616634
0.572919088701, 0.115677038634, 0.251934587639, 0.0515218577839, 0.272619520485, 0.00145449845516, 0.0958763833931, 0.0501665292536, 0.0509124735811, 0.0518204495243, 0.910007793249, 5.98375616634
0.572919088701, 0.115677038634, 0.251934587639, 0.0515218577839, 0.272619520485, 0.00145449845516, 0.0958763833931, 0.0501665292536, 0.0509124735811, 0.0518204495243, 0.910007793249, 5.98375616634
0.0800362358355, 0.0401406274609, 0.528891322067, 2.55612653366e-05, 0.736180266867, 0.108201016601, 0.130260284771, 0.290446430204, 0.0228770362613, 0.326785482729, 0.282325990818, 7.30573676358
0.0778131886127, 0.0313699642506, 0.0570038602181, 0.0608057429623, 0.0561775313638, 0.64430694931, 0.0958763833931, 0.00560760392191, 0.0509124735811, 0.326785482729, 0.290923715439, 6.56606047157
0.0800362358355, 0.0401406274609, 0.528891322067, 2.55612653366e-05, 0.736180266867, 0.108201016601, 0.130260284771, 0.290446430204, 0.0228770362613, 0.326785482729, 0.282325990818, 7.30573676358
0.0778131886127, 0.0313699642506, 0.0570038602181, 0.0608057429623, 0.0561775313638, 0.64430694931, 0.0958763833931, 0.00560760392191, 0.0509124735811, 0.326785482729, 0.290923715439, 6.56606047157
0.730740295516, 0.0357864926649, 0.0196247097825, 0.00257743248293, 0.195194398148, 0.248982463463, 0.00683041738323, 0.0166849916377, 0.208830617185, 0.0606742636536, 0.964111973633, 5.74944483824
0.968684998316, 0.0357864926649, 0.0196247097825, 0.00257743248293, 0.195194398148, 0.248982463463, 0.00683041738323, 0.0166849916377, 0.208830617185, 0.0606742636536, 0.999382797705, 5.73772038695
0.485054141368, 0.115677038634, 0.117965326384, 0.105910884508, 0.195194398148, 0.025965889215, 0.0346943515493, 0.0622824557767, 0.0542590103313, 0.0441994279599, 0.999933664503, 5.67439464384
0.730740295516, 0.0357864926649, 0.0196247097825, 0.00257743248293, 0.195194398148, 0.248982463463, 0.00683041738323, 0.0166849916377, 0.208830617185, 0.0606742636536, 0.964111973633, 5.74944483824
0.968684998316, 0.0357864926649, 0.0196247097825, 0.00257743248293, 0.195194398148, 0.248982463463, 0.00683041738323, 0.0166849916377, 0.208830617185, 0.0606742636536, 0.999382797705, 5.73772038695
0.485054141368, 0.115677038634, 0.117965326384, 0.105910884508, 0.195194398148, 0.025965889215, 0.0346943515493, 0.0622824557767, 0.0542590103313, 0.0441994279599, 0.999933664503, 5.67439464384
0.403463424184, 0.296216214358, 0.0341548597663, 0.150865803511, 0.250977607575, 0.107226848324, 0.0565407571499, 0.00307559970068, 0.10753347913, 0.0518204495243, 0.834968824846, 6.15923937389
0.403463424184, 0.296216214358, 0.0341548597663, 0.150865803511, 0.250977607575, 0.107226848324, 0.0565407571499, 0.00307559970068, 0.10753347913, 0.0518204495243, 0.834968824846, 6.15923937389
0.730740295516, 0.0357864926649, 0.0192006019835, 0.150865803511, 0.195194398148, 0.108201016601, 0.00683041738323, 0.0166849916377, 0.208830617185, 0.0606742636536, 0.964111973633, 5.76062450143
0.730740295516, 0.0357864926649, 0.0192006019835, 0.150865803511, 0.195194398148, 0.108201016601, 0.00683041738323, 0.0166849916377, 0.208830617185, 0.0606742636536, 0.964111973633, 5.76062450143
0.0800362358355, 0.612254660619, 0.0028700953434, 0.367963803481, 0.644100842205, 0.116109283687, 0.130260284771, 0.11038640008, 0.0364732036038, 0.326785482729, 0.282325990818, 7.42088286791
0.0778131886127, 0.000565355900822, 0.0570038602181, 0.228210987025, 0.0561775313638, 0.64430694931, 0.199776619209, 0.00506866869946, 0.0316817829731, 0.120677332877, 0.290923715439, 6.58137548078
0.0800362358355, 0.612254660619, 0.0028700953434, 0.367963803481, 0.644100842205, 0.116109283687, 0.130260284771, 0.11038640008, 0.0364732036038, 0.326785482729, 0.282325990818, 7.42088286791
0.0778131886127, 0.000565355900822, 0.0570038602181, 0.228210987025, 0.0561775313638, 0.64430694931, 0.199776619209, 0.00506866869946, 0.0316817829731, 0.120677332877, 0.290923715439, 6.58137548078
0.0916365855222, 0.187164932267, 0.0248867374591, 0.150865803511, 0.310392899301, 0.205190084972, 0.055113171643, 0.0622824557767, 0.050499397723, 0.0518204495243, 0.356180547797, 6.29921606519
0.0916365855222, 0.187164932267, 0.0248867374591, 0.150865803511, 0.310392899301, 0.205190084972, 0.055113171643, 0.0622824557767, 0.050499397723, 0.0518204495243, 0.356180547797, 6.29921606519
0.572919088701, 0.0357864926649, 0.117965326384, 0.0515218577839, 0.0293926876018, 0.00145449845516, 0.0958763833931, 0.19582198824, 0.207070260393, 0.234100847611, 0.910007793249, 6.0208578585
0.572919088701, 0.0357864926649, 0.117965326384, 0.0515218577839, 0.0293926876018, 0.00145449845516, 0.0958763833931, 0.19582198824, 0.207070260393, 0.234100847611, 0.910007793249, 6.0208578585
0.0800362358355, 0.0401406274609, 0.714685809708, 2.55612653366e-05, 0.736180266867, 0.108201016601, 0.130260284771, 0.290446430204, 0.00722769905205, 0.326785482729, 0.282325990818, 7.42550789452
0.0778131886127, 0.115677038634, 0.0570038602181, 0.0741147022526, 0.0561775313638, 0.64430694931, 0.130260284771, 0.00560760392191, 0.0544875537431, 0.326785482729, 0.290923715439, 6.70347885486
0.0800362358355, 0.0401406274609, 0.714685809708, 2.55612653366e-05, 0.736180266867, 0.108201016601, 0.130260284771, 0.290446430204, 0.00722769905205, 0.326785482729, 0.282325990818, 7.42550789452
0.0778131886127, 0.115677038634, 0.0570038602181, 0.0741147022526, 0.0561775313638, 0.64430694931, 0.130260284771, 0.00560760392191, 0.0544875537431, 0.326785482729, 0.290923715439, 6.70347885486
0.100697366299, 0.284003733354, 0.00940146297616, 0.0123428661479, 0.310392899301, 0.0795098995521, 0.18118146337, 0.0364991339869, 0.0516955217606, 0.134166075094, 0.518130267425, 6.2780001268
0.0916365855222, 0.0430438479906, 0.016576926225, 0.150865803511, 0.310392899301, 0.145555827624, 0.055113171643, 0.250343136019, 0.0876383449744, 0.0518204495243, 0.356180547797, 6.31509985943
0.100697366299, 0.284003733354, 0.00940146297616, 0.0123428661479, 0.310392899301, 0.0795098995521, 0.18118146337, 0.0364991339869, 0.0516955217606, 0.134166075094, 0.518130267425, 6.2780001268
0.0916365855222, 0.0430438479906, 0.016576926225, 0.150865803511, 0.310392899301, 0.145555827624, 0.055113171643, 0.250343136019, 0.0876383449744, 0.0518204495243, 0.356180547797, 6.31509985943
0.730740295516, 0.0403185576673, 0.0315085651068, 0.0125285588958, 0.195194398148, 0.108201016601, 0.00683041738323, 0.0166849916377, 0.208830617185, 0.292225313078, 0.964111973633, 5.92538439976
0.730740295516, 0.0403185576673, 0.0315085651068, 0.0125285588958, 0.195194398148, 0.108201016601, 0.00683041738323, 0.0166849916377, 0.208830617185, 0.292225313078, 0.964111973633, 5.92538439976
0.0800362358355, 0.612254660619, 0.0259098886741, 0.367963803481, 0.310392899301, 0.566004792014, 0.0337363441248, 0.224872382629, 0.0876383449744, 0.326785482729, 0.282325990818, 7.55928835817
0.0901446720125, 0.0924883746762, 0.233211837127, 0.0183473722617, 0.184517688783, 0.328674495261, 0.232343700629, 0.240929140705, 0.00881261703358, 0.178746077191, 0.336461018099, 6.75100271352
0.0800362358355, 0.612254660619, 0.0259098886741, 0.367963803481, 0.310392899301, 0.566004792014, 0.0337363441248, 0.224872382629, 0.0876383449744, 0.326785482729, 0.282325990818, 7.55928835817
0.0901446720125, 0.0924883746762, 0.233211837127, 0.0183473722617, 0.184517688783, 0.328674495261, 0.232343700629, 0.240929140705, 0.00881261703358, 0.178746077191, 0.336461018099, 6.75100271352
0.485054141368, 0.115677038634, 0.117965326384, 0.150865803511, 0.195194398148, 0.0668098489877, 0.0958763833931, 0.0464069715033, 0.0872180850169, 0.0441994279599, 0.999933664503, 5.92505061318
0.485054141368, 0.115677038634, 0.117965326384, 0.150865803511, 0.195194398148, 0.0668098489877, 0.0958763833931, 0.0464069715033, 0.0872180850169, 0.0441994279599, 0.999933664503, 5.92505061318
0.470694939944, 0.243748536573, 0.0618099151924, 0.150865803511, 0.0135592714846, 0.248982463463, 0.130260284771, 0.073323852814, 0.0137097325557, 5.53723049166e-05, 0.996823930848, 5.94877933728
0.470694939944, 0.243748536573, 0.0618099151924, 0.150865803511, 0.0135592714846, 0.248982463463, 0.130260284771, 0.073323852814, 0.0137097325557, 5.53723049166e-05, 0.996823930848, 5.94877933728
