0.0757819490993, 0.431274192603, 0.212280146972, 0.0183473722617, 0.434842785526, 0.0799729828672, 0.232343700629, 0.566481204555, 0.266559039912, 0.259860215897, 0.305189680552, 7.52273616414
0.0916365855222, 0.243748536573, 0.0652934199196, 0.237942954716, 0.155424305696, 0.356516374318, 0.130260284771, 0.1232967019, 0.0876383449744, 0.000564974023523, 0.356180547797, 6.63377569516
0.572919088701, 0.115677038634, 0.215917810646, 0.150865803511, 0.310392899301, 0.248982463463, 0.0958763833931, 0.0622824557767, 0.10753347913, 0.0672947897125, 0.910007793249, 6.50159943695
0.0800362358355, 0.830191439886, 0.251934587639, 0.225640917257, 0.736180266867, 0.566004792014, 0.130260284771, 0.290446430204, 0.00881261703358, 0.326785482729, 0.282325990818, 8.02839889531
0.0757819490993, 0.431274192603, 0.212280146972, 0.0183473722617, 0.434842785526, 0.0799729828672, 0.232343700629, 0.566481204555, 0.266559039912, 0.259860215897, 0.305189680552, 7.52273616414
0.0916365855222, 0.243748536573, 0.0652934199196, 0.237942954716, 0.155424305696, 0.356516374318, 0.130260284771, 0.1232967019, 0.0876383449744, 0.000564974023523, 0.356180547797, 6.63377569516
0.572919088701, 0.115677038634, 0.215917810646, 0.150865803511, 0.310392899301, 0.248982463463, 0.0958763833931, 0.0622824557767, 0.10753347913, 0.0672947897125, 0.910007793249, 6.50159943695
0.0800362358355, 0.830191439886, 0.251934587639, 0.225640917257, 0.736180266867, 0.566004792014, 0.130260284771, 0.290446430204, 0.00881261703358, 0.326785482729, 0.282325990818, 8.02839889531
0.0800362358355, 0.830191439886, 0.441504148618, 0.225640917257, 0.999002469899, 0.566004792014, 0.305249895645, 0.290446430204, 0.0565507962164, 0.0162533198609, 0.282325990818, 8.21190890385
0.0800362358355, 0.830191439886, 0.441504148618, 0.225640917257, 0.999002469899, 0.566004792014, 0.305249895645, 0.290446430204, 0.0565507962164, 0.0162533198609, 0.282325990818, 8.21190890385
0.572919088701, 0.0906591358973, 0.0737073337615, 0.0515218577839, 0.554623651382, 0.0655198479261, 0.348679125608, 0.0276594061311, 0.10753347913, 0.0591406712221, 0.910007793249, 6.50599486377
0.572919088701, 0.0906591358973, 0.0737073337615, 0.0515218577839, 0.554623651382, 0.0655198479261, 0.348679125608, 0.0276594061311, 0.10753347913, 0.0591406712221, 0.910007793249, 6.50599486377
0.0778131886127, 0.936887792453, 0.631821539153, 0.0183473722617, 0.924476432194, 0.892078245557, 0.551991407345, 0.0622824557767, 0.0429691601789, 0.590340388937, 0.290923715439, 8.62104542567
0.0778131886127, 0.936887792453, 0.631821539153, 0.0183473722617, 0.924476432194, 0.892078245557, 0.551991407345, 0.0622824557767, 0.0429691601789, 0.590340388937, 0.290923715439, 8.62104542567
0.0901446720125, 0.699683521163, 0.597596221044, 0.380859661015, 0.64020444822, 0.128014703762, 0.106178628858, 0.053459750669, 0.0565507962164, 0.00257906752262, 0.336461018099, 7.62431350571
0.0897019474124, 0.115677038634, 0.768566253079, 0.213788940751, 0.434842785526, 0.770607357537, 0.232343700629, 0.566481204555, 0.00881261703358, 0.259860215897, 0.331116134551, 8.02714729197
0.0901446720125, 0.699683521163, 0.597596221044, 0.380859661015, 0.64020444822, 0.128014703762, 0.106178628858, 0.053459750669, 0.0565507962164, 0.00257906752262, 0.336461018099, 7.62431350571
0.0897019474124, 0.115677038634, 0.768566253079, 0.213788940751, 0.434842785526, 0.770607357537, 0.232343700629, 0.566481204555, 0.00881261703358, 0.259860215897, 0.331116134551, 8.02714729197
0.572919088701, 0.0906591358973, 0.215917810646, 0.150865803511, 0.554623651382, 0.0655198479261, 0.197588626355, 0.0276594061311, 0.10753347913, 0.0591406712221, 0.910007793249, 6.59782669714
0.572919088701, 0.0906591358973, 0.215917810646, 0.150865803511, 0.554623651382, 0.0655198479261, 0.197588626355, 0.0276594061311, 0.10753347913, 0.0591406712221, 0.910007793249, 6.59782669714
0.0916365855222, 0.284003733354, 0.0652934199196, 0.237942954716, 0.155424305696, 0.0139176725403, 0.305249895645, 0.1232967019, 0.0565507962164, 0.259860215897, 0.356180547797, 6.73317374896
0.0916365855222, 0.284003733354, 0.0652934199196, 0.237942954716, 0.155424305696, 0.0139176725403, 0.305249895645, 0.1232967019, 0.0565507962164, 0.259860215897, 0.356180547797, 6.73317374896
0.0757819490993, 0.772861666682, 0.0652934199196, 0.213788940751, 0.434842785526, 0.770607357537, 0.232343700629, 0.566481204555, 0.00649244779045, 0.394812797419, 0.305189680552, 8.07402448202
0.0757819490993, 0.772861666682, 0.0652934199196, 0.213788940751, 0.434842785526, 0.770607357537, 0.232343700629, 0.566481204555, 0.00649244779045, 0.394812797419, 0.305189680552, 8.07402448202
0.0901446720125, 0.699683521163, 0.597596221044, 0.751337251719, 0.64020444822, 0.128014703762, 0.106178628858, 0.053459750669, 0.0565507962164, 0.0672947897125, 0.336461018099, 7.88064905587
0.0901446720125, 0.699683521163, 0.597596221044, 0.751337251719, 0.64020444822, 0.128014703762, 0.106178628858, 0.053459750669, 0.0565507962164, 0.0672947897125, 0.336461018099, 7.88064905587
0.0901446720125, 0.699683521163, 0.597596221044, 0.751337251719, 0.64020444822, 0.128014703762, 0.236763154439, 0.0622824557767, 0.0565507962164, 0.0901955334782, 0.336461018099, 7.96933026616
0.0901446720125, 0.699683521163, 0.597596221044, 0.751337251719, 0.64020444822, 0.128014703762, 0.236763154439, 0.0622824557767, 0.0565507962164, 0.0901955334782, 0.336461018099, 7.96933026616
0.0916365855222, 0.3686059305, 0.212280146972, 0.141268397155, 0.155424305696, 0.136437631315, 0.560184211082, 0.0622824557767, 0.266559039912, 0.0672947897125, 0.356180547797, 7.13853296076
0.0916365855222, 0.3686059305, 0.212280146972, 0.141268397155, 0.155424305696, 0.136437631315, 0.560184211082, 0.0622824557767, 0.266559039912, 0.0672947897125, 0.356180547797, 7.13853296076
0.0757819490993, 0.431274192603, 0.212280146972, 0.884644470738, 0.924476432194, 0.328178030953, 0.232343700629, 0.566481204555, 0.266559039912, 0.259860215897, 0.305189680552, 8.38562775417
0.0757819490993, 0.431274192603, 0.212280146972, 0.884644470738, 0.924476432194, 0.328178030953, 0.232343700629, 0.566481204555, 0.266559039912, 0.259860215897, 0.305189680552, 8.38562775417
0.0901446720125, 0.115677038634, 0.768566253079, 0.213788940751, 0.434842785526, 0.770607357537, 0.232343700629, 0.566481204555, 0.00881261703358, 0.259860215897, 0.336461018099, 8.02670353887
0.0901446720125, 0.115677038634, 0.768566253079, 0.213788940751, 0.434842785526, 0.770607357537, 0.232343700629, 0.566481204555, 0.00881261703358, 0.259860215897, 0.336461018099, 8.02670353887
0.0897019474124, 0.606669109589, 0.768566253079, 0.213788940751, 0.434842785526, 0.770607357537, 0.232343700629, 0.566481204555, 0.00881261703358, 0.259860215897, 0.331116134551, 8.27100415882
0.0897019474124, 0.606669109589, 0.768566253079, 0.213788940751, 0.434842785526, 0.770607357537, 0.232343700629, 0.566481204555, 0.00881261703358, 0.259860215897, 0.331116134551, 8.27100415882
0.572919088701, 0.0357864926649, 0.108559101534, 0.150865803511, 0.218928068691, 0.64430694931, 0.0474424526733, 0.0148425266998, 0.10753347913, 0.178746077191, 0.910007793249, 6.63464265178
0.572919088701, 0.0357864926649, 0.108559101534, 0.150865803511, 0.218928068691, 0.64430694931, 0.0474424526733, 0.0148425266998, 0.10753347913, 0.178746077191, 0.910007793249, 6.63464265178
0.0916365855222, 0.3686059305, 0.00584102280707, 0.141268397155, 0.155424305696, 0.337378872291, 0.560184211082, 0.0622824557767, 0.00881261703358, 0.394812797419, 0.356180547797, 7.18825760477
0.0916365855222, 0.3686059305, 0.00584102280707, 0.141268397155, 0.155424305696, 0.337378872291, 0.560184211082, 0.0622824557767, 0.00881261703358, 0.394812797419, 0.356180547797, 7.18825760477
0.0897019474124, 0.936887792453, 0.191429464343, 0.884644470738, 0.924476432194, 0.892078245557, 0.170500415807, 0.0622824557767, 0.0429691601789, 0.107799810887, 0.331116134551, 8.43144748836
0.0897019474124, 0.936887792453, 0.191429464343, 0.884644470738, 0.924476432194, 0.892078245557, 0.170500415807, 0.0622824557767, 0.0429691601789, 0.107799810887, 0.331116134551, 8.43144748836
0.0897019474124, 0.699683521163, 0.271103118121, 0.988275714051, 0.380519199578, 0.248982463463, 0.649447776504, 0.910008745137, 0.0114290718114, 0.0672947897125, 0.331116134551, 8.43749080967
0.0897019474124, 0.699683521163, 0.271103118121, 0.988275714051, 0.380519199578, 0.248982463463, 0.649447776504, 0.910008745137, 0.0114290718114, 0.0672947897125, 0.331116134551, 8.43749080967
0.124656822888, 0.0393750884321, 0.756700661816, 0.0515218577839, 0.184517688783, 0.108201016601, 0.00683041738323, 0.19582198824, 0.207070260393, 0.0606742636536, 0.921094662759, 6.72999263875
0.911693536749, 0.0254030922645, 0.0570038602181, 0.0228094798667, 0.302802686459, 0.245063957898, 0.203545508349, 0.00673718363631, 0.255351012967, 0.437644451188, 0.974604293021, 6.66415337356
0.124656822888, 0.0393750884321, 0.756700661816, 0.0515218577839, 0.184517688783, 0.108201016601, 0.00683041738323, 0.19582198824, 0.207070260393, 0.0606742636536, 0.921094662759, 6.72999263875
0.911693536749, 0.0254030922645, 0.0570038602181, 0.0228094798667, 0.302802686459, 0.245063957898, 0.203545508349, 0.00673718363631, 0.255351012967, 0.437644451188, 0.974604293021, 6.66415337356
0.0897019474124, 0.699683521163, 0.597596221044, 0.989436595009, 0.380519199578, 0.248982463463, 0.264387197754, 0.910008745137, 0.0245725533032, 0.306893339652, 0.331116134551, 8.52224589405
0.0897019474124, 0.699683521163, 0.597596221044, 0.989436595009, 0.380519199578, 0.248982463463, 0.264387197754, 0.910008745137, 0.0245725533032, 0.306893339652, 0.331116134551, 8.52224589405
0.0901446720125, 0.936887792453, 0.743785209056, 0.0183473722617, 0.713847236207, 0.736765323186, 0.170500415807, 0.0622824557767, 0.0429691601789, 0.0100711623209, 0.336461018099, 8.06018989365
0.0901446720125, 0.936887792453, 0.743785209056, 0.0183473722617, 0.713847236207, 0.736765323186, 0.170500415807, 0.0622824557767, 0.0429691601789, 0.0100711623209, 0.336461018099, 8.06018989365
0.0897019474124, 0.699683521163, 0.597596221044, 0.988275714051, 0.380519199578, 0.528834357843, 0.649447776504, 0.910008745137, 0.0245725533032, 0.0672947897125, 0.331116134551, 8.69703149601
0.0897019474124, 0.699683521163, 0.597596221044, 0.988275714051, 0.380519199578, 0.528834357843, 0.649447776504, 0.910008745137, 0.0245725533032, 0.0672947897125, 0.331116134551, 8.69703149601
0.0897019474124, 0.699683521163, 0.597596221044, 0.988275714051, 0.380519199578, 0.528834357843, 0.649447776504, 0.910008745137, 0.0245725533032, 0.0672947897125, 0.331116134551, 8.69703149601
0.0897019474124, 0.699683521163, 0.597596221044, 0.988275714051, 0.380519199578, 0.528834357843, 0.649447776504, 0.910008745137, 0.0245725533032, 0.0672947897125, 0.331116134551, 8.69703149601
0.0897019474124, 0.699683521163, 0.597596221044, 0.988275714051, 0.954238153271, 0.248982463463, 0.649447776504, 0.910008745137, 0.320271936213, 0.0672947897125, 0.331116134551, 8.92182935996
0.0897019474124, 0.699683521163, 0.597596221044, 0.988275714051, 0.954238153271, 0.248982463463, 0.649447776504, 0.910008745137, 0.320271936213, 0.0672947897125, 0.331116134551, 8.92182935996
0.0897019474124, 0.699683521163, 0.597596221044, 0.988275714051, 0.954238153271, 0.248982463463, 0.649447776504, 0.910008745137, 0.320271936213, 0.259860215897, 0.331116134551, 8.99127645359
0.0897019474124, 0.699683521163, 0.597596221044, 0.988275714051, 0.954238153271, 0.248982463463, 0.649447776504, 0.910008745137, 0.320271936213, 0.259860215897, 0.331116134551, 8.99127645359
0.0901446720125, 0.941362698259, 0.743785209056, 0.0183473722617, 0.713847236207, 0.736765323186, 0.170500415807, 0.0622824557767, 0.0429691601789, 0.0100711623209, 0.336461018099, 8.06249642165
0.0901446720125, 0.941362698259, 0.743785209056, 0.0183473722617, 0.713847236207, 0.736765323186, 0.170500415807, 0.0622824557767, 0.0429691601789, 0.0100711623209, 0.336461018099, 8.06249642165
0.0916365855222, 0.0629375928264, 0.0652934199196, 0.141268397155, 0.155424305696, 0.356516374318, 0.90928325955, 0.0575966585174, 0.266559039912, 0.394812797419, 0.356180547797, 7.45701936453
0.0916365855222, 0.0629375928264, 0.0652934199196, 0.141268397155, 0.155424305696, 0.356516374318, 0.90928325955, 0.0575966585174, 0.266559039912, 0.394812797419, 0.356180547797, 7.45701936453
0.589892253224, 0.0393750884321, 0.768566253079, 0.150865803511, 0.412252751427, 0.256761572621, 0.348679125608, 0.382299774294, 0.0507850840162, 0.0182515644151, 0.909783366444, 7.37558166265
0.0916365855222, 0.0629375928264, 0.0652934199196, 0.141268397155, 0.155424305696, 0.356516374318, 0.90928325955, 0.0575966585174, 0.266559039912, 0.394812797419, 0.356180547797, 7.45701936453
0.0916365855222, 0.0629375928264, 0.0652934199196, 0.141268397155, 0.155424305696, 0.356516374318, 0.90928325955, 0.0575966585174, 0.266559039912, 0.394812797419, 0.356180547797, 7.45701936453
0.589892253224, 0.0393750884321, 0.768566253079, 0.150865803511, 0.412252751427, 0.256761572621, 0.348679125608, 0.382299774294, 0.0507850840162, 0.0182515644151, 0.909783366444, 7.37558166265
0.0901446720125, 0.115677038634, 0.768566253079, 0.476368737012, 0.464745508151, 0.770607357537, 0.232343700629, 0.566481204555, 0.00881261703358, 0.0507078930333, 0.336461018099, 8.06989280394
0.0901446720125, 0.115677038634, 0.768566253079, 0.476368737012, 0.464745508151, 0.770607357537, 0.232343700629, 0.566481204555, 0.00881261703358, 0.0507078930333, 0.336461018099, 8.06989280394
0.572919088701, 0.115677038634, 0.215917810646, 0.150865803511, 0.380519199578, 0.248982463463, 0.181711776017, 0.540237320651, 0.00157683669909, 0.00768181695856, 0.910007793249, 6.9370403608
0.572919088701, 0.115677038634, 0.215917810646, 0.150865803511, 0.380519199578, 0.248982463463, 0.181711776017, 0.540237320651, 0.00157683669909, 0.00768181695856, 0.910007793249, 6.9370403608
0.124656822888, 0.0393750884321, 0.59191749022, 0.356151480738, 0.184517688783, 0.108201016601, 0.00018625236079, 0.19582198824, 0.207070260393, 0.0606742636536, 0.921094662759, 6.84951982369
0.124656822888, 0.0393750884321, 0.59191749022, 0.356151480738, 0.184517688783, 0.108201016601, 0.00018625236079, 0.19582198824, 0.207070260393, 0.0606742636536, 0.921094662759, 6.84951982369
0.572919088701, 0.507542481747, 0.108559101534, 0.150865803511, 0.218928068691, 0.64430694931, 0.0474424526733, 0.053459750669, 0.10753347913, 0.178746077191, 0.910007793249, 7.07755281272
0.572919088701, 0.507542481747, 0.108559101534, 0.150865803511, 0.218928068691, 0.64430694931, 0.0474424526733, 0.053459750669, 0.10753347913, 0.178746077191, 0.910007793249, 7.07755281272
0.93689946684, 0.0254030922645, 0.0570038602181, 0.0228094798667, 0.412252751427, 0.245063957898, 0.203545508349, 0.0575966585174, 0.255351012967, 0.437644451188, 0.984928587567, 6.80813730754
0.93689946684, 0.0254030922645, 0.0570038602181, 0.0228094798667, 0.412252751427, 0.245063957898, 0.203545508349, 0.0575966585174, 0.255351012967, 0.437644451188, 0.984928587567, 6.80813730754
0.0901446720125, 0.936887792453, 0.743785209056, 0.0183473722617, 0.789546793071, 0.916830930127, 0.170500415807, 0.0622824557767, 0.0429691601789, 0.107799810887, 0.336461018099, 8.23583649607
0.0901446720125, 0.936887792453, 0.743785209056, 0.0183473722617, 0.789546793071, 0.916830930127, 0.170500415807, 0.0622824557767, 0.0429691601789, 0.107799810887, 0.336461018099, 8.23583649607
0.0901446720125, 0.936887792453, 0.743785209056, 0.0183473722617, 0.789546793071, 0.916830930127, 0.170500415807, 0.0622824557767, 0.0429691601789, 0.107799810887, 0.336461018099, 8.23583649607
0.0901446720125, 0.936887792453, 0.743785209056, 0.0183473722617, 0.789546793071, 0.916830930127, 0.170500415807, 0.0622824557767, 0.0429691601789, 0.107799810887, 0.336461018099, 8.23583649607
0.0704748922476, 0.656146675084, 0.215917810646, 0.169437846829, 0.434842785526, 0.212321625885, 0.255469573942, 0.377453605455, 0.00881261703358, 0.17871702518, 0.368647465143, 7.52174162647
0.0704748922476, 0.656146675084, 0.215917810646, 0.169437846829, 0.434842785526, 0.212321625885, 0.255469573942, 0.377453605455, 0.00881261703358, 0.17871702518, 0.368647465143, 7.52174162647
0.0704748922476, 0.656146675084, 0.215917810646, 0.169437846829, 0.434842785526, 0.212321625885, 0.255469573942, 0.377453605455, 0.00881261703358, 0.17871702518, 0.368647465143, 7.52174162647
0.0704748922476, 0.656146675084, 0.215917810646, 0.169437846829, 0.434842785526, 0.212321625885, 0.255469573942, 0.377453605455, 0.00881261703358, 0.17871702518, 0.368647465143, 7.52174162647
0.207609861407, 0.115677038634, 0.0525154217579, 0.026754710049, 0.238120781841, 0.684461886967, 0.00541169454257, 0.515564152599, 0.255351012967, 0.0955149101337, 0.949854667828, 7.04526121107
0.207609861407, 0.115677038634, 0.0525154217579, 0.026754710049, 0.238120781841, 0.684461886967, 0.00541169454257, 0.515564152599, 0.255351012967, 0.0955149101337, 0.949854667828, 7.04526121107
0.0901446720125, 0.936887792453, 0.191429464343, 0.0183473722617, 0.924476432194, 0.892078245557, 0.170500415807, 0.0622824557767, 0.646067582147, 0.107799810887, 0.336461018099, 8.31173858407
0.0901446720125, 0.936887792453, 0.191429464343, 0.0183473722617, 0.924476432194, 0.892078245557, 0.170500415807, 0.0622824557767, 0.646067582147, 0.107799810887, 0.336461018099, 8.31173858407
0.936047239919, 0.109963480454, 0.0498208315576, 0.602048220763, 0.183215379516, 0.356516374318, 0.232343700629, 0.00503824081874, 0.157051916953, 0.26366327188, 0.984295217992, 7.01236351866
0.936047239919, 0.109963480454, 0.0498208315576, 0.602048220763, 0.183215379516, 0.356516374318, 0.232343700629, 0.00503824081874, 0.157051916953, 0.26366327188, 0.984295217992, 7.01236351866
