2.60103701075, 0.748542151375, 18.3587540035, 7.31185004729, 7.46310596158, 3.89994840608, 5.00364012663, 3006.87627465, 696.267853654
2.61267288874, 0.741640252606, 23.126330552, 7.32677245773, 7.66600794726, 3.89997929465, 5.01095238855, 3817.41594951, 695.110659354
2.60514514313, 0.716640760788, 23.2773226023, 7.32677245773, 7.46310596158, 3.89999820694, 5.03925011512, 3695.06206396, 695.218837227
2.60167082198, 0.710787802379, 17.2213170469, 7.3252800527, 7.38460399908, 3.37883399077, 5.00298691636, 2534.13088438, 1071.96808934
2.6077758522, 0.708580152735, 21.2755403831, 7.3252800527, 7.46310596158, 3.89994840608, 5.03925011512, 3310.99303812, 695.735347596
2.6077758522, 0.797776622244, 22.6978522646, 7.3252800527, 7.46310596158, 3.89994840608, 5.03398845961, 4098.13449577, 694.91344004
2.6077758522, 0.710787802379, 19.8201402825, 7.31123592949, 7.46310596158, 3.89994840608, 5.00477881943, 3073.31323006, 696.111905527
2.60441353638, 0.767633829226, 27.0259206632, 7.31153238986, 7.33729235465, 3.89996343753, 5.02585747453, 4835.78438214, 694.45758854
2.6077758522, 0.797776622244, 25.8264737583, 7.31307097488, 7.46310596158, 3.89994840608, 5.03925011512, 4821.63804749, 694.485766732
2.60441353638, 0.764360069001, 19.8553349791, 7.32246865972, 7.43075951718, 3.89994840608, 5.03398845961, 3346.74120807, 695.697742022
2.6077758522, 0.708936109734, 17.1501206031, 7.32491510332, 7.31637787175, 3.89997561267, 5.0022030613, 2680.94702329, 697.157341047
2.60103701075, 0.785850437393, 23.9429479477, 7.31478646601, 7.47877921465, 3.8999992834, 5.01787153602, 4272.5160872, 694.7442002
2.601959555, 0.701137629987, 20.6530466981, 7.3252800527, 7.98673106837, 3.89999820694, 5.00298691636, 3161.37729927, 695.933057132
2.6077758522, 0.785962709559, 27.0259206632, 7.30158352386, 7.33729235465, 3.89997954669, 5.03925011512, 5010.69067641, 694.380294302
2.60865504274, 0.710787802379, 17.0892412816, 7.32541452449, 7.72828326918, 3.45734615733, 5.01787153602, 2556.41362146, 1000.67508706
2.60441353638, 0.710493651162, 17.7717182206, 7.30267616172, 7.38535881903, 3.89994840608, 5.01787153602, 2779.45967996, 696.84980232
2.62605027693, 0.702276325336, 21.760247218, 7.32456951615, 7.89037982999, 3.89994840608, 5.01095238855, 3359.95195824, 695.663063981
2.60441353638, 0.702808159762, 18.780089235, 7.32677245773, 7.35490049827, 3.89994840608, 5.03925011512, 2902.68455856, 696.551547996
2.62605027693, 0.706919183597, 21.9320930918, 7.30651389645, 7.80319922091, 3.89994840608, 5.10207518044, 3465.82131544, 695.576372766
2.6083996831, 0.741514189353, 23.2773226023, 7.32677245773, 7.35490049827, 3.89999820694, 5.03925011512, 3852.30004217, 695.074467408
2.6077758522, 0.70728363159, 17.0194124378, 7.55733051441, 7.46310596158, 3.8705277115, 5.00298691636, 2653.65894748, 713.552021465
2.6341496719, 0.748542151375, 18.3587540035, 7.30300242996, 7.67127974991, 3.89994840608, 5.01212729483, 3033.54153993, 696.260097306
2.60441353638, 0.77202545112, 17.1501206031, 7.32491510332, 7.38460399908, 3.89997561267, 5.01095238855, 2914.07695411, 696.513358331
2.61744887919, 0.705432877043, 20.9171807261, 7.3103198187, 7.50111406512, 3.89994840608, 5.00137991719, 3222.28298475, 695.841204239
2.60135407311, 0.704495945854, 17.2213170469, 7.31123592949, 7.46310596158, 3.37883399077, 5.00076059119, 2512.24159232, 1072.05557878
2.6077758522, 0.704205486246, 17.1501206031, 7.32541452449, 7.43075951718, 3.89994840608, 5.00477881943, 2668.34628774, 697.227851115
2.6077758522, 0.70728363159, 17.1501206031, 7.3252800527, 7.46310596158, 3.2208120173, 5.00336811654, 2476.28366076, 1237.7489517
2.60103701075, 0.764360069001, 25.8264737583, 7.31053049842, 7.43075951718, 3.89998293049, 5.03398845961, 4536.01925377, 694.594062823
2.60058722308, 0.748542151375, 21.760247218, 7.32677245773, 7.66600794726, 3.89998733363, 5.01095238855, 3593.80205705, 695.33152545
2.60103701075, 0.764360069001, 23.126330552, 7.31478646601, 7.46268920646, 3.8999992834, 5.01787153602, 3953.27298057, 694.972330179
2.62605027693, 0.716640760788, 23.9429479477, 7.32541452449, 7.55018338145, 3.89999842178, 5.03782184602, 3833.96426131, 695.097958269
2.62605027693, 0.716640760788, 18.780089235, 7.32304275456, 7.46310596158, 3.89999022638, 5.01095238855, 2956.00033469, 696.392316514
2.6077758522, 0.738821934272, 27.0259206632, 7.30158352386, 7.33729235465, 3.89997954669, 5.00298691636, 4578.01449458, 694.557000115
2.62605027693, 0.748542151375, 17.1501206031, 7.3252800527, 7.38397223292, 3.89999999906, 5.03925011512, 2853.50777495, 696.721483116
2.60103701075, 0.748542151375, 18.3587540035, 7.31185004729, 7.46310596158, 3.89994840608, 5.00364012663, 3006.87627465, 696.267853654
2.60441353638, 0.705432877043, 22.9066276258, 7.3103198187, 7.35490049827, 3.89994840608, 5.00137991719, 3537.46370296, 695.378781919
2.60301376998, 0.727563243765, 17.9812131667, 7.32677245773, 7.50111406512, 3.89995783014, 5.01095238855, 2871.77188474, 696.608824467
2.61267288874, 0.741640252606, 23.126330552, 7.32677245773, 7.66600794726, 3.89997929465, 5.01095238855, 3817.41594951, 695.110659354
2.64841495855, 0.764360069001, 27.9022900263, 7.32677245773, 7.46268920646, 3.8999992834, 5.01787153602, 5069.77903673, 694.368147773
2.60038750692, 0.702478952735, 20.8000048832, 7.32541452449, 7.46310596158, 3.89994840608, 5.03510009297, 3198.0747249, 695.908075851
2.60514514313, 0.716640760788, 23.2773226023, 7.32677245773, 7.46310596158, 3.89999820694, 5.03925011512, 3695.06206396, 695.218837227
2.60167082198, 0.710787802379, 17.2213170469, 7.3252800527, 7.38460399908, 3.37883399077, 5.00298691636, 2534.13088438, 1071.96808934
2.6077758522, 0.708580152735, 21.2755403831, 7.3252800527, 7.46310596158, 3.89994840608, 5.03925011512, 3310.99303812, 695.735347596
2.6077758522, 0.797776622244, 22.6978522646, 7.3252800527, 7.46310596158, 3.89994840608, 5.03398845961, 4098.13449577, 694.91344004
2.60441353638, 0.716640760788, 17.1501206031, 7.3252800527, 7.50111406512, 3.89999959457, 5.00293200863, 2710.44674526, 697.057059981
2.60441353638, 0.704761496082, 22.76789801, 7.3252800527, 7.35490049827, 3.89994840608, 5.01095238855, 3515.67097615, 695.421280779
2.6077758522, 0.710787802379, 19.8201402825, 7.31123592949, 7.46310596158, 3.89994840608, 5.00477881943, 3073.31323006, 696.111905527
2.60441353638, 0.767633829226, 27.0259206632, 7.31153238986, 7.33729235465, 3.89996343753, 5.02585747453, 4835.78438214, 694.45758854
2.6077758522, 0.797776622244, 25.8264737583, 7.31307097488, 7.46310596158, 3.89994840608, 5.03925011512, 4821.63804749, 694.485766732
2.60441353638, 0.764360069001, 19.8553349791, 7.32246865972, 7.43075951718, 3.89994840608, 5.03398845961, 3346.74120807, 695.697742022
2.6077758522, 0.708936109734, 17.1501206031, 7.32491510332, 7.31637787175, 3.89997561267, 5.0022030613, 2680.94702329, 697.157341047
2.60058722308, 0.748542151375, 27.9013585112, 7.32677245773, 7.66600794726, 3.899973646, 5.01095238855, 4862.18157588, 694.439184725
2.61267288874, 0.716640760788, 17.9812131667, 7.32677245773, 7.50111406512, 3.89994840608, 5.01095238855, 2834.23260429, 696.722942142
2.60103701075, 0.785850437393, 23.9429479477, 7.31478646601, 7.47877921465, 3.8999992834, 5.01787153602, 4272.5160872, 694.7442002
2.60801665322, 0.716640760788, 23.126330552, 7.32541452449, 7.30745348546, 3.89999022638, 5.03782184602, 3666.42702851, 695.250952718
2.601959555, 0.701137629987, 20.6530466981, 7.3252800527, 7.98673106837, 3.89999820694, 5.00298691636, 3161.37729927, 695.933057132
2.6077758522, 0.785962709559, 27.0259206632, 7.30158352386, 7.33729235465, 3.89997954669, 5.03925011512, 5010.69067641, 694.380294302
2.60865504274, 0.710787802379, 17.0892412816, 7.32541452449, 7.72828326918, 3.45734615733, 5.01787153602, 2556.41362146, 1000.67508706
2.60441353638, 0.710493651162, 17.7717182206, 7.30267616172, 7.38535881903, 3.89994840608, 5.01787153602, 2779.45967996, 696.84980232
2.6077758522, 0.716640760788, 17.0409755208, 7.32351331402, 7.56746695212, 3.89999959457, 5.01095238855, 2703.01717876, 697.106744322
2.62605027693, 0.702276325336, 21.760247218, 7.32456951615, 7.89037982999, 3.89994840608, 5.01095238855, 3359.95195824, 695.663063981
2.60441353638, 0.702808159762, 18.780089235, 7.32677245773, 7.35490049827, 3.89994840608, 5.03925011512, 2902.68455856, 696.551547996
2.62605027693, 0.706919183597, 21.9320930918, 7.30651389645, 7.80319922091, 3.89994840608, 5.10207518044, 3465.82131544, 695.576372766
2.6083996831, 0.741514189353, 23.2773226023, 7.32677245773, 7.35490049827, 3.89999820694, 5.03925011512, 3852.30004217, 695.074467408
2.6077758522, 0.70728363159, 17.0194124378, 7.55733051441, 7.46310596158, 3.8705277115, 5.00298691636, 2653.65894748, 713.552021465
2.6341496719, 0.719882585433, 17.1501206031, 7.32677245773, 7.46310596158, 3.5438173502, 5.03925011512, 2639.46801961, 929.023143721
2.6341496719, 0.748542151375, 18.3587540035, 7.30300242996, 7.67127974991, 3.89994840608, 5.01212729483, 3033.54153993, 696.260097306
2.60103701075, 0.764360069001, 17.1501206031, 7.32246865972, 7.43075951718, 3.89994840608, 5.00364012663, 2880.30223265, 696.59543203
2.60441353638, 0.77202545112, 17.1501206031, 7.32491510332, 7.38460399908, 3.89997561267, 5.01095238855, 2914.07695411, 696.513358331
2.61744887919, 0.705432877043, 20.9171807261, 7.3103198187, 7.50111406512, 3.89994840608, 5.00137991719, 3222.28298475, 695.841204239
2.60301376998, 0.727563243765, 17.9812131667, 7.32677245773, 7.35490049827, 3.89994840608, 5.01095238855, 2868.88504065, 696.613874455
2.61267288874, 0.716640760788, 23.126330552, 7.32677245773, 7.66600794726, 3.899973646, 5.01095238855, 3661.4384605, 695.260641875
2.64841495855, 0.764360069001, 27.9022900263, 7.32677245773, 7.46268920646, 3.89999990049, 5.01787153602, 5069.77925574, 694.367818171
2.6077758522, 0.702478952735, 20.8000048832, 7.31856861537, 7.46310596158, 3.89994840608, 5.03510009297, 3202.43668085, 695.902753838
2.60135407311, 0.704495945854, 17.2213170469, 7.31123592949, 7.46310596158, 3.37883399077, 5.00076059119, 2512.24159232, 1072.05557878
2.6077758522, 0.704205486246, 17.1501206031, 7.32541452449, 7.43075951718, 3.89994840608, 5.00477881943, 2668.34628774, 697.227851115
2.60441353638, 0.70606374228, 22.76789801, 7.3252800527, 7.35490049827, 3.89994840608, 5.00140674515, 3517.73752038, 695.412569521
2.6077758522, 0.70728363159, 17.1501206031, 7.3252800527, 7.46310596158, 3.2208120173, 5.00336811654, 2476.28366076, 1237.7489517
2.60441353638, 0.767633829226, 17.0118614103, 7.31153238986, 7.33729235465, 3.89996343753, 5.01012610623, 2874.52752801, 696.603849637
2.60103701075, 0.764360069001, 25.8264737583, 7.31053049842, 7.43075951718, 3.89998293049, 5.03398845961, 4536.01925377, 694.594062823
2.6077758522, 0.748542151375, 27.9013585112, 7.32677245773, 7.46310596158, 3.89994840608, 5.0022030613, 4862.03667078, 694.45266775
2.60058722308, 0.748542151375, 21.760247218, 7.32677245773, 7.66600794726, 3.89998733363, 5.01095238855, 3593.80205705, 695.33152545
2.61267288874, 0.716640760788, 17.9812131667, 7.32677245773, 7.50111406512, 3.89994840608, 5.01095238855, 2834.23260429, 696.722942142
2.60103701075, 0.764360069001, 23.126330552, 7.31478646601, 7.46268920646, 3.8999992834, 5.01787153602, 3953.27298057, 694.972330179
2.62605027693, 0.716640760788, 23.9429479477, 7.32541452449, 7.55018338145, 3.89999842178, 5.03782184602, 3833.96426131, 695.097958269
2.62605027693, 0.716640760788, 18.780089235, 7.32304275456, 7.46310596158, 3.89999022638, 5.01095238855, 2956.00033469, 696.392316514
2.6077758522, 0.738821934272, 27.0259206632, 7.30158352386, 7.33729235465, 3.89997954669, 5.00298691636, 4578.01449458, 694.557000115
2.60441353638, 0.716640760788, 17.0409755208, 7.30267616172, 7.37353794729, 3.89994840608, 5.01787153602, 2701.56234099, 697.11107362
2.62605027693, 0.748542151375, 17.1501206031, 7.3252800527, 7.38397223292, 3.89999999906, 5.03925011512, 2853.50777495, 696.721483116
2.60150494647, 0.707371144624, 22.76789801, 7.32677245773, 7.35490049827, 3.89994840608, 5.01095238855, 3528.81435854, 695.404828188
2.62605027693, 0.706919183597, 23.2773226023, 7.300071165, 7.80319922091, 3.89999820694, 5.03241108148, 3653.75939928, 695.263077596
2.82885033826, 0.70728363159, 17.0194124378, 7.3252800527, 7.46310596158, 3.5438173502, 5.00284282059, 2635.32086375, 929.296569636
