-1, -1, -1, 0.565717771179, -1, -1, 0.887227144065, -1, 0.887227144065, 0.565717771179, -1, -1, -1, 0.426820235009, -1, -1, -1, -1, -1, 0.51013233614, 0.565717771179, 0.619737351646, 0.51013233614, -1, -1, 1, 1, -1, 0.619737351646, 1, -1, -1, 0.887227144065, -1, -1, 1, 0.619737351646, 0.887227144065, 0.887227144065, 0.51013233614, 0.565717771179, 0.426820235009, 0.51013233614, 1, 0.51013233614, 0.51013233614, 0.51013233614, -1, 0.565717771179, -1, 62.9, 78.26, 94.87
-1, 0.887227144065, 1, -1, 0.887227144065, 0.887227144065, -1, 0.887227144065, 0.887227144065, 0.887227144065, -1, 1, -1, -1, 1, 0.887227144065, 1, 0.887227144065, -1, -1, 0.887227144065, 0.887227144065, 0.887227144065, -1, -1, 0.887227144065, -1, 0.887227144065, 0.887227144065, -1, -1, -1, 0.887227144065, -1, 0.887227144065, 1, 0.887227144065, 0.887227144065, -1, -1, -1, -1, -1, 1, 0.887227144065, 0.887227144065, 0.887227144065, 0.887227144065, 0.887227144065, 0.887227144065, 63.98, 91.3, 95.16
-1, -1, 1, -1, -1, 1, 1, 1, -1, -1, -1, 1, -1, -1, 1, 1, 1, 1, -1, -1, -1, 1, -1, 1, -1, 1, 1, 1, -1, 1, -1, -1, -1, 1, -1, 1, -1, -1, -1, -1, -1, -1, 1, 1, -1, -1, 1, 1, 1, -1, 52.15, 47.83, 94.02
-1, -1, 0.848140950606, -1, 0.711721105426, 0.572577618339, -1, -1, -1, -1, -1, -1, 0.983892226863, 0.848140950606, -1, -1, -1, -1, 0.711721105426, 0.848140950606, -1, -1, -1, 1, -1, -1, 1, 1, -1, 0.711721105426, 0.983892226863, -1, 0.711721105426, -1, 1, 0.848140950606, 1, 0.711721105426, -1, -1, -1, 0.572577618339, 0.848140950606, -1, -1, -1, -1, 0.572577618339, 1, 0.848140950606, 47.31, 47.83, 95.16
-1, 1, -1, -1, -1, 0.634831768666, -1, 1, -1, -1, -1, -1, -1, 0.634831768666, 0.983892226863, -1, -1, -1, 0.983892226863, 0.634831768666, 0.557823956138, 0.89722502655, -1, 0.983892226863, 1, 1, -1, -1, -1, 0.983892226863, -1, -1, -1, -1, 1, 0.983892226863, 0.983892226863, 0.89722502655, -1, 1, -1, 0.634831768666, 1, 0.983892226863, -1, -1, -1, -1, -1, -1, 60.22, 86.96, 95.44
0.800522195158, 1, 0.953963076838, -1, -1, -1, 0.953963076838, -1, 0.983892226863, 1, -1, -1, -1, 0.953963076838, 0.565895721296, -1, 0.983892226863, -1, 0.800522195158, 0.953963076838, -1, 0.800522195158, -1, 1, -1, -1, 1, -1, 0.983892226863, 0.800522195158, 0.983892226863, 1, 0.800522195158, -1, 1, 0.953963076838, 1, -1, 0.565895721296, 0.983892226863, -1, -1, 0.953963076838, 0.983892226863, 0.800522195158, -1, -1, 0.983892226863, 1, -1, 50.0, 82.61, 93.73
0.953963076838, -1, -1, 0.761312373173, -1, 0.640762811882, -1, 1, -1, -1, 0.640762811882, -1, -1, -1, -1, -1, -1, -1, -1, -1, -1, -1, -1, 1, 1, -1, -1, 1, 1, -1, 0.983892226863, -1, 1, -1, -1, -1, -1, 0.640762811882, 0.640762811882, 0.983892226863, -1, -1, 1, 0.983892226863, -1, -1, 1, 0.953963076838, -1, -1, 51.08, 43.48, 94.87
-1, 1, -1, -1, -1, -1, 1, 1, -1, 1, -1, -1, -1, -1, -1, 1, -1, -1, -1, -1, -1, -1, -1, 1, 1, 1, 1, 1, 1, -1, 1, 1, 1, -1, 1, -1, 1, -1, -1, 1, 1, -1, 1, -1, -1, -1, 1, -1, 1, -1, 50.54, 69.57, 94.59
-1, 0.372154435022, -1, 0.890034628042, 0.890034628042, -1, -1, -1, -1, 0.890034628042, -1, -1, -1, 0.372154435022, -1, -1, 0.372154435022, -1, -1, 0.372154435022, -1, 1, -1, -1, 1, -1, -1, 0.703222582318, 0.890034628042, -1, 0.703222582318, 1, -1, 0.890034628042, -1, 1, 1, -1, 0.342960806432, 0.890034628042, -1, -1, 0.342960806432, -1, -1, -1, 1, -1, -1, -1, 50.0, 43.48, 91.74
-1, -1, 1, 0.610559401764, 0.410656596703, -1, -1, -1, -1, -1, 0.890034628042, 0.610559401764, 0.610559401764, 0.610559401764, -1, 1, -1, 0.703604781255, -1, -1, 0.610559401764, 1, -1, -1, 1, 1, -1, -1, 0.610559401764, -1, 0.610559401764, 1, 0.610559401764, -1, -1, 0.890034628042, 1, 1, -1, -1, -1, -1, 0.610559401764, 0.890034628042, -1, 0.890034628042, 1, -1, 0.326667193283, 0.610559401764, 61.29, 47.83, 92.02
-1, -1, 1, -1, -1, -1, 1, -1, 1, -1, -1, -1, -1, -1, -1, 1, -1, -1, -1, -1, -1, 1, 1, -1, 1, 1, -1, -1, -1, 1, -1, 1, -1, 1, 1, 1, 1, 1, -1, 1, -1, 1, -1, 1, -1, 1, 1, 1, -1, -1, 61.83, 82.61, 92.31
-1, 0.490011183089, -1, -1, -1, 0.689156161718, -1, -1, -1, 1, 1, 0.490011183089, 0.389791809367, 0.871757646336, -1, 0.490011183089, 0.689156161718, -1, -1, 0.871757646336, -1, -1, -1, -1, 0.871757646336, 0.689156161718, -1, 1, -1, 0.598021481705, -1, -1, -1, 0.871757646336, -1, -1, 1, 1, 1, 0.871757646336, -1, -1, -1, 0.598021481705, 0.689156161718, 0.871757646336, -1, -1, 0.389791809367, 0.871757646336, 52.69, 69.57, 95.73
0.871757646336, 0.547419591507, 0.728832205179, -1, 0.504477299992, -1, 1, 0.728832205179, -1, 1, -1, -1, 0.871757646336, 0.871757646336, 0.871757646336, 0.728832205179, -1, 0.871757646336, -1, 0.871757646336, 0.650045749718, -1, -1, -1, 0.547419591507, -1, -1, 0.728832205179, -1, 0.728832205179, -1, 1, -1, 0.728832205179, 1, -1, -1, 1, 1, 0.504477299992, -1, 0.504477299992, -1, -1, -1, -1, 0.871757646336, -1, -1, 0.871757646336, 61.29, 82.61, 90.88
-1, -1, -1, -1, 1, -1, 1, 1, 1, 1, 1, -1, -1, -1, -1, -1, -1, 1, -1, 1, 1, -1, 1, -1, -1, 1, 1, 1, -1, -1, -1, 1, -1, -1, 1, 1, 1, 1, 1, -1, 1, -1, -1, 1, -1, -1, 1, -1, -1, -1, 68.28, 69.57, 93.73
-1, -1, 0.399067758368, 1, -1, 1, 1, -1, -1, 0.489113206366, -1, -1, 0.489113206366, -1, -1, -1, 1, -1, -1, 0.489113206366, -1, -1, 1, -1, -1, 1, -1, -1, 0.489113206366, -1, 1, 1, -1, 1, 0.882155727597, -1, 0.489113206366, -1, 0.489113206366, -1, -1, -1, -1, 0.350659130068, -1, 1, 1, -1, -1, -1, 43.01, 47.83, 94.59
-1, 1, -1, 1, 0.882155727597, 1, 1, -1, -1, 0.778366012222, -1, 0.778366012222, 0.882155727597, 0.778366012222, 0.778366012222, -1, -1, 0.882155727597, 0.882155727597, -1, -1, -1, 1, -1, 0.882155727597, 1, 1, 1, -1, -1, 1, -1, -1, 1, -1, 1, -1, -1, -1, -1, -1, 1, 1, 0.882155727597, -1, 1, -1, -1, 0.882155727597, 0.882155727597, 51.61, 78.26, 94.87
-1, -1, 0.882155727597, 1, -1, 1, 1, 1, -1, 0.882155727597, 1, 0.882155727597, 0.882155727597, -1, 0.882155727597, 1, 1, 0.882155727597, 0.882155727597, 0.882155727597, -1, -1, -1, -1, -1, 1, 1, -1, -1, -1, 1, 1, 0.882155727597, 1, -1, -1, -1, -1, -1, 0.882155727597, -1, 1, 1, -1, 0.882155727597, 1, -1, 1, 0.882155727597, 0.882155727597, 41.94, 82.61, 94.87
1, 1, -1, 1, -1, 1, 1, 1, 1, -1, 1, -1, -1, -1, -1, 1, 1, -1, -1, -1, -1, -1, 1, 1, -1, 1, 1, 1, -1, 1, 1, 1, -1, 1, -1, 1, -1, 1, -1, -1, -1, 1, 1, -1, -1, 1, 1, 1, -1, -1, 47.85, 43.48, 95.16
0.54249114234, 0.54249114234, -1, 0.54249114234, 1, -1, -1, 1, -1, 0.382022734682, 1, -1, -1, 1, -1, -1, -1, -1, 1, -1, 0.781402031485, 0.54249114234, 1, 1, 0.781402031485, 0.781402031485, 0.781402031485, -1, 0.382022734682, -1, -1, 1, 1, 1, 1, 1, 0.781402031485, -1, 1, -1, -1, -1, -1, -1, -1, 1, -1, 1, 0.781402031485, 0.781402031485, 58.6, 69.57, 92.31
-1, -1, -1, -1, 1, -1, -1, 1, 0.781402031485, -1, -1, -1, 1, -1, -1, 1, -1, 1, 1, -1, 0.781402031485, -1, 1, 1, 0.781402031485, 0.781402031485, 0.781402031485, -1, -1, 1, 1, 1, -1, -1, 1, -1, 0.781402031485, -1, 1, -1, -1, 1, 1, 1, -1, -1, 1, -1, 0.781402031485, 0.781402031485, 53.23, 56.52, 93.73
-1, -1, 1, -1, 1, 1, 1, 1, -1, -1, 1, -1, 1, 1, 1, 1, 1, 1, 1, -1, -1, -1, 1, 1, -1, -1, -1, -1, -1, 1, 1, 1, 1, 1, 1, 1, -1, -1, 1, -1, 1, 1, 1, 1, -1, 1, 1, 1, -1, -1, 50.54, 47.83, 94.02
1, 0.517906183018, 0.978405946464, -1, -1, 1, -1, 0.517906183018, 0.517906183018, 0.517906183018, 1, -1, 1, -1, -1, 1, 1, 1, -1, 0.978405946464, -1, 0.978405946464, -1, 1, -1, -1, -1, -1, -1, -1, 1, 1, -1, -1, 1, -1, -1, 0.978405946464, -1, -1, 1, 1, 1, 0.517906183018, -1, 0.634766273299, 0.634766273299, -1, -1, -1, 61.29, 91.3, 93.16
-1, -1, -1, -1, 1, -1, 1, 0.978405946464, -1, 0.978405946464, 1, -1, -1, -1, -1, -1, 1, -1, -1, 0.978405946464, -1, 0.978405946464, -1, 1, 0.978405946464, 1, -1, 0.978405946464, 1, 0.978405946464, 1, 1, -1, 1, 1, 1, 0.978405946464, -1, -1, -1, -1, 1, 1, 0.978405946464, -1, 0.978405946464, 0.978405946464, 1, -1, 0.978405946464, 45.16, 43.48, 92.31
1, -1, -1, 1, 1, 1, 1, -1, -1, -1, 1, -1, 1, -1, -1, 1, 1, 1, -1, -1, -1, -1, 1, 1, -1, 1, -1, -1, 1, -1, 1, 1, -1, 1, 1, 1, -1, -1, 1, -1, 1, 1, 1, -1, 1, -1, -1, 1, 1, -1, 46.24, 95.65, 95.73
1, -1, 0.803595819698, 1, -1, -1, 0.803595819698, -1, -1, -1, -1, -1, 1, 0.803595819698, 0.803595819698, 0.803595819698, 1, 0.803595819698, 0.803595819698, 1, -1, 1, -1, -1, 0.803595819698, 0.803595819698, 0.803595819698, 0.803595819698, 0.803595819698, 0.803595819698, -1, 0.803595819698, 0.803595819698, -1, 0.803595819698, 0.803595819698, 1, -1, -1, -1, 0.803595819698, -1, -1, -1, 0.803595819698, -1, 0.803595819698, 0.803595819698, 0.803595819698, 0.803595819698, 64.52, 73.91, 94.59
1, -1, -1, 1, -1, -1, 0.803595819698, -1, 0.803595819698, -1, 0.803595819698, -1, 1, 0.803595819698, -1, -1, 1, 0.803595819698, -1, -1, 0.803595819698, -1, -1, 1, -1, 0.803595819698, -1, 0.803595819698, 0.803595819698, 0.803595819698, 0.803595819698, 0.803595819698, 0.803595819698, 0.803595819698, 0.803595819698, -1, 1, 0.803595819698, -1, 0.803595819698, 0.803595819698, -1, -1, 0.803595819698, 0.803595819698, 0.803595819698, -1, 0.803595819698, -1, 0.803595819698, 53.23, 73.91, 93.16
1, -1, -1, 1, 1, 1, -1, -1, 1, -1, 1, 1, 1, -1, 1, -1, 1, 1, -1, 1, 1, 1, 1, 1, -1, 1, -1, 1, 1, 1, -1, -1, -1, -1, -1, 1, 1, 1, -1, 1, -1, -1, 1, 1, 1, 1, 1, 1, -1, -1, 66.13, 78.26, 92.31
-1, 0.887759893728, -1, -1, 0.765272353636, -1, -1, 1, -1, 0.607445478206, -1, -1, -1, -1, 1, -1, 1, -1, -1, 1, -1, -1, 1, -1, -1, -1, 1, -1, -1, -1, 0.887759893728, -1, 1, -1, 1, -1, -1, 1, 0.887759893728, 1, -1, 1, -1, 1, 0.547760025691, -1, -1, -1, 1, -1, 50.0, 78.26, 93.73
-1, -1, -1, -1, 0.809560612913, 0.809560612913, -1, -1, -1, -1, 0.809560612913, 1, 0.809560612913, 1, -1, 1, 1, -1, 1, 1, -1, -1, 1, 1, -1, -1, 1, 1, -1, 1, 0.809560612913, -1, 1, -1, 1, -1, -1, 1, -1, 1, -1, -1, 0.809560612913, -1, -1, 0.887759893728, -1, -1, -1, -1, 52.15, 73.91, 94.3
0.887759893728, -1, 1, -1, -1, 0.863222948849, -1, 1, -1, -1, 0.863222948849, -1, -1, -1, -1, 1, 1, -1, -1, -1, -1, 1, 1, 1, 1, -1, -1, -1, -1, -1, 0.863222948849, 1, 1, -1, -1, -1, 1, 1, -1, 1, -1, 1, 0.662282670253, -1, 0.887759893728, -1, -1, 1, -1, -1, 45.7, 47.83, 94.59
-1, -1, 1, -1, -1, -1, 1, 1, -1, -1, -1, 1, -1, 1, 1, 1, 1, 1, 1, 1, 1, 1, 1, 1, 1, -1, 1, 1, -1, 1, -1, 1, 1, -1, 1, -1, 1, 1, -1, 1, 1, 1, -1, 1, -1, -1, -1, 1, 1, 1, 65.59, 86.96, 94.02
1, 0.860175190879, 1, -1, -1, 0.860175190879, -1, -1, 0.860175190879, 0.860175190879, -1, 0.860175190879, -1, -1, -1, 0.860175190879, 0.860175190879, 1, -1, -1, -1, -1, 0.860175190879, -1, 1, 0.860175190879, 0.860175190879, 0.860175190879, -1, 0.860175190879, -1, 0.860175190879, -1, -1, 0.860175190879, -1, -1, 0.860175190879, -1, -1, -1, -1, -1, -1, 0.860175190879, -1, 0.860175190879, 0.860175190879, 0.860175190879, -1, 62.9, 78.26, 94.02
1, -1, 1, -1, 1, 1, -1, 1, -1, -1, 1, -1, 1, -1, -1, -1, 1, 1, 1, -1, -1, 1, -1, -1, 1, 1, -1, 1, 1, -1, -1, -1, -1, -1, -1, -1, 1, -1, 1, -1, -1, -1, -1, 1, -1, -1, -1, -1, -1, -1, 46.24, 47.83, 94.59
0.540317996599, -1, 1, 0.862781391924, 1, 0.862781391924, -1, 1, 0.540317996599, 0.862781391924, -1, 0.862781391924, -1, 0.540317996599, 0.862781391924, 0.608473073475, 1, -1, -1, 0.540317996599, -1, 0.540317996599, -1, -1, -1, -1, 1, 0.540317996599, -1, 1, 1, 1, -1, 1, 1, 0.540317996599, -1, -1, -1, 0.540317996599, 0.540317996599, -1, -1, 1, -1, -1, 0.540317996599, -1, 0.862781391924, -1, 58.06, 73.91, 94.3
-1, -1, 1, 0.636501154586, -1, -1, 1, 1, -1, 0.636501154586, 1, 1, -1, -1, 1, -1, -1, 1, 0.862781391924, -1, 0.862781391924, -1, 0.862781391924, -1, 0.862781391924, -1, 1, 0.636501154586, 1, 1, 1, -1, 1, -1, -1, -1, 0.862781391924, -1, -1, -1, 0.636501154586, -1, -1, 1, -1, -1, -1, -1, 0.862781391924, -1, 63.44, 78.26, 92.88
-1, 1, 1, -1, 1, -1, 1, 1, -1, -1, 1, 1, 1, -1, 1, -1, 1, 1, -1, -1, -1, -1, -1, -1, -1, 1, 1, -1, 1, 1, 1, 1, 1, 1, 1, -1, -1, -1, 1, -1, -1, 1, -1, 1, 1, -1, -1, -1, -1, -1, 55.38, 82.61, 95.44
1, -1, -1, 1, 1, 0.605024996899, -1, -1, 0.697226968198, 0.605024996899, -1, -1, 1, -1, 0.605024996899, 0.605024996899, -1, -1, -1, 1, 0.605024996899, -1, 1, -1, -1, 0.773924230325, 1, 1, 0.773924230325, -1, -1, -1, -1, -1, -1, -1, 1, -1, 0.773924230325, 0.605024996899, -1, 0.773924230325, 1, -1, 0.773924230325, 0.605024996899, 0.605024996899, -1, 0.605024996899, 0.605024996899, 52.15, 78.26, 95.16
1, -1, 0.694137596527, -1, -1, 0.773924230325, 1, 0.694137596527, -1, 0.694137596527, -1, 1, 1, 0.541390863063, 0.773924230325, 0.773924230325, 1, 1, -1, 1, -1, 1, 1, -1, 0.541390863063, 0.773924230325, 1, 1, -1, -1, 1, -1, 0.773924230325, -1, 1, -1, -1, 0.773924230325, 0.773924230325, -1, -1, -1, 1, 0.773924230325, 0.773924230325, 0.541390863063, -1, 1, 0.773924230325, -1, 60.75, 78.26, 94.87
1, 1, 0.360161357302, 1, 1, 0.773924230325, 1, -1, -1, -1, -1, 1, 1, 0.773924230325, -1, 0.360161357302, 1, -1, -1, -1, -1, 1, 1, 1, -1, 0.773924230325, -1, 1, 0.360161357302, 0.591103423196, -1, -1, 0.773924230325, -1, 1, -1, -1, -1, 0.773924230325, -1, -1, 0.591103423196, -1, -1, -1, 0.773924230325, 0.773924230325, 1, -1, 0.360161357302, 52.15, 86.96, 96.01
1, 1, -1, 1, 1, 0.773924230325, 1, -1, 0.773924230325, -1, -1, 1, -1, -1, 0.773924230325, -1, -1, 1, 1, 1, -1, 1, 1, 1, -1, 0.773924230325, -1, 1, -1, -1, 1, -1, 0.773924230325, 0.773924230325, 1, -1, 1, -1, 0.773924230325, -1, 1, -1, 1, 0.773924230325, 0.773924230325, -1, 0.773924230325, 1, 0.773924230325, -1, 50.54, 86.96, 92.88
1, 1, -1, 1, 1, -1, 1, -1, -1, -1, -1, 1, 1, -1, -1, -1, 1, 1, 1, 1, -1, 1, 1, 1, -1, -1, 1, 1, -1, -1, 1, -1, -1, -1, 1, -1, 1, -1, -1, -1, 1, -1, 1, -1, -1, -1, -1, 1, -1, -1, 50.54, 73.91, 93.16
1, -1, 0.729779158526, 0.923645995227, -1, 0.923645995227, -1, 0.422135696935, 0.729779158526, -1, 0.422135696935, 1, -1, -1, -1, -1, -1, -1, 0.923645995227, 0.422135696935, -1, -1, 1, -1, 1, -1, -1, 0.422135696935, 0.923645995227, -1, 0.923645995227, -1, -1, 0.729779158526, -1, 0.531922603171, 0.531922603171, -1, -1, 0.729779158526, 1, 1, -1, -1, -1, -1, -1, -1, 0.923645995227, 0.923645995227, 52.15, 86.96, 92.02
0.923645995227, -1, 0.923645995227, 0.923645995227, -1, -1, -1, -1, 0.923645995227, -1, 0.923645995227, -1, -1, 0.923645995227, 0.923645995227, -1, -1, 0.923645995227, 0.923645995227, 0.923645995227, -1, -1, -1, -1, 1, -1, -1, -1, -1, -1, 0.923645995227, -1, 0.923645995227, 0.923645995227, -1, 0.923645995227, 0.923645995227, -1, -1, 0.923645995227, 0.923645995227, 1, -1, 0.923645995227, 0.923645995227, 1, 1, -1, -1, 0.923645995227, 42.47, 47.83, 92.02
0.747962717157, -1, 1, 0.55519806921, 0.690118109567, 0.923645995227, 0.55519806921, -1, 0.923645995227, -1, -1, 0.747962717157, -1, -1, -1, 0.923645995227, -1, 0.690118109567, 0.690118109567, -1, 0.55519806921, -1, 0.923645995227, 1, 1, -1, 1, -1, -1, -1, 0.747962717157, -1, 0.690118109567, -1, 1, 0.923645995227, 0.690118109567, -1, -1, -1, 1, 1, -1, -1, 0.690118109567, -1, 1, 1, -1, -1, 68.82, 95.65, 94.59
1, -1, 1, -1, -1, -1, -1, -1, 1, 1, -1, 1, -1, -1, 1, -1, 1, 1, 1, -1, -1, -1, 1, 1, 1, -1, 1, -1, -1, -1, 1, 1, -1, 1, 1, -1, -1, 1, -1, 1, 1, 1, 1, -1, -1, 1, 1, 1, -1, -1, 53.23, 86.96, 96.01
-1, -1, 0.890594941614, -1, 0.627940465489, -1, -1, -1, -1, -1, -1, 0.704047729536, 0.495159888344, -1, 1, -1, -1, 1, 1, 0.495159888344, 0.495159888344, -1, -1, -1, 0.890594941614, -1, -1, -1, -1, -1, 0.537309059916, -1, -1, 0.890594941614, -1, -1, 0.627940465489, 0.537309059916, 0.495159888344, 0.890594941614, 1, -1, 0.537309059916, 1, 0.495159888344, -1, 0.890594941614, -1, 0.495159888344, -1, 38.17, 47.83, 94.87
1, 0.751426534707, 0.751426534707, -1, 0.751426534707, -1, 1, -1, -1, -1, 0.751426534707, 0.890594941614, -1, 1, -1, -1, 1, 1, -1, 0.751426534707, 0.751426534707, 0.751426534707, -1, -1, -1, 0.751426534707, -1, -1, -1, -1, -1, -1, 0.751426534707, -1, -1, 0.751426534707, 0.751426534707, -1, -1, 0.751426534707, 1, -1, 0.751426534707, -1, -1, 0.751426534707, -1, -1, 0.751426534707, 0.751426534707, 51.08, 47.83, 92.59
1, -1, -1, -1, 1, 1, 1, 1, 1, -1, -1, -1, -1, 1, 1, -1, 1, 1, 1, -1, -1, 1, 0.922420260554, 1, 1, 1, -1, -1, -1, 1, -1, -1, -1, 1, 1, -1, -1, -1, 1, -1, 1, -1, -1, 1, -1, 1, -1, -1, -1, 1, 47.85, 69.57, 93.16
-1, 0.796006542714, -1, -1, -1, 0.796006542714, -1, -1, 0.796006542714, 0.796006542714, -1, 1, -1, -1, -1, -1, 1, -1, -1, -1, 0.796006542714, 0.796006542714, 0.88356988327, 0.88356988327, -1, 0.88356988327, -1, 0.718705202355, -1, 0.718705202355, 1, -1, 0.796006542714, -1, 0.718705202355, 0.88356988327, 1, -1, -1, 1, -1, 0.88356988327, 0.420077753558, -1, 0.88356988327, 0.796006542714, 0.796006542714, 0.796006542714, 0.796006542714, -1, 52.15, 91.3, 92.88
-1, 0.408353435998, -1, -1, -1, 1, -1, 0.856692452112, -1, -1, 0.88356988327, 1, -1, 1, 0.535027305827, 0.408353435998, -1, -1, -1, -1, 0.88356988327, -1, -1, 0.856692452112, -1, -1, -1, -1, -1, 0.856692452112, -1, -1, -1, -1, -1, -1, 1, -1, -1, 1, 1, -1, -1, -1, -1, 0.856692452112, 0.856692452112, 0.856692452112, -1, 0.856692452112, 50.0, 43.48, 93.73
-1, -1, -1, 1, 1, 1, 1, 1, 1, -1, -1, 1, 1, 1, 1, -1, 1, -1, 1, -1, -1, 1, -1, -1, -1, -1, 1, -1, 1, -1, 1, -1, -1, -1, -1, -1, 1, 1, -1, 1, 1, 1, -1, -1, -1, -1, 1, 1, 1, -1, 54.3, 56.52, 93.16
-1, 0.85359643953, 0.85359643953, 1, 0.85359643953, -1, 0.85359643953, -1, -1, -1, -1, 0.85359643953, 1, 0.85359643953, -1, 0.85359643953, -1, 0.85359643953, 0.85359643953, -1, 0.85359643953, -1, -1, 1, -1, -1, -1, 0.85359643953, -1, 0.85359643953, 1, 1, 0.85359643953, -1, 0.85359643953, -1, 0.85359643953, 0.85359643953, 1, -1, 0.85359643953, -1, 0.85359643953, 0.85359643953, -1, -1, -1, -1, -1, -1, 57.53, 73.91, 92.88
1, 0.85359643953, -1, -1, 0.85359643953, -1, 0.85359643953, -1, 0.85359643953, -1, 0.85359643953, -1, 1, -1, -1, -1, 0.85359643953, -1, -1, 0.85359643953, 0.85359643953, -1, 1, -1, -1, -1, -1, 0.85359643953, -1, -1, -1, 1, 0.85359643953, -1, 0.85359643953, -1, 0.85359643953, 0.85359643953, 1, 0.85359643953, -1, -1, -1, -1, 0.85359643953, -1, -1, -1, -1, 0.85359643953, 55.38, 69.57, 94.87
1, 0.643723774261, 1, -1, -1, 1, -1, 1, 0.517873957543, -1, -1, 0.85359643953, -1, -1, -1, -1, 0.433297535962, -1, 0.85359643953, -1, 1, -1, 1, 1, -1, -1, 0.85359643953, 0.85359643953, -1, -1, -1, -1, 0.85359643953, 0.643723774261, 0.517873957543, -1, -1, -1, 1, -1, 0.517873957543, 1, -1, -1, 0.643723774261, 1, -1, -1, -1, -1, 58.06, 86.96, 92.31
1, 1, 1, 1, -1, 1, -1, 1, -1, 1, -1, -1, 1, 1, 1, -1, -1, -1, -1, 1, 1, 1, 1, 1, -1, -1, -1, 1, -1, -1, 1, 1, -1, -1, 1, 1, 1, -1, 1, 1, 1, 1, 1, -1, -1, 1, -1, -1, 1, 1, 64.52, 82.61, 92.88
