0.250992060209, 0.174754879766, 0.60785626666, 0.380183576791, 0.0638501456112, 0.276772964162, 0.0725057770237, 0.0198299653955, 0.0177057213468, 0.386414735739, 0.0445551137826, 0.0642816923519, 0.72721169546, 0.270503765486, 0.0637179101498, 0.221843715462, 0.148379234727, 0.245635486627, 0.443419610815, 0.604630531851, 0.0379749255838, 0.0366106786404, 0.117817333899, 0.472448437803, 0.0326820573143, 0.230674558486, 0.0422785597223, 0.125684596093, 0.525011871409, 0.788870094994, 0.250992060209, 2.34525049076
0.168190823308, 0.174754879766, 0.727098909507, 0.633414500096, 0.242979245591, 0.276772964162, 0.0153189245314, 0.12184316962, 0.0177057213468, 0.355897460473, 0.0541270755363, 0.895710621822, 0.696195463332, 0.00122303009009, 0.0603488938488, 0.349675089747, 0.148379234727, 0.11402414839, 0.443419610815, 0.604630531851, 0.0469599312914, 0.0366106786404, 0.117817333899, 0.201647773808, 0.209727165414, 0.00998150768951, 0.0385569521646, 0.0887367368788, 0.103488182998, 0.562996990741, 0.168190823308, 2.53818697498
0.285768745364, 0.554300854488, 0.114626304233, 0.748132969787, 0.164236748072, 0.284789873055, 0.130416825562, 0.142461107512, 0.0177057213468, 0.0288469411313, 0.021687152123, 0.11501414672, 0.750166700963, 0.0246045936145, 0.61470607285, 0.140862467229, 0.148379234727, 0.107125974738, 0.055827198701, 0.074966865396, 0.346274584984, 0.0366106786404, 0.102578155847, 0.201647773808, 0.0326820573143, 0.345902763267, 0.121568851493, 0.317649661695, 0.297742520698, 0.00652098543165, 0.285768745364, 1.97025174747
0.643092268294, 0.174754879766, 0.438589942821, 0.586882551623, 0.10591227526, 0.392468709001, 0.0153189245314, 0.0305043807029, 0.00768251243876, 0.355897460473, 0.929658380283, 0.275079479171, 0.170512167334, 0.00310735274883, 0.153268362086, 0.0078459162684, 0.311121331964, 0.198283849308, 0.055827198701, 0.49262487866, 0.628262356303, 0.0366106786404, 0.0864749996285, 0.238350061771, 0.0979794419899, 0.193006399034, 0.0214385418522, 0.596736278686, 0.550099330233, 0.0626492836431, 0.643092268294, 1.79632522008
0.000138268186278, 0.554300854488, 0.0697085389232, 0.00160187413276, 0.11139017569, 0.107944580051, 0.892142457724, 0.145295214473, 0.172413095633, 0.0735808046202, 0.84806135494, 0.303203272722, 0.0212958954313, 0.467660353246, 0.61470607285, 0.402717407014, 0.148379234727, 0.241708921514, 0.195911556874, 0.074966865396, 0.0469599312914, 0.982344834774, 0.209512975714, 0.0664105402278, 0.0104689531956, 0.258034442488, 0.0512301966878, 0.125684596093, 0.103488182998, 0.0470675416808, 0.000138268186278, 3.25917544757
0.990106947208, 0.174754879766, 0.0697085389232, 0.670246167257, 0.128521430716, 0.284789873055, 0.00337351561901, 0.142461107512, 0.0177057213468, 0.355897460473, 0.021687152123, 0.465043414224, 0.750166700963, 0.0884008699852, 0.130707778872, 0.140862467229, 0.247453767327, 0.107125974738, 0.00427061723125, 0.170701055459, 0.346274584984, 0.144774911079, 0.0167109545249, 0.201647773808, 0.0326820573143, 0.147962268646, 0.420839530572, 0.317649661695, 0.297742520698, 0.964663360555, 0.990106947208, 1.36992545093
1.22113436074e-06, 0.554300854488, 0.438589942821, 0.00160187413276, 0.11139017569, 0.107944580051, 0.524287261512, 0.651358912064, 0.172413095633, 0.0735808046202, 0.84806135494, 0.303203272722, 0.0212958954313, 0.223280331723, 0.61470607285, 0.201833502209, 0.0337442312025, 0.243746557044, 0.195911556874, 0.0545779351708, 0.404478738771, 0.982344834774, 0.209512975714, 0.457032500354, 0.120184518363, 0.258034442488, 0.0422785597223, 0.0982500363377, 0.103488182998, 0.0029914250768, 1.22113436074e-06, 3.49758170512
0.856610635368, 0.174754879766, 0.438589942821, 0.550487009832, 0.10591227526, 0.61571948771, 0.00877631840417, 0.0305043807029, 0.0258282585557, 0.355897460473, 0.0495227603448, 0.275079479171, 0.0795690722196, 0.00310735274883, 0.153268362086, 0.207506033646, 0.311121331964, 0.399510070027, 0.166116624846, 0.191763791811, 0.628262356303, 0.0366106786404, 0.0864749996285, 0.238350061771, 0.113720827683, 0.193006399034, 0.0214385418522, 0.66831833071, 0.550099330233, 0.0626492836431, 0.856610635368, 1.46478192625
0.570608015219, 0.41631449654, 0.0275036905945, 0.120046013048, 0.390438792402, 0.612122831192, 0.0466981897672, 0.0780610045877, 0.436812172124, 0.112615985998, 0.0667347844519, 0.543596737356, 0.462956733937, 0.0209184125457, 0.758790942856, 0.563036433417, 0.035197345604, 0.0166154773548, 0.01880812941, 0.116048395908, 0.830492451019, 0.442926842239, 0.209512975714, 0.159719802678, 0.158025470618, 0.193006399034, 0.0289525908728, 0.208245230729, 0.108857378448, 0.0799834649017, 0.570608015219, 1.89140762202
0.774346170162, 0.41631449654, 0.795380461964, 0.230221409636, 0.381966206147, 0.171816254155, 0.0466981897672, 0.0123897603966, 0.000174933377889, 0.223827379444, 0.154454132958, 0.791648965986, 0.330337811629, 0.0951387279812, 0.02501481242, 0.277021574006, 0.0127951781564, 0.0166154773548, 0.01880812941, 0.0441289594005, 0.830492451019, 0.332209171424, 0.209512975714, 0.159719802678, 0.819344176408, 0.682946362766, 0.0293383272281, 0.208245230729, 0.363933639748, 0.016782879839, 0.774346170162, 1.76889916361
0.787089619968, 0.392422118478, 0.60785626666, 0.0995997612224, 0.276279714374, 0.168415740501, 0.0761466563503, 0.00600733249267, 0.00793365106762, 0.0122920762454, 0.159448395091, 0.00344316828551, 0.235102705987, 0.656841981976, 0.327334649923, 0.221843715462, 0.832988917454, 0.303070451823, 0.0156822519032, 0.198774836295, 0.523722575943, 0.267449927253, 0.540084903424, 0.0216999873434, 0.388307510942, 0.012228964853, 0.0439822301595, 0.689484735043, 0.0896341968062, 0.00489440480704, 0.787089619968, 1.63493755475
0.000102956088874, 0.0801376877843, 0.0875569449845, 0.320299612742, 0.242979245591, 0.107944580051, 0.0515450575516, 0.64493328368, 0.892876364565, 0.004141033394, 0.0182306514033, 0.303203272722, 0.186718945153, 0.104935918615, 0.908549100518, 0.0846691987499, 0.0337442312025, 0.00547292209571, 0.166116624846, 0.266652451666, 0.0379749255838, 0.372115114954, 0.209512975714, 0.260892128206, 0.58597458371, 0.0525871047018, 0.101876324782, 0.883672824909, 0.441305440321, 0.562996990741, 0.000102956088874, 3.4698936838
0.0149844778941, 0.608012843442, 0.537470646697, 0.534702271368, 0.522770883421, 0.107944580051, 0.141707375712, 0.0474572076218, 0.0258282585557, 0.0886739772448, 0.212495346167, 0.651124571695, 0.128030099918, 0.0394301048195, 0.044967528429, 0.130368172203, 0.0303076817082, 0.377849498514, 0.0042673229982, 0.074966865396, 0.0173934841257, 0.0743336651172, 0.00777699373433, 0.00840304075941, 0.680444690609, 0.298126432426, 0.00168365218719, 0.116492564939, 0.103488182998, 0.0470675416808, 0.0149844778941, 2.55438592729
0.250992060209, 0.174754879766, 0.60785626666, 0.380183576791, 0.0638501456112, 0.276772964162, 0.0725057770237, 0.0198299653955, 0.0177057213468, 0.386414735739, 0.0445551137826, 0.0642816923519, 0.72721169546, 0.270503765486, 0.0637179101498, 0.221843715462, 0.148379234727, 0.245635486627, 0.443419610815, 0.604630531851, 0.0379749255838, 0.0366106786404, 0.117817333899, 0.472448437803, 0.0326820573143, 0.230674558486, 0.0422785597223, 0.125684596093, 0.525011871409, 0.788870094994, 0.250992060209, 2.34525049076
0.168190823308, 0.174754879766, 0.727098909507, 0.633414500096, 0.242979245591, 0.276772964162, 0.0153189245314, 0.12184316962, 0.0177057213468, 0.355897460473, 0.0541270755363, 0.895710621822, 0.696195463332, 0.00122303009009, 0.0603488938488, 0.349675089747, 0.148379234727, 0.11402414839, 0.443419610815, 0.604630531851, 0.0469599312914, 0.0366106786404, 0.117817333899, 0.201647773808, 0.209727165414, 0.00998150768951, 0.0385569521646, 0.0887367368788, 0.103488182998, 0.562996990741, 0.168190823308, 2.53818697498
0.285768745364, 0.554300854488, 0.114626304233, 0.748132969787, 0.164236748072, 0.284789873055, 0.130416825562, 0.142461107512, 0.0177057213468, 0.0288469411313, 0.021687152123, 0.11501414672, 0.750166700963, 0.0246045936145, 0.61470607285, 0.140862467229, 0.148379234727, 0.107125974738, 0.055827198701, 0.074966865396, 0.346274584984, 0.0366106786404, 0.102578155847, 0.201647773808, 0.0326820573143, 0.345902763267, 0.121568851493, 0.317649661695, 0.297742520698, 0.00652098543165, 0.285768745364, 1.97025174747
0.643092268294, 0.174754879766, 0.438589942821, 0.586882551623, 0.10591227526, 0.392468709001, 0.0153189245314, 0.0305043807029, 0.00768251243876, 0.355897460473, 0.929658380283, 0.275079479171, 0.170512167334, 0.00310735274883, 0.153268362086, 0.0078459162684, 0.311121331964, 0.198283849308, 0.055827198701, 0.49262487866, 0.628262356303, 0.0366106786404, 0.0864749996285, 0.238350061771, 0.0979794419899, 0.193006399034, 0.0214385418522, 0.596736278686, 0.550099330233, 0.0626492836431, 0.643092268294, 1.79632522008
0.000138268186278, 0.554300854488, 0.0697085389232, 0.00160187413276, 0.11139017569, 0.107944580051, 0.892142457724, 0.145295214473, 0.172413095633, 0.0735808046202, 0.84806135494, 0.303203272722, 0.0212958954313, 0.467660353246, 0.61470607285, 0.402717407014, 0.148379234727, 0.241708921514, 0.195911556874, 0.074966865396, 0.0469599312914, 0.982344834774, 0.209512975714, 0.0664105402278, 0.0104689531956, 0.258034442488, 0.0512301966878, 0.125684596093, 0.103488182998, 0.0470675416808, 0.000138268186278, 3.25917544757
0.990106947208, 0.174754879766, 0.0697085389232, 0.670246167257, 0.128521430716, 0.284789873055, 0.00337351561901, 0.142461107512, 0.0177057213468, 0.355897460473, 0.021687152123, 0.465043414224, 0.750166700963, 0.0884008699852, 0.130707778872, 0.140862467229, 0.247453767327, 0.107125974738, 0.00427061723125, 0.170701055459, 0.346274584984, 0.144774911079, 0.0167109545249, 0.201647773808, 0.0326820573143, 0.147962268646, 0.420839530572, 0.317649661695, 0.297742520698, 0.964663360555, 0.990106947208, 1.36992545093
1.22113436074e-06, 0.554300854488, 0.438589942821, 0.00160187413276, 0.11139017569, 0.107944580051, 0.524287261512, 0.651358912064, 0.172413095633, 0.0735808046202, 0.84806135494, 0.303203272722, 0.0212958954313, 0.223280331723, 0.61470607285, 0.201833502209, 0.0337442312025, 0.243746557044, 0.195911556874, 0.0545779351708, 0.404478738771, 0.982344834774, 0.209512975714, 0.457032500354, 0.120184518363, 0.258034442488, 0.0422785597223, 0.0982500363377, 0.103488182998, 0.0029914250768, 1.22113436074e-06, 3.49758170512
0.856610635368, 0.174754879766, 0.438589942821, 0.550487009832, 0.10591227526, 0.61571948771, 0.00877631840417, 0.0305043807029, 0.0258282585557, 0.355897460473, 0.0495227603448, 0.275079479171, 0.0795690722196, 0.00310735274883, 0.153268362086, 0.207506033646, 0.311121331964, 0.399510070027, 0.166116624846, 0.191763791811, 0.628262356303, 0.0366106786404, 0.0864749996285, 0.238350061771, 0.113720827683, 0.193006399034, 0.0214385418522, 0.66831833071, 0.550099330233, 0.0626492836431, 0.856610635368, 1.46478192625
0.570608015219, 0.41631449654, 0.0275036905945, 0.120046013048, 0.390438792402, 0.612122831192, 0.0466981897672, 0.0780610045877, 0.436812172124, 0.112615985998, 0.0667347844519, 0.543596737356, 0.462956733937, 0.0209184125457, 0.758790942856, 0.563036433417, 0.035197345604, 0.0166154773548, 0.01880812941, 0.116048395908, 0.830492451019, 0.442926842239, 0.209512975714, 0.159719802678, 0.158025470618, 0.193006399034, 0.0289525908728, 0.208245230729, 0.108857378448, 0.0799834649017, 0.570608015219, 1.89140762202
0.774346170162, 0.41631449654, 0.795380461964, 0.230221409636, 0.381966206147, 0.171816254155, 0.0466981897672, 0.0123897603966, 0.000174933377889, 0.223827379444, 0.154454132958, 0.791648965986, 0.330337811629, 0.0951387279812, 0.02501481242, 0.277021574006, 0.0127951781564, 0.0166154773548, 0.01880812941, 0.0441289594005, 0.830492451019, 0.332209171424, 0.209512975714, 0.159719802678, 0.819344176408, 0.682946362766, 0.0293383272281, 0.208245230729, 0.363933639748, 0.016782879839, 0.774346170162, 1.76889916361
0.787089619968, 0.392422118478, 0.60785626666, 0.0995997612224, 0.276279714374, 0.168415740501, 0.0761466563503, 0.00600733249267, 0.00793365106762, 0.0122920762454, 0.159448395091, 0.00344316828551, 0.235102705987, 0.656841981976, 0.327334649923, 0.221843715462, 0.832988917454, 0.303070451823, 0.0156822519032, 0.198774836295, 0.523722575943, 0.267449927253, 0.540084903424, 0.0216999873434, 0.388307510942, 0.012228964853, 0.0439822301595, 0.689484735043, 0.0896341968062, 0.00489440480704, 0.787089619968, 1.63493755475
0.000102956088874, 0.0801376877843, 0.0875569449845, 0.320299612742, 0.242979245591, 0.107944580051, 0.0515450575516, 0.64493328368, 0.892876364565, 0.004141033394, 0.0182306514033, 0.303203272722, 0.186718945153, 0.104935918615, 0.908549100518, 0.0846691987499, 0.0337442312025, 0.00547292209571, 0.166116624846, 0.266652451666, 0.0379749255838, 0.372115114954, 0.209512975714, 0.260892128206, 0.58597458371, 0.0525871047018, 0.101876324782, 0.883672824909, 0.441305440321, 0.562996990741, 0.000102956088874, 3.4698936838
0.0149844778941, 0.608012843442, 0.537470646697, 0.534702271368, 0.522770883421, 0.107944580051, 0.141707375712, 0.0474572076218, 0.0258282585557, 0.0886739772448, 0.212495346167, 0.651124571695, 0.128030099918, 0.0394301048195, 0.044967528429, 0.130368172203, 0.0303076817082, 0.377849498514, 0.0042673229982, 0.074966865396, 0.0173934841257, 0.0743336651172, 0.00777699373433, 0.00840304075941, 0.680444690609, 0.298126432426, 0.00168365218719, 0.116492564939, 0.103488182998, 0.0470675416808, 0.0149844778941, 2.55438592729
1.22113436074e-06, 0.554300854488, 0.937484850537, 0.00160187413276, 0.11139017569, 0.107944580051, 0.708852787165, 0.651358912064, 0.172413095633, 0.0735808046202, 0.84806135494, 0.303203272722, 0.0212958954313, 0.223280331723, 0.61470607285, 0.402717407014, 0.0337442312025, 0.243746557044, 0.195911556874, 0.0545779351708, 0.404478738771, 0.99920211291, 0.209512975714, 0.457032500354, 0.0196685762047, 0.258034442488, 0.420839530572, 0.0982500363377, 0.0967906063453, 0.0029914250768, 1.22113436074e-06, 3.86137142412
1.1198913166e-05, 0.392422118478, 0.073736376197, 0.320299612742, 0.840924513482, 0.130170951103, 0.0515450575516, 0.084158656759, 0.425922470491, 0.004141033394, 0.69100992542, 0.303203272722, 0.152816615369, 0.104935918615, 0.723061409293, 0.710242877218, 0.148379234727, 0.245635486627, 0.166116624846, 0.604630531851, 0.0154951216901, 0.372115114954, 0.117817333899, 0.260892128206, 0.58597458371, 0.147962268646, 0.0512301966878, 0.346485308313, 0.108857378448, 0.584299185838, 1.1198913166e-05, 3.71355697777
1.22113436074e-06, 0.554300854488, 0.937484850537, 0.00160187413276, 0.11139017569, 0.107944580051, 0.708852787165, 0.651358912064, 0.172413095633, 0.0735808046202, 0.84806135494, 0.303203272722, 0.0212958954313, 0.223280331723, 0.61470607285, 0.402717407014, 0.0337442312025, 0.243746557044, 0.195911556874, 0.0545779351708, 0.404478738771, 0.99920211291, 0.209512975714, 0.457032500354, 0.0196685762047, 0.258034442488, 0.420839530572, 0.0982500363377, 0.0967906063453, 0.0029914250768, 1.22113436074e-06, 3.86137142412
1.1198913166e-05, 0.392422118478, 0.073736376197, 0.320299612742, 0.840924513482, 0.130170951103, 0.0515450575516, 0.084158656759, 0.425922470491, 0.004141033394, 0.69100992542, 0.303203272722, 0.152816615369, 0.104935918615, 0.723061409293, 0.710242877218, 0.148379234727, 0.245635486627, 0.166116624846, 0.604630531851, 0.0154951216901, 0.372115114954, 0.117817333899, 0.260892128206, 0.58597458371, 0.147962268646, 0.0512301966878, 0.346485308313, 0.108857378448, 0.584299185838, 1.1198913166e-05, 3.71355697777
0.00358649339021, 0.288621475798, 0.341243629502, 0.487929431639, 0.0981171171241, 0.344540520421, 0.0683553898845, 0.145295214473, 0.0258282585557, 0.355897460473, 0.0609957583422, 0.299814057065, 0.0640043703602, 0.0263185212321, 0.758790942856, 0.00062914153784, 0.311121331964, 0.241708921514, 0.00302650959683, 0.356400389426, 0.590438262881, 0.803477610167, 0.492439454677, 0.342321272297, 0.0377505534723, 0.452413016843, 0.000339152614912, 0.0146336836793, 0.441305440321, 0.547596852054, 0.00358649339021, 3.37140935261
0.00420510448752, 0.288621475798, 0.341243629502, 0.172235881948, 0.0981171171241, 0.124794521127, 0.0683391277675, 0.145295214473, 0.00924934089572, 0.355897460473, 0.179064866718, 0.299814057065, 0.132925679183, 0.0263185212321, 0.02501481242, 0.00228643826806, 0.311121331964, 0.0359026396916, 0.300452424946, 0.289873499433, 0.590438262881, 0.739134713367, 0.492439454677, 0.0664105402278, 0.0377505534723, 0.452413016843, 0.565029279169, 0.0849702165884, 0.550099330233, 0.947101471707, 0.00420510448752, 3.28013013278
0.00359581992468, 0.927575718063, 0.341243629502, 0.487929431639, 0.0981171171241, 0.0403456754287, 0.0683391277675, 0.145295214473, 0.0258282585557, 0.355897460473, 0.179064866718, 0.299814057065, 0.132925679183, 0.0263185212321, 0.02501481242, 0.00228643826806, 0.311121331964, 0.0359026396916, 0.300452424946, 0.289873499433, 0.590438262881, 0.739134713367, 0.492439454677, 0.0664105402278, 0.0377505534723, 0.298126432426, 0.00168365218719, 0.0849702165884, 0.550099330233, 0.947101471707, 0.00359581992468, 3.34077414382
0.00358649339021, 0.288621475798, 0.341243629502, 0.487929431639, 0.0981171171241, 0.344540520421, 0.0683553898845, 0.145295214473, 0.0258282585557, 0.355897460473, 0.0609957583422, 0.299814057065, 0.0640043703602, 0.0263185212321, 0.758790942856, 0.00062914153784, 0.311121331964, 0.241708921514, 0.00302650959683, 0.356400389426, 0.590438262881, 0.803477610167, 0.492439454677, 0.342321272297, 0.0377505534723, 0.452413016843, 0.000339152614912, 0.0146336836793, 0.441305440321, 0.547596852054, 0.00358649339021, 3.37140935261
0.00420510448752, 0.288621475798, 0.341243629502, 0.172235881948, 0.0981171171241, 0.124794521127, 0.0683391277675, 0.145295214473, 0.00924934089572, 0.355897460473, 0.179064866718, 0.299814057065, 0.132925679183, 0.0263185212321, 0.02501481242, 0.00228643826806, 0.311121331964, 0.0359026396916, 0.300452424946, 0.289873499433, 0.590438262881, 0.739134713367, 0.492439454677, 0.0664105402278, 0.0377505534723, 0.452413016843, 0.565029279169, 0.0849702165884, 0.550099330233, 0.947101471707, 0.00420510448752, 3.28013013278
0.00359581992468, 0.927575718063, 0.341243629502, 0.487929431639, 0.0981171171241, 0.0403456754287, 0.0683391277675, 0.145295214473, 0.0258282585557, 0.355897460473, 0.179064866718, 0.299814057065, 0.132925679183, 0.0263185212321, 0.02501481242, 0.00228643826806, 0.311121331964, 0.0359026396916, 0.300452424946, 0.289873499433, 0.590438262881, 0.739134713367, 0.492439454677, 0.0664105402278, 0.0377505534723, 0.298126432426, 0.00168365218719, 0.0849702165884, 0.550099330233, 0.947101471707, 0.00359581992468, 3.34077414382
0.856610635368, 0.174754879766, 0.438589942821, 0.586882551623, 0.10591227526, 0.392468709001, 0.00957919779514, 0.0305043807029, 0.0252837470155, 0.355897460473, 0.909975573372, 0.275079479171, 0.170512167334, 0.00310735274883, 0.153268362086, 0.00876213486197, 0.515595046297, 0.198283849308, 0.055827198701, 0.604630531851, 0.628787511443, 0.0366106786404, 0.0864749996285, 0.282144315726, 0.0979794419899, 0.193006399034, 0.0214385418522, 0.449994739056, 0.0732298492182, 0.0626492836431, 0.856610635368, 1.51180628071
0.856610635368, 0.174754879766, 0.438589942821, 0.586882551623, 0.10591227526, 0.392468709001, 0.00957919779514, 0.0305043807029, 0.0252837470155, 0.355897460473, 0.909975573372, 0.275079479171, 0.170512167334, 0.00310735274883, 0.153268362086, 0.00876213486197, 0.515595046297, 0.198283849308, 0.055827198701, 0.604630531851, 0.628787511443, 0.0366106786404, 0.0864749996285, 0.282144315726, 0.0979794419899, 0.193006399034, 0.0214385418522, 0.449994739056, 0.0732298492182, 0.0626492836431, 0.856610635368, 1.51180628071
0.261262972202, 0.174754879766, 0.129531107892, 0.550487009832, 0.10591227526, 0.392468709001, 0.00116268308939, 0.541790695188, 0.0258282585557, 0.355897460473, 0.909975573372, 0.275079479171, 0.170512167334, 0.00310735274883, 0.388366646746, 0.0113017014659, 0.0650432335065, 0.198283849308, 0.01880812941, 0.604630531851, 0.590438262881, 0.0137057567564, 0.0864749996285, 0.282144315726, 0.0260886504743, 0.193006399034, 0.0214385418522, 0.749118593918, 0.550099330233, 0.490862325147, 0.261262972202, 2.50913359817
1.1198913166e-05, 0.392422118478, 0.0875569449845, 0.538254316191, 0.840924513482, 0.130170951103, 0.738180644412, 0.084158656759, 0.425922470491, 0.004141033394, 0.69100992542, 0.539610905682, 0.152816615369, 0.104935918615, 0.723061409293, 0.710242877218, 0.148379234727, 0.245635486627, 0.166116624846, 0.604630531851, 0.0379749255838, 0.442926842239, 0.117817333899, 0.260892128206, 0.58597458371, 0.147962268646, 0.0512301966878, 0.346485308313, 0.108857378448, 0.584299185838, 1.1198913166e-05, 4.10057375334
0.261262972202, 0.174754879766, 0.129531107892, 0.550487009832, 0.10591227526, 0.392468709001, 0.00116268308939, 0.541790695188, 0.0258282585557, 0.355897460473, 0.909975573372, 0.275079479171, 0.170512167334, 0.00310735274883, 0.388366646746, 0.0113017014659, 0.0650432335065, 0.198283849308, 0.01880812941, 0.604630531851, 0.590438262881, 0.0137057567564, 0.0864749996285, 0.282144315726, 0.0260886504743, 0.193006399034, 0.0214385418522, 0.749118593918, 0.550099330233, 0.490862325147, 0.261262972202, 2.50913359817
1.1198913166e-05, 0.392422118478, 0.0875569449845, 0.538254316191, 0.840924513482, 0.130170951103, 0.738180644412, 0.084158656759, 0.425922470491, 0.004141033394, 0.69100992542, 0.539610905682, 0.152816615369, 0.104935918615, 0.723061409293, 0.710242877218, 0.148379234727, 0.245635486627, 0.166116624846, 0.604630531851, 0.0379749255838, 0.442926842239, 0.117817333899, 0.260892128206, 0.58597458371, 0.147962268646, 0.0512301966878, 0.346485308313, 0.108857378448, 0.584299185838, 1.1198913166e-05, 4.10057375334
0.570608015219, 0.41631449654, 0.438589942821, 0.120046013048, 0.390438792402, 0.612122831192, 0.0466981897672, 0.0780610045877, 0.436812172124, 0.112615985998, 0.0710761171068, 0.543596737356, 0.462956733937, 0.0209184125457, 0.758790942856, 0.140862467229, 0.035197345604, 0.0166154773548, 0.01880812941, 0.116048395908, 0.830492451019, 0.442926842239, 0.209512975714, 0.159719802678, 0.158025470618, 0.193006399034, 0.0547796180362, 0.208245230729, 0.108857378448, 0.0799834649017, 0.570608015219, 1.89608992818
0.0149844778941, 0.0801376877843, 0.645719763444, 0.534702271368, 0.520667748201, 0.106687810266, 0.141707375712, 0.0474572076218, 0.662655567561, 0.0886739772448, 0.212495346167, 0.651124571695, 0.128030099918, 0.0394301048195, 0.044967528429, 0.130368172203, 0.148379234727, 0.377849498514, 0.0437297824525, 0.074966865396, 0.0173934841257, 0.521768769891, 0.245824963699, 0.00840304075941, 0.105057781759, 0.298126432426, 0.00168365218719, 0.37424590804, 0.0951139396212, 0.0470675416808, 0.0149844778941, 2.77300706522
0.570608015219, 0.41631449654, 0.438589942821, 0.120046013048, 0.390438792402, 0.612122831192, 0.0466981897672, 0.0780610045877, 0.436812172124, 0.112615985998, 0.0710761171068, 0.543596737356, 0.462956733937, 0.0209184125457, 0.758790942856, 0.140862467229, 0.035197345604, 0.0166154773548, 0.01880812941, 0.116048395908, 0.830492451019, 0.442926842239, 0.209512975714, 0.159719802678, 0.158025470618, 0.193006399034, 0.0547796180362, 0.208245230729, 0.108857378448, 0.0799834649017, 0.570608015219, 1.89608992818
0.0149844778941, 0.0801376877843, 0.645719763444, 0.534702271368, 0.520667748201, 0.106687810266, 0.141707375712, 0.0474572076218, 0.662655567561, 0.0886739772448, 0.212495346167, 0.651124571695, 0.128030099918, 0.0394301048195, 0.044967528429, 0.130368172203, 0.148379234727, 0.377849498514, 0.0437297824525, 0.074966865396, 0.0173934841257, 0.521768769891, 0.245824963699, 0.00840304075941, 0.105057781759, 0.298126432426, 0.00168365218719, 0.37424590804, 0.0951139396212, 0.0470675416808, 0.0149844778941, 2.77300706522
0.822466247573, 0.179183612894, 0.325711811918, 0.0199060162853, 0.208989826292, 0.0512484910116, 0.115857848098, 0.284292818061, 0.000174933377889, 0.29365539786, 0.569319455096, 0.310639438016, 0.320393308455, 0.250502992127, 0.431175818677, 0.0109222007892, 0.190926781817, 0.404972237473, 0.948947982238, 0.327014767419, 0.139571498755, 0.284442181659, 0.242369695734, 0.00363315658007, 0.493803828877, 0.784167850858, 0.171254013522, 0.373896886981, 0.0359898648248, 0.0416854058996, 0.822466247573, 1.74680209306
0.822466247573, 0.179183612894, 0.325711811918, 0.0199060162853, 0.208989826292, 0.0512484910116, 0.115857848098, 0.284292818061, 0.000174933377889, 0.29365539786, 0.569319455096, 0.310639438016, 0.320393308455, 0.250502992127, 0.431175818677, 0.0109222007892, 0.190926781817, 0.404972237473, 0.948947982238, 0.327014767419, 0.139571498755, 0.284442181659, 0.242369695734, 0.00363315658007, 0.493803828877, 0.784167850858, 0.171254013522, 0.373896886981, 0.0359898648248, 0.0416854058996, 0.822466247573, 1.74680209306
0.643092268294, 0.174754879766, 0.438589942821, 0.534702271368, 0.10591227526, 0.392468709001, 0.0153189245314, 0.0305043807029, 0.0258282585557, 0.355897460473, 0.929658380283, 0.79731497754, 0.516868865495, 0.00310735274883, 0.153268362086, 0.00876213486197, 0.311121331964, 0.198283849308, 0.055827198701, 0.49262487866, 0.0173934841257, 0.0366106786404, 0.0864749996285, 0.238350061771, 0.0979794419899, 0.193006399034, 0.0214385418522, 0.735722562129, 0.550099330233, 0.0580655623616, 0.643092268294, 1.88313129082
0.76249766233, 0.288579598972, 0.0950896923661, 0.00529136618845, 0.44823939425, 0.61571948771, 0.498584545715, 0.0854640301366, 0.614436941932, 0.852771000047, 0.533299988375, 0.196381112502, 0.437200002328, 0.199711135175, 0.190297650803, 0.111739298661, 0.0117336166809, 0.245393303775, 0.0651067922114, 0.182410983754, 0.270044279373, 0.21841885877, 0.108317968812, 0.201647773808, 0.325408429328, 0.48399069734, 0.0758044971619, 0.37424590804, 0.0427356870909, 0.24185091406, 0.76249766233, 1.85789408297
0.643092268294, 0.174754879766, 0.438589942821, 0.534702271368, 0.10591227526, 0.392468709001, 0.0153189245314, 0.0305043807029, 0.0258282585557, 0.355897460473, 0.929658380283, 0.79731497754, 0.516868865495, 0.00310735274883, 0.153268362086, 0.00876213486197, 0.311121331964, 0.198283849308, 0.055827198701, 0.49262487866, 0.0173934841257, 0.0366106786404, 0.0864749996285, 0.238350061771, 0.0979794419899, 0.193006399034, 0.0214385418522, 0.735722562129, 0.550099330233, 0.0580655623616, 0.643092268294, 1.88313129082
0.76249766233, 0.288579598972, 0.0950896923661, 0.00529136618845, 0.44823939425, 0.61571948771, 0.498584545715, 0.0854640301366, 0.614436941932, 0.852771000047, 0.533299988375, 0.196381112502, 0.437200002328, 0.199711135175, 0.190297650803, 0.111739298661, 0.0117336166809, 0.245393303775, 0.0651067922114, 0.182410983754, 0.270044279373, 0.21841885877, 0.108317968812, 0.201647773808, 0.325408429328, 0.48399069734, 0.0758044971619, 0.37424590804, 0.0427356870909, 0.24185091406, 0.76249766233, 1.85789408297
0.285768745364, 0.554300854488, 0.114626304233, 0.748132969787, 0.164236748072, 0.181092869519, 0.130416825562, 0.142461107512, 0.0177057213468, 0.355897460473, 0.021687152123, 0.195981184301, 0.750166700963, 0.0246045936145, 0.61470607285, 0.140862467229, 0.148379234727, 0.107125974738, 0.055827198701, 0.074966865396, 0.346274584984, 0.0288899619516, 0.525524512587, 0.201647773808, 0.0326820573143, 0.345902763267, 0.0947326497201, 0.317649661695, 0.297742520698, 0.00652098543165, 0.285768745364, 2.15196395383
0.946467984405, 0.294509721452, 0.364828071291, 0.550487009832, 0.294679766814, 0.61571948771, 0.0153189245314, 0.0305043807029, 0.0258282585557, 0.355897460473, 0.0541270755363, 0.275079479171, 0.0795690722196, 0.00310735274883, 0.153268362086, 0.428626080793, 0.311121331964, 0.198283849308, 0.166116624846, 0.604630531851, 0.628262356303, 0.0366106786404, 0.0864749996285, 0.238350061771, 0.113720827683, 0.108372043783, 0.0214385418522, 0.66831833071, 0.550099330233, 0.0626492836431, 0.946467984405, 1.51564382497
0.856610635368, 0.174754879766, 0.438589942821, 0.550487009832, 0.10591227526, 0.61571948771, 0.00877631840417, 0.0305043807029, 0.0258282585557, 0.355897460473, 0.0541270755363, 0.275079479171, 0.0795690722196, 0.00310735274883, 0.153268362086, 0.428626080793, 0.311121331964, 0.198283849308, 0.166116624846, 0.621761330766, 0.628262356303, 0.0366106786404, 0.0864749996285, 0.238350061771, 0.113720827683, 0.193006399034, 0.0214385418522, 0.66831833071, 0.550099330233, 0.0626492836431, 0.856610635368, 1.56912749299
0.541335498961, 0.174754879766, 0.438589942821, 0.380183576791, 0.147765150139, 0.276772964162, 0.0153189245314, 0.0198299653955, 0.0177057213468, 0.355897460473, 0.0445551137826, 0.0642816923519, 0.72721169546, 0.270503765486, 0.0637179101498, 0.70725309606, 0.148379234727, 0.245635486627, 0.102764823604, 0.853416817263, 0.0379749255838, 0.0366106786404, 0.117817333899, 0.173215607996, 0.0326820573143, 0.560413819631, 0.0422785597223, 0.317649661695, 0.473376732638, 0.788870094994, 0.541335498961, 2.01902581118
0.261262972202, 0.174754879766, 0.129531107892, 0.550487009832, 0.10591227526, 0.392468709001, 0.00116268308939, 0.541790695188, 0.0258282585557, 0.355897460473, 0.909975573372, 0.275079479171, 0.170512167334, 0.00310735274883, 0.388366646746, 0.0113017014659, 0.0957623609717, 0.198283849308, 0.01880812941, 0.604630531851, 0.590438262881, 0.0137057567564, 0.0864749996285, 0.282144315726, 0.0260886504743, 0.193006399034, 0.0111164050218, 0.749118593918, 0.550099330233, 0.490862325147, 0.261262972202, 2.51459435851
0.439559204853, 0.343469344105, 0.22246517907, 0.208999644276, 0.0981171171241, 0.392468709001, 0.113097169048, 0.145295214473, 0.0240069201423, 0.0886739772448, 0.0161293406983, 0.196381112502, 0.72721169546, 0.105114859387, 0.154606556056, 0.701076621944, 0.311121331964, 0.296639643958, 0.443419610815, 0.289873499433, 0.641294613838, 0.21841885877, 0.492439454677, 0.181135940864, 0.341506031324, 0.00608703364364, 0.173044024813, 0.00856429733589, 0.023757514129, 0.45010773043, 0.439559204853, 2.0964797737
0.000102956088874, 0.0801376877843, 0.0875569449845, 0.320299612742, 0.939590438059, 0.107944580051, 0.738180644412, 0.307632109858, 0.892876364565, 0.004141033394, 0.0182306514033, 0.303203272722, 0.186718945153, 0.104935918615, 0.908549100518, 0.0846691987499, 0.0337442312025, 0.00547292209571, 0.166116624846, 0.266652451666, 0.0379749255838, 0.773589542165, 0.176586815364, 0.260892128206, 0.58597458371, 0.0525871047018, 0.101876324782, 0.883672824909, 0.441305440321, 0.562996990741, 0.000102956088874, 3.9077175165
0.285768745364, 0.554300854488, 0.114626304233, 0.748132969787, 0.164236748072, 0.181092869519, 0.130416825562, 0.142461107512, 0.0177057213468, 0.355897460473, 0.021687152123, 0.195981184301, 0.750166700963, 0.0246045936145, 0.61470607285, 0.140862467229, 0.148379234727, 0.107125974738, 0.055827198701, 0.074966865396, 0.346274584984, 0.0288899619516, 0.525524512587, 0.201647773808, 0.0326820573143, 0.345902763267, 0.0947326497201, 0.317649661695, 0.297742520698, 0.00652098543165, 0.285768745364, 2.15196395383
0.946467984405, 0.294509721452, 0.364828071291, 0.550487009832, 0.294679766814, 0.61571948771, 0.0153189245314, 0.0305043807029, 0.0258282585557, 0.355897460473, 0.0541270755363, 0.275079479171, 0.0795690722196, 0.00310735274883, 0.153268362086, 0.428626080793, 0.311121331964, 0.198283849308, 0.166116624846, 0.604630531851, 0.628262356303, 0.0366106786404, 0.0864749996285, 0.238350061771, 0.113720827683, 0.108372043783, 0.0214385418522, 0.66831833071, 0.550099330233, 0.0626492836431, 0.946467984405, 1.51564382497
0.856610635368, 0.174754879766, 0.438589942821, 0.550487009832, 0.10591227526, 0.61571948771, 0.00877631840417, 0.0305043807029, 0.0258282585557, 0.355897460473, 0.0541270755363, 0.275079479171, 0.0795690722196, 0.00310735274883, 0.153268362086, 0.428626080793, 0.311121331964, 0.198283849308, 0.166116624846, 0.621761330766, 0.628262356303, 0.0366106786404, 0.0864749996285, 0.238350061771, 0.113720827683, 0.193006399034, 0.0214385418522, 0.66831833071, 0.550099330233, 0.0626492836431, 0.856610635368, 1.56912749299
0.541335498961, 0.174754879766, 0.438589942821, 0.380183576791, 0.147765150139, 0.276772964162, 0.0153189245314, 0.0198299653955, 0.0177057213468, 0.355897460473, 0.0445551137826, 0.0642816923519, 0.72721169546, 0.270503765486, 0.0637179101498, 0.70725309606, 0.148379234727, 0.245635486627, 0.102764823604, 0.853416817263, 0.0379749255838, 0.0366106786404, 0.117817333899, 0.173215607996, 0.0326820573143, 0.560413819631, 0.0422785597223, 0.317649661695, 0.473376732638, 0.788870094994, 0.541335498961, 2.01902581118
0.261262972202, 0.174754879766, 0.129531107892, 0.550487009832, 0.10591227526, 0.392468709001, 0.00116268308939, 0.541790695188, 0.0258282585557, 0.355897460473, 0.909975573372, 0.275079479171, 0.170512167334, 0.00310735274883, 0.388366646746, 0.0113017014659, 0.0957623609717, 0.198283849308, 0.01880812941, 0.604630531851, 0.590438262881, 0.0137057567564, 0.0864749996285, 0.282144315726, 0.0260886504743, 0.193006399034, 0.0111164050218, 0.749118593918, 0.550099330233, 0.490862325147, 0.261262972202, 2.51459435851
0.439559204853, 0.343469344105, 0.22246517907, 0.208999644276, 0.0981171171241, 0.392468709001, 0.113097169048, 0.145295214473, 0.0240069201423, 0.0886739772448, 0.0161293406983, 0.196381112502, 0.72721169546, 0.105114859387, 0.154606556056, 0.701076621944, 0.311121331964, 0.296639643958, 0.443419610815, 0.289873499433, 0.641294613838, 0.21841885877, 0.492439454677, 0.181135940864, 0.341506031324, 0.00608703364364, 0.173044024813, 0.00856429733589, 0.023757514129, 0.45010773043, 0.439559204853, 2.0964797737
0.000102956088874, 0.0801376877843, 0.0875569449845, 0.320299612742, 0.939590438059, 0.107944580051, 0.738180644412, 0.307632109858, 0.892876364565, 0.004141033394, 0.0182306514033, 0.303203272722, 0.186718945153, 0.104935918615, 0.908549100518, 0.0846691987499, 0.0337442312025, 0.00547292209571, 0.166116624846, 0.266652451666, 0.0379749255838, 0.773589542165, 0.176586815364, 0.260892128206, 0.58597458371, 0.0525871047018, 0.101876324782, 0.883672824909, 0.441305440321, 0.562996990741, 0.000102956088874, 3.9077175165
0.0149844778941, 0.0801376877843, 0.527972006931, 0.534702271368, 0.447620067672, 0.124794521127, 0.141707375712, 0.0474572076218, 0.662655567561, 0.0886739772448, 0.212495346167, 0.651124571695, 0.128030099918, 0.0394301048195, 0.044967528429, 0.130368172203, 0.148379234727, 0.377849498514, 0.055827198701, 0.074966865396, 0.0173934841257, 0.723199271993, 0.245824963699, 0.00840304075941, 0.105057781759, 0.298126432426, 0.102401262807, 0.324631812067, 0.0951139396212, 0.0470675416808, 0.0149844778941, 2.80053249011
0.0149844778941, 0.0801376877843, 0.527972006931, 0.534702271368, 0.447620067672, 0.124794521127, 0.141707375712, 0.0474572076218, 0.662655567561, 0.0886739772448, 0.212495346167, 0.651124571695, 0.128030099918, 0.0394301048195, 0.044967528429, 0.130368172203, 0.148379234727, 0.377849498514, 0.055827198701, 0.074966865396, 0.0173934841257, 0.723199271993, 0.245824963699, 0.00840304075941, 0.105057781759, 0.298126432426, 0.102401262807, 0.324631812067, 0.0951139396212, 0.0470675416808, 0.0149844778941, 2.80053249011
0.00420510448752, 0.288621475798, 0.341243629502, 0.887524164939, 0.0981171171241, 0.0403456754287, 0.0683553898845, 0.145295214473, 0.0919096099511, 0.355897460473, 0.179064866718, 0.552451054579, 0.0640043703602, 0.211433421478, 0.758790942856, 0.00062914153784, 0.311121331964, 0.198283849308, 0.00336804407791, 0.0613206874823, 0.590438262881, 0.222098050167, 0.492439454677, 0.0664105402278, 0.0377505534723, 0.452413016843, 0.17942801629, 0.0146336836793, 0.495216321626, 0.947101471707, 0.00420510448752, 3.40922673314
0.00420510448752, 0.288621475798, 0.341243629502, 0.887524164939, 0.0981171171241, 0.0403456754287, 0.0683553898845, 0.145295214473, 0.0919096099511, 0.355897460473, 0.179064866718, 0.552451054579, 0.0640043703602, 0.211433421478, 0.758790942856, 0.00062914153784, 0.311121331964, 0.198283849308, 0.00336804407791, 0.0613206874823, 0.590438262881, 0.222098050167, 0.492439454677, 0.0664105402278, 0.0377505534723, 0.452413016843, 0.17942801629, 0.0146336836793, 0.495216321626, 0.947101471707, 0.00420510448752, 3.40922673314
0.990106947208, 0.174754879766, 0.438589942821, 0.670246167257, 0.322772836053, 0.284789873055, 0.00176353880639, 0.0780610045877, 0.163888767944, 0.355897460473, 0.021687152123, 0.465043414224, 0.750166700963, 0.0884008699852, 0.0637179101498, 0.140862467229, 0.907280207617, 0.107125974738, 0.0160173848537, 0.170701055459, 0.346274584984, 0.0252123375504, 0.117817333899, 0.201647773808, 0.0326820573143, 0.147962268646, 0.0422785597223, 0.317649661695, 0.297742520698, 0.964663360555, 0.990106947208, 1.5612390243
0.168190823308, 0.174754879766, 0.0875569449845, 0.633414500096, 0.242979245591, 0.276772964162, 0.0153189245314, 0.12184316962, 0.0177057213468, 0.355897460473, 0.0541270755363, 0.102350660682, 0.903205387382, 0.00122303009009, 0.0322651513025, 0.349675089747, 0.148379234727, 0.198283849308, 0.443419610815, 0.604630531851, 0.590438262881, 0.0366106786404, 0.117817333899, 0.201647773808, 0.448826552812, 0.00998150768951, 0.0385569521646, 0.539330583202, 0.473376732638, 0.238313894098, 0.168190823308, 2.56810157091
0.990106947208, 0.174754879766, 0.438589942821, 0.670246167257, 0.322772836053, 0.284789873055, 0.00176353880639, 0.0780610045877, 0.163888767944, 0.355897460473, 0.021687152123, 0.465043414224, 0.750166700963, 0.0884008699852, 0.0637179101498, 0.140862467229, 0.907280207617, 0.107125974738, 0.0160173848537, 0.170701055459, 0.346274584984, 0.0252123375504, 0.117817333899, 0.201647773808, 0.0326820573143, 0.147962268646, 0.0422785597223, 0.317649661695, 0.297742520698, 0.964663360555, 0.990106947208, 1.5612390243
0.168190823308, 0.174754879766, 0.0875569449845, 0.633414500096, 0.242979245591, 0.276772964162, 0.0153189245314, 0.12184316962, 0.0177057213468, 0.355897460473, 0.0541270755363, 0.102350660682, 0.903205387382, 0.00122303009009, 0.0322651513025, 0.349675089747, 0.148379234727, 0.198283849308, 0.443419610815, 0.604630531851, 0.590438262881, 0.0366106786404, 0.117817333899, 0.201647773808, 0.448826552812, 0.00998150768951, 0.0385569521646, 0.539330583202, 0.473376732638, 0.238313894098, 0.168190823308, 2.56810157091
0.00420510448752, 0.288621475798, 0.341243629502, 0.449982410189, 0.0981171171241, 0.0791184932377, 0.0683553898845, 0.145295214473, 0.0177057213468, 0.024579003672, 0.569319455096, 0.299814057065, 0.0148163034739, 0.0263185212321, 0.02501481242, 0.00286783622073, 0.311121331964, 0.361746494497, 0.948947982238, 0.142714322444, 0.590438262881, 0.284442181659, 0.492439454677, 0.580916201267, 0.00429089357383, 0.318321293959, 0.0267468159371, 0.00385388912498, 0.760548290138, 0.947101471707, 0.00420510448752, 3.43029950889
0.00420510448752, 0.288621475798, 0.341243629502, 0.449982410189, 0.0981171171241, 0.0791184932377, 0.0683553898845, 0.145295214473, 0.0177057213468, 0.024579003672, 0.569319455096, 0.299814057065, 0.0148163034739, 0.0263185212321, 0.02501481242, 0.00286783622073, 0.311121331964, 0.361746494497, 0.948947982238, 0.142714322444, 0.590438262881, 0.284442181659, 0.492439454677, 0.580916201267, 0.00429089357383, 0.318321293959, 0.0267468159371, 0.00385388912498, 0.760548290138, 0.947101471707, 0.00420510448752, 3.43029950889
0.856610635368, 0.174754879766, 0.438589942821, 0.586882551623, 0.10591227526, 0.392468709001, 0.0153189245314, 0.0305043807029, 0.0258282585557, 0.355897460473, 0.909975573372, 0.275079479171, 0.170512167334, 0.00310735274883, 0.153268362086, 0.00876213486197, 0.933647686151, 0.198283849308, 0.055827198701, 0.604630531851, 0.628787511443, 0.0366106786404, 0.0864749996285, 0.282144315726, 0.0979794419899, 0.193006399034, 0.0214385418522, 0.449994739056, 0.0732298492182, 0.0626492836431, 0.856610635368, 1.60954351207
0.856610635368, 0.174754879766, 0.438589942821, 0.586882551623, 0.10591227526, 0.392468709001, 0.0153189245314, 0.0305043807029, 0.0258282585557, 0.355897460473, 0.909975573372, 0.275079479171, 0.170512167334, 0.00310735274883, 0.153268362086, 0.00876213486197, 0.933647686151, 0.198283849308, 0.055827198701, 0.604630531851, 0.628787511443, 0.0366106786404, 0.0864749996285, 0.282144315726, 0.0979794419899, 0.193006399034, 0.0214385418522, 0.449994739056, 0.0732298492182, 0.0626492836431, 0.856610635368, 1.60954351207
0.0149844778941, 0.0801376877843, 0.527972006931, 0.534702271368, 0.520667748201, 0.124794521127, 0.484921868887, 0.0474572076218, 0.662655567561, 0.0886739772448, 0.212495346167, 0.651124571695, 0.128030099918, 0.0394301048195, 0.044967528429, 0.130368172203, 0.0870944371485, 0.377849498514, 0.055827198701, 0.0430083310744, 0.0173934841257, 0.521768769891, 0.245824963699, 0.00840304075941, 0.105057781759, 0.298126432426, 0.00168365218719, 0.37424590804, 0.0951139396212, 0.0470675416808, 0.0149844778941, 2.82163717338
0.000138268186278, 0.554300854488, 0.174123272839, 0.00160187413276, 0.11139017569, 0.124794521127, 0.892142457724, 0.145295214473, 0.884950427335, 0.0735808046202, 0.84806135494, 0.303203272722, 0.0015519123379, 0.467660353246, 0.61470607285, 0.402717407014, 0.148379234727, 0.241708921514, 0.195911556874, 0.074966865396, 0.0469599312914, 0.982344834774, 0.209512975714, 0.457032500354, 0.0196685762047, 0.258034442488, 0.0512301966878, 0.525555822062, 0.0951139396212, 0.0470675416808, 0.000138268186278, 3.75583563481
0.0149844778941, 0.0801376877843, 0.527972006931, 0.534702271368, 0.520667748201, 0.124794521127, 0.484921868887, 0.0474572076218, 0.662655567561, 0.0886739772448, 0.212495346167, 0.651124571695, 0.128030099918, 0.0394301048195, 0.044967528429, 0.130368172203, 0.0870944371485, 0.377849498514, 0.055827198701, 0.0430083310744, 0.0173934841257, 0.521768769891, 0.245824963699, 0.00840304075941, 0.105057781759, 0.298126432426, 0.00168365218719, 0.37424590804, 0.0951139396212, 0.0470675416808, 0.0149844778941, 2.82163717338
0.000138268186278, 0.554300854488, 0.174123272839, 0.00160187413276, 0.11139017569, 0.124794521127, 0.892142457724, 0.145295214473, 0.884950427335, 0.0735808046202, 0.84806135494, 0.303203272722, 0.0015519123379, 0.467660353246, 0.61470607285, 0.402717407014, 0.148379234727, 0.241708921514, 0.195911556874, 0.074966865396, 0.0469599312914, 0.982344834774, 0.209512975714, 0.457032500354, 0.0196685762047, 0.258034442488, 0.0512301966878, 0.525555822062, 0.0951139396212, 0.0470675416808, 0.000138268186278, 3.75583563481
0.570608015219, 0.41631449654, 0.438589942821, 0.306531235524, 0.130402478191, 0.612122831192, 0.0466981897672, 0.142461107512, 0.0239291391623, 0.0256872209526, 0.0710761171068, 0.543596737356, 0.462956733937, 0.00695010347751, 0.758790942856, 0.277021574006, 0.230197414225, 0.0166154773548, 0.01880812941, 0.34160899496, 0.278776210321, 0.581778108292, 0.209512975714, 0.795109966811, 0.158025470618, 0.193006399034, 0.0547796180362, 0.168187727107, 0.108857378448, 0.0799834649017, 0.570608015219, 1.94923618913
0.570608015219, 0.41631449654, 0.438589942821, 0.306531235524, 0.130402478191, 0.612122831192, 0.0466981897672, 0.142461107512, 0.0239291391623, 0.0256872209526, 0.0710761171068, 0.543596737356, 0.462956733937, 0.00695010347751, 0.758790942856, 0.277021574006, 0.230197414225, 0.0166154773548, 0.01880812941, 0.34160899496, 0.278776210321, 0.581778108292, 0.209512975714, 0.795109966811, 0.158025470618, 0.193006399034, 0.0547796180362, 0.168187727107, 0.108857378448, 0.0799834649017, 0.570608015219, 1.94923618913
0.946467984405, 0.110910878596, 0.364828071291, 0.550487009832, 0.294679766814, 0.61571948771, 0.0153189245314, 0.0305043807029, 0.0258282585557, 0.715341495869, 0.0541270755363, 0.275079479171, 0.0795690722196, 0.00310735274883, 0.153268362086, 0.428626080793, 0.311121331964, 0.198283849308, 0.166116624846, 0.604630531851, 0.628262356303, 0.0366106786404, 0.0864749996285, 0.238350061771, 0.113720827683, 0.193006399034, 0.0214385418522, 0.66831833071, 0.550099330233, 0.0626492836431, 0.946467984405, 1.57489147622
0.000138268186278, 0.554300854488, 0.478209058965, 0.00160187413276, 0.11139017569, 0.124794521127, 0.892142457724, 0.145295214473, 0.172413095633, 0.0735808046202, 0.84806135494, 0.337779595249, 0.0127081936255, 0.893580536745, 0.61470607285, 0.402717407014, 0.148379234727, 0.198283849308, 0.195911556874, 0.074966865396, 0.0469599312914, 0.982344834774, 0.209512975714, 0.457032500354, 0.0196685762047, 0.258034442488, 0.0512301966878, 0.525555822062, 0.0951139396212, 0.0470675416808, 0.000138268186278, 3.76195451131
0.946467984405, 0.110910878596, 0.364828071291, 0.550487009832, 0.294679766814, 0.61571948771, 0.0153189245314, 0.0305043807029, 0.0258282585557, 0.715341495869, 0.0541270755363, 0.275079479171, 0.0795690722196, 0.00310735274883, 0.153268362086, 0.428626080793, 0.311121331964, 0.198283849308, 0.166116624846, 0.604630531851, 0.628262356303, 0.0366106786404, 0.0864749996285, 0.238350061771, 0.113720827683, 0.193006399034, 0.0214385418522, 0.66831833071, 0.550099330233, 0.0626492836431, 0.946467984405, 1.57489147622
0.000138268186278, 0.554300854488, 0.478209058965, 0.00160187413276, 0.11139017569, 0.124794521127, 0.892142457724, 0.145295214473, 0.172413095633, 0.0735808046202, 0.84806135494, 0.337779595249, 0.0127081936255, 0.893580536745, 0.61470607285, 0.402717407014, 0.148379234727, 0.198283849308, 0.195911556874, 0.074966865396, 0.0469599312914, 0.982344834774, 0.209512975714, 0.457032500354, 0.0196685762047, 0.258034442488, 0.0512301966878, 0.525555822062, 0.0951139396212, 0.0470675416808, 0.000138268186278, 3.76195451131
0.000138268186278, 0.554300854488, 0.0697085389232, 0.00160187413276, 0.11139017569, 0.107944580051, 0.892142457724, 0.145295214473, 0.158942534294, 0.0735808046202, 0.84806135494, 0.893159024433, 0.0212958954313, 0.467660353246, 0.61470607285, 0.402717407014, 0.148379234727, 0.241708921514, 0.195911556874, 0.074966865396, 0.590438262881, 0.982344834774, 0.209512975714, 0.0664105402278, 0.0196685762047, 0.258034442488, 0.0512301966878, 0.539330583202, 0.473376732638, 0.0470675416808, 0.000138268186278, 3.85092447618
0.000138268186278, 0.554300854488, 0.0697085389232, 0.00160187413276, 0.11139017569, 0.107944580051, 0.892142457724, 0.145295214473, 0.158942534294, 0.0735808046202, 0.84806135494, 0.893159024433, 0.0212958954313, 0.467660353246, 0.61470607285, 0.402717407014, 0.148379234727, 0.241708921514, 0.195911556874, 0.074966865396, 0.590438262881, 0.982344834774, 0.209512975714, 0.0664105402278, 0.0196685762047, 0.258034442488, 0.0512301966878, 0.539330583202, 0.473376732638, 0.0470675416808, 0.000138268186278, 3.85092447618
0.168190823308, 0.230816545061, 0.0875569449845, 0.633414500096, 0.242979245591, 0.276772964162, 0.0153189245314, 0.12184316962, 0.0177057213468, 0.355897460473, 0.0541270755363, 0.102350660682, 0.903205387382, 0.00122303009009, 0.0603488938488, 0.349675089747, 0.148379234727, 0.198283849308, 0.443419610815, 0.604630531851, 0.590438262881, 0.0366106786404, 0.117817333899, 0.201647773808, 0.448826552812, 0.00998150768951, 0.0385569521646, 0.539330583202, 0.473376732638, 0.562996990741, 0.168190823308, 2.68082363799
0.168190823308, 0.230816545061, 0.0875569449845, 0.633414500096, 0.242979245591, 0.276772964162, 0.0153189245314, 0.12184316962, 0.0177057213468, 0.355897460473, 0.0541270755363, 0.102350660682, 0.903205387382, 0.00122303009009, 0.0603488938488, 0.349675089747, 0.148379234727, 0.198283849308, 0.443419610815, 0.604630531851, 0.590438262881, 0.0366106786404, 0.117817333899, 0.201647773808, 0.448826552812, 0.00998150768951, 0.0385569521646, 0.539330583202, 0.473376732638, 0.562996990741, 0.168190823308, 2.68082363799
