0.000485893363506, -1.90221621155, 4.9937860129, -4.02629321403, 0.62562201802, -0.986719653926, 3.49141542439, 1.53851937107, -1.55842268339, -0.965621470866, 0.000485893363506, 87.1869550909
0.000485893363506, -1.90221621155, 4.9937860129, -4.02629321403, 0.62562201802, -0.986719653926, 3.49141542439, 1.53851937107, -1.55842268339, -0.965621470866, 0.000485893363506, 87.1869550909
5.80324382504e-05, -1.90221621155, 4.9937860129, -4.02629321403, 0.62562201802, -0.986719653926, 4.50069897721, -1.00455566442, -1.55842268339, -0.965621470866, 5.80324382504e-05, 92.7051727615
5.80324382504e-05, -1.90221621155, 4.9937860129, -4.02629321403, 0.62562201802, -0.986719653926, 4.50069897721, -1.00455566442, -1.55842268339, -0.965621470866, 5.80324382504e-05, 92.7051727615
0.000495822765315, 0.48878502878, 0.388691294856, 2.04445766098, 2.90557225276, 1.9544767092, -2.05064636478, 2.67065427744, -1.97528504077, -1.53669071465, 0.000495822765315, 72.0924878388
0.000495822765315, 0.48878502878, 0.388691294856, 2.04445766098, 2.90557225276, 1.9544767092, -2.05064636478, 2.67065427744, -1.97528504077, -1.53669071465, 0.000495822765315, 72.0924878388
0.000495822765315, 0.48878502878, 0.388691294856, 2.04445766098, 2.90557225276, 1.9544767092, -2.05064636478, 2.67065427744, -1.97528504077, -1.53669071465, 0.000495822765315, 72.0924878388
0.000495822765315, 0.48878502878, 0.388691294856, 2.04445766098, 2.90557225276, 1.9544767092, -2.05064636478, 2.67065427744, -1.97528504077, -1.53669071465, 0.000495822765315, 72.0924878388
0.0600685803432, 1.40527070559, 1.13017265144, -0.0277543492092, -1.1875159292, -0.334052897405, 1.57507289425, 0.559943900718, 0.54273444214, -0.553419648461, 0.0600685803432, 69.1150190055
0.0600685803432, 1.40527070559, 1.13017265144, -0.0277543492092, -1.1875159292, -0.334052897405, 1.57507289425, 0.559943900718, 0.54273444214, -0.553419648461, 0.0600685803432, 69.1150190055
0.000303723054099, -0.97456586639, -1.08053324387, -3.46917188348, 2.07622657307, 2.58342101942, 1.71114394664, 3.08698365531, -3.51709095591, -0.965621470866, 0.000303723054099, 92.4823883333
0.000303723054099, -0.97456586639, -1.08053324387, -3.46917188348, 2.07622657307, 2.58342101942, 1.71114394664, 3.08698365531, -3.51709095591, -0.965621470866, 0.000303723054099, 92.4823883333
0.113498410143, -0.928359213257, 2.03913651394, -2.87656162018, -0.00875035763132, 1.50507256434, -2.45209520415, 1.49489308723, -3.02361813895, 0.0971839931672, 0.113498410143, 57.6054210598
0.113498410143, -0.928359213257, 2.03913651394, -2.87656162018, -0.00875035763132, 1.50507256434, -2.45209520415, 1.49489308723, -3.02361813895, 0.0971839931672, 0.113498410143, 57.6054210598
6.34988696248e-05, 0.48878502878, 3.58198983613, 0.665475482143, 0.574227039476, 1.9544767092, 4.94123576043, 2.18778602976, -4.42595774129, -4.12898256538, 6.34988696248e-05, 144.18819324
6.34988696248e-05, 0.48878502878, 3.58198983613, 0.665475482143, 0.574227039476, 1.9544767092, 4.94123576043, 2.18778602976, -4.42595774129, -4.12898256538, 6.34988696248e-05, 144.18819324
0.000161569744273, 0.48878502878, 3.87287688541, -1.78340393577, 2.84037520397, 1.9544767092, -0.463147310053, 4.43916866118, -1.97528504077, -3.25586734241, 0.000161569744273, 135.321231468
0.000161569744273, 0.48878502878, 3.87287688541, -1.78340393577, 2.84037520397, 1.9544767092, -0.463147310053, 4.43916866118, -1.97528504077, -3.25586734241, 0.000161569744273, 135.321231468
0.000495822765315, 0.48878502878, 0.388691294856, 1.37479430976, 2.90557225276, 1.9544767092, -2.05064636478, 2.67065427744, -1.97528504077, -1.53669071465, 0.000495822765315, 78.3081886092
0.000495822765315, 0.48878502878, 0.388691294856, 1.37479430976, 2.90557225276, 1.9544767092, -2.05064636478, 2.67065427744, -1.97528504077, -1.53669071465, 0.000495822765315, 78.3081886092
0.0596992992706, 1.40527070559, 2.03913651394, -1.51215423603, -1.18120990595, 2.99940825351, -2.45635439608, 3.02626499051, -2.09574387741, -0.553419648461, 0.0596992992706, 74.3633085982
0.0596992992706, 1.40527070559, 2.03913651394, -1.51215423603, -1.18120990595, 2.99940825351, -2.45635439608, 3.02626499051, -2.09574387741, -0.553419648461, 0.0596992992706, 74.3633085982
0.000485893363506, -1.90221621155, 4.9937860129, -4.02629321403, 0.62562201802, -0.986719653926, 3.49141542439, 1.82637897873, -1.55842268339, -0.965621470866, 0.000485893363506, 102.743538419
0.000485893363506, -1.90221621155, 4.9937860129, -4.02629321403, 0.62562201802, -0.986719653926, 3.49141542439, 1.82637897873, -1.55842268339, -0.965621470866, 0.000485893363506, 102.743538419
0.369675113787, -1.08930634653, -2.55013848291, -1.06655231671, -1.46450207208, -2.54776625115, -2.04809896211, 1.42169091834, -1.12357140944, 0.107985365457, 0.369675113787, 63.4931307774
0.369675113787, -1.08930634653, -2.55013848291, -1.06655231671, -1.46450207208, -2.54776625115, -2.04809896211, 1.42169091834, -1.12357140944, 0.107985365457, 0.369675113787, 63.4931307774
0.367839335681, 0.4436621392, -0.951367637589, -1.06655231671, 2.97893140812, 0.8902316217, 0.190328627153, 1.56140389587, -1.12357140944, 0.107985365457, 0.367839335681, 70.4582856055
0.367839335681, 0.4436621392, -0.951367637589, -1.06655231671, 2.97893140812, 0.8902316217, 0.190328627153, 1.56140389587, -1.12357140944, 0.107985365457, 0.367839335681, 70.4582856055
0.17048519917, -1.89149667498, -2.52354968606, -1.06655231671, 3.98828221992, -0.976785255548, -1.56865054578, 1.5885066391, 1.59179018556, 0.107985365457, 0.17048519917, 71.5725355584
0.17048519917, -1.89149667498, -2.52354968606, -1.06655231671, 3.98828221992, -0.976785255548, -1.56865054578, 1.5885066391, 1.59179018556, 0.107985365457, 0.17048519917, 71.5725355584
6.34988696248e-05, 0.48878502878, 3.48793396502, -0.468873688245, 2.84037520397, 1.9544767092, 4.94123576043, 2.77788008538, -4.42595774129, -4.12898256538, 6.34988696248e-05, 147.581418536
6.34988696248e-05, 0.48878502878, 3.48793396502, -0.468873688245, 2.84037520397, 1.9544767092, 4.94123576043, 2.77788008538, -4.42595774129, -4.12898256538, 6.34988696248e-05, 147.581418536
0.000161569744273, 0.48878502878, 4.99787808585, -1.78340393577, 2.07836405756, 1.9544767092, -0.463147310053, 4.17480340638, -4.42595774129, -1.69365129688, 0.000161569744273, 141.467183085
0.000161569744273, 0.48878502878, 4.99787808585, -1.78340393577, 2.07836405756, 1.9544767092, -0.463147310053, 4.17480340638, -4.42595774129, -1.69365129688, 0.000161569744273, 141.467183085
0.000495822765315, -1.82523958749, 3.87287688541, 0.523323098799, 0.35337762218, 1.9544767092, -2.05064636478, 3.49936241714, -1.97528504077, -1.53669071465, 0.000495822765315, 90.5667119467
0.000495822765315, -1.82523958749, 3.87287688541, 0.523323098799, 0.35337762218, 1.9544767092, -2.05064636478, 3.49936241714, -1.97528504077, -1.53669071465, 0.000495822765315, 90.5667119467
0.000495822765315, -1.82523958749, 3.87287688541, 0.523323098799, 0.35337762218, 1.9544767092, -2.05064636478, 3.49936241714, -1.97528504077, -1.53669071465, 0.000495822765315, 90.5667119467
0.000495822765315, -1.82523958749, 3.87287688541, 0.523323098799, 0.35337762218, 1.9544767092, -2.05064636478, 3.49936241714, -1.97528504077, -1.53669071465, 0.000495822765315, 90.5667119467
0.000546703449334, -0.97456586639, -1.08053324387, -3.46917188348, 2.07622657307, 2.43563308022, 1.71114394664, 3.08698365531, -1.97528504077, -0.965621470866, 0.000546703449334, 81.6083408123
0.000546703449334, -0.97456586639, -1.08053324387, -3.46917188348, 2.07622657307, 2.43563308022, 1.71114394664, 3.08698365531, -1.97528504077, -0.965621470866, 0.000546703449334, 81.6083408123
0.0596992992706, 1.40527070559, 2.03913651394, -1.51215423603, -1.18120990595, 2.99940825351, -1.63019228935, 3.02626499051, -2.09574387741, -0.553419648461, 0.0596992992706, 80.1724303594
0.0596992992706, 1.40527070559, 2.03913651394, -1.51215423603, -1.18120990595, 2.99940825351, -1.63019228935, 3.02626499051, -2.09574387741, -0.553419648461, 0.0596992992706, 80.1724303594
0.0600685803432, 1.40527070559, 1.13017265144, -0.0277543492092, -1.1875159292, -0.334052897405, -1.63019228935, 0.559943900718, 0.54273444214, -0.553419648461, 0.0600685803432, 75.8141546779
0.0600685803432, 1.40527070559, 1.13017265144, -0.0277543492092, -1.1875159292, -0.334052897405, -1.63019228935, 0.559943900718, 0.54273444214, -0.553419648461, 0.0600685803432, 75.8141546779
0.0600685803432, 1.40527070559, 1.13017265144, -0.0277543492092, -1.1875159292, -0.334052897405, -1.63019228935, 0.559943900718, 0.54273444214, -0.553419648461, 0.0600685803432, 75.8141546779
0.0600685803432, 1.40527070559, 1.13017265144, -0.0277543492092, -1.1875159292, -0.334052897405, -1.63019228935, 0.559943900718, 0.54273444214, -0.553419648461, 0.0600685803432, 75.8141546779
0.000485893363506, -1.90221621155, 4.9937860129, -4.02629321403, 0.62562201802, -0.986719653926, 3.49141542439, 1.82637897873, -1.55842268339, -4.19202604132, 0.000485893363506, 135.927032531
0.000485893363506, -1.90221621155, 4.9937860129, -4.02629321403, 0.62562201802, -0.986719653926, 3.49141542439, 1.82637897873, -1.55842268339, -4.19202604132, 0.000485893363506, 135.927032531
0.369675113787, -1.08930634653, -2.55013848291, -1.06655231671, -0.939170059656, 3.00141061077, -1.56865054578, 1.42169091834, -1.12357140944, 0.107985365457, 0.369675113787, 64.7951211954
0.369675113787, -1.08930634653, -2.55013848291, -1.06655231671, -0.939170059656, 3.00141061077, -1.56865054578, 1.42169091834, -1.12357140944, 0.107985365457, 0.369675113787, 64.7951211954
0.17048519917, -1.89149667498, -2.52354968606, -1.06655231671, 3.98828221992, -0.976785255548, -1.56865054578, 2.41174268604, 1.59179018556, 0.107985365457, 0.17048519917, 74.8376305639
0.17048519917, -1.89149667498, -2.52354968606, -1.06655231671, 3.98828221992, -0.976785255548, -1.56865054578, 2.41174268604, 1.59179018556, 0.107985365457, 0.17048519917, 74.8376305639
6.34988696248e-05, 0.48878502878, 3.87287688541, -1.78340393577, 2.84037520397, 1.9544767092, -0.463147310053, 2.72144971621, -4.42595774129, -3.92211207402, 6.34988696248e-05, 148.065502535
6.34988696248e-05, 0.48878502878, 3.87287688541, -1.78340393577, 2.84037520397, 1.9544767092, -0.463147310053, 2.72144971621, -4.42595774129, -3.92211207402, 6.34988696248e-05, 148.065502535
6.34988696248e-05, 0.48878502878, 3.87287688541, -1.78340393577, 2.84037520397, 1.9544767092, -0.463147310053, 2.72144971621, -4.42595774129, -3.92211207402, 6.34988696248e-05, 148.065502535
6.34988696248e-05, 0.48878502878, 3.87287688541, -1.78340393577, 2.84037520397, 1.9544767092, -0.463147310053, 2.72144971621, -4.42595774129, -3.92211207402, 6.34988696248e-05, 148.065502535
0.000161569744273, 0.48878502878, 4.99787808585, -1.78340393577, 2.84037520397, 1.9544767092, -1.57850880006, -2.57356165883, -1.79347970941, -3.65990250946, 0.000161569744273, 143.306220726
0.000161569744273, 0.48878502878, 4.99787808585, -1.78340393577, 2.84037520397, 1.9544767092, -1.57850880006, -2.57356165883, -1.79347970941, -3.65990250946, 0.000161569744273, 143.306220726
0.000495822765315, 0.48878502878, -0.686837457627, -0.536400003816, 1.85033568389, 1.515563522, -0.463147310053, 4.44090130588, -1.97528504077, -3.65990250946, 0.000495822765315, 94.7432818459
0.000495822765315, 0.48878502878, -0.686837457627, -0.536400003816, 1.85033568389, 1.515563522, -0.463147310053, 4.44090130588, -1.97528504077, -3.65990250946, 0.000495822765315, 94.7432818459
0.0206290922742, 1.40527070559, 0.13576605599, -2.00330104381, -1.1726543469, 2.99940825351, 0.0613030783834, 3.0067575811, -2.09574387741, -3.03351629711, 0.0206290922742, 83.4375426586
0.0206290922742, 1.40527070559, 0.13576605599, -2.00330104381, -1.1726543469, 2.99940825351, 0.0613030783834, 3.0067575811, -2.09574387741, -3.03351629711, 0.0206290922742, 83.4375426586
0.000610704408074, -0.97456586639, -1.08053324387, -3.46917188348, 1.94127295823, 2.90646409059, 4.08813990479, 3.08698365531, -1.97528504077, -0.965621470866, 0.000610704408074, 85.472520681
0.000610704408074, -0.97456586639, -1.08053324387, -3.46917188348, 1.94127295823, 2.90646409059, 4.08813990479, 3.08698365531, -1.97528504077, -0.965621470866, 0.000610704408074, 85.472520681
0.00131229497532, -1.90221621155, 3.52841005451, -2.02276136831, -0.00875035763132, -1.63838814904, 3.49141542439, -1.57947753721, -1.97528504077, 3.57309913701, 0.00131229497532, 83.6690377736
0.00131229497532, -1.90221621155, 3.52841005451, -2.02276136831, -0.00875035763132, -1.63838814904, 3.49141542439, -1.57947753721, -1.97528504077, 3.57309913701, 0.00131229497532, 83.6690377736
0.0600685803432, 1.40527070559, 1.13017265144, -0.0277543492092, -1.1875159292, -0.334052897405, -1.63019228935, 0.559943900718, 2.46600519405, -0.553419648461, 0.0600685803432, 81.091834702
0.0600685803432, 1.40527070559, 1.13017265144, -0.0277543492092, -1.1875159292, -0.334052897405, -1.63019228935, 0.559943900718, 2.46600519405, -0.553419648461, 0.0600685803432, 81.091834702
0.369675113787, 0.711442198515, -2.52354968606, -1.06655231671, 2.97893140812, -0.976785255548, -1.56865054578, -0.929738005961, -0.905094878151, 0.107985365457, 0.369675113787, 67.6796278851
0.369675113787, 0.711442198515, -2.52354968606, -1.06655231671, 2.97893140812, -0.976785255548, -1.56865054578, -0.929738005961, -0.905094878151, 0.107985365457, 0.369675113787, 67.6796278851
0.389561575528, 2.00225110771, 0.0817824481379, -1.06655231671, 2.05018773398, 0.8902316217, -1.56865054578, 1.56140389587, -0.292957499334, 0.107985365457, 0.389561575528, 67.0827844332
0.389561575528, 2.00225110771, 0.0817824481379, -1.06655231671, 2.05018773398, 0.8902316217, -1.56865054578, 1.56140389587, -0.292957499334, 0.107985365457, 0.389561575528, 67.0827844332
0.181767259427, 3.5427589743, -0.0463543543739, -1.06655231671, 1.41642356855, 0.872899316175, -2.606765593, 1.15897075843, -1.04783494674, 0.107985365457, 0.181767259427, 79.8535177437
0.181767259427, 3.5427589743, -0.0463543543739, -1.06655231671, 1.41642356855, 0.872899316175, -2.606765593, 1.15897075843, -1.04783494674, 0.107985365457, 0.181767259427, 79.8535177437
6.34988696248e-05, 0.48878502878, 3.29872040769, 0.665475482143, 2.84037520397, 1.9544767092, -0.463147310053, 4.17480340638, -4.42595774129, -3.65990250946, 6.34988696248e-05, 159.221385107
6.34988696248e-05, 0.48878502878, 3.29872040769, 0.665475482143, 2.84037520397, 1.9544767092, -0.463147310053, 4.17480340638, -4.42595774129, -3.65990250946, 6.34988696248e-05, 159.221385107
0.389561575528, 2.00225110771, 0.0817824481379, -1.52467954092, 2.97893140812, 0.8902316217, -1.56865054578, -0.0840328180766, -0.292957499334, 0.107985365457, 0.389561575528, 68.3576513888
0.389561575528, 2.00225110771, 0.0817824481379, -1.52467954092, 2.97893140812, 0.8902316217, -1.56865054578, -0.0840328180766, -0.292957499334, 0.107985365457, 0.389561575528, 68.3576513888
0.369675113787, -1.89149667498, -2.52354968606, -1.06655231671, -3.42578194743, -0.976785255548, -1.56865054578, 1.42169091834, 1.59179018556, 0.107985365457, 0.369675113787, 69.7235204604
0.181767259427, 3.5427589743, -1.06824503252, -1.06655231671, 1.41642356855, 0.304892497027, -1.56865054578, 1.15897075843, -1.04783494674, 0.107985365457, 0.181767259427, 81.0144438728
0.000495822765315, 0.48878502878, 4.95076436245, -0.536400003816, 0.874491191496, 1.9544767092, -0.463147310053, 4.17480340638, -1.97528504077, -4.02874875706, 0.000495822765315, 101.0695542
0.000161569744273, 0.48878502878, 3.87287688541, -1.78340393577, 2.84037520397, 1.9544767092, -0.463147310053, 3.78282273305, -1.97528504077, -3.65990250946, 0.000161569744273, 143.371988846
0.181767259427, 3.5427589743, -1.06824503252, -1.06655231671, 1.41642356855, 0.304892497027, -1.56865054578, 1.15897075843, -1.04783494674, 0.107985365457, 0.181767259427, 81.0144438728
0.0600685803432, 1.40527070559, 2.03913651394, -2.00330104381, -1.18120990595, 2.99940825351, -1.63019228935, 3.02626499051, -2.09574387741, -0.553419648461, 0.0600685803432, 81.7912251696
0.113498410143, -1.45422368907, 2.03913651394, -2.87656162018, -0.00875035763132, 1.50507256434, -2.45209520415, 1.49489308723, -3.02361813895, -3.6935279384, 0.113498410143, 81.3251483512
0.369675113787, -1.89149667498, -2.52354968606, -1.06655231671, -3.42578194743, -0.976785255548, -1.56865054578, 1.42169091834, 1.59179018556, 0.107985365457, 0.369675113787, 69.7235204604
0.000161569744273, 0.48878502878, 3.87287688541, -1.78340393577, 2.84037520397, 1.9544767092, -0.463147310053, 3.78282273305, -1.97528504077, -3.65990250946, 0.000161569744273, 143.371988846
0.000814936781927, -1.90221621155, 3.52841005451, -2.02276136831, -0.00875035763132, 1.68409350701, 3.49141542439, -1.57947753721, -1.97528504077, 3.45294286618, 0.000814936781927, 85.8316286705
0.0600685803432, 1.40527070559, 2.03913651394, -2.00330104381, -1.18120990595, 2.99940825351, -1.63019228935, 3.02626499051, -2.09574387741, -0.553419648461, 0.0600685803432, 81.7912251696
0.000495822765315, 0.48878502878, 4.95076436245, -0.536400003816, 0.874491191496, 1.9544767092, -0.463147310053, 4.17480340638, -1.97528504077, -4.02874875706, 0.000495822765315, 101.0695542
0.000610704408074, -0.97456586639, 0.0936599090984, -3.46917188348, 1.94127295823, 2.90646409059, 4.42668440591, 3.08698365531, -1.97528504077, -0.965621470866, 0.000610704408074, 87.0810106756
0.113498410143, -1.45422368907, 2.03913651394, -2.87656162018, -0.00875035763132, 1.50507256434, -2.45209520415, 1.49489308723, -3.02361813895, -3.6935279384, 0.113498410143, 81.3251483512
