0.320191925556, 2.00557954011, 1.00897731265, 0.990227272154, -0.528631139291, -3.08716447192, 1.39060951856, -0.47517514547, -2.99010118028, 0.500044741776, 0.320191925556, 43.0161607436
1.178887864e-07, -3.73719936896, 0.34016521623, 1.80917966047, -1.36607553738, -0.179658789349, -1.32979309294, -0.47517514547, 0.00535692292893, 0.500044741776, 1.178887864e-07, 117.313709046
2.78808987009e-08, -1.67984193862, -1.50587254549, -4.33773508178, 2.1307084107, -0.792363126141, 3.20560263455, -4.49739896551, -4.80406250007, 0.500044741776, 2.78808987009e-08, 180.406011558
1.66207201557e-07, -1.34264507719, 3.48719207323, -0.484959951086, -0.447316519854, 0.984373198486, 1.39060951856, 0.412160148382, 0.00535692292893, 0.500044741776, 1.66207201557e-07, 48.8599120651
7.16421135083e-07, -2.38674062758, 0.965969288244, 0.990227272154, 1.94102023973, 0.984373198486, 1.86488243605, 0.0203619036394, -2.51355128431, 0.500044741776, 7.16421135083e-07, 47.4522985946
0.320191925556, 2.00557954011, 1.00897731265, 0.990227272154, -0.528631139291, -3.08716447192, 1.39060951856, -0.47517514547, -2.99010118028, 0.500044741776, 0.320191925556, 43.0161607436
1.178887864e-07, -3.73719936896, 0.34016521623, 1.80917966047, -1.36607553738, -0.179658789349, -1.32979309294, -0.47517514547, 0.00535692292893, 0.500044741776, 1.178887864e-07, 117.313709046
2.78808987009e-08, -1.67984193862, -1.50587254549, -4.33773508178, 2.1307084107, -0.792363126141, 3.20560263455, -4.49739896551, -4.80406250007, 0.500044741776, 2.78808987009e-08, 180.406011558
1.66207201557e-07, -1.34264507719, 3.48719207323, -0.484959951086, -0.447316519854, 0.984373198486, 1.39060951856, 0.412160148382, 0.00535692292893, 0.500044741776, 1.66207201557e-07, 48.8599120651
7.16421135083e-07, -2.38674062758, 0.965969288244, 0.990227272154, 1.94102023973, 0.984373198486, 1.86488243605, 0.0203619036394, -2.51355128431, 0.500044741776, 7.16421135083e-07, 47.4522985946
2.78808987009e-08, -1.67984193862, -1.50587254549, -4.33773508178, -4.29925219575, 3.08857226654, 3.20560263455, -4.49739896551, -4.80406250007, 0.500044741776, 2.78808987009e-08, 197.653823272
4.98702064089e-08, 2.28651981109, 0.34016521623, -3.38570005503, -4.51382970703, -1.15120916266, 1.86488243605, -4.49739896551, -4.80406250007, -2.59416670193, 4.98702064089e-08, 183.543206531
2.78808987009e-08, -1.67984193862, -1.50587254549, -4.33773508178, -4.29925219575, 3.08857226654, 3.20560263455, -4.49739896551, -4.80406250007, 0.500044741776, 2.78808987009e-08, 197.653823272
4.98702064089e-08, 2.28651981109, 0.34016521623, -3.38570005503, -4.51382970703, -1.15120916266, 1.86488243605, -4.49739896551, -4.80406250007, -2.59416670193, 4.98702064089e-08, 183.543206531
1.178887864e-07, -3.73719936896, 0.34016521623, 1.80917966047, -1.36607553738, -0.179658789349, -1.32979309294, 1.00926904544, 0.00535692292893, 0.500044741776, 1.178887864e-07, 117.691644307
1.178887864e-07, -3.73719936896, 0.34016521623, 1.80917966047, -1.36607553738, -0.179658789349, -1.32979309294, 1.00926904544, 0.00535692292893, 0.500044741776, 1.178887864e-07, 117.691644307
0.320191925556, 1.15942454608, 2.49177203985, 0.990227272154, -0.447316519854, -1.0204449337, -0.461863115517, 1.00926904544, -3.5183324509, 0.984073862683, 0.320191925556, 43.77170361
0.320191925556, 1.15942454608, 2.49177203985, 0.990227272154, -0.447316519854, -1.0204449337, -0.461863115517, 1.00926904544, -3.5183324509, 0.984073862683, 0.320191925556, 43.77170361
1.66207201557e-07, 1.44191821406, 2.08042088856, -0.484959951086, 1.06532993171, -2.70018943322, 1.39060951856, 1.56367409869, 0.00535692292893, 0.500044741776, 1.66207201557e-07, 60.5059657748
1.66207201557e-07, 1.44191821406, 2.08042088856, -0.484959951086, 1.06532993171, -2.70018943322, 1.39060951856, 1.56367409869, 0.00535692292893, 0.500044741776, 1.66207201557e-07, 60.5059657748
0.00143674569322, 1.44191821406, -3.53243386437, -0.484959951086, -0.447316519854, 0.984373198486, 1.86488243605, 1.56367409869, 0.114121126374, 0.500044741776, 0.00143674569322, 51.9360668068
7.16421135083e-07, 2.9916957875, 3.56224512837, 0.990227272154, 1.94102023973, 0.984373198486, 1.86488243605, 0.0203619036394, -2.51355128431, 1.5329149113, 7.16421135083e-07, 58.9357767038
0.00143674569322, 1.44191821406, -3.53243386437, -0.484959951086, -0.447316519854, 0.984373198486, 1.86488243605, 1.56367409869, 0.114121126374, 0.500044741776, 0.00143674569322, 51.9360668068
7.16421135083e-07, 2.9916957875, 3.56224512837, 0.990227272154, 1.94102023973, 0.984373198486, 1.86488243605, 0.0203619036394, -2.51355128431, 1.5329149113, 7.16421135083e-07, 58.9357767038
1.66207201557e-07, 1.44191821406, 2.08042088856, -0.484959951086, 2.54402274678, -2.70018943322, 1.39060951856, 1.31850832241, 0.00535692292893, 0.500044741776, 1.66207201557e-07, 76.9267412391
1.66207201557e-07, 1.44191821406, 2.08042088856, -0.484959951086, 2.54402274678, -2.70018943322, 1.39060951856, 1.31850832241, 0.00535692292893, 0.500044741776, 1.66207201557e-07, 76.9267412391
0.0315911477651, 4.52736016617, -3.53243386437, -0.484959951086, -0.447316519854, 0.984373198486, -0.461863115517, 1.56367409869, 0.114121126374, 0.984073862683, 0.0315911477651, 55.9037801965
0.0315911477651, 4.52736016617, -3.53243386437, -0.484959951086, -0.447316519854, 0.984373198486, -0.461863115517, 1.56367409869, 0.114121126374, 0.984073862683, 0.0315911477651, 55.9037801965
0.0315911477651, 4.52736016617, -3.53243386437, -0.484959951086, -0.447316519854, 0.984373198486, -0.461863115517, 1.56367409869, 0.114121126374, 0.984073862683, 0.0315911477651, 55.9037801965
0.0315911477651, 4.52736016617, -3.53243386437, -0.484959951086, -0.447316519854, 0.984373198486, -0.461863115517, 1.56367409869, 0.114121126374, 0.984073862683, 0.0315911477651, 55.9037801965
0.320191925556, 2.00557954011, 1.00897731265, 0.990227272154, -0.528631139291, -2.17571819042, 1.39060951856, 1.00926904544, -2.99010118028, 0.500044741776, 0.320191925556, 49.1256165149
0.320191925556, 2.00557954011, 1.00897731265, 0.990227272154, -0.528631139291, -2.17571819042, 1.39060951856, 1.00926904544, -2.99010118028, 0.500044741776, 0.320191925556, 49.1256165149
6.87078430373e-07, 3.47747158276, 1.57127584566, 1.01354328428, -0.447316519854, -2.70018943322, 1.86488243605, -2.54069495944, -2.51355128431, -0.97067842995, 6.87078430373e-07, 79.1457199554
1.66207201557e-07, -0.887448321103, -4.00038625937, -0.286435906992, 0.607030527558, 0.584928990635, 1.86488243605, -4.49739896551, -0.941604717541, 0.500044741776, 1.66207201557e-07, 97.6193081112
6.87078430373e-07, 3.47747158276, 1.57127584566, 1.01354328428, -0.447316519854, -2.70018943322, 1.86488243605, -2.54069495944, -2.51355128431, -0.97067842995, 6.87078430373e-07, 79.1457199554
1.66207201557e-07, -0.887448321103, -4.00038625937, -0.286435906992, 0.607030527558, 0.584928990635, 1.86488243605, -4.49739896551, -0.941604717541, 0.500044741776, 1.66207201557e-07, 97.6193081112
1.66207201557e-07, 3.47747158276, 1.57127584566, 1.01354328428, -2.19803493684, -2.70018943322, 1.86488243605, -2.54069495944, -2.51355128431, -0.97067842995, 1.66207201557e-07, 99.6069551444
1.66207201557e-07, 3.47747158276, 1.57127584566, 1.01354328428, -2.19803493684, -2.70018943322, 1.86488243605, -2.54069495944, -2.51355128431, -0.97067842995, 1.66207201557e-07, 99.6069551444
0.488109463149, 1.44191821406, 1.00897731265, -0.484959951086, -1.0243132287, 0.00650558063916, 0.233663064567, 4.57853768093, 0.00535692292893, 0.500044741776, 0.488109463149, 54.2306380935
0.488109463149, 1.44191821406, 1.00897731265, -0.484959951086, -1.0243132287, 0.00650558063916, 0.233663064567, 4.57853768093, 0.00535692292893, 0.500044741776, 0.488109463149, 54.2306380935
0.488109463149, 1.44191821406, 1.00897731265, -0.484959951086, -1.0243132287, 0.00650558063916, 0.233663064567, 4.57853768093, 0.00535692292893, 0.500044741776, 0.488109463149, 54.2306380935
0.488109463149, 1.44191821406, 1.00897731265, -0.484959951086, -1.0243132287, 0.00650558063916, 0.233663064567, 4.57853768093, 0.00535692292893, 0.500044741776, 0.488109463149, 54.2306380935
6.87078430373e-07, 3.47747158276, 1.57127584566, 1.08869977497, -0.447316519854, -2.70018943322, 1.86488243605, -2.54069495944, -2.04804749184, 0.500044741776, 6.87078430373e-07, 82.8908003034
6.87078430373e-07, 3.47747158276, 1.57127584566, 1.08869977497, -0.447316519854, -2.70018943322, 1.86488243605, -2.54069495944, -2.04804749184, 0.500044741776, 6.87078430373e-07, 82.8908003034
1.66207201557e-07, 1.44191821406, -2.7186724391, -0.484959951086, -2.18747646721, -2.70018943322, -2.12393706438, 1.56367409869, 0.00535692292893, 0.500044741776, 1.66207201557e-07, 100.044623254
1.66207201557e-07, 1.44191821406, -2.7186724391, -0.484959951086, -2.18747646721, -2.70018943322, -2.12393706438, 1.56367409869, 0.00535692292893, 0.500044741776, 1.66207201557e-07, 100.044623254
0.000397397770216, 1.44191821406, 0.55539865022, -0.484959951086, -0.447316519854, 0.984373198486, 1.39060951856, 4.65671106609, 0.00535692292893, -1.09241926714, 0.000397397770216, 64.9343908123
2.54990812816e-05, -3.51845098631, 3.56224512837, 0.990227272154, 1.94102023973, -1.42920423644, -0.461863115517, -1.9455704253, -2.62271401569, 1.95256419306, 2.54990812816e-05, 71.9383970048
0.000397397770216, 1.44191821406, 0.55539865022, -0.484959951086, -0.447316519854, 0.984373198486, 1.39060951856, 4.65671106609, 0.00535692292893, -1.09241926714, 0.000397397770216, 64.9343908123
2.54990812816e-05, -3.51845098631, 3.56224512837, 0.990227272154, 1.94102023973, -1.42920423644, -0.461863115517, -1.9455704253, -2.62271401569, 1.95256419306, 2.54990812816e-05, 71.9383970048
1.66207201557e-07, 1.44191821406, 3.61808251588, -0.484959951086, -2.19803493684, -4.13099973674, 1.86488243605, 1.56367409869, 0.00535692292893, -0.97067842995, 1.66207201557e-07, 100.715446818
1.66207201557e-07, 1.44191821406, 3.61808251588, -0.484959951086, -2.19803493684, -4.13099973674, 1.86488243605, 1.56367409869, 0.00535692292893, -0.97067842995, 1.66207201557e-07, 100.715446818
0.320191925556, 1.65581135567, 2.49177203985, 0.990227272154, -0.528631139291, -3.08716447192, -0.461863115517, 1.00926904544, -3.54678319408, 0.984073862683, 0.320191925556, 58.5597291859
0.320191925556, 1.65581135567, 2.49177203985, 0.990227272154, -0.528631139291, -3.08716447192, -0.461863115517, 1.00926904544, -3.54678319408, 0.984073862683, 0.320191925556, 58.5597291859
1.66207201557e-07, 1.44191821406, -2.7186724391, -0.484959951086, -2.19803493684, -2.70018943322, 1.86488243605, 1.56367409869, 0.00535692292893, 0.500044741776, 1.66207201557e-07, 101.332757617
1.66207201557e-07, 1.44191821406, -2.7186724391, -0.484959951086, -2.19803493684, -2.70018943322, 1.86488243605, 1.56367409869, 0.00535692292893, 0.500044741776, 1.66207201557e-07, 101.332757617
0.00711150583362, -1.5618791586, 1.58736621697, -1.5792329946, 0.461843968287, 1.49673558731, -0.476483593394, 4.99585793317, 1.07991615769, 1.91899793467, 0.00711150583362, 64.7852152979
0.00711150583362, -1.5618791586, 1.58736621697, -1.5792329946, 0.461843968287, 1.49673558731, -0.476483593394, 4.99585793317, 1.07991615769, 1.91899793467, 0.00711150583362, 64.7852152979
0.00711150583362, -1.5618791586, 1.58736621697, -1.5792329946, 0.461843968287, 1.49673558731, -0.476483593394, 4.99585793317, 1.07991615769, 1.91899793467, 0.00711150583362, 64.7852152979
0.00711150583362, -1.5618791586, 1.58736621697, -1.5792329946, 0.461843968287, 1.49673558731, -0.476483593394, 4.99585793317, 1.07991615769, 1.91899793467, 0.00711150583362, 64.7852152979
1.66207201557e-07, -0.887448321103, -4.00038625937, -0.286435906992, 0.607030527558, 1.82731619658, 1.86488243605, -4.49739896551, -0.941604717541, 0.500044741776, 1.66207201557e-07, 111.081527233
1.66207201557e-07, -0.887448321103, -4.00038625937, -0.286435906992, 0.607030527558, 1.82731619658, 1.86488243605, -4.49739896551, -0.941604717541, 0.500044741776, 1.66207201557e-07, 111.081527233
0.000658199865866, 2.66640480494, 0.55539865022, 0.990227272154, -0.114652231425, 0.127512630371, 2.4015725929, -2.54069495944, 0.00535692292893, -1.09241926714, 0.000658199865866, 73.2806297968
0.000658199865866, 2.66640480494, 0.55539865022, 0.990227272154, -0.114652231425, 0.127512630371, 2.4015725929, -2.54069495944, 0.00535692292893, -1.09241926714, 0.000658199865866, 73.2806297968
1.66207201557e-07, -3.73719936896, 3.56224512837, 1.01354328428, -1.36607553738, -2.70018943322, 1.86488243605, -0.48625981949, -2.51355128431, 0.500044741776, 1.66207201557e-07, 111.829222089
1.66207201557e-07, -3.73719936896, 3.56224512837, 1.01354328428, -1.36607553738, -2.70018943322, 1.86488243605, -0.48625981949, -2.51355128431, 0.500044741776, 1.66207201557e-07, 111.829222089
1.66207201557e-07, -4.50812868055, 0.34016521623, 1.01354328428, -1.36607553738, -2.70018943322, -1.37408772729, -3.36775639539, -2.51355128431, 0.500044741776, 1.66207201557e-07, 116.248429866
1.66207201557e-07, -4.50812868055, 0.34016521623, 1.01354328428, -1.36607553738, -2.70018943322, -1.37408772729, -3.36775639539, -2.51355128431, 0.500044741776, 1.66207201557e-07, 116.248429866
0.103385125697, -0.972356959877, 3.4046771407, -0.484959951086, 0.123474029722, -0.556962213837, 1.39060951856, 1.00926904544, -2.62271401569, 0.500044741776, 0.103385125697, 61.4048990638
0.103385125697, -0.972356959877, 3.4046771407, -0.484959951086, 0.123474029722, -0.556962213837, 1.39060951856, 1.00926904544, -2.62271401569, 0.500044741776, 0.103385125697, 61.4048990638
7.40787654555e-05, -4.98409142098, 1.58736621697, 0.990227272154, 1.94102023973, -1.42920423644, -0.461863115517, 2.95851822313, -2.62271401569, 1.5329149113, 7.40787654555e-05, 78.4028806899
7.40787654555e-05, -4.98409142098, 1.58736621697, 0.990227272154, 1.94102023973, -1.42920423644, -0.461863115517, 2.95851822313, -2.62271401569, 1.5329149113, 7.40787654555e-05, 78.4028806899
0.320191925556, -2.1560166492, 2.49177203985, 0.990227272154, -0.528631139291, -3.08716447192, -0.461863115517, 1.00926904544, -3.54678319408, 0.984073862683, 0.320191925556, 60.4903572625
0.320191925556, -2.1560166492, 2.49177203985, 0.990227272154, -0.528631139291, -3.08716447192, -0.461863115517, 1.00926904544, -3.54678319408, 0.984073862683, 0.320191925556, 60.4903572625
1.66207201557e-07, -1.34264507719, 3.48719207323, -0.484959951086, -0.447316519854, -2.70018943322, 1.39060951856, 1.56367409869, -2.51355128431, -4.75718103556, 1.66207201557e-07, 121.684873058
1.66207201557e-07, -1.34264507719, 3.48719207323, -0.484959951086, -0.447316519854, -2.70018943322, 1.39060951856, 1.56367409869, -2.51355128431, -4.75718103556, 1.66207201557e-07, 121.684873058
0.00237268052068, -2.60415514375, 1.58736621697, -3.07939337905, 2.48859421173, 2.42650471607, -0.461863115517, 0.0490767393717, -3.09556623168, 0.984073862683, 0.00237268052068, 73.6908739471
0.00237268052068, -2.60415514375, 1.58736621697, -3.07939337905, 2.48859421173, 2.42650471607, -0.461863115517, 0.0490767393717, -3.09556623168, 0.984073862683, 0.00237268052068, 73.6908739471
6.87078430373e-07, 3.47747158276, 1.57127584566, 1.08869977497, -0.447316519854, -2.70018943322, 1.86488243605, -4.15061809452, -2.04804749184, 0.500044741776, 6.87078430373e-07, 105.547907541
7.16421135083e-07, -1.5618791586, 3.56224512837, 0.990227272154, 1.94102023973, 1.72675782485, -0.461863115517, -3.93462121497, -4.08556777187, 1.5329149113, 7.16421135083e-07, 97.0546332457
7.16421135083e-07, -1.5618791586, 3.56224512837, 0.990227272154, 1.94102023973, 1.72675782485, -0.461863115517, -3.93462121497, -4.08556777187, 1.5329149113, 7.16421135083e-07, 97.0546332457
7.16421135083e-07, -1.5618791586, 3.56224512837, 0.990227272154, 1.94102023973, 1.72675782485, -0.461863115517, -3.93462121497, -4.08556777187, 1.5329149113, 7.16421135083e-07, 97.0546332457
9.35658496348e-07, -3.00201718198, 2.09679529301, 2.0229600102, -0.447316519854, 0.984373198486, 1.86488243605, 4.65671106609, -0.681047708869, 0.500044741776, 9.35658496348e-07, 96.4209319903
6.87078430373e-07, 3.47747158276, 1.57127584566, 1.08869977497, -0.447316519854, -2.70018943322, 1.86488243605, -4.15061809452, -2.04804749184, 0.500044741776, 6.87078430373e-07, 105.547907541
7.16421135083e-07, -1.5618791586, 3.56224512837, 0.990227272154, 1.94102023973, 1.72675782485, -0.461863115517, -3.93462121497, -4.08556777187, 1.5329149113, 7.16421135083e-07, 97.0546332457
7.16421135083e-07, -1.5618791586, 3.56224512837, 0.990227272154, 1.94102023973, 1.72675782485, -0.461863115517, -3.93462121497, -4.08556777187, 1.5329149113, 7.16421135083e-07, 97.0546332457
7.16421135083e-07, -1.5618791586, 3.56224512837, 0.990227272154, 1.94102023973, 1.72675782485, -0.461863115517, -3.93462121497, -4.08556777187, 1.5329149113, 7.16421135083e-07, 97.0546332457
9.35658496348e-07, -3.00201718198, 2.09679529301, 2.0229600102, -0.447316519854, 0.984373198486, 1.86488243605, 4.65671106609, -0.681047708869, 0.500044741776, 9.35658496348e-07, 96.4209319903
1.66207201557e-07, -2.82837729212, 0.34016521623, 1.01354328428, -3.32843341521, -2.70018943322, -1.37408772729, -3.36775639539, -2.51355128431, -1.07968146404, 1.66207201557e-07, 138.542366012
1.66207201557e-07, -2.82837729212, 0.34016521623, 1.01354328428, -3.32843341521, -2.70018943322, -1.37408772729, -3.36775639539, -2.51355128431, -1.07968146404, 1.66207201557e-07, 138.542366012
1.66207201557e-07, -3.73719936896, 3.56224512837, -3.17624745187, -3.5257150879, -2.70018943322, 1.86488243605, -0.48625981949, 0.640568529169, 0.500044741776, 1.66207201557e-07, 142.604618627
1.66207201557e-07, -3.73719936896, 3.56224512837, -3.17624745187, -3.5257150879, -2.70018943322, 1.86488243605, -0.48625981949, 0.640568529169, 0.500044741776, 1.66207201557e-07, 142.604618627
