0.025498356492, 3.0940539328, 2.9364566033, 3.1595730501, 1.94102023973, 1.95372172382, 3.30269024103, 3.24290772348, -3.96874163218, 3.2060619426, 0.025498356492, 169.047158903
0.10212933314, -1.30252123606, 3.04910295894, -1.32025643891, -0.0737555377023, -2.70018943322, 1.09478753727, -0.16525405618, -2.51355128431, 0.500044741776, 0.10212933314, 108.304837419
0.0315911477651, -1.5618791586, 3.56224512837, -1.5792329946, -1.0243132287, 1.72675782485, 1.67855369209, 1.24075004243, -2.62271401569, 1.5329149113, 0.0315911477651, 113.341653955
0.258908637811, -0.4883420523, 2.9364566033, -0.484959951086, -2.69839543837, -2.93129180238, 1.39060951856, -4.51716885268, 0.0464982087394, 1.91899793467, 0.258908637811, 91.46223361
0.320191925556, -1.76804214273, 3.04910295894, -1.32025643891, -0.447316519854, 0.0979898310706, -0.461863115517, 1.4332991859, -3.5183324509, 0.984073862683, 0.320191925556, 82.6122297602
0.47852780528, -0.4883420523, -1.72880671462, -0.484959951086, -2.69839543837, -0.395968684247, 1.39060951856, -0.962495798239, 0.0464982087394, 2.06703629912, 0.47852780528, 78.4742378358
0.197578859305, -0.391119760877, -0.0479090534216, -1.41244041049, -2.73287566569, 0.711517468242, -0.572999356985, -1.47407284956, -3.44995765799, -3.542940432, 0.197578859305, 99.6969574418
0.0255569764127, -3.39454258786, 0.55669708717, -1.99257097597, 0.142317273228, -1.88766865413, 4.60185759443, 1.05257776472, 2.84336097451, -2.700024773, 0.0255569764127, 129.866268582
0.025498356492, 3.0940539328, 2.9364566033, 3.1595730501, 1.94102023973, 1.95372172382, 3.30269024103, 3.24290772348, -3.96874163218, 3.2060619426, 0.025498356492, 169.047158903
0.10212933314, -1.30252123606, 3.04910295894, -1.32025643891, -0.0737555377023, -2.70018943322, 1.09478753727, -0.16525405618, -2.51355128431, 0.500044741776, 0.10212933314, 108.304837419
0.0315911477651, -1.5618791586, 3.56224512837, -1.5792329946, -1.0243132287, 1.72675782485, 1.67855369209, 1.24075004243, -2.62271401569, 1.5329149113, 0.0315911477651, 113.341653955
0.258908637811, -0.4883420523, 2.9364566033, -0.484959951086, -2.69839543837, -2.93129180238, 1.39060951856, -4.51716885268, 0.0464982087394, 1.91899793467, 0.258908637811, 91.46223361
0.320191925556, -1.76804214273, 3.04910295894, -1.32025643891, -0.447316519854, 0.0979898310706, -0.461863115517, 1.4332991859, -3.5183324509, 0.984073862683, 0.320191925556, 82.6122297602
0.47852780528, -0.4883420523, -1.72880671462, -0.484959951086, -2.69839543837, -0.395968684247, 1.39060951856, -0.962495798239, 0.0464982087394, 2.06703629912, 0.47852780528, 78.4742378358
0.197578859305, -0.391119760877, -0.0479090534216, -1.41244041049, -2.73287566569, 0.711517468242, -0.572999356985, -1.47407284956, -3.44995765799, -3.542940432, 0.197578859305, 99.6969574418
0.0255569764127, -3.39454258786, 0.55669708717, -1.99257097597, 0.142317273228, -1.88766865413, 4.60185759443, 1.05257776472, 2.84336097451, -2.700024773, 0.0255569764127, 129.866268582
0.025498356492, 3.76527755054, 2.9364566033, 3.1595730501, 1.94102023973, 1.95372172382, -0.461863115517, 3.24290772348, -4.80313707219, 3.2060619426, 0.025498356492, 184.214174376
0.025498356492, 3.76527755054, 2.9364566033, 3.1595730501, 1.94102023973, 1.95372172382, -0.461863115517, 3.24290772348, -4.80313707219, 3.2060619426, 0.025498356492, 184.214174376
0.47852780528, -0.4883420523, -1.72880671462, -0.484959951086, -2.69839543837, -2.93129180238, 1.39060951856, -1.42165310024, 0.0464982087394, 0.565327618724, 0.47852780528, 83.3765310698
0.025498356492, 3.0940539328, -1.72880671462, 3.1595730501, 3.65413915939, 1.95372172382, 2.68670434789, 3.24290772348, -3.96874163218, 3.2060619426, 0.025498356492, 196.004588162
0.47852780528, -0.4883420523, -1.72880671462, -0.484959951086, -2.69839543837, -2.93129180238, 1.39060951856, -1.42165310024, 0.0464982087394, 0.565327618724, 0.47852780528, 83.3765310698
0.025498356492, 3.0940539328, -1.72880671462, 3.1595730501, 3.65413915939, 1.95372172382, 2.68670434789, 3.24290772348, -3.96874163218, 3.2060619426, 0.025498356492, 196.004588162
0.47852780528, -1.5618791586, 3.56224512837, -1.5792329946, -1.0243132287, -2.93129180238, 1.67855369209, 1.24075004243, 0.0464982087394, 1.5329149113, 0.47852780528, 87.9447149577
0.47852780528, -1.5618791586, 3.56224512837, -1.5792329946, -1.0243132287, -2.93129180238, 1.67855369209, 1.24075004243, 0.0464982087394, 1.5329149113, 0.47852780528, 87.9447149577
0.0269192057788, -4.07258495034, 1.15666538008, -3.66700178314, -2.47103042698, -3.45748078456, 1.18310053214, -1.23520979776, -1.1178841774, 3.0163915262, 0.0269192057788, 144.360295765
0.0269192057788, -4.07258495034, 1.15666538008, -3.66700178314, -2.47103042698, -3.45748078456, 1.18310053214, -1.23520979776, -1.1178841774, 3.0163915262, 0.0269192057788, 144.360295765
0.320191925556, -1.76804214273, 1.58736621697, -4.57499357582, -0.447316519854, 1.37558637338, -0.461863115517, 1.4332991859, -3.5183324509, 0.984073862683, 0.320191925556, 91.5340460576
0.320191925556, -1.76804214273, 1.58736621697, -4.57499357582, -0.447316519854, 1.37558637338, -0.461863115517, 1.4332991859, -3.5183324509, 0.984073862683, 0.320191925556, 91.5340460576
0.0315911477651, -0.4883420523, 2.9364566033, -0.484959951086, -2.69839543837, 1.72675782485, 1.39060951856, 4.57853768093, -2.62271401569, 1.91899793467, 0.0315911477651, 121.671147375
0.0315911477651, -0.4883420523, 2.9364566033, -0.484959951086, -2.69839543837, 1.72675782485, 1.39060951856, 4.57853768093, -2.62271401569, 1.91899793467, 0.0315911477651, 121.671147375
0.44219062702, 2.02431396221, 2.4679565607, 2.32536144154, -2.41549284981, 1.96954792428, -2.60485823756, 4.02762179823, 2.83147173202, 0.468319217393, 0.44219062702, 104.582493791
0.44219062702, 2.02431396221, 2.4679565607, 2.32536144154, -2.41549284981, 1.96954792428, -2.60485823756, 4.02762179823, 2.83147173202, 0.468319217393, 0.44219062702, 104.582493791
0.840429988448, -1.10885862406, 0.050485602202, 2.47256738984, 0.564999407322, 2.48087399027, 0.715091739987, 0.277561730423, -2.97384315482, -1.85695446259, 0.840429988448, 92.8970636082
0.840429988448, -1.10885862406, 0.050485602202, 2.47256738984, 0.564999407322, 2.48087399027, 0.715091739987, 0.277561730423, -2.97384315482, -1.85695446259, 0.840429988448, 92.8970636082
0.280910123708, 0.156092720768, -0.466432105403, 1.81742391452, 1.11436762561, 0.576343469806, -1.50018383068, 1.91437988011, -3.28716843974, -1.27881729254, 0.280910123708, 112.238621763
0.280910123708, 0.156092720768, -0.466432105403, 1.81742391452, 1.11436762561, 0.576343469806, -1.50018383068, 1.91437988011, -3.28716843974, -1.27881729254, 0.280910123708, 112.238621763
0.901196697969, 0.565912343783, -0.534614776256, 2.88637318837, -2.00968718196, -1.48077139646, 3.00282139641, 4.97153966816, 1.34217628829, -0.18888256015, 0.901196697969, 96.6812270858
0.901196697969, 0.565912343783, -0.534614776256, 2.88637318837, -2.00968718196, -1.48077139646, 3.00282139641, 4.97153966816, 1.34217628829, -0.18888256015, 0.901196697969, 96.6812270858
0.123601147381, -1.76804214273, 3.04910295894, 4.79473086107, -0.447316519854, 0.0979898310706, -0.461863115517, 1.00926904544, -3.5183324509, 0.336726802089, 0.123601147381, 115.263480244
0.10212933314, -1.30252123606, 1.58736621697, -4.92031684491, -0.0737555377023, -2.70018943322, 1.09478753727, -0.16525405618, -2.51355128431, 0.500044741776, 0.10212933314, 115.853802103
0.123601147381, -1.76804214273, 3.04910295894, 4.79473086107, -0.447316519854, 0.0979898310706, -0.461863115517, 1.00926904544, -3.5183324509, 0.336726802089, 0.123601147381, 115.263480244
0.10212933314, -1.30252123606, 1.58736621697, -4.92031684491, -0.0737555377023, -2.70018943322, 1.09478753727, -0.16525405618, -2.51355128431, 0.500044741776, 0.10212933314, 115.853802103
0.901196697969, 0.565912343783, -3.05669634036, 2.88637318837, -2.00968718196, -1.48077139646, 3.00282139641, 4.97153966816, 1.34217628829, -0.18888256015, 0.901196697969, 107.240895942
0.901196697969, 0.565912343783, -3.05669634036, 2.88637318837, -2.00968718196, -1.48077139646, 3.00282139641, 4.97153966816, 1.34217628829, -0.18888256015, 0.901196697969, 107.240895942
0.121416203864, 0.628410561702, -1.44923626912, -3.65532805962, 0.54122942444, 3.20948240586, -2.39098137985, -2.34827230604, -0.986464832221, 3.52006910194, 0.121416203864, 119.965661758
0.121416203864, 0.628410561702, -1.44923626912, -3.65532805962, 0.54122942444, 3.20948240586, -2.39098137985, -2.34827230604, -0.986464832221, 3.52006910194, 0.121416203864, 119.965661758
0.0518252790158, -2.8044234911, 0.975289400335, -2.00290109803, 2.90687677531, -1.9541457028, 4.32602453617, 2.58385411204, -0.910572053082, 4.15337521009, 0.0518252790158, 135.515826146
0.0518252790158, -2.8044234911, 0.975289400335, -2.00290109803, 2.90687677531, -1.9541457028, 4.32602453617, 2.58385411204, -0.910572053082, 4.15337521009, 0.0518252790158, 135.515826146
0.44219062702, 2.02431396221, 0.993186200139, 3.61799807908, -2.41549284981, 1.96954792428, -2.60485823756, 4.15059259202, 2.83147173202, 0.468319217393, 0.44219062702, 113.248067633
0.44219062702, 2.02431396221, 0.993186200139, 3.61799807908, -2.41549284981, 1.96954792428, -2.60485823756, 4.15059259202, 2.83147173202, 0.468319217393, 0.44219062702, 113.248067633
0.0320865162221, -1.5618791586, 2.22140321052, -1.5792329946, -3.78672907419, 2.97445108198, -2.23431103376, 1.24075004243, -2.62271401569, 0.336726802089, 0.0320865162221, 157.916618847
0.0320865162221, -1.5618791586, 2.22140321052, -1.5792329946, -3.78672907419, 2.97445108198, -2.23431103376, 1.24075004243, -2.62271401569, 0.336726802089, 0.0320865162221, 157.916618847
0.171775975101, 3.87828632273, 0.993186200139, 1.30163702536, -2.41549284981, 1.96954792428, -2.60485823756, 4.02762179823, 2.83147173202, 0.468319217393, 0.171775975101, 117.197249977
0.171775975101, 3.87828632273, 0.993186200139, 1.30163702536, -2.41549284981, 1.96954792428, -2.60485823756, 4.02762179823, 2.83147173202, 0.468319217393, 0.171775975101, 117.197249977
0.0934399928352, 3.43819507754, 1.18474328867, 1.77956371183, 3.74845528297, -0.684916598492, 1.99758928403, -0.981246926435, -0.902835308911, 0.746940387544, 0.0934399928352, 140.927559792
0.0934399928352, 3.43819507754, 1.18474328867, 1.77956371183, 3.74845528297, -0.684916598492, 1.99758928403, -0.981246926435, -0.902835308911, 0.746940387544, 0.0934399928352, 140.927559792
0.0320865162221, -1.5618791586, 2.22140321052, -1.5792329946, -3.78672907419, 1.72675782485, 1.67855369209, 1.24075004243, -2.62271401569, 0.336726802089, 0.0320865162221, 165.368746026
0.0320865162221, -1.5618791586, 2.22140321052, -1.5792329946, -3.78672907419, 1.72675782485, 1.67855369209, 1.24075004243, -2.62271401569, 0.336726802089, 0.0320865162221, 165.368746026
0.307919587341, 0.609215967401, 1.70607633634, 0.606277334978, -0.936606901018, 2.00495557757, -1.00712067991, -2.19641230452, 2.3159019553, 2.30249534743, 0.307919587341, 115.811928732
0.307919587341, 0.609215967401, 1.70607633634, 0.606277334978, -0.936606901018, 2.00495557757, -1.00712067991, -2.19641230452, 2.3159019553, 2.30249534743, 0.307919587341, 115.811928732
0.0934399928352, 3.43819507754, 1.18474328867, 0.312328380262, 3.74845528297, -3.0466504254, -0.684485876815, -2.49856558285, -1.99041022137, 0.746940387544, 0.0934399928352, 144.194715026
0.0934399928352, 3.43819507754, 1.18474328867, 0.312328380262, 3.74845528297, -3.0466504254, -0.684485876815, -2.49856558285, -1.99041022137, 0.746940387544, 0.0934399928352, 144.194715026
0.0518252790158, -2.8044234911, 0.975289400335, -2.00290109803, 2.90687677531, -1.7988821263, 4.32602453617, 2.58385411204, -0.910572053082, 4.15337521009, 0.0518252790158, 151.490329118
0.0518252790158, -2.8044234911, 0.975289400335, -2.00290109803, 2.90687677531, -1.7988821263, 4.32602453617, 2.58385411204, -0.910572053082, 4.15337521009, 0.0518252790158, 151.490329118
0.121416203864, 0.628410561702, 0.0319123917399, 0.302406634721, 0.54122942444, 3.20948240586, -2.39098137985, -2.34827230604, -3.56043324131, 3.52006910194, 0.121416203864, 121.91934026
0.121416203864, 0.628410561702, 0.0319123917399, 0.302406634721, 0.54122942444, 3.20948240586, -2.39098137985, -2.34827230604, -3.56043324131, 3.52006910194, 0.121416203864, 121.91934026
0.280910123708, 0.367544471921, -0.0479090534216, -1.41244041049, -2.73287566569, 0.576343469806, -0.572999356985, -1.47407284956, -4.31271368285, -1.27881729254, 0.280910123708, 116.708189751
0.280910123708, 0.367544471921, -0.0479090534216, -1.41244041049, -2.73287566569, 0.576343469806, -0.572999356985, -1.47407284956, -4.31271368285, -1.27881729254, 0.280910123708, 116.708189751
0.0431101214704, -2.29996105709, -1.85044421447, 2.19124253652, 1.28007520562, 1.36833088633, -4.44563960798, -1.21796989727, 1.63498817337, 4.64241261509, 0.0431101214704, 187.023181522
0.0431101214704, -2.29996105709, -1.85044421447, 2.19124253652, 1.28007520562, 1.36833088633, -4.44563960798, -1.21796989727, 1.63498817337, 4.64241261509, 0.0431101214704, 187.023181522
0.0837015205294, -4.03675996478, 0.841091648919, -0.646624843625, -4.21616025528, -0.261720280987, -3.19742664788, 1.07723592299, -1.67066953061, 3.52875731357, 0.0837015205294, 168.08197192
0.0837015205294, -4.03675996478, 0.841091648919, -0.646624843625, -4.21616025528, -0.261720280987, -3.19742664788, 1.07723592299, -1.67066953061, 3.52875731357, 0.0837015205294, 168.08197192
0.840429988448, -1.10885862406, -1.23384910726, 2.47256738984, 0.564999407322, 2.48087399027, 0.715091739987, 0.277561730423, -2.97384315482, -2.15993651892, 0.840429988448, 115.486618321
0.840429988448, -1.10885862406, -1.23384910726, 2.47256738984, 0.564999407322, 2.48087399027, 0.715091739987, 0.277561730423, -2.97384315482, -2.15993651892, 0.840429988448, 115.486618321
0.123601147381, 0.739214802478, 3.04910295894, -1.32025643891, -0.447316519854, 0.0979898310706, 3.37733432842, 0.27817695761, -3.5183324509, 0.336726802089, 0.123601147381, 127.633701279
0.364250185905, -4.61692748705, 2.51811893864, 2.652690205, -2.67529410863, 2.49706610541, 0.0313008393386, 1.02116146908, 2.33749628555, -0.0955636558658, 0.364250185905, 116.211825059
0.123601147381, 0.739214802478, 3.04910295894, -1.32025643891, -0.447316519854, 0.0979898310706, 3.37733432842, 0.27817695761, -3.5183324509, 0.336726802089, 0.123601147381, 127.633701279
0.364250185905, -4.61692748705, 2.51811893864, 2.652690205, -2.67529410863, 2.49706610541, 0.0313008393386, 1.02116146908, 2.33749628555, -0.0955636558658, 0.364250185905, 116.211825059
0.0934399928352, 3.43819507754, 1.18474328867, 1.77956371183, 3.74845528297, -0.684916598492, -0.684485876815, -2.49856558285, -2.39710086484, 0.746940387544, 0.0934399928352, 164.820852972
0.0934399928352, 3.43819507754, 1.18474328867, 1.77956371183, 3.74845528297, -0.684916598492, -0.684485876815, -2.49856558285, -2.39710086484, 0.746940387544, 0.0934399928352, 164.820852972
0.150719215991, -3.39454258786, 0.55669708717, -1.99257097597, 3.87354868283, -1.88766865413, 4.60185759443, 1.05257776472, 2.84336097451, 1.90217044036, 0.150719215991, 127.761305541
0.150719215991, -3.39454258786, 0.55669708717, -1.99257097597, 3.87354868283, -1.88766865413, 4.60185759443, 1.05257776472, 2.84336097451, 1.90217044036, 0.150719215991, 127.761305541
0.0837015205294, -4.03675996478, -4.14954904161, 2.44094451018, -4.21616025528, -1.66708573024, -3.19742664788, 1.07723592299, 3.24305083713, 3.52875731357, 0.0837015205294, 189.105281183
0.0837015205294, -4.03675996478, -4.14954904161, 2.44094451018, -4.21616025528, -1.66708573024, -3.19742664788, 1.07723592299, 3.24305083713, 3.52875731357, 0.0837015205294, 189.105281183
0.172825489791, -3.39454258786, 0.55669708717, -1.99257097597, 3.87354868283, -1.88766865413, 4.60185759443, 1.05257776472, 2.84336097451, 1.90217044036, 0.172825489791, 127.761249559
0.172825489791, -3.39454258786, 0.55669708717, -1.99257097597, 3.87354868283, -1.88766865413, 4.60185759443, 1.05257776472, 2.84336097451, 1.90217044036, 0.172825489791, 127.761249559
0.0870343036334, -4.56837062149, 0.841091648919, -0.646624843625, -3.25682882086, -4.51179763901, -2.02185785334, -4.626276465, -1.67066953061, -4.87211340717, 0.0870343036334, 192.66443402
0.0870343036334, -4.56837062149, 0.841091648919, -0.646624843625, -3.25682882086, -4.51179763901, -2.02185785334, -4.626276465, -1.67066953061, -4.87211340717, 0.0870343036334, 192.66443402
0.0870343036334, -4.03675996478, 0.841091648919, -0.646624843625, -3.25682882086, -4.91639149019, 0.0510943020546, -4.626276465, -1.67066953061, -4.85130718231, 0.0870343036334, 194.303310648
0.0870343036334, -4.03675996478, 0.841091648919, -0.646624843625, -3.25682882086, -4.91639149019, 0.0510943020546, -4.626276465, -1.67066953061, -4.85130718231, 0.0870343036334, 194.303310648
0.0837015205294, -3.6006561382, -4.14954904161, 2.44094451018, -4.21616025528, -1.53268688095, -4.87419949385, -0.200374948781, 4.8617559562, 2.25104961044, 0.0837015205294, 212.238130672
0.0837015205294, -3.6006561382, -4.14954904161, 2.44094451018, -4.21616025528, -1.53268688095, -4.87419949385, -0.200374948781, 4.8617559562, 2.25104961044, 0.0837015205294, 212.238130672
