0.0116285895895, 0.0975886616398, 0.215293745166, 0.243676312256, 0.671241741851, 0.0955287930455, 0.938595470764, 0.460791108836, 0.854686149772, 0.255629107734, 0.0146256840625, 0.896801903108, 0.547145497467, 0.559409043756, 0.449262299653, 0.421321365765, 0.106386199157, 0.668851277246, 0.976218019398, 0.154790860436, 0.969386144611, 0.990677088365, 0.490500480075, 0.194739482637, 0.381696229717, 0.502649345125, 0.467446932338, 0.146752985128, 0.888405710202, 0.752181980252, 0.0116285895895, 5.21635108234
0.0352334817667, 0.326421037657, 0.0309254042855, 0.835437385109, 0.958466813735, 0.119596012558, 0.441723734557, 0.33410287374, 0.772989057587, 0.199934907273, 0.073128701665, 0.819441884997, 0.879167590596, 0.486211370285, 0.00722897343146, 0.719991123144, 0.958343203433, 0.614946456376, 0.139776742169, 0.28504348904, 0.114373531973, 0.139753037257, 0.216406448529, 0.957639702337, 0.909233015207, 0.584887237585, 0.231484493395, 0.0508394746904, 0.1996941901, 0.2026447064, 0.0352334817667, 4.46581439738
0.0302091512307, 0.279212354813, 0.807143215767, 0.265184599357, 0.392332330025, 0.286288568941, 0.703355596877, 0.403336391195, 0.450383344689, 0.363297336967, 0.281884468509, 0.190939676673, 0.944593367889, 0.364214443617, 0.312520600672, 0.10743656531, 0.282253800648, 0.99909648171, 0.343975294797, 0.258989029696, 0.376925295699, 0.591580222389, 0.541349961196, 0.370125281162, 0.918444257961, 0.203614187312, 0.521625355332, 0.377409351815, 0.888419226942, 0.82228767891, 0.0302091512307, 4.81339888009
0.646412900016, 0.482998703008, 0.598531372241, 0.471653778717, 0.532503315678, 0.446484671178, 0.904861736004, 0.310655891949, 0.879894202927, 0.543278558975, 0.67794058274, 0.548117580121, 0.088754013225, 0.277276204552, 0.0174173759272, 0.363645415686, 0.262545132258, 0.139767218306, 0.382524129994, 0.558874449854, 0.572807249838, 0.111923464342, 0.767106655602, 0.000264727163803, 0.0202058061582, 0.61573816463, 0.248258095595, 0.789588414476, 0.698433790451, 0.805128728571, 0.646412900016, 2.61804941329
0.102568490617, 0.255993646268, 0.577367176292, 0.186490559594, 0.983728145872, 0.844336835976, 0.447110927515, 0.341147564627, 0.755224548411, 0.97412425176, 0.0923921805673, 0.402154233009, 0.474087331018, 0.114965311025, 0.323503680786, 0.0860651003616, 0.0420763627508, 0.864745966561, 0.394449632655, 0.0324337302504, 0.0784921066239, 0.43130190672, 0.0427400792651, 0.688556963876, 0.189242870267, 0.239555260535, 0.811694860299, 0.059429819528, 0.162515680949, 0.325140376133, 0.102568490617, 3.81261667038
0.861823344303, 0.0536411950982, 0.151034129202, 0.209825457857, 0.702880109983, 0.222806884402, 0.735441337953, 0.529599129675, 0.419539890957, 0.05352231032, 0.932400628168, 0.813472224964, 0.977873766202, 0.470446497731, 0.321448503762, 0.800906964395, 0.622706335583, 0.702413234557, 0.742875087875, 0.769010387036, 0.247275701632, 0.384046101681, 0.364941388677, 0.601099470519, 0.102656751889, 0.350355335548, 0.259718623889, 0.249177794791, 0.850248342618, 0.529015882827, 0.861823344303, 2.4378337317
0.44745521942, 0.736167919209, 0.449198381566, 0.0306957241613, 0.585912428211, 0.778564462398, 0.223727429752, 0.993749380839, 0.370212828051, 0.320831253323, 0.929051208254, 0.390290218654, 0.7462440257, 0.205196631222, 0.0139410853574, 0.566298620199, 0.551141711943, 0.859173398177, 0.574959116561, 0.499167759291, 0.384021320054, 0.829043123712, 0.874435311875, 0.109406405998, 0.0796281045047, 0.0595341714138, 0.747534507431, 0.141965703416, 0.613807779179, 0.0283222974985, 0.44745521942, 3.27069459358
0.202218529834, 0.725721186187, 0.0467574749151, 0.0662803694173, 0.958427514032, 0.435612426266, 0.441842403096, 0.955876084326, 0.164578337655, 0.0886870587175, 0.481945358276, 0.220018102298, 0.692004414162, 0.287500983559, 0.135576207359, 0.136350616868, 0.266135895805, 0.318961862586, 0.615472898705, 0.503583917388, 0.281617602814, 0.0558247457997, 0.407330150582, 0.504698455882, 0.534108903531, 0.256098148394, 0.620842314759, 0.0702506104378, 0.26978485754, 0.609395260666, 0.202218529834, 3.49690023196
0.0966493414146, 0.676466798349, 0.947415773255, 0.099144310121, 0.598983745205, 0.837138900425, 0.377564378272, 0.103909148781, 0.804561569564, 0.307249666325, 0.72578157372, 0.226494300951, 0.517364487191, 0.155665621588, 0.121836411859, 0.25412163766, 0.342884178717, 0.576904937374, 0.540819678311, 0.220110353939, 0.111921723398, 0.61647181115, 0.748102498311, 0.536853794651, 0.043923181592, 0.335770509241, 0.541394556226, 0.400304990393, 0.529262873452, 0.26777789469, 0.0966493414146, 4.20153801799
0.842723603459, 0.427813177589, 0.714252917121, 0.396548207702, 0.620212367605, 5.59170998968e-05, 0.552097407096, 0.322326270809, 0.32744307873, 0.548424344396, 0.50873862576, 0.94322221033, 0.88928173598, 0.680723146962, 0.0437485335891, 0.164648678128, 0.586513323453, 0.268522272055, 0.0864996362734, 0.688753319489, 0.724179693696, 0.274390414255, 0.862358943118, 0.370625642531, 0.144274031004, 0.590410962327, 0.808196501553, 0.862156311454, 0.405403294051, 0.776028032429, 0.842723603459, 2.54823296655
0.0565380693668, 0.0705819701265, 0.719069352042, 0.2594854138, 0.889543444297, 0.440266299425, 0.135346180047, 0.199914118853, 0.503740414982, 0.134684168464, 0.870217868399, 0.119441478546, 0.961940087688, 0.19323218506, 0.888189635988, 0.260750148315, 0.0858192037241, 0.929563334661, 0.138189540626, 0.778828866077, 0.0212569098758, 0.438643732747, 0.368326089234, 0.235317877038, 0.474421592386, 0.410202901117, 0.484500013079, 0.294761074681, 0.252018817598, 0.674443323933, 0.0565380693668, 4.22025814122
0.264818698818, 0.3741992736, 0.99522248651, 0.480110707035, 0.467602186259, 0.680027671096, 0.533160436199, 0.418715035388, 0.161974668723, 0.570703896445, 0.233711846211, 0.0454136776617, 0.33062306159, 0.560578278283, 0.284688267224, 0.709760439525, 0.213879526707, 0.217242471338, 0.432603640521, 0.218020834619, 0.915666412343, 0.499007551416, 0.0080999858432, 0.119266360499, 0.650345294967, 0.341797387023, 0.584025551706, 0.0183436985207, 0.867346722825, 0.525022195188, 0.264818698818, 3.49420853754
0.560398725126, 0.0905945237058, 0.821379343081, 0.295695796486, 0.0499188184688, 0.621023902541, 0.11192856703, 0.187039807581, 0.661613871288, 0.658838881247, 0.246242694201, 0.0900898414271, 0.45858349285, 0.251409457245, 0.165720814012, 0.678441820538, 0.19517233538, 0.298028236033, 0.0240176751683, 0.930098499766, 0.14901182333, 0.426609242373, 0.108828633567, 0.0579242119043, 0.962650884937, 0.173035878431, 0.722968317901, 0.597894856481, 0.00603011358545, 0.257817712133, 0.560398725126, 3.19341994393
0.0116285895895, 0.0975886616398, 0.215293745166, 0.243676312256, 0.671241741851, 0.0955287930455, 0.938595470764, 0.460791108836, 0.854686149772, 0.255629107734, 0.0146256840625, 0.896801903108, 0.547145497467, 0.559409043756, 0.449262299653, 0.421321365765, 0.106386199157, 0.668851277246, 0.976218019398, 0.154790860436, 0.969386144611, 0.990677088365, 0.490500480075, 0.194739482637, 0.381696229717, 0.502649345125, 0.467446932338, 0.146752985128, 0.888405710202, 0.752181980252, 0.0116285895895, 5.21635108234
0.0352334817667, 0.326421037657, 0.0309254042855, 0.835437385109, 0.958466813735, 0.119596012558, 0.441723734557, 0.33410287374, 0.772989057587, 0.199934907273, 0.073128701665, 0.819441884997, 0.879167590596, 0.486211370285, 0.00722897343146, 0.719991123144, 0.958343203433, 0.614946456376, 0.139776742169, 0.28504348904, 0.114373531973, 0.139753037257, 0.216406448529, 0.957639702337, 0.909233015207, 0.584887237585, 0.231484493395, 0.0508394746904, 0.1996941901, 0.2026447064, 0.0352334817667, 4.46581439738
0.0302091512307, 0.279212354813, 0.807143215767, 0.265184599357, 0.392332330025, 0.286288568941, 0.703355596877, 0.403336391195, 0.450383344689, 0.363297336967, 0.281884468509, 0.190939676673, 0.944593367889, 0.364214443617, 0.312520600672, 0.10743656531, 0.282253800648, 0.99909648171, 0.343975294797, 0.258989029696, 0.376925295699, 0.591580222389, 0.541349961196, 0.370125281162, 0.918444257961, 0.203614187312, 0.521625355332, 0.377409351815, 0.888419226942, 0.82228767891, 0.0302091512307, 4.81339888009
0.646412900016, 0.482998703008, 0.598531372241, 0.471653778717, 0.532503315678, 0.446484671178, 0.904861736004, 0.310655891949, 0.879894202927, 0.543278558975, 0.67794058274, 0.548117580121, 0.088754013225, 0.277276204552, 0.0174173759272, 0.363645415686, 0.262545132258, 0.139767218306, 0.382524129994, 0.558874449854, 0.572807249838, 0.111923464342, 0.767106655602, 0.000264727163803, 0.0202058061582, 0.61573816463, 0.248258095595, 0.789588414476, 0.698433790451, 0.805128728571, 0.646412900016, 2.61804941329
0.102568490617, 0.255993646268, 0.577367176292, 0.186490559594, 0.983728145872, 0.844336835976, 0.447110927515, 0.341147564627, 0.755224548411, 0.97412425176, 0.0923921805673, 0.402154233009, 0.474087331018, 0.114965311025, 0.323503680786, 0.0860651003616, 0.0420763627508, 0.864745966561, 0.394449632655, 0.0324337302504, 0.0784921066239, 0.43130190672, 0.0427400792651, 0.688556963876, 0.189242870267, 0.239555260535, 0.811694860299, 0.059429819528, 0.162515680949, 0.325140376133, 0.102568490617, 3.81261667038
0.861823344303, 0.0536411950982, 0.151034129202, 0.209825457857, 0.702880109983, 0.222806884402, 0.735441337953, 0.529599129675, 0.419539890957, 0.05352231032, 0.932400628168, 0.813472224964, 0.977873766202, 0.470446497731, 0.321448503762, 0.800906964395, 0.622706335583, 0.702413234557, 0.742875087875, 0.769010387036, 0.247275701632, 0.384046101681, 0.364941388677, 0.601099470519, 0.102656751889, 0.350355335548, 0.259718623889, 0.249177794791, 0.850248342618, 0.529015882827, 0.861823344303, 2.4378337317
0.44745521942, 0.736167919209, 0.449198381566, 0.0306957241613, 0.585912428211, 0.778564462398, 0.223727429752, 0.993749380839, 0.370212828051, 0.320831253323, 0.929051208254, 0.390290218654, 0.7462440257, 0.205196631222, 0.0139410853574, 0.566298620199, 0.551141711943, 0.859173398177, 0.574959116561, 0.499167759291, 0.384021320054, 0.829043123712, 0.874435311875, 0.109406405998, 0.0796281045047, 0.0595341714138, 0.747534507431, 0.141965703416, 0.613807779179, 0.0283222974985, 0.44745521942, 3.27069459358
0.202218529834, 0.725721186187, 0.0467574749151, 0.0662803694173, 0.958427514032, 0.435612426266, 0.441842403096, 0.955876084326, 0.164578337655, 0.0886870587175, 0.481945358276, 0.220018102298, 0.692004414162, 0.287500983559, 0.135576207359, 0.136350616868, 0.266135895805, 0.318961862586, 0.615472898705, 0.503583917388, 0.281617602814, 0.0558247457997, 0.407330150582, 0.504698455882, 0.534108903531, 0.256098148394, 0.620842314759, 0.0702506104378, 0.26978485754, 0.609395260666, 0.202218529834, 3.49690023196
0.0966493414146, 0.676466798349, 0.947415773255, 0.099144310121, 0.598983745205, 0.837138900425, 0.377564378272, 0.103909148781, 0.804561569564, 0.307249666325, 0.72578157372, 0.226494300951, 0.517364487191, 0.155665621588, 0.121836411859, 0.25412163766, 0.342884178717, 0.576904937374, 0.540819678311, 0.220110353939, 0.111921723398, 0.61647181115, 0.748102498311, 0.536853794651, 0.043923181592, 0.335770509241, 0.541394556226, 0.400304990393, 0.529262873452, 0.26777789469, 0.0966493414146, 4.20153801799
0.842723603459, 0.427813177589, 0.714252917121, 0.396548207702, 0.620212367605, 5.59170998968e-05, 0.552097407096, 0.322326270809, 0.32744307873, 0.548424344396, 0.50873862576, 0.94322221033, 0.88928173598, 0.680723146962, 0.0437485335891, 0.164648678128, 0.586513323453, 0.268522272055, 0.0864996362734, 0.688753319489, 0.724179693696, 0.274390414255, 0.862358943118, 0.370625642531, 0.144274031004, 0.590410962327, 0.808196501553, 0.862156311454, 0.405403294051, 0.776028032429, 0.842723603459, 2.54823296655
0.0565380693668, 0.0705819701265, 0.719069352042, 0.2594854138, 0.889543444297, 0.440266299425, 0.135346180047, 0.199914118853, 0.503740414982, 0.134684168464, 0.870217868399, 0.119441478546, 0.961940087688, 0.19323218506, 0.888189635988, 0.260750148315, 0.0858192037241, 0.929563334661, 0.138189540626, 0.778828866077, 0.0212569098758, 0.438643732747, 0.368326089234, 0.235317877038, 0.474421592386, 0.410202901117, 0.484500013079, 0.294761074681, 0.252018817598, 0.674443323933, 0.0565380693668, 4.22025814122
0.264818698818, 0.3741992736, 0.99522248651, 0.480110707035, 0.467602186259, 0.680027671096, 0.533160436199, 0.418715035388, 0.161974668723, 0.570703896445, 0.233711846211, 0.0454136776617, 0.33062306159, 0.560578278283, 0.284688267224, 0.709760439525, 0.213879526707, 0.217242471338, 0.432603640521, 0.218020834619, 0.915666412343, 0.499007551416, 0.0080999858432, 0.119266360499, 0.650345294967, 0.341797387023, 0.584025551706, 0.0183436985207, 0.867346722825, 0.525022195188, 0.264818698818, 3.49420853754
0.560398725126, 0.0905945237058, 0.821379343081, 0.295695796486, 0.0499188184688, 0.621023902541, 0.11192856703, 0.187039807581, 0.661613871288, 0.658838881247, 0.246242694201, 0.0900898414271, 0.45858349285, 0.251409457245, 0.165720814012, 0.678441820538, 0.19517233538, 0.298028236033, 0.0240176751683, 0.930098499766, 0.14901182333, 0.426609242373, 0.108828633567, 0.0579242119043, 0.962650884937, 0.173035878431, 0.722968317901, 0.597894856481, 0.00603011358545, 0.257817712133, 0.560398725126, 3.19341994393
0.677241760224, 0.662880269001, 0.137063836014, 0.889381494483, 0.0306338390519, 0.177943166577, 0.0685408427747, 0.662641994802, 0.97872359483, 0.45339086286, 0.674654980955, 0.527744130178, 0.0433583175534, 0.480257736742, 0.221386136983, 0.930701635477, 0.324111932159, 0.345614841296, 0.388381316422, 0.154769544787, 0.478353730732, 0.771490272301, 0.01537652692, 0.33038882141, 0.554260559469, 0.571003271452, 0.621941772464, 0.776884984794, 0.9490215687, 0.949875467251, 0.677241760224, 3.04185944141
0.831650715694, 0.0798313048271, 0.0135341089704, 0.125525154895, 0.545273644015, 0.107576564942, 0.947938272765, 0.143733948235, 0.944853334121, 0.197948501945, 0.778791626716, 0.869252006771, 0.899716209541, 0.909907520195, 0.0214804523382, 0.260331983012, 0.229665956404, 0.726861899852, 0.976924857489, 0.546222183558, 0.376932612919, 0.540773356647, 0.0524766015482, 0.989692369004, 0.676930439245, 0.28282714785, 0.576780845527, 0.875903000174, 0.198040772786, 0.81474667218, 0.831650715694, 2.7166933323
0.677241760224, 0.662880269001, 0.137063836014, 0.889381494483, 0.0306338390519, 0.177943166577, 0.0685408427747, 0.662641994802, 0.97872359483, 0.45339086286, 0.674654980955, 0.527744130178, 0.0433583175534, 0.480257736742, 0.221386136983, 0.930701635477, 0.324111932159, 0.345614841296, 0.388381316422, 0.154769544787, 0.478353730732, 0.771490272301, 0.01537652692, 0.33038882141, 0.554260559469, 0.571003271452, 0.621941772464, 0.776884984794, 0.9490215687, 0.949875467251, 0.677241760224, 3.04185944141
0.831650715694, 0.0798313048271, 0.0135341089704, 0.125525154895, 0.545273644015, 0.107576564942, 0.947938272765, 0.143733948235, 0.944853334121, 0.197948501945, 0.778791626716, 0.869252006771, 0.899716209541, 0.909907520195, 0.0214804523382, 0.260331983012, 0.229665956404, 0.726861899852, 0.976924857489, 0.546222183558, 0.376932612919, 0.540773356647, 0.0524766015482, 0.989692369004, 0.676930439245, 0.28282714785, 0.576780845527, 0.875903000174, 0.198040772786, 0.81474667218, 0.831650715694, 2.7166933323
0.0931590059405, 0.18476079928, 0.904379148561, 0.274951388112, 0.804012038246, 0.0994594619624, 0.939058470958, 0.88897264789, 0.0339330701341, 0.655052925834, 0.413892360299, 0.425042723873, 0.850631998568, 0.129164097401, 0.382908269842, 0.622288728744, 0.443248922693, 0.177678472403, 0.345218131652, 0.694770795227, 0.0193269256353, 0.276799791019, 0.551114056969, 0.969704961954, 0.934667430072, 0.211311746602, 0.633940944584, 0.0716858521819, 0.230094027488, 0.0915690310284, 0.0931590059405, 4.40489294695
0.0940263932456, 0.265597012617, 0.339284556216, 0.835237378914, 0.436599049314, 0.0617894995362, 0.972576712709, 0.0305763002084, 0.667600758356, 0.822458448787, 0.915899347854, 0.186101201055, 0.217898691917, 0.263118685708, 0.560673622501, 0.106494727665, 0.813735397309, 0.375281737189, 0.632850635278, 0.540589581516, 0.490424822514, 0.606146681145, 0.199872802053, 0.00443872488543, 0.00681817497451, 0.520202035076, 0.362129696908, 0.378128992649, 0.844950763892, 0.29558101344, 0.0940263932456, 4.25753789699
0.0522213864635, 0.2323475302, 0.622091524129, 0.979722398419, 0.631026899771, 0.95754757181, 0.988185073899, 0.216292238632, 0.596457190175, 0.767183537175, 0.515626517228, 0.0880849831585, 0.550445603754, 0.240633181526, 0.0602737910047, 0.595312626771, 0.884481329785, 0.576965572984, 0.47735353152, 0.897155739471, 0.34231029502, 0.174015591599, 0.304093547935, 0.22857153387, 0.536483301357, 0.575073754916, 0.1655071018, 0.0569843801711, 0.625313690781, 0.995304968383, 0.0522213864635, 5.0244442785
0.0931590059405, 0.18476079928, 0.904379148561, 0.274951388112, 0.804012038246, 0.0994594619624, 0.939058470958, 0.88897264789, 0.0339330701341, 0.655052925834, 0.413892360299, 0.425042723873, 0.850631998568, 0.129164097401, 0.382908269842, 0.622288728744, 0.443248922693, 0.177678472403, 0.345218131652, 0.694770795227, 0.0193269256353, 0.276799791019, 0.551114056969, 0.969704961954, 0.934667430072, 0.211311746602, 0.633940944584, 0.0716858521819, 0.230094027488, 0.0915690310284, 0.0931590059405, 4.40489294695
0.0940263932456, 0.265597012617, 0.339284556216, 0.835237378914, 0.436599049314, 0.0617894995362, 0.972576712709, 0.0305763002084, 0.667600758356, 0.822458448787, 0.915899347854, 0.186101201055, 0.217898691917, 0.263118685708, 0.560673622501, 0.106494727665, 0.813735397309, 0.375281737189, 0.632850635278, 0.540589581516, 0.490424822514, 0.606146681145, 0.199872802053, 0.00443872488543, 0.00681817497451, 0.520202035076, 0.362129696908, 0.378128992649, 0.844950763892, 0.29558101344, 0.0940263932456, 4.25753789699
0.0522213864635, 0.2323475302, 0.622091524129, 0.979722398419, 0.631026899771, 0.95754757181, 0.988185073899, 0.216292238632, 0.596457190175, 0.767183537175, 0.515626517228, 0.0880849831585, 0.550445603754, 0.240633181526, 0.0602737910047, 0.595312626771, 0.884481329785, 0.576965572984, 0.47735353152, 0.897155739471, 0.34231029502, 0.174015591599, 0.304093547935, 0.22857153387, 0.536483301357, 0.575073754916, 0.1655071018, 0.0569843801711, 0.625313690781, 0.995304968383, 0.0522213864635, 5.0244442785
0.0556691561878, 0.685601508052, 0.691555188473, 0.858725545851, 0.565665475405, 0.0788355541281, 0.0163441750521, 0.793398138659, 0.84076931325, 0.657013358504, 0.724650219311, 0.720572689741, 0.990624568526, 0.164912183932, 0.996995993425, 0.815508982202, 0.592744528207, 0.464206777266, 0.281328932065, 0.72405640645, 0.0367498883596, 0.297207538366, 0.121273241216, 0.179971687616, 0.993293746176, 0.515524974184, 0.228912428322, 0.49949050503, 0.149288728253, 0.290091251168, 0.0556691561878, 5.03201567184
0.0556691561878, 0.685601508052, 0.691555188473, 0.858725545851, 0.565665475405, 0.0788355541281, 0.0163441750521, 0.793398138659, 0.84076931325, 0.657013358504, 0.724650219311, 0.720572689741, 0.990624568526, 0.164912183932, 0.996995993425, 0.815508982202, 0.592744528207, 0.464206777266, 0.281328932065, 0.72405640645, 0.0367498883596, 0.297207538366, 0.121273241216, 0.179971687616, 0.993293746176, 0.515524974184, 0.228912428322, 0.49949050503, 0.149288728253, 0.290091251168, 0.0556691561878, 5.03201567184
0.157217226588, 0.457678620943, 0.045860194191, 0.023544232593, 0.575015620911, 0.115589612997, 0.680787981007, 0.365384456152, 0.960520622533, 0.53769480152, 0.363377580031, 0.52680171702, 0.551837157895, 0.17503004776, 0.778565858416, 0.770890226287, 0.432269476416, 0.739944889416, 0.018570024356, 0.024196128719, 0.162866377821, 0.3396996659, 0.0463080115562, 0.208803504659, 0.0963114032576, 0.0622324751823, 0.490128740058, 0.878275293195, 0.680476791379, 0.386399877304, 0.157217226588, 3.87323065809
0.157217226588, 0.457678620943, 0.045860194191, 0.023544232593, 0.575015620911, 0.115589612997, 0.680787981007, 0.365384456152, 0.960520622533, 0.53769480152, 0.363377580031, 0.52680171702, 0.551837157895, 0.17503004776, 0.778565858416, 0.770890226287, 0.432269476416, 0.739944889416, 0.018570024356, 0.024196128719, 0.162866377821, 0.3396996659, 0.0463080115562, 0.208803504659, 0.0963114032576, 0.0622324751823, 0.490128740058, 0.878275293195, 0.680476791379, 0.386399877304, 0.157217226588, 3.87323065809
0.072523873281, 0.588762418098, 0.35101186673, 0.964535543396, 0.234062662566, 0.0717272561096, 0.247517284272, 0.720964476213, 0.30156374527, 0.427887724963, 0.302459432054, 0.908377181239, 0.588531586363, 0.551480469727, 0.866466537894, 0.237351857101, 0.382658687408, 0.0198821312828, 0.287574974566, 0.607006146332, 0.059231779565, 0.976100182315, 0.625956437963, 0.960387526229, 0.626472421104, 0.407315953805, 0.564504426893, 0.97928331317, 0.408539003045, 0.169470095568, 0.072523873281, 4.79491340965
0.072523873281, 0.588762418098, 0.35101186673, 0.964535543396, 0.234062662566, 0.0717272561096, 0.247517284272, 0.720964476213, 0.30156374527, 0.427887724963, 0.302459432054, 0.908377181239, 0.588531586363, 0.551480469727, 0.866466537894, 0.237351857101, 0.382658687408, 0.0198821312828, 0.287574974566, 0.607006146332, 0.059231779565, 0.976100182315, 0.625956437963, 0.960387526229, 0.626472421104, 0.407315953805, 0.564504426893, 0.97928331317, 0.408539003045, 0.169470095568, 0.072523873281, 4.79491340965
0.851645929513, 0.329769672957, 0.360572451054, 0.265895078028, 0.959409163217, 0.304425341649, 0.0103527161161, 0.874824767889, 0.919318712793, 0.832226205424, 0.748104486543, 0.76365863379, 0.293968443753, 0.160397386935, 0.464916141031, 0.993961330931, 0.633611326313, 0.758176570182, 0.496674471899, 0.179162477111, 0.358392357592, 0.0882541041609, 0.332502407519, 0.682193337575, 0.805818918368, 0.96111467157, 0.636723339898, 0.128183598606, 0.625023291416, 0.694069584787, 0.851645929513, 2.77594444781
0.844185983855, 0.268061666985, 0.373680651505, 0.241554545082, 0.387990323446, 0.691459973876, 0.612674639396, 0.610975966787, 0.514821271576, 0.504866205639, 0.0803327581064, 0.916270472894, 0.465801016083, 0.471563458514, 0.945766376237, 0.766552065609, 0.865718779061, 0.955573172921, 0.299767097893, 0.0309614001608, 0.718062323441, 0.0348794765221, 0.848845786927, 0.172015571591, 0.93014000004, 0.717245967585, 0.419247504068, 0.718433448804, 0.326458907651, 0.789639462955, 0.844185983855, 2.81055572016
0.851645929513, 0.329769672957, 0.360572451054, 0.265895078028, 0.959409163217, 0.304425341649, 0.0103527161161, 0.874824767889, 0.919318712793, 0.832226205424, 0.748104486543, 0.76365863379, 0.293968443753, 0.160397386935, 0.464916141031, 0.993961330931, 0.633611326313, 0.758176570182, 0.496674471899, 0.179162477111, 0.358392357592, 0.0882541041609, 0.332502407519, 0.682193337575, 0.805818918368, 0.96111467157, 0.636723339898, 0.128183598606, 0.625023291416, 0.694069584787, 0.851645929513, 2.77594444781
0.844185983855, 0.268061666985, 0.373680651505, 0.241554545082, 0.387990323446, 0.691459973876, 0.612674639396, 0.610975966787, 0.514821271576, 0.504866205639, 0.0803327581064, 0.916270472894, 0.465801016083, 0.471563458514, 0.945766376237, 0.766552065609, 0.865718779061, 0.955573172921, 0.299767097893, 0.0309614001608, 0.718062323441, 0.0348794765221, 0.848845786927, 0.172015571591, 0.93014000004, 0.717245967585, 0.419247504068, 0.718433448804, 0.326458907651, 0.789639462955, 0.844185983855, 2.81055572016
0.609055435793, 0.633476612888, 0.822417413379, 0.45990910024, 0.854831843695, 0.258246340272, 0.742759053637, 0.166506792734, 0.882938663653, 0.718668342456, 0.769189772596, 0.924620703218, 0.781735684866, 0.446694624727, 0.406857099563, 0.193345809824, 0.090176706097, 0.606944258268, 0.741435631635, 0.761210130824, 0.52414659636, 0.36150651305, 0.234243550943, 0.0504436295269, 0.188044687895, 0.148200902714, 0.609889056288, 0.454005445446, 0.164768077332, 0.188014320527, 0.609055435793, 3.41745209046
0.616589501568, 0.332060855063, 0.746005870233, 0.818345695307, 0.224580591243, 0.636775254716, 0.753106704132, 0.154481880289, 0.972480487436, 0.0248024253378, 0.207187384106, 0.594307312408, 0.353071938033, 0.676713749455, 0.462454578817, 0.408496362062, 0.479708435212, 0.378345829193, 0.821836073221, 0.0616272095529, 0.779705251898, 0.245253158654, 0.717146781226, 0.34098449127, 0.439219185765, 0.130936028306, 0.518906860981, 0.799868414715, 0.654405059232, 0.545036282051, 0.616589501568, 3.2941032962
0.609055435793, 0.633476612888, 0.822417413379, 0.45990910024, 0.854831843695, 0.258246340272, 0.742759053637, 0.166506792734, 0.882938663653, 0.718668342456, 0.769189772596, 0.924620703218, 0.781735684866, 0.446694624727, 0.406857099563, 0.193345809824, 0.090176706097, 0.606944258268, 0.741435631635, 0.761210130824, 0.52414659636, 0.36150651305, 0.234243550943, 0.0504436295269, 0.188044687895, 0.148200902714, 0.609889056288, 0.454005445446, 0.164768077332, 0.188014320527, 0.609055435793, 3.41745209046
0.616589501568, 0.332060855063, 0.746005870233, 0.818345695307, 0.224580591243, 0.636775254716, 0.753106704132, 0.154481880289, 0.972480487436, 0.0248024253378, 0.207187384106, 0.594307312408, 0.353071938033, 0.676713749455, 0.462454578817, 0.408496362062, 0.479708435212, 0.378345829193, 0.821836073221, 0.0616272095529, 0.779705251898, 0.245253158654, 0.717146781226, 0.34098449127, 0.439219185765, 0.130936028306, 0.518906860981, 0.799868414715, 0.654405059232, 0.545036282051, 0.616589501568, 3.2941032962
0.0717892615264, 0.783224618204, 0.712900765919, 0.428767855152, 0.141765766049, 0.748312913447, 0.152010388234, 0.979433043879, 0.423056103236, 0.200960073491, 0.816432565475, 0.223535452323, 0.845981008997, 0.768022212246, 0.0418907029303, 0.248480433328, 0.972522053484, 0.329029409641, 0.00135460200323, 0.878195015181, 0.917033420316, 0.44587043632, 0.750667033254, 0.819972182507, 0.874316542106, 0.319049022362, 0.393131404491, 0.382407318676, 0.111757612417, 0.125142560468, 0.0717892615264, 4.91413952724
0.0717892615264, 0.783224618204, 0.712900765919, 0.428767855152, 0.141765766049, 0.748312913447, 0.152010388234, 0.979433043879, 0.423056103236, 0.200960073491, 0.816432565475, 0.223535452323, 0.845981008997, 0.768022212246, 0.0418907029303, 0.248480433328, 0.972522053484, 0.329029409641, 0.00135460200323, 0.878195015181, 0.917033420316, 0.44587043632, 0.750667033254, 0.819972182507, 0.874316542106, 0.319049022362, 0.393131404491, 0.382407318676, 0.111757612417, 0.125142560468, 0.0717892615264, 4.91413952724
0.903351884773, 0.362470630131, 0.220032495822, 0.348513365051, 0.0651004930231, 0.958950527129, 0.273951237715, 0.281997473186, 0.3877071826, 0.783396851146, 0.401922423843, 0.707319235847, 0.89521367617, 0.0818369125204, 0.849978593117, 0.257159156238, 0.342966850254, 0.58295276978, 0.403583668813, 0.276799087458, 0.942786129535, 0.0847946871853, 0.253516075698, 0.549351965924, 0.609636689067, 0.664740328968, 0.198849381008, 0.044766263125, 0.136920520595, 0.0599093212636, 0.903351884773, 2.75985852728
0.903351884773, 0.362470630131, 0.220032495822, 0.348513365051, 0.0651004930231, 0.958950527129, 0.273951237715, 0.281997473186, 0.3877071826, 0.783396851146, 0.401922423843, 0.707319235847, 0.89521367617, 0.0818369125204, 0.849978593117, 0.257159156238, 0.342966850254, 0.58295276978, 0.403583668813, 0.276799087458, 0.942786129535, 0.0847946871853, 0.253516075698, 0.549351965924, 0.609636689067, 0.664740328968, 0.198849381008, 0.044766263125, 0.136920520595, 0.0599093212636, 0.903351884773, 2.75985852728
0.0716943285757, 0.0503985847542, 0.581516527543, 0.712151903373, 0.471524551074, 0.0192757845007, 0.92619146979, 0.148577002189, 0.357624400231, 0.856013084083, 0.778053122517, 0.912722673077, 0.545497295137, 0.733653939679, 0.766376851841, 0.821280577271, 0.570047146534, 0.392560482449, 0.216383529903, 0.350735172066, 0.190243701758, 0.731528154167, 0.0923072753564, 0.662726887834, 0.330459636113, 0.608151012703, 0.0288309380263, 0.738806169169, 0.95395704339, 0.786804169058, 0.0716943285757, 5.06071308772
0.0716943285757, 0.0503985847542, 0.581516527543, 0.712151903373, 0.471524551074, 0.0192757845007, 0.92619146979, 0.148577002189, 0.357624400231, 0.856013084083, 0.778053122517, 0.912722673077, 0.545497295137, 0.733653939679, 0.766376851841, 0.821280577271, 0.570047146534, 0.392560482449, 0.216383529903, 0.350735172066, 0.190243701758, 0.731528154167, 0.0923072753564, 0.662726887834, 0.330459636113, 0.608151012703, 0.0288309380263, 0.738806169169, 0.95395704339, 0.786804169058, 0.0716943285757, 5.06071308772
0.0850289165364, 0.573216386792, 0.914047012481, 0.0078805024245, 0.551630812636, 0.184534421557, 0.457313930112, 0.643200743589, 0.13466461455, 0.789739137482, 0.994743104782, 0.91339545208, 0.314792628142, 0.967739291881, 0.355668386474, 0.480569946793, 0.702962157712, 0.794580489487, 0.0424569839734, 0.0712976014478, 0.838224487754, 0.655512731268, 0.26691228793, 0.695483037135, 0.661470884822, 0.509777046855, 0.670815141944, 0.368424982758, 0.289075876058, 0.15064806367, 0.0850289165364, 4.92342983981
0.0850289165364, 0.573216386792, 0.914047012481, 0.0078805024245, 0.551630812636, 0.184534421557, 0.457313930112, 0.643200743589, 0.13466461455, 0.789739137482, 0.994743104782, 0.91339545208, 0.314792628142, 0.967739291881, 0.355668386474, 0.480569946793, 0.702962157712, 0.794580489487, 0.0424569839734, 0.0712976014478, 0.838224487754, 0.655512731268, 0.26691228793, 0.695483037135, 0.661470884822, 0.509777046855, 0.670815141944, 0.368424982758, 0.289075876058, 0.15064806367, 0.0850289165364, 4.92342983981
0.773282476974, 0.633771996646, 0.518164790187, 0.0974036677796, 0.423673415438, 0.200469848402, 0.784489686468, 0.673256862206, 0.106616932267, 0.444119351293, 0.768963674488, 0.789990280969, 0.089439212827, 0.195149346895, 0.0735567449745, 0.284092411072, 0.335673599136, 0.587832971484, 0.0122531833066, 0.0663353606953, 0.931212226037, 0.742432025423, 0.677917297857, 0.184342994358, 0.268827703345, 0.337514302222, 0.0198597867094, 0.145586439936, 0.151995734878, 0.911477956928, 0.773282476974, 3.25405708207
0.804263534733, 0.140367779225, 0.603054806296, 0.541870313404, 0.93985180896, 0.255412937892, 0.18522177981, 0.216083211075, 0.273224998759, 0.201719630901, 0.899063898865, 0.851670350232, 0.95702614169, 0.0878955800913, 0.177006357479, 0.341084105221, 0.850544952957, 0.905559276789, 0.0181173502826, 0.584022186214, 0.784918287915, 0.285739547946, 0.759112954171, 0.371493099851, 0.0647130861373, 0.812125761798, 0.530376766646, 0.915334506533, 0.444668548033, 0.220056928254, 0.804263534733, 3.21851366973
0.716037979831, 0.272256560972, 0.565613126284, 0.190168560092, 0.0377542430823, 0.352939278886, 0.975521254408, 0.559297260301, 0.467943215921, 0.0152321913285, 0.234480500665, 0.309766975155, 0.590536044932, 0.473996674856, 0.0956318633998, 0.406014158388, 0.486260360697, 0.446218399197, 0.846816731902, 0.245515310113, 0.989272607993, 0.159414804072, 0.541649113793, 0.409792929781, 0.249760753471, 0.399483445945, 0.691196532561, 0.717716518096, 0.0943459608413, 0.298031222293, 0.716037979831, 3.26130209036
0.617303297334, 0.278179426743, 0.540319132563, 0.627877707824, 0.00466264046333, 0.366551778067, 0.297696660685, 0.618819848961, 0.111133316714, 0.696455204268, 0.602453528, 0.0946431992797, 0.535317175624, 0.388150196748, 0.820874050315, 0.274532087635, 0.936816653825, 0.377845684234, 0.83789464497, 0.902648211828, 0.192165640601, 0.175661936401, 0.632473809721, 0.786646082977, 0.0391213759571, 0.713094152962, 0.789439275853, 0.57118702873, 0.880681471502, 0.404061997632, 0.617303297334, 3.33744968627
0.773282476974, 0.633771996646, 0.518164790187, 0.0974036677796, 0.423673415438, 0.200469848402, 0.784489686468, 0.673256862206, 0.106616932267, 0.444119351293, 0.768963674488, 0.789990280969, 0.089439212827, 0.195149346895, 0.0735567449745, 0.284092411072, 0.335673599136, 0.587832971484, 0.0122531833066, 0.0663353606953, 0.931212226037, 0.742432025423, 0.677917297857, 0.184342994358, 0.268827703345, 0.337514302222, 0.0198597867094, 0.145586439936, 0.151995734878, 0.911477956928, 0.773282476974, 3.25405708207
0.804263534733, 0.140367779225, 0.603054806296, 0.541870313404, 0.93985180896, 0.255412937892, 0.18522177981, 0.216083211075, 0.273224998759, 0.201719630901, 0.899063898865, 0.851670350232, 0.95702614169, 0.0878955800913, 0.177006357479, 0.341084105221, 0.850544952957, 0.905559276789, 0.0181173502826, 0.584022186214, 0.784918287915, 0.285739547946, 0.759112954171, 0.371493099851, 0.0647130861373, 0.812125761798, 0.530376766646, 0.915334506533, 0.444668548033, 0.220056928254, 0.804263534733, 3.21851366973
0.716037979831, 0.272256560972, 0.565613126284, 0.190168560092, 0.0377542430823, 0.352939278886, 0.975521254408, 0.559297260301, 0.467943215921, 0.0152321913285, 0.234480500665, 0.309766975155, 0.590536044932, 0.473996674856, 0.0956318633998, 0.406014158388, 0.486260360697, 0.446218399197, 0.846816731902, 0.245515310113, 0.989272607993, 0.159414804072, 0.541649113793, 0.409792929781, 0.249760753471, 0.399483445945, 0.691196532561, 0.717716518096, 0.0943459608413, 0.298031222293, 0.716037979831, 3.26130209036
0.617303297334, 0.278179426743, 0.540319132563, 0.627877707824, 0.00466264046333, 0.366551778067, 0.297696660685, 0.618819848961, 0.111133316714, 0.696455204268, 0.602453528, 0.0946431992797, 0.535317175624, 0.388150196748, 0.820874050315, 0.274532087635, 0.936816653825, 0.377845684234, 0.83789464497, 0.902648211828, 0.192165640601, 0.175661936401, 0.632473809721, 0.786646082977, 0.0391213759571, 0.713094152962, 0.789439275853, 0.57118702873, 0.880681471502, 0.404061997632, 0.617303297334, 3.33744968627
0.408995682135, 0.370288404511, 0.0551995947557, 0.628748390204, 0.445193906486, 0.69595153671, 0.716963341469, 0.880130750826, 0.344595097074, 0.279840635263, 0.312274895855, 0.616949033082, 0.092808239578, 0.801682803024, 0.007100593376, 0.544913144765, 0.435115418626, 0.127326972176, 0.891427391895, 0.737461710998, 0.187440859297, 0.120387351031, 0.553699781457, 0.0301861806664, 0.516421112412, 0.236584101647, 0.31236897215, 0.494746120069, 0.975009737293, 0.976928378288, 0.408995682135, 3.58876643297
0.290755788993, 0.056119890087, 0.87727795218, 0.0617248512508, 0.2430469884, 0.805502490889, 0.0149652567995, 0.891307227883, 0.700557340181, 0.17514660759, 0.204001235735, 0.28655052277, 0.681938758492, 0.532803761316, 0.157732096625, 0.440320204597, 0.839157181107, 0.541438250747, 0.479210904163, 0.505492900927, 0.0654708215911, 0.958991851519, 0.437885702212, 0.118103899672, 0.504968129848, 0.72354181457, 0.224706311363, 0.333501621745, 0.297297593098, 0.628788423636, 0.290755788993, 3.68336258851
0.408995682135, 0.370288404511, 0.0551995947557, 0.628748390204, 0.445193906486, 0.69595153671, 0.716963341469, 0.880130750826, 0.344595097074, 0.279840635263, 0.312274895855, 0.616949033082, 0.092808239578, 0.801682803024, 0.007100593376, 0.544913144765, 0.435115418626, 0.127326972176, 0.891427391895, 0.737461710998, 0.187440859297, 0.120387351031, 0.553699781457, 0.0301861806664, 0.516421112412, 0.236584101647, 0.31236897215, 0.494746120069, 0.975009737293, 0.976928378288, 0.408995682135, 3.58876643297
0.290755788993, 0.056119890087, 0.87727795218, 0.0617248512508, 0.2430469884, 0.805502490889, 0.0149652567995, 0.891307227883, 0.700557340181, 0.17514660759, 0.204001235735, 0.28655052277, 0.681938758492, 0.532803761316, 0.157732096625, 0.440320204597, 0.839157181107, 0.541438250747, 0.479210904163, 0.505492900927, 0.0654708215911, 0.958991851519, 0.437885702212, 0.118103899672, 0.504968129848, 0.72354181457, 0.224706311363, 0.333501621745, 0.297297593098, 0.628788423636, 0.290755788993, 3.68336258851
0.0769488315293, 0.30003776311, 0.655929659965, 0.789980361533, 0.65545618397, 0.207194881847, 0.877583569777, 0.628592889606, 0.724488025581, 0.930849343674, 0.903275160144, 0.379295980646, 0.170115020934, 0.254302271345, 0.621403553137, 0.927135716008, 0.478373546282, 0.152702497418, 0.402940845791, 0.891869571886, 0.275969359488, 0.660675514579, 0.356198352049, 0.239897752883, 0.920370824023, 0.910291521456, 0.799815383498, 0.266479206952, 0.556067628188, 0.799046868827, 0.0769488315293, 5.45267692303
0.0769488315293, 0.30003776311, 0.655929659965, 0.789980361533, 0.65545618397, 0.207194881847, 0.877583569777, 0.628592889606, 0.724488025581, 0.930849343674, 0.903275160144, 0.379295980646, 0.170115020934, 0.254302271345, 0.621403553137, 0.927135716008, 0.478373546282, 0.152702497418, 0.402940845791, 0.891869571886, 0.275969359488, 0.660675514579, 0.356198352049, 0.239897752883, 0.920370824023, 0.910291521456, 0.799815383498, 0.266479206952, 0.556067628188, 0.799046868827, 0.0769488315293, 5.45267692303
0.081024660299, 0.752906202278, 0.632039356575, 0.873927840498, 0.487620317003, 0.389499085674, 0.521131987589, 0.634731096772, 0.971259628562, 0.450168904643, 0.20634137371, 0.563958258397, 0.975289282871, 0.660478948893, 0.0137306522757, 0.927623208937, 0.991619802247, 0.341642658156, 0.208619585647, 0.554632315864, 0.259147465615, 0.819259159458, 0.978944962045, 0.401319597608, 0.899146739119, 0.316222972018, 0.882854925157, 0.896846355126, 0.792872213625, 0.440846557994, 0.081024660299, 5.76468178153
0.081024660299, 0.752906202278, 0.632039356575, 0.873927840498, 0.487620317003, 0.389499085674, 0.521131987589, 0.634731096772, 0.971259628562, 0.450168904643, 0.20634137371, 0.563958258397, 0.975289282871, 0.660478948893, 0.0137306522757, 0.927623208937, 0.991619802247, 0.341642658156, 0.208619585647, 0.554632315864, 0.259147465615, 0.819259159458, 0.978944962045, 0.401319597608, 0.899146739119, 0.316222972018, 0.882854925157, 0.896846355126, 0.792872213625, 0.440846557994, 0.081024660299, 5.76468178153
0.911140905886, 0.345235525571, 0.500650338539, 0.906750470832, 0.395787819107, 0.0102599670097, 0.532520939709, 0.138559052857, 0.471643946239, 0.00998310680007, 0.647134332407, 0.245747468207, 0.654499834343, 0.959503057239, 0.42880142759, 0.122818838129, 0.15850193173, 0.0378620578189, 0.264141037009, 0.412818062452, 0.140513242639, 0.465198528444, 0.6810227354, 0.550958681209, 0.996164900815, 0.476221830366, 0.746244235661, 0.0191366773549, 0.0486091905123, 0.510256678727, 0.911140905886, 2.9322324534
0.911140905886, 0.345235525571, 0.500650338539, 0.906750470832, 0.395787819107, 0.0102599670097, 0.532520939709, 0.138559052857, 0.471643946239, 0.00998310680007, 0.647134332407, 0.245747468207, 0.654499834343, 0.959503057239, 0.42880142759, 0.122818838129, 0.15850193173, 0.0378620578189, 0.264141037009, 0.412818062452, 0.140513242639, 0.465198528444, 0.6810227354, 0.550958681209, 0.996164900815, 0.476221830366, 0.746244235661, 0.0191366773549, 0.0486091905123, 0.510256678727, 0.911140905886, 2.9322324534
0.625982996404, 0.888768941209, 0.366202733097, 0.147247136217, 0.77104954151, 0.511293467499, 0.296737082921, 0.592262414881, 0.666578646482, 0.272494410568, 0.68153340781, 0.0386928380835, 0.847368406511, 0.0407464819752, 0.859032517633, 0.305606401995, 0.623925384126, 0.71969102157, 0.556566996599, 0.55783769763, 0.517948415215, 0.953670572524, 0.791942785169, 0.371000618205, 0.397898385776, 0.344659603004, 0.41512956022, 0.434320364775, 0.977763695296, 0.731209254215, 0.625982996404, 3.49361630275
0.625982996404, 0.888768941209, 0.366202733097, 0.147247136217, 0.77104954151, 0.511293467499, 0.296737082921, 0.592262414881, 0.666578646482, 0.272494410568, 0.68153340781, 0.0386928380835, 0.847368406511, 0.0407464819752, 0.859032517633, 0.305606401995, 0.623925384126, 0.71969102157, 0.556566996599, 0.55783769763, 0.517948415215, 0.953670572524, 0.791942785169, 0.371000618205, 0.397898385776, 0.344659603004, 0.41512956022, 0.434320364775, 0.977763695296, 0.731209254215, 0.625982996404, 3.49361630275
0.248317915265, 0.126440438486, 0.133012447482, 0.385631701669, 0.188745555638, 0.354107388827, 0.384796116167, 0.872095207887, 0.0531720016857, 0.164890387532, 0.644267185448, 0.7924120147, 0.623692822704, 0.195443741133, 0.245312190409, 0.700023299227, 0.925671792879, 0.569336331091, 0.519074194109, 0.177077480901, 0.914526588912, 0.289470023013, 0.549054136959, 0.266584949935, 0.761395840035, 0.734961794541, 0.955919906857, 0.897724671135, 0.742968345519, 0.4259378824, 0.248317915265, 4.10938312499
0.248317915265, 0.126440438486, 0.133012447482, 0.385631701669, 0.188745555638, 0.354107388827, 0.384796116167, 0.872095207887, 0.0531720016857, 0.164890387532, 0.644267185448, 0.7924120147, 0.623692822704, 0.195443741133, 0.245312190409, 0.700023299227, 0.925671792879, 0.569336331091, 0.519074194109, 0.177077480901, 0.914526588912, 0.289470023013, 0.549054136959, 0.266584949935, 0.761395840035, 0.734961794541, 0.955919906857, 0.897724671135, 0.742968345519, 0.4259378824, 0.248317915265, 4.10938312499
0.131265570254, 0.752048515697, 0.580032830869, 0.661438086458, 0.114277444874, 0.801588913174, 0.534251609229, 0.485204615026, 0.660418527481, 0.912056690755, 0.20858620221, 0.313487860163, 0.0729482706031, 0.23153061875, 0.545637943037, 0.189323937368, 0.504069119561, 0.0139951543671, 0.762225754418, 0.860164051112, 0.839745104149, 0.433661764862, 0.0943711742197, 0.105128013854, 0.333685398944, 0.633829723962, 0.322524831871, 0.0779560866973, 0.213082009984, 0.723426588607, 0.131265570254, 4.32522549547
0.131265570254, 0.752048515697, 0.580032830869, 0.661438086458, 0.114277444874, 0.801588913174, 0.534251609229, 0.485204615026, 0.660418527481, 0.912056690755, 0.20858620221, 0.313487860163, 0.0729482706031, 0.23153061875, 0.545637943037, 0.189323937368, 0.504069119561, 0.0139951543671, 0.762225754418, 0.860164051112, 0.839745104149, 0.433661764862, 0.0943711742197, 0.105128013854, 0.333685398944, 0.633829723962, 0.322524831871, 0.0779560866973, 0.213082009984, 0.723426588607, 0.131265570254, 4.32522549547
0.500473643672, 0.201752955542, 0.180609519736, 0.836877550718, 0.604009048051, 0.371184686423, 0.0602189366653, 0.0880964669386, 0.369311695123, 0.134642210333, 0.438748917572, 0.340165711154, 0.525389106031, 0.501952761606, 0.523527125023, 0.919681481864, 0.281776562374, 0.137704241495, 0.883160139397, 0.133985243506, 0.595426454745, 0.914530467454, 0.284758900003, 0.252960298485, 0.818887726392, 0.656793277296, 0.928760758264, 0.941671567142, 0.421234591347, 0.258867346816, 0.500473643672, 3.61346888882
0.500473643672, 0.201752955542, 0.180609519736, 0.836877550718, 0.604009048051, 0.371184686423, 0.0602189366653, 0.0880964669386, 0.369311695123, 0.134642210333, 0.438748917572, 0.340165711154, 0.525389106031, 0.501952761606, 0.523527125023, 0.919681481864, 0.281776562374, 0.137704241495, 0.883160139397, 0.133985243506, 0.595426454745, 0.914530467454, 0.284758900003, 0.252960298485, 0.818887726392, 0.656793277296, 0.928760758264, 0.941671567142, 0.421234591347, 0.258867346816, 0.500473643672, 3.61346888882
0.981235463402, 0.00211447140611, 0.609685360844, 0.373220585231, 0.962748556787, 0.748312007102, 0.0183334714122, 0.167266967747, 0.883226941441, 0.59642172551, 0.787561953756, 0.11429055637, 0.249898596211, 0.216524402799, 0.855856590916, 0.422038070412, 0.40959472008, 0.105703773958, 0.470809815789, 0.416846459979, 0.493037720715, 0.447428006955, 0.753037525531, 0.437060893377, 0.0282370139517, 0.647626803225, 0.221703390915, 0.242883388604, 0.164156906626, 0.0708782038736, 0.981235463402, 3.09663706424
0.981235463402, 0.00211447140611, 0.609685360844, 0.373220585231, 0.962748556787, 0.748312007102, 0.0183334714122, 0.167266967747, 0.883226941441, 0.59642172551, 0.787561953756, 0.11429055637, 0.249898596211, 0.216524402799, 0.855856590916, 0.422038070412, 0.40959472008, 0.105703773958, 0.470809815789, 0.416846459979, 0.493037720715, 0.447428006955, 0.753037525531, 0.437060893377, 0.0282370139517, 0.647626803225, 0.221703390915, 0.242883388604, 0.164156906626, 0.0708782038736, 0.981235463402, 3.09663706424
0.281298582106, 0.276955852956, 0.237825665807, 0.996779366141, 0.951365396918, 0.580275085523, 0.997452014482, 0.816179256062, 0.151775556457, 0.866528275342, 0.737330987466, 0.0893285230512, 0.759764096946, 0.694153584251, 0.130939092172, 0.101567959976, 0.00693250972453, 0.136177631753, 0.0207278570734, 0.0887556629157, 0.502941388593, 0.626605332471, 0.429450741912, 0.0221739127971, 0.212556743998, 0.787599222859, 0.403949241165, 0.743119742686, 0.94040168289, 0.989290366702, 0.281298582106, 4.04490201993
0.281298582106, 0.276955852956, 0.237825665807, 0.996779366141, 0.951365396918, 0.580275085523, 0.997452014482, 0.816179256062, 0.151775556457, 0.866528275342, 0.737330987466, 0.0893285230512, 0.759764096946, 0.694153584251, 0.130939092172, 0.101567959976, 0.00693250972453, 0.136177631753, 0.0207278570734, 0.0887556629157, 0.502941388593, 0.626605332471, 0.429450741912, 0.0221739127971, 0.212556743998, 0.787599222859, 0.403949241165, 0.743119742686, 0.94040168289, 0.989290366702, 0.281298582106, 4.04490201993
0.698252849532, 0.154343478187, 0.0125683863126, 0.47069097143, 0.828239819667, 0.237389639346, 0.494263819605, 0.849963908779, 0.329726511489, 0.205455913131, 0.197444500663, 0.664200991373, 0.582236300482, 0.854136637187, 0.0556605821228, 0.846039513422, 0.702254910622, 0.330215453909, 0.819264977741, 0.14699058706, 0.480322217088, 0.637279311798, 0.805477949372, 0.424021981593, 0.894671357054, 0.859628803661, 0.323638503252, 0.122456497795, 0.338337304922, 0.584220328695, 0.698252849532, 3.43857759191
0.698252849532, 0.154343478187, 0.0125683863126, 0.47069097143, 0.828239819667, 0.237389639346, 0.494263819605, 0.849963908779, 0.329726511489, 0.205455913131, 0.197444500663, 0.664200991373, 0.582236300482, 0.854136637187, 0.0556605821228, 0.846039513422, 0.702254910622, 0.330215453909, 0.819264977741, 0.14699058706, 0.480322217088, 0.637279311798, 0.805477949372, 0.424021981593, 0.894671357054, 0.859628803661, 0.323638503252, 0.122456497795, 0.338337304922, 0.584220328695, 0.698252849532, 3.43857759191
0.601715263147, 0.0302381259704, 0.842873428818, 0.234776039603, 0.41614801995, 0.633610174042, 0.565691212525, 0.684648024647, 0.0630894464419, 0.605737546804, 0.988860644869, 0.430376378425, 0.980307660587, 0.712247670598, 0.129795776663, 0.0483424202047, 0.813577136511, 0.306926532037, 0.975884360366, 0.721881372329, 0.341801961798, 0.0206506999506, 0.754323835367, 0.986007204231, 0.205275601475, 0.430120970976, 0.433473285446, 0.22373467254, 0.272080899883, 0.479827184736, 0.601715263147, 3.60499131662
0.601715263147, 0.0302381259704, 0.842873428818, 0.234776039603, 0.41614801995, 0.633610174042, 0.565691212525, 0.684648024647, 0.0630894464419, 0.605737546804, 0.988860644869, 0.430376378425, 0.980307660587, 0.712247670598, 0.129795776663, 0.0483424202047, 0.813577136511, 0.306926532037, 0.975884360366, 0.721881372329, 0.341801961798, 0.0206506999506, 0.754323835367, 0.986007204231, 0.205275601475, 0.430120970976, 0.433473285446, 0.22373467254, 0.272080899883, 0.479827184736, 0.601715263147, 3.60499131662
