0.0352334817667, 0.326421037657, 0.0309254042855, 0.756096606444, 0.958466813735, 0.119596012558, 0.282726595081, 0.33410287374, 0.838737272203, 0.536619187801, 0.073128701665, 0.717209541971, 0.879167590596, 0.0818369125204, 0.00722897343146, 0.719991123144, 0.416048242455, 0.614946456376, 0.270911110661, 0.28504348904, 0.114373531973, 0.139753037257, 0.216406448529, 0.957639702337, 0.685094836948, 0.236584101647, 0.231484493395, 0.044766263125, 0.1996941901, 0.2026447064, 0.0352334817667, 4.07026673338
0.44745521942, 0.736167919209, 0.449198381566, 0.0306957241613, 0.585912428211, 0.778564462398, 0.177867084676, 0.993749380839, 0.370212828051, 0.320831253323, 0.929051208254, 0.193970940538, 0.7462440257, 0.416934479287, 0.0139410853574, 0.566298620199, 0.551141711943, 0.866789550659, 0.615472898705, 0.00680927508374, 0.384021320054, 0.829043123712, 0.874435311875, 0.108410119877, 0.0796281045047, 0.0595341714138, 0.747534507431, 0.141965703416, 0.613807779179, 0.0283222974985, 0.44745521942, 3.14477727538
0.202218529834, 0.725721186187, 0.0467574749151, 0.0662803694173, 0.958427514032, 0.435612426266, 0.441842403096, 0.955876084326, 0.164578337655, 0.0886870587175, 0.481945358276, 0.220018102298, 0.692004414162, 0.287500983559, 0.135576207359, 0.136350616868, 0.266135895805, 0.269796831908, 0.574959116561, 0.503583917388, 0.160461925476, 0.528984692662, 0.407330150582, 0.504698455882, 0.534108903531, 0.180545594936, 0.830011018155, 0.0702506104378, 0.26978485754, 0.618514418967, 0.202218529834, 3.60931909144
0.0966493414146, 0.676466798349, 0.947415773255, 0.099144310121, 0.598983745205, 0.115589612997, 0.032198431828, 0.103909148781, 0.804561569564, 0.307249666325, 0.72578157372, 0.63400115524, 0.517364487191, 0.0239348387631, 0.121836411859, 0.25412163766, 0.342884178717, 0.576904937374, 0.540819678311, 0.220110353939, 0.298234401749, 0.61647181115, 0.748102498311, 0.536853794651, 0.013248245094, 0.335770509241, 0.541394556226, 0.400304990393, 0.529262873452, 0.26777789469, 0.0966493414146, 4.01830533424
0.0116285895895, 0.0975886616398, 0.220032495822, 0.348513365051, 0.0651004930231, 0.958950527129, 0.282726595081, 0.281997473186, 0.315332185925, 0.783396851146, 0.0146256840625, 0.707319235847, 0.89521367617, 0.0818369125204, 0.849978593117, 0.257159156238, 0.342966850254, 0.352061105021, 0.403583668813, 0.0656558313041, 0.942786129535, 0.0847946871853, 0.253516075698, 0.549351965924, 0.685094836948, 0.236584101647, 0.182461065799, 0.044766263125, 0.82008073475, 0.0599093212636, 0.0116285895895, 4.23854245183
0.408995682135, 0.370288404511, 0.0551995947557, 0.835437385109, 0.445193906486, 0.69595153671, 0.716963341469, 0.880130750826, 0.247186511719, 0.279840635263, 0.281685347961, 0.694158846172, 0.092808239578, 0.425802419632, 0.799104738446, 0.0241903541529, 0.449422429455, 0.127326972176, 0.891427391895, 0.737461710998, 0.187440859297, 0.106917451747, 0.553699781457, 0.0301861806664, 0.516421112412, 0.584887237585, 0.31236897215, 0.0508394746904, 0.975009737293, 0.976928378288, 0.408995682135, 3.57717840141
0.646412900016, 0.482998703008, 0.598531372241, 0.889839853597, 0.647736677078, 0.446484671178, 0.904861736004, 0.310655891949, 0.897792386895, 0.543278558975, 0.67794058274, 0.0696347890498, 0.088754013225, 0.277276204552, 0.00807214346818, 0.540432020716, 0.262545132258, 0.10243304377, 0.382524129994, 0.0712976014478, 0.572807249838, 0.115859489674, 0.767106655602, 0.000264727163803, 0.00200184077587, 0.61573816463, 0.248258095595, 0.25158366522, 0.698433790451, 0.276204589943, 0.646412900016, 2.27149219395
0.157217226588, 0.457678620943, 0.045860194191, 0.023544232593, 0.575015620911, 0.115589612997, 0.680787981007, 0.365384456152, 0.960520622533, 0.53769480152, 0.363377580031, 0.226494300951, 0.551837157895, 0.17503004776, 0.778565858416, 0.770890226287, 0.342884178717, 0.739944889416, 0.018570024356, 0.024196128719, 0.364528672657, 0.204496761112, 0.0463080115562, 0.208803504659, 0.0963114032576, 0.0653331825739, 0.490128740058, 0.878275293195, 0.988574403755, 0.386399877304, 0.157217226588, 3.86984220498
0.861823344303, 0.0536411950982, 0.671455353636, 0.209825457857, 0.702880109983, 0.193055312469, 0.0685408427747, 0.787858822521, 0.310552079112, 0.05352231032, 0.897980878593, 0.813472224964, 0.892336590354, 0.470446497731, 0.321448503762, 0.237351857101, 0.250401650255, 0.702413234557, 0.742875087875, 0.769010387036, 0.247275701632, 0.384046101681, 0.364941388677, 0.611667750309, 0.102656751889, 0.350355335548, 0.259718623889, 0.249177794791, 0.850248342618, 0.529015882827, 0.861823344303, 2.17261821589
0.253935178865, 0.272256560972, 0.567311454178, 0.3788179754, 0.0461550827081, 0.352939278886, 0.806571752958, 0.559297260301, 0.467943215921, 0.33706137509, 0.234480500665, 0.77689749962, 0.590536044932, 0.0774135054043, 0.565254732342, 0.591642999528, 0.486260360697, 0.446218399197, 0.846816731902, 0.245515310113, 0.989272607993, 0.159414804072, 0.541649113793, 0.409792929781, 0.249760753471, 0.075919942099, 0.557335298063, 0.717716518096, 0.0943459608413, 0.298031222293, 0.253935178865, 3.58093929388
0.0352334817667, 0.326421037657, 0.0309254042855, 0.756096606444, 0.958466813735, 0.119596012558, 0.282726595081, 0.33410287374, 0.838737272203, 0.536619187801, 0.073128701665, 0.717209541971, 0.879167590596, 0.0818369125204, 0.00722897343146, 0.719991123144, 0.416048242455, 0.614946456376, 0.270911110661, 0.28504348904, 0.114373531973, 0.139753037257, 0.216406448529, 0.957639702337, 0.685094836948, 0.236584101647, 0.231484493395, 0.044766263125, 0.1996941901, 0.2026447064, 0.0352334817667, 4.07026673338
0.44745521942, 0.736167919209, 0.449198381566, 0.0306957241613, 0.585912428211, 0.778564462398, 0.177867084676, 0.993749380839, 0.370212828051, 0.320831253323, 0.929051208254, 0.193970940538, 0.7462440257, 0.416934479287, 0.0139410853574, 0.566298620199, 0.551141711943, 0.866789550659, 0.615472898705, 0.00680927508374, 0.384021320054, 0.829043123712, 0.874435311875, 0.108410119877, 0.0796281045047, 0.0595341714138, 0.747534507431, 0.141965703416, 0.613807779179, 0.0283222974985, 0.44745521942, 3.14477727538
0.202218529834, 0.725721186187, 0.0467574749151, 0.0662803694173, 0.958427514032, 0.435612426266, 0.441842403096, 0.955876084326, 0.164578337655, 0.0886870587175, 0.481945358276, 0.220018102298, 0.692004414162, 0.287500983559, 0.135576207359, 0.136350616868, 0.266135895805, 0.269796831908, 0.574959116561, 0.503583917388, 0.160461925476, 0.528984692662, 0.407330150582, 0.504698455882, 0.534108903531, 0.180545594936, 0.830011018155, 0.0702506104378, 0.26978485754, 0.618514418967, 0.202218529834, 3.60931909144
0.0966493414146, 0.676466798349, 0.947415773255, 0.099144310121, 0.598983745205, 0.115589612997, 0.032198431828, 0.103909148781, 0.804561569564, 0.307249666325, 0.72578157372, 0.63400115524, 0.517364487191, 0.0239348387631, 0.121836411859, 0.25412163766, 0.342884178717, 0.576904937374, 0.540819678311, 0.220110353939, 0.298234401749, 0.61647181115, 0.748102498311, 0.536853794651, 0.013248245094, 0.335770509241, 0.541394556226, 0.400304990393, 0.529262873452, 0.26777789469, 0.0966493414146, 4.01830533424
0.0116285895895, 0.0975886616398, 0.220032495822, 0.348513365051, 0.0651004930231, 0.958950527129, 0.282726595081, 0.281997473186, 0.315332185925, 0.783396851146, 0.0146256840625, 0.707319235847, 0.89521367617, 0.0818369125204, 0.849978593117, 0.257159156238, 0.342966850254, 0.352061105021, 0.403583668813, 0.0656558313041, 0.942786129535, 0.0847946871853, 0.253516075698, 0.549351965924, 0.685094836948, 0.236584101647, 0.182461065799, 0.044766263125, 0.82008073475, 0.0599093212636, 0.0116285895895, 4.23854245183
0.408995682135, 0.370288404511, 0.0551995947557, 0.835437385109, 0.445193906486, 0.69595153671, 0.716963341469, 0.880130750826, 0.247186511719, 0.279840635263, 0.281685347961, 0.694158846172, 0.092808239578, 0.425802419632, 0.799104738446, 0.0241903541529, 0.449422429455, 0.127326972176, 0.891427391895, 0.737461710998, 0.187440859297, 0.106917451747, 0.553699781457, 0.0301861806664, 0.516421112412, 0.584887237585, 0.31236897215, 0.0508394746904, 0.975009737293, 0.976928378288, 0.408995682135, 3.57717840141
0.646412900016, 0.482998703008, 0.598531372241, 0.889839853597, 0.647736677078, 0.446484671178, 0.904861736004, 0.310655891949, 0.897792386895, 0.543278558975, 0.67794058274, 0.0696347890498, 0.088754013225, 0.277276204552, 0.00807214346818, 0.540432020716, 0.262545132258, 0.10243304377, 0.382524129994, 0.0712976014478, 0.572807249838, 0.115859489674, 0.767106655602, 0.000264727163803, 0.00200184077587, 0.61573816463, 0.248258095595, 0.25158366522, 0.698433790451, 0.276204589943, 0.646412900016, 2.27149219395
0.157217226588, 0.457678620943, 0.045860194191, 0.023544232593, 0.575015620911, 0.115589612997, 0.680787981007, 0.365384456152, 0.960520622533, 0.53769480152, 0.363377580031, 0.226494300951, 0.551837157895, 0.17503004776, 0.778565858416, 0.770890226287, 0.342884178717, 0.739944889416, 0.018570024356, 0.024196128719, 0.364528672657, 0.204496761112, 0.0463080115562, 0.208803504659, 0.0963114032576, 0.0653331825739, 0.490128740058, 0.878275293195, 0.988574403755, 0.386399877304, 0.157217226588, 3.86984220498
0.861823344303, 0.0536411950982, 0.671455353636, 0.209825457857, 0.702880109983, 0.193055312469, 0.0685408427747, 0.787858822521, 0.310552079112, 0.05352231032, 0.897980878593, 0.813472224964, 0.892336590354, 0.470446497731, 0.321448503762, 0.237351857101, 0.250401650255, 0.702413234557, 0.742875087875, 0.769010387036, 0.247275701632, 0.384046101681, 0.364941388677, 0.611667750309, 0.102656751889, 0.350355335548, 0.259718623889, 0.249177794791, 0.850248342618, 0.529015882827, 0.861823344303, 2.17261821589
0.253935178865, 0.272256560972, 0.567311454178, 0.3788179754, 0.0461550827081, 0.352939278886, 0.806571752958, 0.559297260301, 0.467943215921, 0.33706137509, 0.234480500665, 0.77689749962, 0.590536044932, 0.0774135054043, 0.565254732342, 0.591642999528, 0.486260360697, 0.446218399197, 0.846816731902, 0.245515310113, 0.989272607993, 0.159414804072, 0.541649113793, 0.409792929781, 0.249760753471, 0.075919942099, 0.557335298063, 0.717716518096, 0.0943459608413, 0.298031222293, 0.253935178865, 3.58093929388
0.157217226588, 0.457678620943, 0.045860194191, 0.023544232593, 0.575015620911, 0.426132999868, 0.680787981007, 0.365384456152, 0.997793632975, 0.53769480152, 0.363377580031, 0.52680171702, 0.551837157895, 0.17503004776, 0.778565858416, 0.770890226287, 0.181080571058, 0.739944889416, 0.018570024356, 0.024196128719, 0.364528672657, 0.3396996659, 0.0463080115562, 0.208803504659, 0.0963114032576, 0.0653331825739, 0.490128740058, 0.543152893344, 0.988574403755, 0.386399877304, 0.157217226588, 3.95051636059
0.157217226588, 0.457678620943, 0.045860194191, 0.023544232593, 0.575015620911, 0.426132999868, 0.680787981007, 0.365384456152, 0.997793632975, 0.53769480152, 0.363377580031, 0.52680171702, 0.551837157895, 0.17503004776, 0.778565858416, 0.770890226287, 0.181080571058, 0.739944889416, 0.018570024356, 0.024196128719, 0.364528672657, 0.3396996659, 0.0463080115562, 0.208803504659, 0.0963114032576, 0.0653331825739, 0.490128740058, 0.543152893344, 0.988574403755, 0.386399877304, 0.157217226588, 3.95051636059
0.44745521942, 0.836549395859, 0.449198381566, 0.0306957241613, 0.585912428211, 0.778564462398, 0.177867084676, 0.993749380839, 0.370212828051, 0.320831253323, 0.929051208254, 0.193970940538, 0.7462440257, 0.908837505997, 0.0139410853574, 0.566298620199, 0.551141711943, 0.866789550659, 0.83073741657, 0.00680927508374, 0.384021320054, 0.829043123712, 0.874435311875, 0.109406405998, 0.0796281045047, 0.0595341714138, 0.747534507431, 0.141965703416, 0.613807779179, 0.182812655062, 0.44745521942, 3.40002400811
0.202218529834, 0.725721186187, 0.0467574749151, 0.0662803694173, 0.958427514032, 0.435612426266, 0.441842403096, 0.955876084326, 0.164578337655, 0.0886870587175, 0.481945358276, 0.220018102298, 0.692004414162, 0.287500983559, 0.135576207359, 0.0741720984274, 0.266135895805, 0.269796831908, 0.615472898705, 0.503583917388, 0.160461925476, 0.454185589303, 0.407330150582, 0.504698455882, 0.534108903531, 0.256098148394, 0.946727864777, 0.0702506104378, 0.26978485754, 0.618514418967, 0.202218529834, 3.63593529412
0.601715263147, 0.375616920136, 0.106196985542, 0.234776039603, 0.257709613518, 0.633610174042, 0.565691212525, 0.154481880289, 0.01643198883, 0.605737546804, 0.988860644869, 0.576069994609, 0.980307660587, 0.712247670598, 0.129795776663, 0.0483424202047, 0.342859803524, 0.306926532037, 0.975884360366, 0.721881372329, 0.341801961798, 0.0206506999506, 0.754323835367, 0.893275671372, 0.205275601475, 0.430120970976, 0.433473285446, 0.22373467254, 0.272080899883, 0.479827184736, 0.601715263147, 3.20719384594
0.574577627731, 0.0905945237058, 0.821379343081, 0.996156207428, 0.0499188184688, 0.621023902541, 0.11192856703, 0.187039807581, 0.661613871288, 0.658838881247, 0.246242694201, 0.283872710654, 0.45858349285, 0.0594957585393, 0.100933013648, 0.678441820538, 0.0251545703886, 0.298028236033, 0.0662588667386, 0.991471336589, 0.14901182333, 0.426609242373, 0.700950106867, 0.187745150582, 0.962650884937, 0.173035878431, 0.722968317901, 0.636394954404, 0.00603011358545, 0.00541839335945, 0.574577627731, 3.32916573962
0.44745521942, 0.836549395859, 0.449198381566, 0.0306957241613, 0.585912428211, 0.778564462398, 0.177867084676, 0.993749380839, 0.370212828051, 0.320831253323, 0.929051208254, 0.193970940538, 0.7462440257, 0.908837505997, 0.0139410853574, 0.566298620199, 0.551141711943, 0.866789550659, 0.83073741657, 0.00680927508374, 0.384021320054, 0.829043123712, 0.874435311875, 0.109406405998, 0.0796281045047, 0.0595341714138, 0.747534507431, 0.141965703416, 0.613807779179, 0.182812655062, 0.44745521942, 3.40002400811
0.202218529834, 0.725721186187, 0.0467574749151, 0.0662803694173, 0.958427514032, 0.435612426266, 0.441842403096, 0.955876084326, 0.164578337655, 0.0886870587175, 0.481945358276, 0.220018102298, 0.692004414162, 0.287500983559, 0.135576207359, 0.0741720984274, 0.266135895805, 0.269796831908, 0.615472898705, 0.503583917388, 0.160461925476, 0.454185589303, 0.407330150582, 0.504698455882, 0.534108903531, 0.256098148394, 0.946727864777, 0.0702506104378, 0.26978485754, 0.618514418967, 0.202218529834, 3.63593529412
0.601715263147, 0.375616920136, 0.106196985542, 0.234776039603, 0.257709613518, 0.633610174042, 0.565691212525, 0.154481880289, 0.01643198883, 0.605737546804, 0.988860644869, 0.576069994609, 0.980307660587, 0.712247670598, 0.129795776663, 0.0483424202047, 0.342859803524, 0.306926532037, 0.975884360366, 0.721881372329, 0.341801961798, 0.0206506999506, 0.754323835367, 0.893275671372, 0.205275601475, 0.430120970976, 0.433473285446, 0.22373467254, 0.272080899883, 0.479827184736, 0.601715263147, 3.20719384594
0.574577627731, 0.0905945237058, 0.821379343081, 0.996156207428, 0.0499188184688, 0.621023902541, 0.11192856703, 0.187039807581, 0.661613871288, 0.658838881247, 0.246242694201, 0.283872710654, 0.45858349285, 0.0594957585393, 0.100933013648, 0.678441820538, 0.0251545703886, 0.298028236033, 0.0662588667386, 0.991471336589, 0.14901182333, 0.426609242373, 0.700950106867, 0.187745150582, 0.962650884937, 0.173035878431, 0.722968317901, 0.636394954404, 0.00603011358545, 0.00541839335945, 0.574577627731, 3.32916573962
0.408995682135, 0.370288404511, 0.0233410060858, 0.835437385109, 0.445193906486, 0.69595153671, 0.716963341469, 0.880130750826, 0.247186511719, 0.279840635263, 0.574268509374, 0.694158846172, 0.092808239578, 0.801682803024, 0.007100593376, 0.272404203282, 0.435115418626, 0.127326972176, 0.891427391895, 0.737461710998, 0.187440859297, 0.106917451747, 0.553699781457, 0.0301861806664, 0.516421112412, 0.584887237585, 0.31236897215, 0.0508394746904, 0.975009737293, 0.976928378288, 0.408995682135, 3.5981109447
0.408995682135, 0.370288404511, 0.0233410060858, 0.835437385109, 0.445193906486, 0.69595153671, 0.716963341469, 0.880130750826, 0.247186511719, 0.279840635263, 0.574268509374, 0.694158846172, 0.092808239578, 0.801682803024, 0.007100593376, 0.272404203282, 0.435115418626, 0.127326972176, 0.891427391895, 0.737461710998, 0.187440859297, 0.106917451747, 0.553699781457, 0.0301861806664, 0.516421112412, 0.584887237585, 0.31236897215, 0.0508394746904, 0.975009737293, 0.976928378288, 0.408995682135, 3.5981109447
0.646412900016, 0.518810762808, 0.598531372241, 0.932241148588, 0.855828137809, 0.446484671178, 0.904861736004, 0.310655891949, 0.879894202927, 0.543278558975, 0.67794058274, 0.548117580121, 0.526727936328, 0.277276204552, 0.0174173759272, 0.540432020716, 0.262545132258, 0.10243304377, 0.382524129994, 0.0712976014478, 0.572807249838, 0.115859489674, 0.767106655602, 0.000264727163803, 0.00603533998271, 0.61573816463, 0.248258095595, 0.25158366522, 0.698433790451, 0.276204589943, 0.646412900016, 2.57534766528
0.842723603459, 0.395054777822, 0.714252917121, 0.463012413399, 0.620212367605, 0.0249901991946, 0.552097407096, 0.322326270809, 0.180146683105, 0.379237331118, 0.595002916073, 0.76365863379, 0.88928173598, 0.680723146962, 0.0437485335891, 0.164648678128, 0.586513323453, 0.268522272055, 0.0864996362734, 0.785657378109, 0.724179693696, 0.274390414255, 0.886240146325, 0.370625642531, 0.371174612507, 0.572824547192, 0.808196501553, 0.862156311454, 0.405403294051, 0.776028032429, 0.842723603459, 2.54297771097
0.534030114586, 0.255993646268, 0.577367176292, 0.186490559594, 0.983728145872, 0.844336835976, 0.447110927515, 0.341147564627, 0.947650887116, 0.97412425176, 0.0923921805673, 0.101735823451, 0.474087331018, 0.114965311025, 0.323503680786, 0.845275498539, 0.0328448144926, 0.403279408519, 0.394449632655, 0.0324337302504, 0.0784921066239, 0.19190773455, 0.227269671722, 0.688556963876, 0.189242870267, 0.337514302222, 0.811694860299, 0.142455274872, 0.162515680949, 0.267772990802, 0.534030114586, 3.46751347815
0.500473643672, 0.201752955542, 0.180609519736, 0.489675843858, 0.604009048051, 0.0873537282339, 0.0144315449391, 0.631617067624, 0.369311695123, 0.134642210333, 0.438748917572, 0.340165711154, 0.525389106031, 0.832663016628, 0.523527125023, 0.919681481864, 0.281776562374, 0.00280611736802, 0.883160139397, 0.123599939328, 0.265750633073, 0.914530467454, 0.140580489412, 0.477278552582, 0.818887726392, 0.656793277296, 0.67563061819, 0.941671567142, 0.427757276182, 0.258867346816, 0.500473643672, 3.49714153802
0.646412900016, 0.518810762808, 0.598531372241, 0.932241148588, 0.855828137809, 0.446484671178, 0.904861736004, 0.310655891949, 0.879894202927, 0.543278558975, 0.67794058274, 0.548117580121, 0.526727936328, 0.277276204552, 0.0174173759272, 0.540432020716, 0.262545132258, 0.10243304377, 0.382524129994, 0.0712976014478, 0.572807249838, 0.115859489674, 0.767106655602, 0.000264727163803, 0.00603533998271, 0.61573816463, 0.248258095595, 0.25158366522, 0.698433790451, 0.276204589943, 0.646412900016, 2.57534766528
0.842723603459, 0.395054777822, 0.714252917121, 0.463012413399, 0.620212367605, 0.0249901991946, 0.552097407096, 0.322326270809, 0.180146683105, 0.379237331118, 0.595002916073, 0.76365863379, 0.88928173598, 0.680723146962, 0.0437485335891, 0.164648678128, 0.586513323453, 0.268522272055, 0.0864996362734, 0.785657378109, 0.724179693696, 0.274390414255, 0.886240146325, 0.370625642531, 0.371174612507, 0.572824547192, 0.808196501553, 0.862156311454, 0.405403294051, 0.776028032429, 0.842723603459, 2.54297771097
0.534030114586, 0.255993646268, 0.577367176292, 0.186490559594, 0.983728145872, 0.844336835976, 0.447110927515, 0.341147564627, 0.947650887116, 0.97412425176, 0.0923921805673, 0.101735823451, 0.474087331018, 0.114965311025, 0.323503680786, 0.845275498539, 0.0328448144926, 0.403279408519, 0.394449632655, 0.0324337302504, 0.0784921066239, 0.19190773455, 0.227269671722, 0.688556963876, 0.189242870267, 0.337514302222, 0.811694860299, 0.142455274872, 0.162515680949, 0.267772990802, 0.534030114586, 3.46751347815
0.500473643672, 0.201752955542, 0.180609519736, 0.489675843858, 0.604009048051, 0.0873537282339, 0.0144315449391, 0.631617067624, 0.369311695123, 0.134642210333, 0.438748917572, 0.340165711154, 0.525389106031, 0.832663016628, 0.523527125023, 0.919681481864, 0.281776562374, 0.00280611736802, 0.883160139397, 0.123599939328, 0.265750633073, 0.914530467454, 0.140580489412, 0.477278552582, 0.818887726392, 0.656793277296, 0.67563061819, 0.941671567142, 0.427757276182, 0.258867346816, 0.500473643672, 3.49714153802
0.534030114586, 0.255993646268, 0.577367176292, 0.186490559594, 0.983728145872, 0.844336835976, 0.900554492787, 0.341147564627, 0.947650887116, 0.97412425176, 0.0923921805673, 0.116064948911, 0.474087331018, 0.114965311025, 0.323503680786, 0.645214300254, 0.0328448144926, 0.403279408519, 0.394449632655, 0.0324337302504, 0.165281254309, 0.0356500654448, 0.0427400792651, 0.688556963876, 0.189242870267, 0.337514302222, 0.811694860299, 0.142455274872, 0.162515680949, 0.325140376133, 0.534030114586, 3.48580291456
0.609055435793, 0.809451501736, 0.822417413379, 0.45990910024, 0.205560779586, 0.258246340272, 0.742759053637, 0.762076280719, 0.829442231064, 0.72339292902, 0.568250238217, 0.924620703218, 0.781735684866, 0.834010686458, 0.406857099563, 0.117720293919, 0.090176706097, 0.606944258268, 0.741435631635, 0.761210130824, 0.52414659636, 0.0495649057271, 0.234243550943, 0.0504436295269, 0.188044687895, 0.148200902714, 0.609889056288, 0.513635950762, 0.164768077332, 0.188014320527, 0.609055435793, 3.39987990117
0.534030114586, 0.255993646268, 0.577367176292, 0.186490559594, 0.983728145872, 0.844336835976, 0.900554492787, 0.341147564627, 0.947650887116, 0.97412425176, 0.0923921805673, 0.116064948911, 0.474087331018, 0.114965311025, 0.323503680786, 0.645214300254, 0.0328448144926, 0.403279408519, 0.394449632655, 0.0324337302504, 0.165281254309, 0.0356500654448, 0.0427400792651, 0.688556963876, 0.189242870267, 0.337514302222, 0.811694860299, 0.142455274872, 0.162515680949, 0.325140376133, 0.534030114586, 3.48580291456
0.609055435793, 0.809451501736, 0.822417413379, 0.45990910024, 0.205560779586, 0.258246340272, 0.742759053637, 0.762076280719, 0.829442231064, 0.72339292902, 0.568250238217, 0.924620703218, 0.781735684866, 0.834010686458, 0.406857099563, 0.117720293919, 0.090176706097, 0.606944258268, 0.741435631635, 0.761210130824, 0.52414659636, 0.0495649057271, 0.234243550943, 0.0504436295269, 0.188044687895, 0.148200902714, 0.609889056288, 0.513635950762, 0.164768077332, 0.188014320527, 0.609055435793, 3.39987990117
0.861823344303, 0.0536411950982, 0.671455353636, 0.209825457857, 0.702880109983, 0.193055312469, 0.7471411997, 0.529599129675, 0.419539890957, 0.05352231032, 0.897980878593, 0.813472224964, 0.577576567642, 0.470446497731, 0.321448503762, 0.800906964395, 0.622706335583, 0.702413234557, 0.47445000437, 0.769010387036, 0.247275701632, 0.384046101681, 0.364941388677, 0.601099470519, 0.102656751889, 0.350355335548, 0.259718623889, 0.249177794791, 0.850248342618, 0.529015882827, 0.861823344303, 2.38800983586
0.861823344303, 0.0536411950982, 0.671455353636, 0.209825457857, 0.702880109983, 0.193055312469, 0.7471411997, 0.529599129675, 0.419539890957, 0.05352231032, 0.897980878593, 0.813472224964, 0.577576567642, 0.470446497731, 0.321448503762, 0.800906964395, 0.622706335583, 0.702413234557, 0.47445000437, 0.769010387036, 0.247275701632, 0.384046101681, 0.364941388677, 0.601099470519, 0.102656751889, 0.350355335548, 0.259718623889, 0.249177794791, 0.850248342618, 0.529015882827, 0.861823344303, 2.38800983586
0.386788561147, 0.0793570330855, 0.152877539729, 0.248250941045, 0.567770041225, 0.0276704803488, 0.173177296004, 0.599744036876, 0.552282319603, 0.113832081929, 0.953343944557, 0.750365710577, 0.29602643712, 0.62142495545, 0.130939092172, 0.210899609165, 0.478991568451, 0.0561714847164, 0.620338420217, 0.302489662866, 0.0739959605255, 0.864556230867, 0.422761958881, 0.361919069854, 0.351491049911, 0.968906855991, 0.553061739913, 0.788933449211, 0.532782053243, 0.530752277507, 0.386788561147, 3.63087480816
0.386788561147, 0.0793570330855, 0.152877539729, 0.248250941045, 0.567770041225, 0.0276704803488, 0.173177296004, 0.599744036876, 0.552282319603, 0.113832081929, 0.953343944557, 0.750365710577, 0.29602643712, 0.62142495545, 0.130939092172, 0.210899609165, 0.478991568451, 0.0561714847164, 0.620338420217, 0.302489662866, 0.0739959605255, 0.864556230867, 0.422761958881, 0.361919069854, 0.351491049911, 0.968906855991, 0.553061739913, 0.788933449211, 0.532782053243, 0.530752277507, 0.386788561147, 3.63087480816
0.0116285895895, 0.0975886616398, 0.220032495822, 0.348513365051, 0.0651004930231, 0.958950527129, 0.441723734557, 0.281997473186, 0.3877071826, 0.537939134874, 0.0146256840625, 0.707319235847, 0.89521367617, 0.486211370285, 0.85414370121, 0.257159156238, 0.342966850254, 0.668851277246, 0.403583668813, 0.0656558313041, 0.942786129535, 0.0847946871853, 0.253516075698, 0.549351965924, 0.909233015207, 0.664740328968, 0.182461065799, 0.494746120069, 0.82008073475, 0.0599093212636, 0.0116285895895, 4.7874318454
0.0284510872921, 0.0905945237058, 0.821379343081, 0.992136032886, 0.0499188184688, 0.621023902541, 0.0667575818082, 0.187039807581, 0.958052964956, 0.658838881247, 0.246242694201, 0.283872710654, 0.45858349285, 0.00811296465316, 0.165720814012, 0.678441820538, 0.430517284341, 0.298028236033, 0.0240176751683, 0.930098499766, 0.14901182333, 0.426609242373, 0.700950106867, 0.187745150582, 0.962650884937, 0.173035878431, 0.722968317901, 0.971450858691, 0.00603011358545, 0.257817712133, 0.0284510872921, 4.49279878638
0.0116285895895, 0.0975886616398, 0.220032495822, 0.348513365051, 0.0651004930231, 0.958950527129, 0.441723734557, 0.281997473186, 0.3877071826, 0.537939134874, 0.0146256840625, 0.707319235847, 0.89521367617, 0.486211370285, 0.85414370121, 0.257159156238, 0.342966850254, 0.668851277246, 0.403583668813, 0.0656558313041, 0.942786129535, 0.0847946871853, 0.253516075698, 0.549351965924, 0.909233015207, 0.664740328968, 0.182461065799, 0.494746120069, 0.82008073475, 0.0599093212636, 0.0116285895895, 4.7874318454
0.0284510872921, 0.0905945237058, 0.821379343081, 0.992136032886, 0.0499188184688, 0.621023902541, 0.0667575818082, 0.187039807581, 0.958052964956, 0.658838881247, 0.246242694201, 0.283872710654, 0.45858349285, 0.00811296465316, 0.165720814012, 0.678441820538, 0.430517284341, 0.298028236033, 0.0240176751683, 0.930098499766, 0.14901182333, 0.426609242373, 0.700950106867, 0.187745150582, 0.962650884937, 0.173035878431, 0.722968317901, 0.971450858691, 0.00603011358545, 0.257817712133, 0.0284510872921, 4.49279878638
0.609055435793, 0.809451501736, 0.822417413379, 0.45990910024, 0.205560779586, 0.258246340272, 0.742759053637, 0.762076280719, 0.829442231064, 0.72339292902, 0.568250238217, 0.924620703218, 0.781735684866, 0.834010686458, 0.406857099563, 0.117720293919, 0.090176706097, 0.919421790792, 0.0802778463797, 0.761210130824, 0.52414659636, 0.0137486857366, 0.189120883931, 0.0504436295269, 0.188044687895, 0.148200902714, 0.609889056288, 0.513635950762, 0.164768077332, 0.667217698809, 0.609055435793, 3.41268146561
0.609055435793, 0.809451501736, 0.822417413379, 0.45990910024, 0.205560779586, 0.258246340272, 0.742759053637, 0.762076280719, 0.829442231064, 0.72339292902, 0.568250238217, 0.924620703218, 0.781735684866, 0.834010686458, 0.406857099563, 0.117720293919, 0.090176706097, 0.919421790792, 0.0802778463797, 0.761210130824, 0.52414659636, 0.0137486857366, 0.189120883931, 0.0504436295269, 0.188044687895, 0.148200902714, 0.609889056288, 0.513635950762, 0.164768077332, 0.667217698809, 0.609055435793, 3.41268146561
0.21548780807, 0.699187919823, 0.0342444569542, 0.149571275686, 0.416567788215, 0.331205669115, 0.257622829621, 0.318070872386, 0.109003756555, 0.799191977652, 0.033919948856, 0.42191250467, 0.0914361710398, 0.600767026357, 0.754467990722, 0.314061711658, 0.0731237703313, 0.0174338452197, 0.851686788877, 0.35221246743, 0.65605890857, 0.0126760140585, 0.558221702619, 0.641965340357, 0.506373426036, 0.880773811168, 0.87461989784, 0.343241201611, 0.971265951775, 0.941588146788, 0.21548780807, 3.89562240823
0.21548780807, 0.699187919823, 0.0342444569542, 0.149571275686, 0.416567788215, 0.331205669115, 0.257622829621, 0.318070872386, 0.109003756555, 0.799191977652, 0.033919948856, 0.42191250467, 0.0914361710398, 0.600767026357, 0.754467990722, 0.314061711658, 0.0731237703313, 0.0174338452197, 0.851686788877, 0.35221246743, 0.65605890857, 0.0126760140585, 0.558221702619, 0.641965340357, 0.506373426036, 0.880773811168, 0.87461989784, 0.343241201611, 0.971265951775, 0.941588146788, 0.21548780807, 3.89562240823
0.281298582106, 0.276955852956, 0.288226092942, 0.996960621231, 0.951365396918, 0.580275085523, 0.256489735588, 0.485204615026, 0.151775556457, 0.649188776557, 0.737330987466, 0.0153007137377, 0.29602643712, 0.694153584251, 0.130939092172, 0.113372419527, 0.478991568451, 0.136177631753, 0.0207278570734, 0.242461132295, 0.649312369556, 0.626605332471, 0.429450741912, 0.0268037520412, 0.34029512749, 0.787599222859, 0.86211350918, 0.743119742686, 0.94040168289, 0.663812521268, 0.281298582106, 3.84508384224
0.290755788993, 0.056119890087, 0.482060101709, 0.0213429946887, 0.2430469884, 0.805502490889, 0.0149652567995, 0.891307227883, 0.700557340181, 0.187013218735, 0.204001235735, 0.28655052277, 0.681938758492, 0.919913062842, 0.1346805103, 0.694210838771, 0.679559530414, 0.541438250747, 0.479210904163, 0.835685019449, 0.104074174286, 0.556767230342, 0.950226168061, 0.118103899672, 0.504968129848, 0.72354181457, 0.224706311363, 0.333501621745, 0.0522043324139, 0.628788423636, 0.290755788993, 3.7566357246
0.281298582106, 0.276955852956, 0.288226092942, 0.996960621231, 0.951365396918, 0.580275085523, 0.256489735588, 0.485204615026, 0.151775556457, 0.649188776557, 0.737330987466, 0.0153007137377, 0.29602643712, 0.694153584251, 0.130939092172, 0.113372419527, 0.478991568451, 0.136177631753, 0.0207278570734, 0.242461132295, 0.649312369556, 0.626605332471, 0.429450741912, 0.0268037520412, 0.34029512749, 0.787599222859, 0.86211350918, 0.743119742686, 0.94040168289, 0.663812521268, 0.281298582106, 3.84508384224
0.290755788993, 0.056119890087, 0.482060101709, 0.0213429946887, 0.2430469884, 0.805502490889, 0.0149652567995, 0.891307227883, 0.700557340181, 0.187013218735, 0.204001235735, 0.28655052277, 0.681938758492, 0.919913062842, 0.1346805103, 0.694210838771, 0.679559530414, 0.541438250747, 0.479210904163, 0.835685019449, 0.104074174286, 0.556767230342, 0.950226168061, 0.118103899672, 0.504968129848, 0.72354181457, 0.224706311363, 0.333501621745, 0.0522043324139, 0.628788423636, 0.290755788993, 3.7566357246
0.677241760224, 0.662880269001, 0.137063836014, 0.880321458244, 0.234062662566, 0.177943166577, 0.0685408427747, 0.662641994802, 0.97872359483, 0.45339086286, 0.674654980955, 0.527744130178, 0.0433583175534, 0.496718310089, 0.221386136983, 0.237351857101, 0.222084808159, 0.345614841296, 0.388381316422, 0.154769544787, 0.478353730732, 0.734040232081, 0.01537652692, 0.33038882141, 0.554260559469, 0.407315953805, 0.32599776095, 0.776884984794, 0.9490215687, 0.949875467251, 0.677241760224, 2.76658613375
0.677241760224, 0.662880269001, 0.137063836014, 0.880321458244, 0.234062662566, 0.177943166577, 0.0685408427747, 0.662641994802, 0.97872359483, 0.45339086286, 0.674654980955, 0.527744130178, 0.0433583175534, 0.496718310089, 0.221386136983, 0.237351857101, 0.222084808159, 0.345614841296, 0.388381316422, 0.154769544787, 0.478353730732, 0.734040232081, 0.01537652692, 0.33038882141, 0.554260559469, 0.407315953805, 0.32599776095, 0.776884984794, 0.9490215687, 0.949875467251, 0.677241760224, 2.76658613375
0.601715263147, 0.375616920136, 0.106196985542, 0.551538166036, 0.41614801995, 0.633610174042, 0.565691212525, 0.684648024647, 0.01643198883, 0.605737546804, 0.988860644869, 0.997015149732, 0.980307660587, 0.712247670598, 0.129795776663, 0.0483424202047, 0.342859803524, 0.306926532037, 0.975884360366, 0.721881372329, 0.341801961798, 0.0206506999506, 0.754323835367, 0.893275671372, 0.205275601475, 0.430120970976, 0.433473285446, 0.22373467254, 0.272080899883, 0.479827184736, 0.601715263147, 3.5744652968
0.601715263147, 0.375616920136, 0.106196985542, 0.551538166036, 0.41614801995, 0.633610174042, 0.565691212525, 0.684648024647, 0.01643198883, 0.605737546804, 0.988860644869, 0.997015149732, 0.980307660587, 0.712247670598, 0.129795776663, 0.0483424202047, 0.342859803524, 0.306926532037, 0.975884360366, 0.721881372329, 0.341801961798, 0.0206506999506, 0.754323835367, 0.893275671372, 0.205275601475, 0.430120970976, 0.433473285446, 0.22373467254, 0.272080899883, 0.479827184736, 0.601715263147, 3.5744652968
0.386788561147, 0.0793570330855, 0.152877539729, 0.248250941045, 0.567770041225, 0.0276704803488, 0.336448453792, 0.599744036876, 0.457652215912, 0.113832081929, 0.953343944557, 0.234164321771, 0.759764096946, 0.623781601943, 0.714714347039, 0.210899609165, 0.00693250972453, 0.0561714847164, 0.620338420217, 0.302489662866, 0.0739959605255, 0.864556230867, 0.422761958881, 0.361919069854, 0.351491049911, 0.968906855991, 0.749815166286, 0.788933449211, 0.532782053243, 0.530752277507, 0.386788561147, 3.71809406715
0.0163166183205, 0.685601508052, 0.56552954019, 0.858725545851, 0.565665475405, 0.0788355541281, 0.693327664386, 0.793398138659, 0.84076931325, 0.657013358504, 0.724650219311, 0.720572689741, 0.990624568526, 0.793182139622, 0.817530793727, 0.815508982202, 0.592744528207, 0.849982253949, 0.47735353152, 0.922562692177, 0.0367498883596, 0.297207538366, 0.246398077903, 0.179971687616, 0.157783102133, 0.515524974184, 0.228912428322, 0.49949050503, 0.149288728253, 0.290091251168, 0.0163166183205, 5.6591254649
0.386788561147, 0.0793570330855, 0.152877539729, 0.248250941045, 0.567770041225, 0.0276704803488, 0.336448453792, 0.599744036876, 0.457652215912, 0.113832081929, 0.953343944557, 0.234164321771, 0.759764096946, 0.623781601943, 0.714714347039, 0.210899609165, 0.00693250972453, 0.0561714847164, 0.620338420217, 0.302489662866, 0.0739959605255, 0.864556230867, 0.422761958881, 0.361919069854, 0.351491049911, 0.968906855991, 0.749815166286, 0.788933449211, 0.532782053243, 0.530752277507, 0.386788561147, 3.71809406715
0.0163166183205, 0.685601508052, 0.56552954019, 0.858725545851, 0.565665475405, 0.0788355541281, 0.693327664386, 0.793398138659, 0.84076931325, 0.657013358504, 0.724650219311, 0.720572689741, 0.990624568526, 0.793182139622, 0.817530793727, 0.815508982202, 0.592744528207, 0.849982253949, 0.47735353152, 0.922562692177, 0.0367498883596, 0.297207538366, 0.246398077903, 0.179971687616, 0.157783102133, 0.515524974184, 0.228912428322, 0.49949050503, 0.149288728253, 0.290091251168, 0.0163166183205, 5.6591254649
0.842723603459, 0.395054777822, 0.714252917121, 0.463012413399, 0.938759725999, 0.0249901991946, 0.552097407096, 0.164351139307, 0.180146683105, 0.548424344396, 0.69033527146, 0.76365863379, 0.88928173598, 0.680723146962, 0.0437485335891, 0.164648678128, 0.586513323453, 0.268522272055, 0.0864996362734, 0.785657378109, 0.724179693696, 0.274390414255, 0.886240146325, 0.370625642531, 0.371174612507, 0.572824547192, 0.808196501553, 0.862156311454, 0.405403294051, 0.776028032429, 0.842723603459, 2.64928324563
0.842723603459, 0.395054777822, 0.714252917121, 0.463012413399, 0.938759725999, 0.0249901991946, 0.552097407096, 0.164351139307, 0.180146683105, 0.548424344396, 0.69033527146, 0.76365863379, 0.88928173598, 0.680723146962, 0.0437485335891, 0.164648678128, 0.586513323453, 0.268522272055, 0.0864996362734, 0.785657378109, 0.724179693696, 0.274390414255, 0.886240146325, 0.370625642531, 0.371174612507, 0.572824547192, 0.808196501553, 0.862156311454, 0.405403294051, 0.776028032429, 0.842723603459, 2.64928324563
0.0302091512307, 0.279212354813, 0.807143215767, 0.343884931476, 0.392332330025, 0.286288568941, 0.703355596877, 0.403336391195, 0.450383344689, 0.363297336967, 0.281884468509, 0.190939676673, 0.944593367889, 0.364214443617, 0.312520600672, 0.10743656531, 0.282253800648, 0.821387739382, 0.343975294797, 0.258989029696, 0.265854269806, 0.591580222389, 0.541349961196, 0.370125281162, 0.565480524264, 0.203614187312, 0.521625355332, 0.377409351815, 0.888419226942, 0.82228767891, 0.0302091512307, 4.64535417488
0.0302091512307, 0.279212354813, 0.807143215767, 0.343884931476, 0.392332330025, 0.286288568941, 0.703355596877, 0.403336391195, 0.450383344689, 0.363297336967, 0.281884468509, 0.190939676673, 0.944593367889, 0.364214443617, 0.312520600672, 0.10743656531, 0.282253800648, 0.821387739382, 0.343975294797, 0.258989029696, 0.265854269806, 0.591580222389, 0.541349961196, 0.370125281162, 0.565480524264, 0.203614187312, 0.521625355332, 0.377409351815, 0.888419226942, 0.82228767891, 0.0302091512307, 4.64535417488
0.677241760224, 0.662880269001, 0.137063836014, 0.880321458244, 0.234062662566, 0.177943166577, 0.7471411997, 0.662641994802, 0.97872359483, 0.45339086286, 0.674654980955, 0.527744130178, 0.0433583175534, 0.496718310089, 0.221386136983, 0.800906964395, 0.222084808159, 0.345614841296, 0.388381316422, 0.154769544787, 0.478353730732, 0.771490272301, 0.01537652692, 0.354283044102, 0.554260559469, 0.407315953805, 0.32599776095, 0.776884984794, 0.9490215687, 0.949875467251, 0.677241760224, 3.09855967908
0.698252849532, 0.154343478187, 0.0125683863126, 0.47069097143, 0.828239819667, 0.237389639346, 0.494263819605, 0.849963908779, 0.329726511489, 0.205455913131, 0.197444500663, 0.197207873491, 0.13787254828, 0.854136637187, 0.0478958198616, 0.846039513422, 0.244591481817, 0.330215453909, 0.819264977741, 0.14699058706, 0.325599044445, 0.637279311798, 0.191307892813, 0.424021981593, 0.894671357054, 0.976508534819, 0.323638503252, 0.122456497795, 0.338337304922, 0.584220328695, 0.698252849532, 2.92540133973
0.831568890568, 0.682832746546, 0.501588908799, 0.487216487042, 0.619374155622, 0.550164972576, 0.0485431022179, 0.668343770238, 0.198358118159, 0.484785310092, 0.911552018341, 0.672011502854, 0.556214598147, 0.696399058079, 0.084589493359, 0.444216793701, 0.783809563876, 0.711738085314, 0.497538523507, 0.640206506557, 0.552736644617, 0.804560207675, 0.031746901601, 0.578854849832, 0.0450112075294, 0.677627134572, 0.336950698475, 0.397551741824, 0.852880885466, 0.914975713235, 0.831568890568, 2.89920119616
0.677241760224, 0.662880269001, 0.137063836014, 0.880321458244, 0.234062662566, 0.177943166577, 0.7471411997, 0.662641994802, 0.97872359483, 0.45339086286, 0.674654980955, 0.527744130178, 0.0433583175534, 0.496718310089, 0.221386136983, 0.800906964395, 0.222084808159, 0.345614841296, 0.388381316422, 0.154769544787, 0.478353730732, 0.771490272301, 0.01537652692, 0.354283044102, 0.554260559469, 0.407315953805, 0.32599776095, 0.776884984794, 0.9490215687, 0.949875467251, 0.677241760224, 3.09855967908
0.698252849532, 0.154343478187, 0.0125683863126, 0.47069097143, 0.828239819667, 0.237389639346, 0.494263819605, 0.849963908779, 0.329726511489, 0.205455913131, 0.197444500663, 0.197207873491, 0.13787254828, 0.854136637187, 0.0478958198616, 0.846039513422, 0.244591481817, 0.330215453909, 0.819264977741, 0.14699058706, 0.325599044445, 0.637279311798, 0.191307892813, 0.424021981593, 0.894671357054, 0.976508534819, 0.323638503252, 0.122456497795, 0.338337304922, 0.584220328695, 0.698252849532, 2.92540133973
0.831568890568, 0.682832746546, 0.501588908799, 0.487216487042, 0.619374155622, 0.550164972576, 0.0485431022179, 0.668343770238, 0.198358118159, 0.484785310092, 0.911552018341, 0.672011502854, 0.556214598147, 0.696399058079, 0.084589493359, 0.444216793701, 0.783809563876, 0.711738085314, 0.497538523507, 0.640206506557, 0.552736644617, 0.804560207675, 0.031746901601, 0.578854849832, 0.0450112075294, 0.677627134572, 0.336950698475, 0.397551741824, 0.852880885466, 0.914975713235, 0.831568890568, 2.89920119616
0.844185983855, 0.268061666985, 0.373680651505, 0.241554545082, 0.763416746026, 0.691459973876, 0.612674639396, 0.610975966787, 0.514821271576, 0.622160687251, 0.0803327581064, 0.916270472894, 0.465801016083, 0.471563458514, 0.945766376237, 0.350911790493, 0.865718779061, 0.955573172921, 0.299767097893, 0.0309614001608, 0.718062323441, 0.0348794765221, 0.161116421319, 0.172015571591, 0.93014000004, 0.717245967585, 0.419247504068, 0.718433448804, 0.326458907651, 0.823884590205, 0.844185983855, 2.66586493588
0.844185983855, 0.268061666985, 0.373680651505, 0.241554545082, 0.763416746026, 0.691459973876, 0.612674639396, 0.610975966787, 0.514821271576, 0.622160687251, 0.0803327581064, 0.916270472894, 0.465801016083, 0.471563458514, 0.945766376237, 0.350911790493, 0.865718779061, 0.955573172921, 0.299767097893, 0.0309614001608, 0.718062323441, 0.0348794765221, 0.161116421319, 0.172015571591, 0.93014000004, 0.717245967585, 0.419247504068, 0.718433448804, 0.326458907651, 0.823884590205, 0.844185983855, 2.66586493588
0.21548780807, 0.699187919823, 0.0920284856858, 0.149571275686, 0.416567788215, 0.331205669115, 0.257622829621, 0.819216515714, 0.109003756555, 0.990837508505, 0.033919948856, 0.42191250467, 0.0914361710398, 0.600767026357, 0.754467990722, 0.314061711658, 0.0731237703313, 0.0174338452197, 0.851686788877, 0.35221246743, 0.65605890857, 0.0126760140585, 0.558221702619, 0.641965340357, 0.506373426036, 0.880773811168, 0.409616564372, 0.343241201611, 0.971265951775, 0.941588146788, 0.21548780807, 3.97512385976
0.21548780807, 0.699187919823, 0.0920284856858, 0.149571275686, 0.416567788215, 0.331205669115, 0.257622829621, 0.819216515714, 0.109003756555, 0.990837508505, 0.033919948856, 0.42191250467, 0.0914361710398, 0.600767026357, 0.754467990722, 0.314061711658, 0.0731237703313, 0.0174338452197, 0.851686788877, 0.35221246743, 0.65605890857, 0.0126760140585, 0.558221702619, 0.641965340357, 0.506373426036, 0.880773811168, 0.409616564372, 0.343241201611, 0.971265951775, 0.941588146788, 0.21548780807, 3.97512385976
0.0856678770883, 0.373205311061, 0.795252083298, 0.60055882022, 0.121161035296, 0.418502829952, 0.635219295167, 0.143219860372, 0.35616848329, 0.973084346738, 0.0913667686929, 0.821151430435, 0.244492313107, 0.916164034931, 0.210225411169, 0.471486827473, 0.303713903214, 0.230970729743, 0.0944605857838, 0.0506879980869, 0.00416611582485, 0.478215989521, 0.158394896962, 0.884278894946, 0.203659208279, 0.676981953588, 0.695374809263, 0.747277617714, 0.703550627648, 0.525022195188, 0.0856678770883, 4.31958937154
0.500473643672, 0.201752955542, 0.180609519736, 0.489675843858, 0.604009048051, 0.0873537282339, 0.0144315449391, 0.490540489661, 0.369311695123, 0.106406901917, 0.438748917572, 0.340165711154, 0.525389106031, 0.832663016628, 0.523527125023, 0.919681481864, 0.281776562374, 0.000681232824654, 0.883160139397, 0.123599939328, 0.595426454745, 0.914530467454, 0.284758900003, 0.342361257864, 0.818887726392, 0.656793277296, 0.948661717276, 0.941671567142, 0.427757276182, 0.258867346816, 0.500473643672, 3.61255479985
0.0931590059405, 0.18476079928, 0.904379148561, 0.274951388112, 0.804012038246, 0.0994594619624, 0.231045626698, 0.88897264789, 0.0339330701341, 0.655052925834, 0.413892360299, 0.425042723873, 0.850631998568, 0.64097467822, 0.382908269842, 0.622288728744, 0.443248922693, 0.177678472403, 0.491670812203, 0.55783769763, 0.0193269256353, 0.138800407584, 0.551114056969, 0.969704961954, 0.934667430072, 0.344659603004, 0.633940944584, 0.0716858521819, 0.0415724294223, 0.0915690310284, 0.0931590059405, 4.29500766695
0.0769488315293, 0.744630730445, 0.390924772149, 0.0101233108544, 0.547484945386, 0.747289861691, 0.464716334053, 0.39583907036, 0.196685292614, 0.0460376606515, 0.334069946782, 0.559558907594, 0.831932280039, 0.441912801156, 0.295414455461, 0.916776253586, 0.234298909525, 0.069298479955, 0.744513403321, 0.824969563934, 0.450679276262, 0.038542282379, 0.382368365338, 0.35362830903, 0.23610479837, 0.755166673772, 0.653677473331, 0.805441966768, 0.118397309548, 0.432890928432, 0.0769488315293, 4.36789602777
0.0856678770883, 0.373205311061, 0.795252083298, 0.60055882022, 0.121161035296, 0.418502829952, 0.635219295167, 0.143219860372, 0.35616848329, 0.973084346738, 0.0913667686929, 0.821151430435, 0.244492313107, 0.916164034931, 0.210225411169, 0.471486827473, 0.303713903214, 0.230970729743, 0.0944605857838, 0.0506879980869, 0.00416611582485, 0.478215989521, 0.158394896962, 0.884278894946, 0.203659208279, 0.676981953588, 0.695374809263, 0.747277617714, 0.703550627648, 0.525022195188, 0.0856678770883, 4.31958937154
0.500473643672, 0.201752955542, 0.180609519736, 0.489675843858, 0.604009048051, 0.0873537282339, 0.0144315449391, 0.490540489661, 0.369311695123, 0.106406901917, 0.438748917572, 0.340165711154, 0.525389106031, 0.832663016628, 0.523527125023, 0.919681481864, 0.281776562374, 0.000681232824654, 0.883160139397, 0.123599939328, 0.595426454745, 0.914530467454, 0.284758900003, 0.342361257864, 0.818887726392, 0.656793277296, 0.948661717276, 0.941671567142, 0.427757276182, 0.258867346816, 0.500473643672, 3.61255479985
0.0931590059405, 0.18476079928, 0.904379148561, 0.274951388112, 0.804012038246, 0.0994594619624, 0.231045626698, 0.88897264789, 0.0339330701341, 0.655052925834, 0.413892360299, 0.425042723873, 0.850631998568, 0.64097467822, 0.382908269842, 0.622288728744, 0.443248922693, 0.177678472403, 0.491670812203, 0.55783769763, 0.0193269256353, 0.138800407584, 0.551114056969, 0.969704961954, 0.934667430072, 0.344659603004, 0.633940944584, 0.0716858521819, 0.0415724294223, 0.0915690310284, 0.0931590059405, 4.29500766695
0.0769488315293, 0.744630730445, 0.390924772149, 0.0101233108544, 0.547484945386, 0.747289861691, 0.464716334053, 0.39583907036, 0.196685292614, 0.0460376606515, 0.334069946782, 0.559558907594, 0.831932280039, 0.441912801156, 0.295414455461, 0.916776253586, 0.234298909525, 0.069298479955, 0.744513403321, 0.824969563934, 0.450679276262, 0.038542282379, 0.382368365338, 0.35362830903, 0.23610479837, 0.755166673772, 0.653677473331, 0.805441966768, 0.118397309548, 0.432890928432, 0.0769488315293, 4.36789602777
0.844185983855, 0.228979901227, 0.373680651505, 0.241554545082, 0.763416746026, 0.319618758661, 0.612674639396, 0.610975966787, 0.514821271576, 0.622160687251, 0.0803327581064, 0.916270472894, 0.895834911077, 0.471563458514, 0.945766376237, 0.350911790493, 0.865718779061, 0.955573172921, 0.299767097893, 0.0309614001608, 0.718062323441, 0.0348794765221, 0.161116421319, 0.172015571591, 0.93014000004, 0.717245967585, 0.419247504068, 0.718433448804, 0.326458907651, 0.823884590205, 0.844185983855, 2.67065367413
0.844185983855, 0.228979901227, 0.373680651505, 0.241554545082, 0.763416746026, 0.319618758661, 0.612674639396, 0.610975966787, 0.514821271576, 0.622160687251, 0.0803327581064, 0.916270472894, 0.895834911077, 0.471563458514, 0.945766376237, 0.350911790493, 0.865718779061, 0.955573172921, 0.299767097893, 0.0309614001608, 0.718062323441, 0.0348794765221, 0.161116421319, 0.172015571591, 0.93014000004, 0.717245967585, 0.419247504068, 0.718433448804, 0.326458907651, 0.823884590205, 0.844185983855, 2.67065367413
