0.0116285895895, 0.0975886616398, 0.220032495822, 0.348513365051, 0.0651004930231, 0.958950527129, 0.282726595081, 0.281997473186, 0.315332185925, 0.967917485938, 0.0146256840625, 0.707319235847, 0.89521367617, 0.145346642293, 0.778565858416, 0.257159156238, 0.342966850254, 0.352061105021, 0.471869812557, 0.0656558313041, 0.942786129535, 0.0847946871853, 0.253516075698, 0.549351965924, 0.685094836948, 0.236584101647, 0.182461065799, 0.044766263125, 0.82008073475, 0.0599093212636, 0.0116285895895, 4.31261709783
0.0239885034712, 0.457678620943, 0.052704534423, 0.023544232593, 0.575015620911, 0.115589612997, 0.680787981007, 0.365384456152, 0.960520622533, 0.53769480152, 0.363377580031, 0.226494300951, 0.551837157895, 0.0818369125204, 0.849978593117, 0.770890226287, 0.342884178717, 0.739944889416, 0.018570024356, 0.024196128719, 0.364528672657, 0.158380241135, 0.0463080115562, 0.208803504659, 0.0963114032576, 0.0653331825739, 0.490128740058, 0.886742660358, 0.988574403755, 0.386399877304, 0.0239885034712, 4.2006834698
0.861823344303, 0.0536411950982, 0.671455353636, 0.209825457857, 0.702880109983, 0.193055312469, 0.0685408427747, 0.787858822521, 0.310552079112, 0.05352231032, 0.897980878593, 0.813472224964, 0.595902320768, 0.470446497731, 0.277991239069, 0.237351857101, 0.250401650255, 0.702413234557, 0.742875087875, 0.769010387036, 0.239809580824, 0.124831710209, 0.364941388677, 0.409792929781, 0.102656751889, 0.350355335548, 0.259718623889, 0.249177794791, 0.1996941901, 0.529015882827, 0.861823344303, 1.81539894173
0.646412900016, 0.246414754134, 0.045860194191, 0.00990010772964, 0.575015620911, 0.115589612997, 0.680787981007, 0.0834157546197, 0.960520622533, 0.53769480152, 0.0688913176379, 0.226494300951, 0.657985774765, 0.17503004776, 0.778565858416, 0.770890226287, 0.435950377237, 0.739944889416, 0.018570024356, 0.0712976014478, 0.364528672657, 0.204496761112, 0.0463080115562, 0.208803504659, 0.0963114032576, 0.0653331825739, 0.153936170956, 0.878275293195, 0.994830057551, 0.386399877304, 0.646412900016, 1.98165376467
0.574577627731, 0.571658615387, 0.0976390752331, 0.996156207428, 0.0499188184688, 0.621023902541, 0.11192856703, 0.187039807581, 0.661613871288, 0.658838881247, 0.216929431306, 0.283872710654, 0.347303997166, 0.0594957585393, 0.100933013648, 0.0483424202047, 0.0251545703886, 0.298028236033, 0.0662588667386, 0.991471336589, 0.14901182333, 0.426609242373, 0.700950106867, 0.187745150582, 0.0796281045047, 0.173035878431, 0.433473285446, 0.636394954404, 0.00603011358545, 0.00541839335945, 0.574577627731, 2.77646835534
0.0352334817667, 0.326421037657, 0.0309254042855, 0.756096606444, 0.528806476262, 0.119596012558, 0.282726595081, 0.33410287374, 0.838737272203, 0.536619187801, 0.0621939290495, 0.717209541971, 0.879167590596, 0.0818369125204, 0.00722897343146, 0.719991123144, 0.416048242455, 0.257522065748, 0.382524129994, 0.28504348904, 0.114373531973, 0.139753037257, 0.216406448529, 0.423103455546, 0.685094836948, 0.236584101647, 0.231484493395, 0.108052041717, 0.1996941901, 0.2026447064, 0.0352334817667, 3.72721975777
0.0066048214387, 0.0975886616398, 0.220032495822, 0.971765546435, 0.0651004930231, 0.958950527129, 0.441723734557, 0.281997473186, 0.3877071826, 0.537939134874, 0.0146256840625, 0.283872710654, 0.89521367617, 0.486211370285, 0.85414370121, 0.257159156238, 0.342966850254, 0.668851277246, 0.403583668813, 0.0656558313041, 0.942786129535, 0.426609242373, 0.327856949025, 0.549351965924, 0.909233015207, 0.664740328968, 0.182461065799, 0.494746120069, 0.82008073475, 0.100705049687, 0.0066048214387, 5.04999354841
0.253022449356, 0.457678620943, 0.045860194191, 0.023544232593, 0.575015620911, 0.426132999868, 0.680787981007, 0.365384456152, 0.177163697977, 0.53769480152, 0.203152762641, 0.52680171702, 0.411673713605, 0.0854954368374, 0.41848089233, 0.770890226287, 0.181080571058, 0.739944889416, 0.018570024356, 0.28504348904, 0.325428639031, 0.090643014717, 0.0463080115562, 0.208803504659, 0.0963114032576, 0.0653331825739, 0.490128740058, 0.543152893344, 0.916859918667, 0.386399877304, 0.253022449356, 2.85973772804
0.165226518467, 0.966196460137, 0.0467574749151, 0.0092612914691, 0.958427514032, 0.115589612997, 0.441842403096, 0.955876084326, 0.164578337655, 0.0886870587175, 0.514653138541, 0.220018102298, 0.692004414162, 0.287500983559, 0.121836411859, 0.136350616868, 0.266135895805, 0.269796831908, 0.574959116561, 0.503583917388, 0.160461925476, 0.528984692662, 0.407330150582, 0.504698455882, 0.534108903531, 0.180545594936, 0.641136983629, 0.0702506104378, 0.26978485754, 0.26777789469, 0.165226518467, 3.67822799216
0.202218529834, 0.966196460137, 0.0467574749151, 0.0092612914691, 0.568852671973, 0.115589612997, 0.441842403096, 0.955876084326, 0.164578337655, 0.262244420945, 0.481945358276, 0.220018102298, 0.692004414162, 0.287500983559, 0.121836411859, 0.136350616868, 0.266135895805, 0.269796831908, 0.532754382547, 0.503583917388, 0.160461925476, 0.106917451747, 0.407330150582, 0.504698455882, 0.534108903531, 0.180545594936, 0.641136983629, 0.0702506104378, 0.26978485754, 0.26777789469, 0.202218529834, 3.2298133573
0.0116285895895, 0.0975886616398, 0.220032495822, 0.348513365051, 0.0651004930231, 0.958950527129, 0.282726595081, 0.281997473186, 0.315332185925, 0.967917485938, 0.0146256840625, 0.707319235847, 0.89521367617, 0.145346642293, 0.778565858416, 0.257159156238, 0.342966850254, 0.352061105021, 0.471869812557, 0.0656558313041, 0.942786129535, 0.0847946871853, 0.253516075698, 0.549351965924, 0.685094836948, 0.236584101647, 0.182461065799, 0.044766263125, 0.82008073475, 0.0599093212636, 0.0116285895895, 4.31261709783
0.0239885034712, 0.457678620943, 0.052704534423, 0.023544232593, 0.575015620911, 0.115589612997, 0.680787981007, 0.365384456152, 0.960520622533, 0.53769480152, 0.363377580031, 0.226494300951, 0.551837157895, 0.0818369125204, 0.849978593117, 0.770890226287, 0.342884178717, 0.739944889416, 0.018570024356, 0.024196128719, 0.364528672657, 0.158380241135, 0.0463080115562, 0.208803504659, 0.0963114032576, 0.0653331825739, 0.490128740058, 0.886742660358, 0.988574403755, 0.386399877304, 0.0239885034712, 4.2006834698
0.861823344303, 0.0536411950982, 0.671455353636, 0.209825457857, 0.702880109983, 0.193055312469, 0.0685408427747, 0.787858822521, 0.310552079112, 0.05352231032, 0.897980878593, 0.813472224964, 0.595902320768, 0.470446497731, 0.277991239069, 0.237351857101, 0.250401650255, 0.702413234557, 0.742875087875, 0.769010387036, 0.239809580824, 0.124831710209, 0.364941388677, 0.409792929781, 0.102656751889, 0.350355335548, 0.259718623889, 0.249177794791, 0.1996941901, 0.529015882827, 0.861823344303, 1.81539894173
0.646412900016, 0.246414754134, 0.045860194191, 0.00990010772964, 0.575015620911, 0.115589612997, 0.680787981007, 0.0834157546197, 0.960520622533, 0.53769480152, 0.0688913176379, 0.226494300951, 0.657985774765, 0.17503004776, 0.778565858416, 0.770890226287, 0.435950377237, 0.739944889416, 0.018570024356, 0.0712976014478, 0.364528672657, 0.204496761112, 0.0463080115562, 0.208803504659, 0.0963114032576, 0.0653331825739, 0.153936170956, 0.878275293195, 0.994830057551, 0.386399877304, 0.646412900016, 1.98165376467
0.574577627731, 0.571658615387, 0.0976390752331, 0.996156207428, 0.0499188184688, 0.621023902541, 0.11192856703, 0.187039807581, 0.661613871288, 0.658838881247, 0.216929431306, 0.283872710654, 0.347303997166, 0.0594957585393, 0.100933013648, 0.0483424202047, 0.0251545703886, 0.298028236033, 0.0662588667386, 0.991471336589, 0.14901182333, 0.426609242373, 0.700950106867, 0.187745150582, 0.0796281045047, 0.173035878431, 0.433473285446, 0.636394954404, 0.00603011358545, 0.00541839335945, 0.574577627731, 2.77646835534
0.0352334817667, 0.326421037657, 0.0309254042855, 0.756096606444, 0.528806476262, 0.119596012558, 0.282726595081, 0.33410287374, 0.838737272203, 0.536619187801, 0.0621939290495, 0.717209541971, 0.879167590596, 0.0818369125204, 0.00722897343146, 0.719991123144, 0.416048242455, 0.257522065748, 0.382524129994, 0.28504348904, 0.114373531973, 0.139753037257, 0.216406448529, 0.423103455546, 0.685094836948, 0.236584101647, 0.231484493395, 0.108052041717, 0.1996941901, 0.2026447064, 0.0352334817667, 3.72721975777
0.0066048214387, 0.0975886616398, 0.220032495822, 0.971765546435, 0.0651004930231, 0.958950527129, 0.441723734557, 0.281997473186, 0.3877071826, 0.537939134874, 0.0146256840625, 0.283872710654, 0.89521367617, 0.486211370285, 0.85414370121, 0.257159156238, 0.342966850254, 0.668851277246, 0.403583668813, 0.0656558313041, 0.942786129535, 0.426609242373, 0.327856949025, 0.549351965924, 0.909233015207, 0.664740328968, 0.182461065799, 0.494746120069, 0.82008073475, 0.100705049687, 0.0066048214387, 5.04999354841
0.253022449356, 0.457678620943, 0.045860194191, 0.023544232593, 0.575015620911, 0.426132999868, 0.680787981007, 0.365384456152, 0.177163697977, 0.53769480152, 0.203152762641, 0.52680171702, 0.411673713605, 0.0854954368374, 0.41848089233, 0.770890226287, 0.181080571058, 0.739944889416, 0.018570024356, 0.28504348904, 0.325428639031, 0.090643014717, 0.0463080115562, 0.208803504659, 0.0963114032576, 0.0653331825739, 0.490128740058, 0.543152893344, 0.916859918667, 0.386399877304, 0.253022449356, 2.85973772804
0.165226518467, 0.966196460137, 0.0467574749151, 0.0092612914691, 0.958427514032, 0.115589612997, 0.441842403096, 0.955876084326, 0.164578337655, 0.0886870587175, 0.514653138541, 0.220018102298, 0.692004414162, 0.287500983559, 0.121836411859, 0.136350616868, 0.266135895805, 0.269796831908, 0.574959116561, 0.503583917388, 0.160461925476, 0.528984692662, 0.407330150582, 0.504698455882, 0.534108903531, 0.180545594936, 0.641136983629, 0.0702506104378, 0.26978485754, 0.26777789469, 0.165226518467, 3.67822799216
0.202218529834, 0.966196460137, 0.0467574749151, 0.0092612914691, 0.568852671973, 0.115589612997, 0.441842403096, 0.955876084326, 0.164578337655, 0.262244420945, 0.481945358276, 0.220018102298, 0.692004414162, 0.287500983559, 0.121836411859, 0.136350616868, 0.266135895805, 0.269796831908, 0.532754382547, 0.503583917388, 0.160461925476, 0.106917451747, 0.407330150582, 0.504698455882, 0.534108903531, 0.180545594936, 0.641136983629, 0.0702506104378, 0.26978485754, 0.26777789469, 0.202218529834, 3.2298133573
0.202218529834, 0.725721186187, 0.0467574749151, 0.0662803694173, 0.598983745205, 0.435612426266, 0.653173261346, 0.955876084326, 0.164578337655, 0.0886870587175, 0.236697254078, 0.220018102298, 0.74071036624, 0.0239348387631, 0.135576207359, 0.136350616868, 0.266135895805, 0.269796831908, 0.574959116561, 0.220110353939, 0.160461925476, 0.528984692662, 0.00652621800267, 0.504698455882, 0.534108903531, 0.180545594936, 0.830011018155, 0.0702506104378, 0.26978485754, 0.618514418967, 0.202218529834, 3.25127523984
0.202218529834, 0.725721186187, 0.0467574749151, 0.0662803694173, 0.598983745205, 0.435612426266, 0.653173261346, 0.955876084326, 0.164578337655, 0.0886870587175, 0.236697254078, 0.220018102298, 0.74071036624, 0.0239348387631, 0.135576207359, 0.136350616868, 0.266135895805, 0.269796831908, 0.574959116561, 0.220110353939, 0.160461925476, 0.528984692662, 0.00652621800267, 0.504698455882, 0.534108903531, 0.180545594936, 0.830011018155, 0.0702506104378, 0.26978485754, 0.618514418967, 0.202218529834, 3.25127523984
0.0856678770883, 0.373205311061, 0.795252083298, 0.60055882022, 0.121161035296, 0.0574428447152, 0.635219295167, 0.143219860372, 0.35616848329, 0.472484530864, 0.0913667686929, 0.821151430435, 0.244492313107, 0.873303830769, 0.210225411169, 0.471486827473, 0.303713903214, 0.230970729743, 0.0944605857838, 0.0506879980869, 0.00416611582485, 0.478215989521, 0.158394896962, 0.0295336981087, 0.203659208279, 0.676981953588, 0.695374809263, 0.747277617714, 0.703550627648, 0.525022195188, 0.0856678770883, 3.81032900642
0.0352334817667, 0.326421037657, 0.0309254042855, 0.489535290591, 0.958466813735, 0.119596012558, 0.282726595081, 0.33410287374, 0.838737272203, 0.536619187801, 0.073128701665, 0.717209541971, 0.879167590596, 0.0818369125204, 0.00722897343146, 0.719991123144, 0.416048242455, 0.614946456376, 0.270911110661, 0.024196128719, 0.114373531973, 0.313014732707, 0.216406448529, 0.957639702337, 0.685094836948, 0.236584101647, 0.231484493395, 0.209385368109, 0.1996941901, 0.2026447064, 0.0352334817667, 4.01405861976
0.0856678770883, 0.373205311061, 0.795252083298, 0.60055882022, 0.121161035296, 0.0574428447152, 0.635219295167, 0.143219860372, 0.35616848329, 0.472484530864, 0.0913667686929, 0.821151430435, 0.244492313107, 0.873303830769, 0.210225411169, 0.471486827473, 0.303713903214, 0.230970729743, 0.0944605857838, 0.0506879980869, 0.00416611582485, 0.478215989521, 0.158394896962, 0.0295336981087, 0.203659208279, 0.676981953588, 0.695374809263, 0.747277617714, 0.703550627648, 0.525022195188, 0.0856678770883, 3.81032900642
0.0352334817667, 0.326421037657, 0.0309254042855, 0.489535290591, 0.958466813735, 0.119596012558, 0.282726595081, 0.33410287374, 0.838737272203, 0.536619187801, 0.073128701665, 0.717209541971, 0.879167590596, 0.0818369125204, 0.00722897343146, 0.719991123144, 0.416048242455, 0.614946456376, 0.270911110661, 0.024196128719, 0.114373531973, 0.313014732707, 0.216406448529, 0.957639702337, 0.685094836948, 0.236584101647, 0.231484493395, 0.209385368109, 0.1996941901, 0.2026447064, 0.0352334817667, 4.01405861976
0.0116285895895, 0.0975886616398, 0.466441552915, 0.348513365051, 0.0651004930231, 0.958950527129, 0.282726595081, 0.281997473186, 0.315332185925, 0.967917485938, 0.0146256840625, 0.707319235847, 0.89521367617, 0.0818369125204, 0.849978593117, 0.257159156238, 0.342966850254, 0.352061105021, 0.403583668813, 0.0656558313041, 0.942786129535, 0.0847946871853, 0.253516075698, 0.819836393617, 0.685094836948, 0.236584101647, 0.182461065799, 0.044766263125, 0.82008073475, 0.0599093212636, 0.0116285895895, 4.45073775415
0.646412900016, 0.803097917584, 0.348537810212, 0.889839853597, 0.647736677078, 0.446484671178, 0.904861736004, 0.310655891949, 0.683111104066, 0.543278558975, 0.67794058274, 0.0696347890498, 0.088754013225, 0.277276204552, 0.00807214346818, 0.540432020716, 0.262545132258, 0.10243304377, 0.332438611403, 0.241584913153, 0.572807249838, 0.115859489674, 0.419935848547, 0.179489713811, 0.00200184077587, 0.61573816463, 0.248258095595, 0.25158366522, 0.698433790451, 0.276204589943, 0.646412900016, 2.22297308947
0.500473643672, 0.201752955542, 0.180609519736, 0.615831359238, 0.22434904668, 0.0873537282339, 0.0495257255458, 0.631617067624, 0.369311695123, 0.0822443024481, 0.438748917572, 0.340165711154, 0.525959826917, 0.832663016628, 0.523527125023, 0.919681481864, 0.281776562374, 0.00280611736802, 0.883160139397, 0.123599939328, 0.265750633073, 0.538492200899, 0.140580489412, 0.477278552582, 0.373053831762, 0.218178708133, 0.67563061819, 0.763302207513, 0.66940292043, 0.258867346816, 0.500473643672, 3.11483915453
0.842723603459, 0.395054777822, 0.714252917121, 0.472235448028, 0.620212367605, 0.00230441221582, 0.552097407096, 0.322326270809, 0.127988440066, 0.379237331118, 0.595002916073, 0.780025914017, 0.88928173598, 0.272671321546, 0.0437485335891, 0.164648678128, 0.514136678218, 0.268522272055, 0.0864996362734, 0.785657378109, 0.822688068084, 0.274390414255, 0.407199383506, 0.231501781818, 0.45829592272, 0.572824547192, 0.808196501553, 0.884278204979, 0.405403294051, 0.276204589943, 0.842723603459, 2.18524473701
0.44745521942, 0.744057266627, 0.0970228617858, 0.0306957241613, 0.585912428211, 0.778564462398, 0.177867084676, 0.993749380839, 0.370212828051, 0.320831253323, 0.929051208254, 0.193970940538, 0.765221698937, 0.999037166806, 0.0139410853574, 0.566298620199, 0.551141711943, 0.870873867871, 0.615472898705, 0.00680927508374, 0.384021320054, 0.829043123712, 0.874435311875, 0.108410119877, 0.0796281045047, 0.0595341714138, 0.747534507431, 0.141965703416, 0.613807779179, 0.0283222974985, 0.44745521942, 3.2137981023
0.0116285895895, 0.0975886616398, 0.466441552915, 0.348513365051, 0.0651004930231, 0.958950527129, 0.282726595081, 0.281997473186, 0.315332185925, 0.967917485938, 0.0146256840625, 0.707319235847, 0.89521367617, 0.0818369125204, 0.849978593117, 0.257159156238, 0.342966850254, 0.352061105021, 0.403583668813, 0.0656558313041, 0.942786129535, 0.0847946871853, 0.253516075698, 0.819836393617, 0.685094836948, 0.236584101647, 0.182461065799, 0.044766263125, 0.82008073475, 0.0599093212636, 0.0116285895895, 4.45073775415
0.646412900016, 0.803097917584, 0.348537810212, 0.889839853597, 0.647736677078, 0.446484671178, 0.904861736004, 0.310655891949, 0.683111104066, 0.543278558975, 0.67794058274, 0.0696347890498, 0.088754013225, 0.277276204552, 0.00807214346818, 0.540432020716, 0.262545132258, 0.10243304377, 0.332438611403, 0.241584913153, 0.572807249838, 0.115859489674, 0.419935848547, 0.179489713811, 0.00200184077587, 0.61573816463, 0.248258095595, 0.25158366522, 0.698433790451, 0.276204589943, 0.646412900016, 2.22297308947
0.500473643672, 0.201752955542, 0.180609519736, 0.615831359238, 0.22434904668, 0.0873537282339, 0.0495257255458, 0.631617067624, 0.369311695123, 0.0822443024481, 0.438748917572, 0.340165711154, 0.525959826917, 0.832663016628, 0.523527125023, 0.919681481864, 0.281776562374, 0.00280611736802, 0.883160139397, 0.123599939328, 0.265750633073, 0.538492200899, 0.140580489412, 0.477278552582, 0.373053831762, 0.218178708133, 0.67563061819, 0.763302207513, 0.66940292043, 0.258867346816, 0.500473643672, 3.11483915453
0.842723603459, 0.395054777822, 0.714252917121, 0.472235448028, 0.620212367605, 0.00230441221582, 0.552097407096, 0.322326270809, 0.127988440066, 0.379237331118, 0.595002916073, 0.780025914017, 0.88928173598, 0.272671321546, 0.0437485335891, 0.164648678128, 0.514136678218, 0.268522272055, 0.0864996362734, 0.785657378109, 0.822688068084, 0.274390414255, 0.407199383506, 0.231501781818, 0.45829592272, 0.572824547192, 0.808196501553, 0.884278204979, 0.405403294051, 0.276204589943, 0.842723603459, 2.18524473701
0.44745521942, 0.744057266627, 0.0970228617858, 0.0306957241613, 0.585912428211, 0.778564462398, 0.177867084676, 0.993749380839, 0.370212828051, 0.320831253323, 0.929051208254, 0.193970940538, 0.765221698937, 0.999037166806, 0.0139410853574, 0.566298620199, 0.551141711943, 0.870873867871, 0.615472898705, 0.00680927508374, 0.384021320054, 0.829043123712, 0.874435311875, 0.108410119877, 0.0796281045047, 0.0595341714138, 0.747534507431, 0.141965703416, 0.613807779179, 0.0283222974985, 0.44745521942, 3.2137981023
0.500473643672, 0.201752955542, 0.180609519736, 0.489675843858, 0.604009048051, 0.0873537282339, 0.0144315449391, 0.631617067624, 0.369311695123, 0.0791064002066, 0.438748917572, 0.340165711154, 0.525389106031, 0.277276204552, 0.523527125023, 0.919681481864, 0.281776562374, 0.00280611736802, 0.883160139397, 0.123599939328, 0.265750633073, 0.914530467454, 0.140580489412, 0.477278552582, 0.189242870267, 0.618644847499, 0.67563061819, 0.862156311454, 0.427757276182, 0.258867346816, 0.500473643672, 3.14317199912
0.500473643672, 0.201752955542, 0.180609519736, 0.489675843858, 0.604009048051, 0.0873537282339, 0.0144315449391, 0.631617067624, 0.369311695123, 0.0791064002066, 0.438748917572, 0.340165711154, 0.525389106031, 0.277276204552, 0.523527125023, 0.919681481864, 0.281776562374, 0.00280611736802, 0.883160139397, 0.123599939328, 0.265750633073, 0.914530467454, 0.140580489412, 0.477278552582, 0.189242870267, 0.618644847499, 0.67563061819, 0.862156311454, 0.427757276182, 0.258867346816, 0.500473643672, 3.14317199912
0.861823344303, 0.0536411950982, 0.671455353636, 0.209825457857, 0.264278474863, 0.193055312469, 0.7471411997, 0.529599129675, 0.419539890957, 0.05352231032, 0.897980878593, 0.876256460126, 0.577576567642, 0.470446497731, 0.321448503762, 0.57447443042, 0.622706335583, 0.702413234557, 0.382524129994, 0.203392317893, 0.247275701632, 0.384046101681, 0.643044880702, 0.601099470519, 0.102656751889, 0.350355335548, 0.259718623889, 0.249177794791, 0.36143306882, 0.529015882827, 0.861823344303, 2.02540367688
0.861823344303, 0.0536411950982, 0.671455353636, 0.209825457857, 0.264278474863, 0.193055312469, 0.7471411997, 0.529599129675, 0.419539890957, 0.05352231032, 0.897980878593, 0.876256460126, 0.577576567642, 0.470446497731, 0.321448503762, 0.57447443042, 0.622706335583, 0.702413234557, 0.382524129994, 0.203392317893, 0.247275701632, 0.384046101681, 0.643044880702, 0.601099470519, 0.102656751889, 0.350355335548, 0.259718623889, 0.249177794791, 0.36143306882, 0.529015882827, 0.861823344303, 2.02540367688
0.574577627731, 0.571658615387, 0.0976390752331, 0.996156207428, 0.0499188184688, 0.420140246096, 0.11192856703, 0.187039807581, 0.657574851648, 0.991471135111, 0.246242694201, 0.283872710654, 0.322839992779, 0.146855273121, 0.167004731696, 0.0483424202047, 0.0251545703886, 0.298028236033, 0.0662588667386, 0.991471336589, 0.14901182333, 0.426609242373, 0.700950106867, 0.187745150582, 0.962650884937, 0.173035878431, 0.433473285446, 0.636394954404, 0.00603011358545, 0.00541839335945, 0.574577627731, 3.07078810391
0.609055435793, 0.809451501736, 0.822417413379, 0.45990910024, 0.205560779586, 0.258246340272, 0.324452481981, 0.116165032464, 0.829442231064, 0.72339292902, 0.143420239638, 0.924620703218, 0.879755622075, 0.834010686458, 0.0761681189224, 0.117720293919, 0.090176706097, 0.919421790792, 0.0802778463797, 0.761210130824, 0.52414659636, 0.0137486857366, 0.189120883931, 0.0504436295269, 0.188044687895, 0.148200902714, 0.609889056288, 0.513635950762, 0.164768077332, 0.667217698809, 0.609055435793, 2.97044674408
0.574577627731, 0.571658615387, 0.0976390752331, 0.996156207428, 0.0499188184688, 0.420140246096, 0.11192856703, 0.187039807581, 0.657574851648, 0.991471135111, 0.246242694201, 0.283872710654, 0.322839992779, 0.146855273121, 0.167004731696, 0.0483424202047, 0.0251545703886, 0.298028236033, 0.0662588667386, 0.991471336589, 0.14901182333, 0.426609242373, 0.700950106867, 0.187745150582, 0.962650884937, 0.173035878431, 0.433473285446, 0.636394954404, 0.00603011358545, 0.00541839335945, 0.574577627731, 3.07078810391
0.609055435793, 0.809451501736, 0.822417413379, 0.45990910024, 0.205560779586, 0.258246340272, 0.324452481981, 0.116165032464, 0.829442231064, 0.72339292902, 0.143420239638, 0.924620703218, 0.879755622075, 0.834010686458, 0.0761681189224, 0.117720293919, 0.090176706097, 0.919421790792, 0.0802778463797, 0.761210130824, 0.52414659636, 0.0137486857366, 0.189120883931, 0.0504436295269, 0.188044687895, 0.148200902714, 0.609889056288, 0.513635950762, 0.164768077332, 0.667217698809, 0.609055435793, 2.97044674408
0.609055435793, 0.809451501736, 0.74503497643, 0.45990910024, 0.205560779586, 0.258246340272, 0.324452481981, 0.116165032464, 0.829442231064, 0.72339292902, 0.568250238217, 0.924620703218, 0.879755622075, 0.834010686458, 0.0761681189224, 0.117720293919, 0.090176706097, 0.919421790792, 0.0802778463797, 0.761210130824, 0.52414659636, 0.0137486857366, 0.189120883931, 0.0504436295269, 0.0473606749621, 0.148200902714, 0.609889056288, 0.513635950762, 0.164768077332, 0.667217698809, 0.609055435793, 3.02329667336
0.861823344303, 0.0536411950982, 0.671455353636, 0.209825457857, 0.100176160492, 0.193055312469, 0.7471411997, 0.529599129675, 0.419539890957, 0.05352231032, 0.897980878593, 0.813472224964, 0.577576567642, 0.470446497731, 0.321448503762, 0.800906964395, 0.622706335583, 0.702413234557, 0.361570631494, 0.203392317893, 0.247275701632, 0.384046101681, 0.767106655602, 0.294969695213, 0.102656751889, 0.350355335548, 0.259718623889, 0.249177794791, 0.850248342618, 0.529015882827, 0.861823344303, 2.0954322421
0.609055435793, 0.809451501736, 0.74503497643, 0.45990910024, 0.205560779586, 0.258246340272, 0.324452481981, 0.116165032464, 0.829442231064, 0.72339292902, 0.568250238217, 0.924620703218, 0.879755622075, 0.834010686458, 0.0761681189224, 0.117720293919, 0.090176706097, 0.919421790792, 0.0802778463797, 0.761210130824, 0.52414659636, 0.0137486857366, 0.189120883931, 0.0504436295269, 0.0473606749621, 0.148200902714, 0.609889056288, 0.513635950762, 0.164768077332, 0.667217698809, 0.609055435793, 3.02329667336
0.861823344303, 0.0536411950982, 0.671455353636, 0.209825457857, 0.100176160492, 0.193055312469, 0.7471411997, 0.529599129675, 0.419539890957, 0.05352231032, 0.897980878593, 0.813472224964, 0.577576567642, 0.470446497731, 0.321448503762, 0.800906964395, 0.622706335583, 0.702413234557, 0.361570631494, 0.203392317893, 0.247275701632, 0.384046101681, 0.767106655602, 0.294969695213, 0.102656751889, 0.350355335548, 0.259718623889, 0.249177794791, 0.850248342618, 0.529015882827, 0.861823344303, 2.0954322421
0.0352334817667, 0.326421037657, 0.0309254042855, 0.756096606444, 0.528806476262, 0.119596012558, 0.282726595081, 0.33410287374, 0.838737272203, 0.536619187801, 0.0621939290495, 0.717209541971, 0.879167590596, 0.0818369125204, 0.00722897343146, 0.719991123144, 0.416048242455, 0.478294916145, 0.270911110661, 0.28504348904, 0.247275701632, 0.139753037257, 0.216406448529, 0.423103455546, 0.685094836948, 0.236584101647, 0.231484493395, 0.226636649949, 0.850248342618, 0.2026447064, 0.0352334817667, 4.02683084102
0.0352334817667, 0.326421037657, 0.0309254042855, 0.756096606444, 0.528806476262, 0.119596012558, 0.282726595081, 0.33410287374, 0.838737272203, 0.536619187801, 0.0621939290495, 0.717209541971, 0.879167590596, 0.0818369125204, 0.00722897343146, 0.719991123144, 0.416048242455, 0.478294916145, 0.270911110661, 0.28504348904, 0.247275701632, 0.139753037257, 0.216406448529, 0.423103455546, 0.685094836948, 0.236584101647, 0.231484493395, 0.226636649949, 0.850248342618, 0.2026447064, 0.0352334817667, 4.02683084102
0.0856678770883, 0.373205311061, 0.795252083298, 0.621275778924, 0.121161035296, 0.418502829952, 0.0144315449391, 0.143219860372, 0.369311695123, 0.973084346738, 0.0237872732222, 0.529640645908, 0.244492313107, 0.264026214081, 0.210225411169, 0.471486827473, 0.303713903214, 0.230970729743, 0.0944605857838, 0.0506879980869, 0.00416611582485, 0.478215989521, 0.095090073297, 0.926613930589, 0.203659208279, 0.676981953588, 0.695374809263, 0.747277617714, 0.703550627648, 0.525022195188, 0.0856678770883, 3.85081620436
0.0856678770883, 0.373205311061, 0.795252083298, 0.621275778924, 0.121161035296, 0.418502829952, 0.0144315449391, 0.143219860372, 0.369311695123, 0.973084346738, 0.0237872732222, 0.529640645908, 0.244492313107, 0.264026214081, 0.210225411169, 0.471486827473, 0.303713903214, 0.230970729743, 0.0944605857838, 0.0506879980869, 0.00416611582485, 0.478215989521, 0.095090073297, 0.926613930589, 0.203659208279, 0.676981953588, 0.695374809263, 0.747277617714, 0.703550627648, 0.525022195188, 0.0856678770883, 3.85081620436
0.202218529834, 0.209011900005, 0.0467574749151, 0.0662803694173, 0.598983745205, 0.435612426266, 0.441842403096, 0.955876084326, 0.131539593943, 0.0886870587175, 0.236697254078, 0.220018102298, 0.692004414162, 0.0239348387631, 0.529493629635, 0.136350616868, 0.266135895805, 0.269796831908, 0.574959116561, 0.220110353939, 0.160461925476, 0.528984692662, 0.00652621800267, 0.758580901438, 0.534108903531, 0.180545594936, 0.830011018155, 0.0702506104378, 0.26978485754, 0.990216964372, 0.202218529834, 3.30923448909
0.202218529834, 0.209011900005, 0.0467574749151, 0.0662803694173, 0.598983745205, 0.435612426266, 0.441842403096, 0.955876084326, 0.131539593943, 0.0886870587175, 0.236697254078, 0.220018102298, 0.692004414162, 0.0239348387631, 0.529493629635, 0.136350616868, 0.266135895805, 0.269796831908, 0.574959116561, 0.220110353939, 0.160461925476, 0.528984692662, 0.00652621800267, 0.758580901438, 0.534108903531, 0.180545594936, 0.830011018155, 0.0702506104378, 0.26978485754, 0.990216964372, 0.202218529834, 3.30923448909
0.0239885034712, 0.457678620943, 0.045860194191, 0.597057329985, 0.575015620911, 0.115589612997, 0.897492357574, 0.365384456152, 0.960520622533, 0.53769480152, 0.363377580031, 0.226494300951, 0.551837157895, 0.17503004776, 0.778565858416, 0.904066852658, 0.342884178717, 0.794324810139, 0.232578986715, 0.024196128719, 0.364528672657, 0.204496761112, 0.0463080115562, 0.208803504659, 0.0963114032576, 0.0653331825739, 0.490128740058, 0.25158366522, 0.988574403755, 0.386399877304, 0.0239885034712, 4.38548665352
0.0239885034712, 0.457678620943, 0.045860194191, 0.597057329985, 0.575015620911, 0.115589612997, 0.897492357574, 0.365384456152, 0.960520622533, 0.53769480152, 0.363377580031, 0.226494300951, 0.551837157895, 0.17503004776, 0.778565858416, 0.904066852658, 0.342884178717, 0.794324810139, 0.232578986715, 0.024196128719, 0.364528672657, 0.204496761112, 0.0463080115562, 0.208803504659, 0.0963114032576, 0.0653331825739, 0.490128740058, 0.25158366522, 0.988574403755, 0.386399877304, 0.0239885034712, 4.38548665352
0.646412900016, 0.482998703008, 0.598531372241, 0.463012413399, 0.647736677078, 0.446484671178, 0.904861736004, 0.310655891949, 0.897792386895, 0.379237331118, 0.67794058274, 0.0696347890498, 0.088754013225, 0.117174339558, 0.00807214346818, 0.540432020716, 0.262545132258, 0.0183644500141, 0.285576299677, 0.719871660543, 0.572807249838, 0.115859489674, 0.865526184749, 0.000264727163803, 0.00200184077587, 0.0545250251475, 0.248258095595, 0.878275293195, 0.698433790451, 0.276204589943, 0.646412900016, 2.24133204793
0.646412900016, 0.482998703008, 0.598531372241, 0.463012413399, 0.647736677078, 0.446484671178, 0.904861736004, 0.310655891949, 0.897792386895, 0.379237331118, 0.67794058274, 0.0696347890498, 0.088754013225, 0.117174339558, 0.00807214346818, 0.540432020716, 0.262545132258, 0.0183644500141, 0.285576299677, 0.719871660543, 0.572807249838, 0.115859489674, 0.865526184749, 0.000264727163803, 0.00200184077587, 0.0545250251475, 0.248258095595, 0.878275293195, 0.698433790451, 0.276204589943, 0.646412900016, 2.24133204793
0.0116285895895, 0.0975886616398, 0.0265957466757, 0.348513365051, 0.0651004930231, 0.958950527129, 0.449753148036, 0.281997473186, 0.315332185925, 0.783396851146, 0.0146256840625, 0.707319235847, 0.89521367617, 0.0818369125204, 0.815823924207, 0.257159156238, 0.342966850254, 0.642712419385, 0.403583668813, 0.0656558313041, 0.888322297445, 0.0847946871853, 0.253516075698, 0.549351965924, 0.685094836948, 0.236584101647, 0.965005317565, 0.044766263125, 0.82008073475, 0.0599093212636, 0.0116285895895, 4.52844381974
0.0116285895895, 0.0975886616398, 0.0265957466757, 0.348513365051, 0.0651004930231, 0.958950527129, 0.449753148036, 0.281997473186, 0.315332185925, 0.783396851146, 0.0146256840625, 0.707319235847, 0.89521367617, 0.0818369125204, 0.815823924207, 0.257159156238, 0.342966850254, 0.642712419385, 0.403583668813, 0.0656558313041, 0.888322297445, 0.0847946871853, 0.253516075698, 0.549351965924, 0.685094836948, 0.236584101647, 0.965005317565, 0.044766263125, 0.82008073475, 0.0599093212636, 0.0116285895895, 4.52844381974
0.0352334817667, 0.326421037657, 0.0309254042855, 0.772514710052, 0.958466813735, 0.119596012558, 0.285401844975, 0.33410287374, 0.838737272203, 0.536619187801, 0.073128701665, 0.717209541971, 0.879167590596, 0.0818369125204, 0.00722897343146, 0.719991123144, 0.416048242455, 0.614946456376, 0.270911110661, 0.28504348904, 0.114373531973, 0.313014732707, 0.216406448529, 0.957639702337, 0.685094836948, 0.236584101647, 0.231484493395, 0.209385368109, 0.1996941901, 0.2026447064, 0.0352334817667, 4.17618016479
0.0352334817667, 0.326421037657, 0.0309254042855, 0.772514710052, 0.958466813735, 0.119596012558, 0.285401844975, 0.33410287374, 0.838737272203, 0.536619187801, 0.073128701665, 0.717209541971, 0.879167590596, 0.0818369125204, 0.00722897343146, 0.719991123144, 0.416048242455, 0.614946456376, 0.270911110661, 0.28504348904, 0.114373531973, 0.313014732707, 0.216406448529, 0.957639702337, 0.685094836948, 0.236584101647, 0.231484493395, 0.209385368109, 0.1996941901, 0.2026447064, 0.0352334817667, 4.17618016479
0.0856678770883, 0.373205311061, 0.795252083298, 0.60055882022, 0.112867545027, 0.418502829952, 0.635219295167, 0.143219860372, 0.35616848329, 0.472484530864, 0.0913667686929, 0.821151430435, 0.244492313107, 0.873303830769, 0.210225411169, 0.471486827473, 0.303713903214, 0.230970729743, 0.0944605857838, 0.215218488847, 0.00416611582485, 0.478215989521, 0.158394896962, 0.0295336981087, 0.203659208279, 0.676981953588, 0.695374809263, 0.747277617714, 0.703550627648, 0.525022195188, 0.0856678770883, 3.9598503799
0.157217226588, 0.457678620943, 0.045860194191, 0.023544232593, 0.575015620911, 0.426132999868, 0.680787981007, 0.365384456152, 0.997793632975, 0.53769480152, 0.203152762641, 0.52680171702, 0.551837157895, 0.17503004776, 0.778565858416, 0.770890226287, 0.181080571058, 0.777794128638, 0.018570024356, 0.223158163737, 0.325428639031, 0.3396996659, 0.0463080115562, 0.150676468114, 0.102656751889, 0.0547632770674, 0.490128740058, 0.543152893344, 0.916859918667, 0.386399877304, 0.157217226588, 3.92330269907
0.0856678770883, 0.373205311061, 0.795252083298, 0.60055882022, 0.112867545027, 0.418502829952, 0.635219295167, 0.143219860372, 0.35616848329, 0.472484530864, 0.0913667686929, 0.821151430435, 0.244492313107, 0.873303830769, 0.210225411169, 0.471486827473, 0.303713903214, 0.230970729743, 0.0944605857838, 0.215218488847, 0.00416611582485, 0.478215989521, 0.158394896962, 0.0295336981087, 0.203659208279, 0.676981953588, 0.695374809263, 0.747277617714, 0.703550627648, 0.525022195188, 0.0856678770883, 3.9598503799
0.157217226588, 0.457678620943, 0.045860194191, 0.023544232593, 0.575015620911, 0.426132999868, 0.680787981007, 0.365384456152, 0.997793632975, 0.53769480152, 0.203152762641, 0.52680171702, 0.551837157895, 0.17503004776, 0.778565858416, 0.770890226287, 0.181080571058, 0.777794128638, 0.018570024356, 0.223158163737, 0.325428639031, 0.3396996659, 0.0463080115562, 0.150676468114, 0.102656751889, 0.0547632770674, 0.490128740058, 0.543152893344, 0.916859918667, 0.386399877304, 0.157217226588, 3.92330269907
0.157217226588, 0.457678620943, 0.045860194191, 0.664364542807, 0.575015620911, 0.426132999868, 0.680787981007, 0.365384456152, 0.997793632975, 0.53769480152, 0.363377580031, 0.52680171702, 0.551837157895, 0.17503004776, 0.0727902075287, 0.770890226287, 0.181080571058, 0.739944889416, 0.0523186519226, 0.0124027619542, 0.364528672657, 0.3396996659, 0.0463080115562, 0.208803504659, 0.0963114032576, 0.0653331825739, 0.490128740058, 0.543152893344, 0.988574403755, 0.386399877304, 0.157217226588, 3.93839894359
0.202218529834, 0.725721186187, 0.0467574749151, 0.0662803694173, 0.958427514032, 0.0276704803488, 0.441842403096, 0.955876084326, 0.164578337655, 0.0552712836228, 0.481945358276, 0.220018102298, 0.692004414162, 0.287500983559, 0.135576207359, 0.0741720984274, 0.201390801396, 0.269796831908, 0.615472898705, 0.503583917388, 0.500667120823, 0.454185589303, 0.407330150582, 0.504698455882, 0.534108903531, 0.256098148394, 0.946727864777, 0.0702506104378, 0.26978485754, 0.618514418967, 0.202218529834, 3.58985288353
0.157217226588, 0.457678620943, 0.045860194191, 0.664364542807, 0.575015620911, 0.426132999868, 0.680787981007, 0.365384456152, 0.997793632975, 0.53769480152, 0.363377580031, 0.52680171702, 0.551837157895, 0.17503004776, 0.0727902075287, 0.770890226287, 0.181080571058, 0.739944889416, 0.0523186519226, 0.0124027619542, 0.364528672657, 0.3396996659, 0.0463080115562, 0.208803504659, 0.0963114032576, 0.0653331825739, 0.490128740058, 0.543152893344, 0.988574403755, 0.386399877304, 0.157217226588, 3.93839894359
0.202218529834, 0.725721186187, 0.0467574749151, 0.0662803694173, 0.958427514032, 0.0276704803488, 0.441842403096, 0.955876084326, 0.164578337655, 0.0552712836228, 0.481945358276, 0.220018102298, 0.692004414162, 0.287500983559, 0.135576207359, 0.0741720984274, 0.201390801396, 0.269796831908, 0.615472898705, 0.503583917388, 0.500667120823, 0.454185589303, 0.407330150582, 0.504698455882, 0.534108903531, 0.256098148394, 0.946727864777, 0.0702506104378, 0.26978485754, 0.618514418967, 0.202218529834, 3.58985288353
0.0856678770883, 0.373205311061, 0.795252083298, 0.621275778924, 0.121161035296, 0.418502829952, 0.0144315449391, 0.143219860372, 0.369311695123, 0.973084346738, 0.0237872732222, 0.821151430435, 0.00665290382726, 0.264026214081, 0.210225411169, 0.894278571985, 0.303713903214, 0.230970729743, 0.0944605857838, 0.0506879980869, 0.00416611582485, 0.478215989521, 0.227474523358, 0.884278894946, 0.203659208279, 0.676981953588, 0.654004132556, 0.747277617714, 0.703550627648, 0.525022195188, 0.0856678770883, 4.0026596823
0.0856678770883, 0.373205311061, 0.795252083298, 0.621275778924, 0.121161035296, 0.418502829952, 0.0144315449391, 0.143219860372, 0.369311695123, 0.973084346738, 0.0237872732222, 0.821151430435, 0.00665290382726, 0.264026214081, 0.210225411169, 0.894278571985, 0.303713903214, 0.230970729743, 0.0944605857838, 0.0506879980869, 0.00416611582485, 0.478215989521, 0.227474523358, 0.884278894946, 0.203659208279, 0.676981953588, 0.654004132556, 0.747277617714, 0.703550627648, 0.525022195188, 0.0856678770883, 4.0026596823
0.0116285895895, 0.0975886616398, 0.220032495822, 0.348513365051, 0.0651004930231, 0.958950527129, 0.441723734557, 0.281997473186, 0.3877071826, 0.537939134874, 0.0146256840625, 0.283872710654, 0.89521367617, 0.486211370285, 0.85414370121, 0.257159156238, 0.342966850254, 0.668851277246, 0.403583668813, 0.0656558313041, 0.942786129535, 0.426609242373, 0.327856949025, 0.549351965924, 0.909233015207, 0.664740328968, 0.182461065799, 0.494746120069, 0.82008073475, 0.0599093212636, 0.0116285895895, 4.78522347683
0.0116285895895, 0.0975886616398, 0.220032495822, 0.348513365051, 0.0651004930231, 0.958950527129, 0.441723734557, 0.281997473186, 0.3877071826, 0.537939134874, 0.0146256840625, 0.283872710654, 0.89521367617, 0.486211370285, 0.85414370121, 0.257159156238, 0.342966850254, 0.668851277246, 0.403583668813, 0.0656558313041, 0.942786129535, 0.426609242373, 0.327856949025, 0.549351965924, 0.909233015207, 0.664740328968, 0.182461065799, 0.494746120069, 0.82008073475, 0.0599093212636, 0.0116285895895, 4.78522347683
0.646412900016, 0.518810762808, 0.598531372241, 0.932241148588, 0.855828137809, 0.446484671178, 0.0651237637536, 0.310655891949, 0.879894202927, 0.45339086286, 0.67794058274, 0.344194910292, 0.526727936328, 0.492985391938, 0.0174173759272, 0.540432020716, 0.262545132258, 0.180388635865, 0.322873556008, 0.0712976014478, 0.572807249838, 0.115859489674, 0.767106655602, 0.000200910572337, 0.00603533998271, 0.232323250669, 0.296261183438, 0.240924386061, 0.698433790451, 0.776028032429, 0.646412900016, 2.38590386573
0.646412900016, 0.518810762808, 0.598531372241, 0.932241148588, 0.855828137809, 0.446484671178, 0.0651237637536, 0.310655891949, 0.879894202927, 0.45339086286, 0.67794058274, 0.344194910292, 0.526727936328, 0.492985391938, 0.0174173759272, 0.540432020716, 0.262545132258, 0.180388635865, 0.322873556008, 0.0712976014478, 0.572807249838, 0.115859489674, 0.767106655602, 0.000200910572337, 0.00603533998271, 0.232323250669, 0.296261183438, 0.240924386061, 0.698433790451, 0.776028032429, 0.646412900016, 2.38590386573
0.157217226588, 0.457678620943, 0.045860194191, 0.00990010772964, 0.575015620911, 0.115589612997, 0.680787981007, 0.135722865549, 0.985852240849, 0.53769480152, 0.363377580031, 0.333888799139, 0.551837157895, 0.17503004776, 0.778565858416, 0.770890226287, 0.342884178717, 0.739944889416, 0.018570024356, 0.024196128719, 0.364528672657, 0.204496761112, 0.0463080115562, 0.658968152094, 0.0963114032576, 0.0653331825739, 0.490128740058, 0.878275293195, 0.994830057551, 0.386399877304, 0.157217226588, 3.96726943743
0.157217226588, 0.457678620943, 0.045860194191, 0.00990010772964, 0.575015620911, 0.115589612997, 0.680787981007, 0.135722865549, 0.985852240849, 0.53769480152, 0.363377580031, 0.333888799139, 0.551837157895, 0.17503004776, 0.778565858416, 0.770890226287, 0.342884178717, 0.739944889416, 0.018570024356, 0.024196128719, 0.364528672657, 0.204496761112, 0.0463080115562, 0.658968152094, 0.0963114032576, 0.0653331825739, 0.490128740058, 0.878275293195, 0.994830057551, 0.386399877304, 0.157217226588, 3.96726943743
0.0116285895895, 0.0458572332711, 0.220032495822, 0.348513365051, 0.0499188184688, 0.958950527129, 0.441723734557, 0.281997473186, 0.3877071826, 0.537939134874, 0.00919229585708, 0.707319235847, 0.89521367617, 0.486211370285, 0.85414370121, 0.257159156238, 0.407777136834, 0.880497841204, 0.403583668813, 0.0656558313041, 0.942786129535, 0.426609242373, 0.253516075698, 0.549351965924, 0.909233015207, 0.664740328968, 0.109024993855, 0.494746120069, 0.82008073475, 0.0599093212636, 0.0116285895895, 4.93056762989
0.0116285895895, 0.0458572332711, 0.220032495822, 0.348513365051, 0.0499188184688, 0.958950527129, 0.441723734557, 0.281997473186, 0.3877071826, 0.537939134874, 0.00919229585708, 0.707319235847, 0.89521367617, 0.486211370285, 0.85414370121, 0.257159156238, 0.407777136834, 0.880497841204, 0.403583668813, 0.0656558313041, 0.942786129535, 0.426609242373, 0.253516075698, 0.549351965924, 0.909233015207, 0.664740328968, 0.109024993855, 0.494746120069, 0.82008073475, 0.0599093212636, 0.0116285895895, 4.93056762989
0.0769488315293, 0.744630730445, 0.390924772149, 0.0101233108544, 0.547484945386, 0.747289861691, 0.47954927336, 0.39583907036, 0.196685292614, 0.0460376606515, 0.297609452982, 0.235111221036, 0.850631998568, 0.441912801156, 0.295414455461, 0.916776253586, 0.164582617443, 0.069298479955, 0.744513403321, 0.824969563934, 0.0193269256353, 0.0186372534509, 0.724920343424, 0.35362830903, 0.23610479837, 0.755166673772, 0.653677473331, 0.970836625659, 0.155097387158, 0.432890928432, 0.0769488315293, 4.27949302249
0.0769488315293, 0.744630730445, 0.390924772149, 0.0101233108544, 0.547484945386, 0.747289861691, 0.47954927336, 0.39583907036, 0.196685292614, 0.0460376606515, 0.297609452982, 0.235111221036, 0.850631998568, 0.441912801156, 0.295414455461, 0.916776253586, 0.164582617443, 0.069298479955, 0.744513403321, 0.824969563934, 0.0193269256353, 0.0186372534509, 0.724920343424, 0.35362830903, 0.23610479837, 0.755166673772, 0.653677473331, 0.970836625659, 0.155097387158, 0.432890928432, 0.0769488315293, 4.27949302249
0.0284510872921, 0.671508772413, 0.112388102989, 0.343884931476, 0.392332330025, 0.286288568941, 0.703355596877, 0.403336391195, 0.450383344689, 0.363297336967, 0.281884468509, 0.430598913825, 0.944593367889, 0.364214443617, 0.599529063398, 0.10743656531, 0.282253800648, 0.821387739382, 0.343975294797, 0.258989029696, 0.265854269806, 0.591580222389, 0.472294938363, 0.370125281162, 0.565480524264, 0.203614187312, 0.521625355332, 0.377409351815, 0.430622742673, 0.54443299228, 0.0284510872921, 4.48594213687
0.0302091512307, 0.865495088009, 0.112388102989, 0.343884931476, 0.392332330025, 0.286288568941, 0.703355596877, 0.403336391195, 0.450383344689, 0.277698600554, 0.281884468509, 0.190939676673, 0.944593367889, 0.364214443617, 0.312520600672, 0.125985402849, 0.282253800648, 0.821387739382, 0.343975294797, 0.258989029696, 0.265854269806, 0.591580222389, 0.541349961196, 0.370125281162, 0.565480524264, 0.334161851306, 0.521625355332, 0.377409351815, 0.888419226942, 0.257817712133, 0.0302091512307, 4.46359217129
0.0284510872921, 0.671508772413, 0.112388102989, 0.343884931476, 0.392332330025, 0.286288568941, 0.703355596877, 0.403336391195, 0.450383344689, 0.363297336967, 0.281884468509, 0.430598913825, 0.944593367889, 0.364214443617, 0.599529063398, 0.10743656531, 0.282253800648, 0.821387739382, 0.343975294797, 0.258989029696, 0.265854269806, 0.591580222389, 0.472294938363, 0.370125281162, 0.565480524264, 0.203614187312, 0.521625355332, 0.377409351815, 0.430622742673, 0.54443299228, 0.0284510872921, 4.48594213687
0.0302091512307, 0.865495088009, 0.112388102989, 0.343884931476, 0.392332330025, 0.286288568941, 0.703355596877, 0.403336391195, 0.450383344689, 0.277698600554, 0.281884468509, 0.190939676673, 0.944593367889, 0.364214443617, 0.312520600672, 0.125985402849, 0.282253800648, 0.821387739382, 0.343975294797, 0.258989029696, 0.265854269806, 0.591580222389, 0.541349961196, 0.370125281162, 0.565480524264, 0.334161851306, 0.521625355332, 0.377409351815, 0.888419226942, 0.257817712133, 0.0302091512307, 4.46359217129
0.0116285895895, 0.0975886616398, 0.0265957466757, 0.348513365051, 0.451590620754, 0.958950527129, 0.282726595081, 0.281997473186, 0.765057184682, 0.783396851146, 0.0146256840625, 0.707319235847, 0.89521367617, 0.0818369125204, 0.849978593117, 0.257159156238, 0.342966850254, 0.642712419385, 0.403583668813, 0.0656558313041, 0.888322297445, 0.839019797952, 0.253516075698, 0.841864181675, 0.685094836948, 0.236584101647, 0.709883412355, 0.044766263125, 0.82008073475, 0.0599093212636, 0.0116285895895, 4.98120632383
0.0116285895895, 0.0975886616398, 0.0265957466757, 0.348513365051, 0.451590620754, 0.958950527129, 0.282726595081, 0.281997473186, 0.765057184682, 0.783396851146, 0.0146256840625, 0.707319235847, 0.89521367617, 0.0818369125204, 0.849978593117, 0.257159156238, 0.342966850254, 0.642712419385, 0.403583668813, 0.0656558313041, 0.888322297445, 0.839019797952, 0.253516075698, 0.841864181675, 0.685094836948, 0.236584101647, 0.709883412355, 0.044766263125, 0.82008073475, 0.0599093212636, 0.0116285895895, 4.98120632383
0.646412900016, 0.482998703008, 0.598531372241, 0.837721129915, 0.647736677078, 0.446484671178, 0.904861736004, 0.310655891949, 0.897792386895, 0.543278558975, 0.67794058274, 0.0696347890498, 0.088754013225, 0.277276204552, 0.00807214346818, 0.540432020716, 0.262545132258, 0.10243304377, 0.382524129994, 0.0712976014478, 0.572807249838, 0.115859489674, 0.865526184749, 0.000264727163803, 0.00200184077587, 0.61573816463, 0.248258095595, 0.890428722027, 0.698433790451, 0.276204589943, 0.646412900016, 2.44491493941
0.646412900016, 0.482998703008, 0.598531372241, 0.837721129915, 0.647736677078, 0.446484671178, 0.904861736004, 0.310655891949, 0.897792386895, 0.543278558975, 0.67794058274, 0.0696347890498, 0.088754013225, 0.277276204552, 0.00807214346818, 0.540432020716, 0.262545132258, 0.10243304377, 0.382524129994, 0.0712976014478, 0.572807249838, 0.115859489674, 0.865526184749, 0.000264727163803, 0.00200184077587, 0.61573816463, 0.248258095595, 0.890428722027, 0.698433790451, 0.276204589943, 0.646412900016, 2.44491493941
0.408995682135, 0.448544749619, 0.000883165452577, 0.835437385109, 0.568852671973, 0.69595153671, 0.0416676132761, 0.880130750826, 0.247186511719, 0.279840635263, 0.873727128371, 0.694158846172, 0.092808239578, 0.801682803024, 0.007100593376, 0.272404203282, 0.435115418626, 0.127326972176, 0.640886107515, 0.718357440112, 0.187440859297, 0.106917451747, 0.371718327521, 0.0301861806664, 0.184117417864, 0.584887237585, 0.31236897215, 0.0508394746904, 0.975009737293, 0.976928378288, 0.408995682135, 3.33732903786
0.253935178865, 0.272256560972, 0.831910705857, 0.3788179754, 0.0461550827081, 0.352939278886, 0.806571752958, 0.559297260301, 0.310552079112, 0.0286971477195, 0.234480500665, 0.713362624996, 0.590536044932, 0.0774135054043, 0.565254732342, 0.591642999528, 0.486260360697, 0.294079094039, 0.846816731902, 0.245515310113, 0.989272607993, 0.159414804072, 0.541649113793, 0.409792929781, 0.298883606774, 0.0557668887563, 0.703453740744, 0.717716518096, 0.0943459608413, 0.298031222293, 0.253935178865, 3.51444055603
