-1, -1, -1, 0.508638168807, -1, 0.711771498694, -1, -1, 0.508638168807, -1, -1, 0.711771498694, 0.508638168807, 0.508638168807, -1, 0.508638168807, 0.508638168807, -1, 0.508638168807, -1, 1, 0.508638168807, -1, 0.711771498694, -1, 1, -1, 0.711771498694, 0.508638168807, 0.631296587604, 0.508638168807, 1, 0.711771498694, -1, -1, -1, 1, 1, 1, 0.508638168807, 1, -1, 0.631296587604, -1, 0.711771498694, -1, 1, 0.631296587604, -1, 0.508638168807, 56.99, 69.57, 93.16
-1, -1, -1, 0.64560285272, 0.711771498694, -1, -1, 1, 1, 1, 0.399057573408, 0.711771498694, 0.64560285272, -1, -1, 0.64560285272, 0.64560285272, 1, 0.64560285272, -1, 1, -1, -1, -1, 0.64560285272, -1, -1, 0.64560285272, -1, -1, -1, 0.64560285272, -1, 0.515989980179, 1, -1, -1, -1, 1, 0.515989980179, -1, -1, 0.711771498694, -1, 0.64560285272, -1, 0.64560285272, -1, 0.64560285272, 0.64560285272, 56.45, 69.57, 92.02
-1, -1, -1, -1, 1, -1, 1, 1, 1, 1, 1, -1, -1, -1, -1, -1, -1, 1, -1, 1, 1, -1, 1, -1, -1, 1, 1, 1, -1, -1, -1, 1, -1, -1, 1, 1, 1, 1, 1, -1, 1, -1, -1, 1, -1, -1, 1, -1, -1, -1, 56.99, 69.57, 92.88
-1, 1, 0.896096307444, -1, 1, -1, 1, 0.314070082528, -1, -1, 0.314070082528, 1, 1, -1, 0.896096307444, -1, 1, 1, -1, -1, -1, -1, -1, -1, -1, 0.896096307444, 1, -1, 0.787301210837, 0.896096307444, 1, 0.787301210837, 0.896096307444, 0.314070082528, 1, -1, -1, -1, 0.634446370732, -1, -1, 0.435887257888, -1, 0.314070082528, 0.787301210837, -1, -1, -1, -1, -1, 50.0, 82.61, 94.02
1, -1, 0.896096307444, -1, 1, -1, 1, -1, -1, -1, -1, -1, -1, 0.896096307444, 0.671622734326, -1, -1, -1, -1, -1, -1, -1, -1, -1, -1, 0.671622734326, 1, 1, -1, 0.896096307444, -1, 0.671622734326, 0.896096307444, -1, 1, -1, 1, 0.896096307444, -1, 0.671622734326, -1, -1, 1, -1, 0.671622734326, -1, -1, 1, 0.896096307444, -1, 55.91, 73.91, 93.45
-1, -1, 0.896096307444, -1, 1, -1, -1, 0.896096307444, -1, -1, -1, -1, -1, 0.896096307444, 0.896096307444, -1, -1, 1, 1, -1, 0.896096307444, 1, 1, -1, -1, -1, 1, 1, -1, 0.896096307444, 1, -1, 0.896096307444, -1, 1, 0.896096307444, -1, -1, 0.896096307444, 0.896096307444, 1, -1, 1, -1, 0.896096307444, -1, -1, 1, -1, 0.896096307444, 66.67, 73.91, 93.16
1, 1, -1, 1, 1, -1, 1, -1, -1, -1, -1, 1, 1, -1, -1, -1, 1, 1, 1, 1, -1, 1, 1, 1, -1, -1, 1, 1, -1, -1, 1, -1, -1, -1, 1, -1, 1, -1, -1, -1, 1, -1, 1, -1, -1, -1, -1, 1, -1, -1, 59.14, 73.91, 96.01
1, -1, -1, 0.715910417078, 0.901053374609, 0.715910417078, 0.901053374609, -1, -1, -1, 0.715910417078, -1, 0.715910417078, -1, -1, 1, 1, 0.796692062075, -1, -1, -1, -1, 1, 0.796692062075, -1, 0.796692062075, -1, -1, 0.796692062075, -1, 0.715910417078, 1, -1, 0.715910417078, 0.901053374609, 0.901053374609, -1, -1, 0.473313574139, -1, 0.901053374609, 0.715910417078, 0.715910417078, -1, 0.796692062075, -1, -1, 0.715910417078, 0.715910417078, -1, 47.85, 95.65, 92.31
0.737647537172, 1, -1, 0.737647537172, -1, 0.737647537172, 0.737647537172, 0.737647537172, 1, -1, 0.737647537172, -1, -1, -1, -1, 1, 1, -1, -1, -1, -1, -1, 1, 0.737647537172, -1, 0.901053374609, 0.737647537172, 1, -1, 1, 0.737647537172, 0.737647537172, -1, 0.737647537172, -1, 0.737647537172, -1, 0.737647537172, -1, -1, -1, 0.737647537172, 0.737647537172, -1, -1, 0.737647537172, 1, 0.737647537172, -1, -1, 48.92, 43.48, 93.73
0.901053374609, -1, 0.901053374609, -1, -1, 0.901053374609, -1, 0.799177715999, -1, -1, 0.492170229912, -1, -1, -1, -1, 1, 1, -1, -1, -1, -1, 0.799177715999, 1, 0.901053374609, 1, -1, -1, -1, -1, -1, 0.30358345272, 0.647630612754, 0.901053374609, -1, -1, -1, 0.799177715999, 0.647630612754, -1, 0.647630612754, -1, 0.901053374609, 0.647630612754, -1, 0.901053374609, -1, -1, 0.647630612754, -1, -1, 43.55, 47.83, 91.74
1, 1, 1, -1, -1, 1, -1, -1, 1, 1, -1, 1, -1, -1, -1, 1, 1, 1, -1, -1, -1, -1, 1, -1, 1, 1, 1, 1, -1, 1, -1, 1, -1, -1, 1, -1, -1, 1, -1, -1, -1, -1, -1, -1, 1, -1, 1, 1, 1, -1, 60.22, 78.26, 95.44
0.567978181226, 0.567978181226, -1, -1, 0.852075811263, -1, -1, -1, -1, -1, 1, 1, -1, -1, -1, 0.567978181226, -1, 0.852075811263, 0.567978181226, -1, -1, 1, -1, -1, -1, 1, 0.704946481863, -1, -1, 0.704946481863, -1, -1, 0.567978181226, 0.567978181226, -1, 1, 0.567978181226, 1, -1, -1, -1, -1, -1, -1, 0.852075811263, -1, -1, -1, -1, -1, 44.09, 43.48, 96.01
0.852075811263, -1, -1, 0.852075811263, 0.852075811263, 0.852075811263, -1, -1, 0.852075811263, -1, 1, 1, 1, -1, 0.852075811263, -1, 0.852075811263, 0.852075811263, -1, 1, 0.852075811263, 1, 1, 1, -1, 1, -1, 1, 1, 0.852075811263, -1, -1, -1, -1, -1, 1, 0.852075811263, 1, -1, 1, -1, -1, 0.852075811263, 0.852075811263, 0.852075811263, 0.852075811263, 0.852075811263, 1, -1, -1, 62.37, 78.26, 93.73
-1, -1, 1, -1, -1, -1, 1, -1, -1, -1, 1, 1, 1, -1, -1, -1, -1, -1, -1, 1, -1, 1, 1, 1, 1, 1, -1, 1, 1, -1, 1, -1, -1, -1, 1, 1, -1, 1, 1, 1, -1, 1, -1, -1, -1, -1, -1, 1, -1, -1, 59.14, 86.96, 94.59
0.696840687566, 0.911548914161, 0.911548914161, 1, -1, 0.911548914161, -1, 0.911548914161, -1, 0.787378612295, -1, -1, 0.4317700034, 0.911548914161, 0.911548914161, -1, -1, -1, -1, 0.911548914161, 1, 0.696840687566, 1, 0.787378612295, -1, -1, -1, 0.787378612295, -1, -1, 0.911548914161, 0.325995717802, -1, -1, 0.696840687566, 1, 0.911548914161, -1, 0.696840687566, 0.911548914161, 0.696840687566, 1, 0.4317700034, -1, -1, 0.787378612295, -1, -1, 0.911548914161, 0.4317700034, 62.9, 82.61, 94.87
0.911548914161, 0.911548914161, -1, 1, 0.911548914161, -1, -1, 0.911548914161, -1, 0.911548914161, 0.911548914161, -1, -1, 0.911548914161, -1, -1, -1, -1, 0.911548914161, -1, 1, 0.911548914161, 1, 0.911548914161, 0.911548914161, 0.911548914161, 0.911548914161, -1, 0.911548914161, -1, -1, 0.911548914161, 0.911548914161, 0.911548914161, 0.911548914161, 1, 0.911548914161, -1, 0.911548914161, -1, -1, -1, -1, -1, -1, 0.911548914161, -1, 0.911548914161, 0.911548914161, 0.911548914161, 67.74, 69.57, 91.74
-1, -1, 0.798132121493, 1, 0.826808295156, 0.826808295156, -1, -1, -1, 0.478406841283, -1, -1, 0.826808295156, -1, -1, -1, -1, -1, 0.826808295156, -1, 1, -1, -1, 0.911548914161, -1, -1, 0.826808295156, -1, 0.826808295156, -1, 0.826808295156, -1, -1, 0.562200293056, 0.798132121493, -1, 0.826808295156, 0.826808295156, -1, 0.826808295156, -1, 1, -1, -1, 0.798132121493, 0.562200293056, -1, -1, 0.826808295156, 0.562200293056, 43.55, 95.65, 94.87
1, -1, 1, 1, 1, 1, 1, -1, 1, -1, -1, 1, -1, -1, -1, 1, -1, 1, 1, -1, 1, -1, 1, 1, 1, -1, 1, -1, -1, -1, 1, -1, 1, -1, 1, 1, 1, -1, -1, -1, 1, 1, -1, -1, 1, -1, 1, 1, -1, -1, 58.06, 95.65, 93.45
-1, 1, -1, -1, -1, 1, -1, 0.563272643091, -1, -1, 0.563272643091, 1, -1, 1, 1, 0.563272643091, -1, -1, -1, -1, 0.563272643091, -1, -1, 0.563272643091, -1, -1, -1, -1, -1, 0.563272643091, -1, -1, -1, -1, -1, -1, 0.563272643091, -1, -1, 0.563272643091, 0.563272643091, -1, -1, -1, -1, 1, 0.563272643091, 0.93607942518, -1, 0.563272643091, 53.76, 43.48, 94.59
-1, -1, -1, -1, 0.830243621621, 1, -1, -1, -1, -1, 0.830243621621, 1, 1, 1, -1, 0.830243621621, 0.830243621621, -1, 0.830243621621, 0.830243621621, -1, -1, 1, 0.93607942518, -1, -1, 1, 1, -1, 0.830243621621, 1, -1, 0.830243621621, -1, 0.830243621621, -1, -1, 0.830243621621, -1, 0.830243621621, -1, -1, 1, -1, -1, 1, -1, -1, -1, -1, 57.53, 73.91, 94.87
-1, -1, 0.93607942518, -1, 0.93607942518, 1, -1, -1, -1, -1, -1, -1, 1, 1, -1, -1, -1, -1, 0.93607942518, 0.93607942518, -1, -1, -1, 0.93607942518, -1, -1, 1, 1, -1, 0.93607942518, 1, -1, 0.93607942518, -1, 0.93607942518, 0.93607942518, 0.93607942518, 0.93607942518, -1, -1, -1, 0.93607942518, 1, -1, -1, -1, -1, 0.93607942518, 1, 0.93607942518, 46.77, 47.83, 95.16
-1, 1, -1, 0.822475513366, 0.822475513366, 1, 1, -1, -1, 1, -1, 1, 1, 1, 1, -1, -1, 1, 0.978935168453, -1, -1, -1, 1, -1, 1, 1, 1, 1, -1, -1, 1, -1, -1, 0.822475513366, -1, 0.822475513366, -1, -1, -1, -1, -1, 0.822475513366, 1, 1, -1, 1, -1, -1, 1, 0.822475513366, 51.61, 78.26, 93.45
0.83072523232, -1, 0.687282542443, 0.383403017208, -1, -1, -1, -1, 0.83072523232, -1, 0.83072523232, -1, -1, 0.383403017208, 0.687282542443, -1, -1, 0.83072523232, 0.687282542443, 0.83072523232, -1, -1, -1, -1, 1, -1, -1, -1, -1, -1, 1, -1, 1, 0.383403017208, -1, 0.383403017208, 1, -1, -1, 0.687282542443, 1, 0.255341531428, -1, 0.83072523232, 0.83072523232, 0.83072523232, 0.687282542443, -1, -1, 0.298499736891, 50.0, 47.83, 94.02
-1, 0.83072523232, 0.83072523232, 0.83072523232, -1, 0.83072523232, 0.83072523232, 0.83072523232, 0.83072523232, 0.83072523232, -1, -1, -1, 0.83072523232, 0.83072523232, 0.83072523232, -1, -1, 0.83072523232, 0.83072523232, -1, -1, -1, 0.83072523232, 0.83072523232, -1, -1, -1, -1, -1, 0.83072523232, -1, -1, 0.83072523232, -1, 0.83072523232, 1, -1, -1, 0.83072523232, -1, 0.83072523232, -1, 0.83072523232, -1, 0.83072523232, 0.83072523232, -1, 1, -1, 50.0, 47.83, 95.16
-1, -1, 0.83072523232, 0.768323468854, -1, -1, 0.768323468854, 1, -1, 1, 0.619153164828, 0.405277397947, -1, -1, 0.768323468854, -1, -1, 0.768323468854, 0.768323468854, -1, 0.308103171977, -1, 0.405277397947, -1, 0.768323468854, -1, 0.83072523232, 0.768323468854, 0.768323468854, 0.83072523232, 0.83072523232, -1, 0.83072523232, -1, -1, -1, 1, -1, -1, -1, 0.768323468854, -1, -1, 0.619153164828, -1, -1, -1, -1, 1, -1, 58.6, 78.26, 94.59
-1, 1, -1, -1, -1, -1, 1, 1, -1, 1, -1, -1, -1, -1, -1, 1, -1, -1, -1, -1, -1, -1, -1, 1, 1, 1, 1, 1, 1, -1, 1, 1, 1, -1, 1, -1, 1, -1, -1, 1, 1, -1, 1, -1, -1, -1, 1, -1, 1, -1, 59.14, 69.57, 94.02
-1, -1, -1, -1, -1, 0.785656029176, -1, 1, -1, 1, -1, 0.785656029176, 1, 0.696827522821, -1, -1, -1, 0.696827522821, -1, -1, 0.785656029176, 0.696827522821, 0.596411179039, -1, 1, -1, -1, 0.596411179039, 0.596411179039, -1, -1, -1, 0.696827522821, -1, 0.696827522821, -1, 0.596411179039, -1, -1, 1, -1, -1, -1, 0.596411179039, 0.596411179039, 1, -1, -1, -1, -1, 55.91, 73.91, 92.02
-1, 1, -1, -1, -1, 0.433956157175, -1, -1, -1, 1, 0.381315416673, 0.785656029176, 0.785656029176, 0.433956157175, -1, 1, 0.649995512608, -1, -1, 0.785656029176, -1, -1, -1, -1, 1, 0.785656029176, -1, 0.785656029176, -1, 0.649995512608, -1, -1, -1, 1, -1, -1, 0.649995512608, 0.785656029176, 0.381315416673, 1, -1, -1, -1, 0.649995512608, 0.785656029176, 1, -1, -1, 0.433956157175, 1, 56.45, 69.57, 94.59
-1, -1, 1, 0.785656029176, -1, 0.566421397634, 1, -1, -1, 1, -1, -1, 1, -1, -1, -1, 0.785656029176, -1, -1, 0.495577933918, -1, -1, 0.785656029176, -1, -1, 1, -1, -1, 0.785656029176, -1, 1, 0.495577933918, -1, 1, 0.495577933918, -1, 0.495577933918, -1, 0.785656029176, -1, -1, -1, -1, 0.785656029176, -1, 1, 1, -1, -1, -1, 50.54, 47.83, 95.16
1, 1, 1, -1, 1, -1, 1, 1, -1, 1, -1, -1, 1, -1, 1, 1, 1, -1, -1, -1, -1, -1, -1, 1, 1, 1, -1, 1, 1, 1, 1, -1, -1, 1, -1, -1, -1, 1, -1, 1, 1, -1, 1, -1, -1, 1, 1, -1, -1, 1, 55.38, 73.91, 92.88
1, -1, -1, 0.628698436122, -1, 0.628698436122, 0.628698436122, 0.628698436122, 1, 0.628698436122, 0.628698436122, 0.748815956951, -1, 0.628698436122, 0.628698436122, -1, 1, 0.628698436122, -1, 0.628698436122, 0.628698436122, 0.628698436122, -1, 0.628698436122, -1, -1, -1, -1, -1, -1, -1, 0.628698436122, 0.628698436122, -1, 0.628698436122, -1, -1, 0.628698436122, 0.628698436122, -1, 0.748815956951, 0.628698436122, -1, -1, -1, 0.628698436122, -1, 1, 0.628698436122, -1, 59.14, 78.26, 95.73
1, -1, -1, 0.442986144974, -1, -1, 0.628698436122, 0.556406592277, 1, -1, -1, -1, -1, -1, -1, -1, -1, -1, 1, 0.748815956951, 0.442986144974, -1, -1, -1, -1, 0.628698436122, -1, 1, -1, 0.628698436122, -1, 0.748815956951, 1, -1, 0.442986144974, 0.748815956951, 1, -1, 0.442986144974, 0.442986144974, -1, -1, 1, 1, -1, 0.628698436122, -1, -1, 0.442986144974, -1, 66.67, 69.57, 92.59
1, -1, -1, -1, -1, -1, -1, -1, 1, -1, 1, -1, -1, -1, -1, -1, 1, -1, 1, -1, -1, -1, 1, -1, 1, -1, -1, 1, 1, 1, 1, -1, 1, 1, -1, 1, 1, -1, 1, -1, -1, 1, 1, 1, 1, 1, 1, 1, 1, 1, 48.39, 56.52, 93.16
-1, -1, -1, -1, -1, 0.537224801749, 0.703596687053, 0.975925312145, -1, 1, -1, 0.541669303509, 0.408413265388, 0.975925312145, -1, 0.975925312145, -1, 1, -1, 0.975925312145, -1, 0.975925312145, 0.975925312145, 0.975925312145, 0.541669303509, -1, 1, 0.975925312145, -1, 0.975925312145, -1, -1, -1, 0.975925312145, 0.537224801749, 0.975925312145, -1, 1, 0.975925312145, 0.541669303509, -1, -1, 0.975925312145, 0.703596687053, 1, 0.541669303509, 0.975925312145, 1, 0.408413265388, 1, 38.71, 86.96, 94.59
0.975925312145, -1, 0.975925312145, -1, -1, 0.975925312145, 0.975925312145, 0.975925312145, -1, 0.975925312145, -1, 0.975925312145, 0.975925312145, 0.975925312145, 0.975925312145, 0.975925312145, 0.975925312145, 0.975925312145, -1, 0.975925312145, -1, 0.975925312145, 0.975925312145, -1, 0.975925312145, 1, 0.975925312145, 0.975925312145, -1, -1, 0.975925312145, -1, 0.975925312145, -1, 0.975925312145, -1, -1, 0.975925312145, 0.975925312145, -1, -1, -1, 0.975925312145, 0.975925312145, 0.975925312145, 0.975925312145, -1, 0.975925312145, 0.975925312145, -1, 51.08, 78.26, 93.16
-1, -1, 1, -1, 1, -1, -1, 1, 1, 1, 1, -1, -1, -1, 1, 1, -1, 1, -1, 1, -1, -1, 1, 1, -1, 1, 1, 1, 1, 1, 1, -1, 1, -1, -1, -1, 1, 1, 1, -1, 1, -1, -1, -1, 1, -1, 1, 1, -1, 1, 65.59, 78.26, 92.31
-1, 1, -1, 0.483642481922, 0.483642481922, -1, 0.483642481922, 0.483642481922, 0.587239864607, -1, -1, 1, -1, -1, -1, 0.536077251911, 1, -1, -1, -1, -1, 1, 0.865028557694, 1, 1, -1, 0.865028557694, -1, 0.865028557694, 0.865028557694, -1, -1, -1, -1, -1, -1, 1, -1, -1, 0.865028557694, -1, -1, 0.483642481922, -1, -1, 0.483642481922, 1, 0.587239864607, 0.587239864607, -1, 54.84, 69.57, 92.88
-1, 1, -1, 0.865028557694, 0.653742004783, -1, -1, -1, -1, 0.865028557694, -1, -1, -1, 1, -1, -1, 1, -1, -1, 1, -1, 1, -1, -1, 1, -1, -1, 0.747195213302, 0.747195213302, -1, 0.865028557694, 1, -1, 1, -1, 1, 1, -1, 0.747195213302, 0.865028557694, -1, -1, 0.653742004783, -1, -1, -1, 1, -1, -1, -1, 45.7, 43.48, 93.45
-1, 1, -1, -1, -1, 1, -1, -1, -1, -1, 1, 1, 1, 1, 1, -1, 1, 1, -1, 1, 1, 1, -1, 1, 1, -1, -1, -1, -1, -1, -1, 1, -1, 1, -1, 1, 1, -1, -1, -1, 1, -1, -1, -1, -1, -1, 1, -1, -1, 1, 47.31, 43.48, 92.88
-1, 1, -1, 0.789224468923, -1, -1, 0.789224468923, 0.789224468923, 0.789224468923, 0.789224468923, 0.789224468923, -1, -1, 0.789224468923, 0.789224468923, 0.789224468923, 0.789224468923, 0.789224468923, -1, 0.789224468923, 0.789224468923, 0.789224468923, 0.789224468923, 0.789224468923, -1, 0.789224468923, -1, 0.789224468923, 0.789224468923, 0.789224468923, -1, 0.789224468923, -1, 0.789224468923, -1, 0.789224468923, -1, -1, 0.789224468923, 0.789224468923, -1, 0.789224468923, 0.789224468923, 0.789224468923, 0.789224468923, -1, 0.789224468923, -1, -1, -1, 61.83, 52.17, 92.02
-1, 1, 0.789224468923, -1, 0.789224468923, 0.789224468923, 0.789224468923, 0.789224468923, 0.789224468923, 0.789224468923, 0.789224468923, -1, -1, -1, 0.789224468923, -1, -1, 0.789224468923, -1, -1, -1, 0.789224468923, 0.789224468923, -1, -1, -1, -1, 0.789224468923, -1, 0.789224468923, -1, -1, -1, 0.789224468923, 0.789224468923, 0.789224468923, -1, -1, -1, -1, 1, 0.789224468923, 0.789224468923, -1, 0.789224468923, 0.789224468923, 0.789224468923, -1, 0.789224468923, 1, 45.16, 82.61, 94.59
1, 1, 1, -1, 1, -1, 1, -1, -1, -1, 1, 1, -1, 1, -1, -1, 1, 1, -1, 1, 1, 1, -1, -1, -1, 1, -1, -1, -1, -1, -1, -1, 1, -1, -1, 1, 1, -1, -1, 1, 1, -1, 1, -1, -1, 1, -1, -1, 1, 1, 49.46, 47.83, 94.87
