0.157217226588, 0.457678620943, 0.045860194191, 0.023544232593, 0.575015620911, 0.115589612997, 0.0230808970758, 0.365384456152, 0.960520622533, 0.53769480152, 0.111679207102, 0.52680171702, 0.551837157895, 0.17503004776, 0.778565858416, 0.796716706617, 0.432269476416, 0.739944889416, 0.018570024356, 0.024196128719, 0.162866377821, 0.3396996659, 0.0463080115562, 0.208803504659, 0.0963114032576, 0.0653331825739, 0.362129696908, 0.878275293195, 0.758051990106, 0.386399877304, 0.157217226588, 3.61156760684
0.157217226588, 0.457678620943, 0.045860194191, 0.023544232593, 0.575015620911, 0.115589612997, 0.0230808970758, 0.365384456152, 0.960520622533, 0.53769480152, 0.111679207102, 0.52680171702, 0.551837157895, 0.17503004776, 0.778565858416, 0.796716706617, 0.432269476416, 0.739944889416, 0.018570024356, 0.024196128719, 0.162866377821, 0.3396996659, 0.0463080115562, 0.208803504659, 0.0963114032576, 0.0653331825739, 0.362129696908, 0.878275293195, 0.758051990106, 0.386399877304, 0.157217226588, 3.61156760684
0.666324685946, 0.791566141658, 0.157299740737, 0.465580967227, 0.815297298828, 0.0675726833964, 0.336428719004, 0.268517157927, 0.808870927689, 0.9826424384, 0.0650298261262, 0.356785880628, 0.0670830870337, 0.582731171479, 0.413634491065, 0.994352551085, 0.305388364121, 0.0908783372716, 0.427549430666, 0.661795846252, 0.257593187009, 0.241288721161, 0.134616523969, 0.300134995467, 0.862904720178, 0.359410806794, 0.966677125826, 0.502696669051, 0.664902662158, 0.112452612803, 0.666324685946, 2.63799008582
0.666324685946, 0.791566141658, 0.157299740737, 0.465580967227, 0.815297298828, 0.0675726833964, 0.336428719004, 0.268517157927, 0.808870927689, 0.9826424384, 0.0650298261262, 0.356785880628, 0.0670830870337, 0.582731171479, 0.413634491065, 0.994352551085, 0.305388364121, 0.0908783372716, 0.427549430666, 0.661795846252, 0.257593187009, 0.241288721161, 0.134616523969, 0.300134995467, 0.862904720178, 0.359410806794, 0.966677125826, 0.502696669051, 0.664902662158, 0.112452612803, 0.666324685946, 2.63799008582
0.000129055268812, 0.0627187868237, 0.712900765919, 0.428767855152, 0.0556177923355, 0.748312913447, 0.152010388234, 0.979433043879, 0.423056103236, 0.200960073491, 0.816432565475, 0.223535452323, 0.156534006901, 0.768022212246, 0.0418907029303, 0.57203117199, 0.972522053484, 0.329029409641, 0.00135460200323, 0.878195015181, 0.917033420316, 0.44587043632, 0.750667033254, 0.821893035478, 0.874316542106, 0.319049022362, 0.0490524570826, 0.382407318676, 0.111757612417, 0.125142560468, 0.000129055268812, 5.10821189529
0.000129055268812, 0.0627187868237, 0.712900765919, 0.428767855152, 0.0556177923355, 0.748312913447, 0.152010388234, 0.979433043879, 0.423056103236, 0.200960073491, 0.816432565475, 0.223535452323, 0.156534006901, 0.768022212246, 0.0418907029303, 0.57203117199, 0.972522053484, 0.329029409641, 0.00135460200323, 0.878195015181, 0.917033420316, 0.44587043632, 0.750667033254, 0.821893035478, 0.874316542106, 0.319049022362, 0.0490524570826, 0.382407318676, 0.111757612417, 0.125142560468, 0.000129055268812, 5.10821189529
0.0116285895895, 0.0497111721516, 0.220032495822, 0.348513365051, 0.0651004930231, 0.958950527129, 0.0429972826742, 0.281997473186, 0.3877071826, 0.830331846925, 0.0146256840625, 0.707319235847, 0.89521367617, 0.0818369125204, 0.849978593117, 0.475563719832, 0.342966850254, 0.668851277246, 0.403583668813, 0.276799087458, 0.637780225049, 0.0847946871853, 0.253516075698, 0.549351965924, 0.609636689067, 0.88101678178, 0.137150562413, 0.044766263125, 0.136920520595, 0.0599093212636, 0.0116285895895, 4.27288194965
0.0116285895895, 0.0497111721516, 0.220032495822, 0.348513365051, 0.0651004930231, 0.958950527129, 0.0429972826742, 0.281997473186, 0.3877071826, 0.830331846925, 0.0146256840625, 0.707319235847, 0.89521367617, 0.0818369125204, 0.849978593117, 0.475563719832, 0.342966850254, 0.668851277246, 0.403583668813, 0.276799087458, 0.637780225049, 0.0847946871853, 0.253516075698, 0.549351965924, 0.609636689067, 0.88101678178, 0.137150562413, 0.044766263125, 0.136920520595, 0.0599093212636, 0.0116285895895, 4.27288194965
0.646412900016, 0.482998703008, 0.598531372241, 0.889839853597, 0.647736677078, 0.446484671178, 0.997490065657, 0.310655891949, 0.879894202927, 0.543278558975, 0.67794058274, 0.548117580121, 0.088754013225, 0.0172813853332, 0.355668386474, 0.272392434996, 0.262545132258, 0.139767218306, 0.382524129994, 0.558874449854, 0.572807249838, 0.00703654782349, 0.672066464779, 0.62086791014, 0.0331963076263, 0.471036580407, 0.248258095595, 0.75445677967, 0.760845035348, 0.805128728571, 0.646412900016, 2.85567815574
0.646412900016, 0.482998703008, 0.598531372241, 0.889839853597, 0.647736677078, 0.446484671178, 0.997490065657, 0.310655891949, 0.879894202927, 0.543278558975, 0.67794058274, 0.548117580121, 0.088754013225, 0.0172813853332, 0.355668386474, 0.272392434996, 0.262545132258, 0.139767218306, 0.382524129994, 0.558874449854, 0.572807249838, 0.00703654782349, 0.672066464779, 0.62086791014, 0.0331963076263, 0.471036580407, 0.248258095595, 0.75445677967, 0.760845035348, 0.805128728571, 0.646412900016, 2.85567815574
0.831633422069, 0.849350465487, 0.0467574749151, 0.894715102537, 0.958427514032, 0.435612426266, 0.441842403096, 0.955876084326, 0.164578337655, 0.0886870587175, 0.481945358276, 0.551254613485, 0.692004414162, 0.0997724427063, 0.135576207359, 0.136350616868, 0.266135895805, 0.269796831908, 0.615472898705, 0.503583917388, 0.281617602814, 0.154262912688, 0.407330150582, 0.504698455882, 0.534108903531, 0.256098148394, 0.830011018155, 0.0702506104378, 0.26978485754, 0.618514418967, 0.831633422069, 2.17147064304
0.831633422069, 0.849350465487, 0.0467574749151, 0.894715102537, 0.958427514032, 0.435612426266, 0.441842403096, 0.955876084326, 0.164578337655, 0.0886870587175, 0.481945358276, 0.551254613485, 0.692004414162, 0.0997724427063, 0.135576207359, 0.136350616868, 0.266135895805, 0.269796831908, 0.615472898705, 0.503583917388, 0.281617602814, 0.154262912688, 0.407330150582, 0.504698455882, 0.534108903531, 0.256098148394, 0.830011018155, 0.0702506104378, 0.26978485754, 0.618514418967, 0.831633422069, 2.17147064304
0.290755788993, 0.056119890087, 0.482060101709, 0.0617248512508, 0.142281068955, 0.515954967294, 0.0149652567995, 0.412481916233, 0.700557340181, 0.15112517704, 0.204001235735, 0.13929173491, 0.288339212122, 0.532803761316, 0.157732096625, 0.440320204597, 0.839157181107, 0.541438250747, 0.479210904163, 0.505492900927, 0.104074174286, 0.626205675125, 0.437885702212, 0.118103899672, 0.504968129848, 0.905302533798, 0.224706311363, 0.333501621745, 0.104077219082, 0.628788423636, 0.290755788993, 3.103817793
0.290755788993, 0.056119890087, 0.482060101709, 0.0617248512508, 0.142281068955, 0.515954967294, 0.0149652567995, 0.412481916233, 0.700557340181, 0.15112517704, 0.204001235735, 0.13929173491, 0.288339212122, 0.532803761316, 0.157732096625, 0.440320204597, 0.839157181107, 0.541438250747, 0.479210904163, 0.505492900927, 0.104074174286, 0.626205675125, 0.437885702212, 0.118103899672, 0.504968129848, 0.905302533798, 0.224706311363, 0.333501621745, 0.104077219082, 0.628788423636, 0.290755788993, 3.103817793
0.0830966748536, 0.752048515697, 0.580032830869, 0.661438086458, 0.349438148218, 0.801588913174, 0.0251758346498, 0.485204615026, 0.660418527481, 0.912056690755, 0.20858620221, 0.313487860163, 0.0729482706031, 0.23153061875, 0.545637943037, 0.189323937368, 0.504069119561, 0.0139951543671, 0.738361811499, 0.105590929081, 0.898112736567, 0.439917859058, 0.0943711742197, 0.105128013854, 0.333685398944, 0.134027223685, 0.085662189223, 0.0779560866973, 0.0724027969176, 0.531197572327, 0.0830966748536, 3.74395349366
0.0830966748536, 0.752048515697, 0.580032830869, 0.661438086458, 0.349438148218, 0.801588913174, 0.0251758346498, 0.485204615026, 0.660418527481, 0.912056690755, 0.20858620221, 0.313487860163, 0.0729482706031, 0.23153061875, 0.545637943037, 0.189323937368, 0.504069119561, 0.0139951543671, 0.738361811499, 0.105590929081, 0.898112736567, 0.439917859058, 0.0943711742197, 0.105128013854, 0.333685398944, 0.134027223685, 0.085662189223, 0.0779560866973, 0.0724027969176, 0.531197572327, 0.0830966748536, 3.74395349366
0.281298582106, 0.111325322254, 0.105116305398, 0.996779366141, 0.951365396918, 0.580275085523, 0.540310637507, 0.868601013041, 0.738613872906, 0.44517059809, 0.737330987466, 0.0893285230512, 0.759764096946, 0.694153584251, 0.130939092172, 0.113372419527, 0.00586071554927, 0.136177631753, 0.0207278570734, 0.0887556629157, 0.502941388593, 0.626605332471, 0.429450741912, 0.0268037520412, 0.212556743998, 0.439494898191, 0.403949241165, 0.743119742686, 0.94040168289, 0.663812521268, 0.281298582106, 3.71674184236
0.281298582106, 0.111325322254, 0.105116305398, 0.996779366141, 0.951365396918, 0.580275085523, 0.540310637507, 0.868601013041, 0.738613872906, 0.44517059809, 0.737330987466, 0.0893285230512, 0.759764096946, 0.694153584251, 0.130939092172, 0.113372419527, 0.00586071554927, 0.136177631753, 0.0207278570734, 0.0887556629157, 0.502941388593, 0.626605332471, 0.429450741912, 0.0268037520412, 0.212556743998, 0.439494898191, 0.403949241165, 0.743119742686, 0.94040168289, 0.663812521268, 0.281298582106, 3.71674184236
0.666324685946, 0.791566141658, 0.157299740737, 0.465580967227, 0.815297298828, 0.0675726833964, 0.336428719004, 0.268517157927, 0.808870927689, 0.9826424384, 0.0619184001403, 0.356785880628, 0.0670830870337, 0.965790323459, 0.199319482421, 0.994352551085, 0.305388364121, 0.101493144064, 0.427549430666, 0.661795846252, 0.257593187009, 0.241288721161, 0.134616523969, 0.300134995467, 0.862904720178, 0.359410806794, 0.966677125826, 0.502696669051, 0.664902662158, 0.112452612803, 0.666324685946, 2.68278364065
0.666324685946, 0.791566141658, 0.157299740737, 0.465580967227, 0.815297298828, 0.0675726833964, 0.336428719004, 0.268517157927, 0.808870927689, 0.9826424384, 0.0619184001403, 0.356785880628, 0.0670830870337, 0.965790323459, 0.199319482421, 0.994352551085, 0.305388364121, 0.101493144064, 0.427549430666, 0.661795846252, 0.257593187009, 0.241288721161, 0.134616523969, 0.300134995467, 0.862904720178, 0.359410806794, 0.966677125826, 0.502696669051, 0.664902662158, 0.112452612803, 0.666324685946, 2.68278364065
0.000129055268812, 0.598488318689, 0.712900765919, 0.826974322133, 0.141765766049, 0.748312913447, 0.152010388234, 0.979433043879, 0.423056103236, 0.200960073491, 0.816432565475, 0.223535452323, 0.156534006901, 0.317684573228, 0.0418907029303, 0.514141117118, 0.972522053484, 0.329029409641, 0.00135460200323, 0.878195015181, 0.917033420316, 0.44587043632, 0.750667033254, 0.821893035478, 0.874316542106, 0.319049022362, 0.0490524570826, 0.382407318676, 0.111757612417, 0.125142560468, 0.000129055268812, 5.26668103932
0.000129055268812, 0.598488318689, 0.712900765919, 0.826974322133, 0.141765766049, 0.748312913447, 0.152010388234, 0.979433043879, 0.423056103236, 0.200960073491, 0.816432565475, 0.223535452323, 0.156534006901, 0.317684573228, 0.0418907029303, 0.514141117118, 0.972522053484, 0.329029409641, 0.00135460200323, 0.878195015181, 0.917033420316, 0.44587043632, 0.750667033254, 0.821893035478, 0.874316542106, 0.319049022362, 0.0490524570826, 0.382407318676, 0.111757612417, 0.125142560468, 0.000129055268812, 5.26668103932
0.0158828730398, 0.725721186187, 0.0467574749151, 0.894715102537, 0.958427514032, 0.435612426266, 0.441842403096, 0.955876084326, 0.164578337655, 0.0398095795696, 0.481945358276, 0.551254613485, 0.692004414162, 0.0997724427063, 0.135576207359, 0.136350616868, 0.266135895805, 0.0775802158506, 0.254887191248, 0.503583917388, 0.281617602814, 0.154262912688, 0.407330150582, 0.504698455882, 0.534108903531, 0.256098148394, 0.830011018155, 0.0702506104378, 0.26978485754, 0.618514418967, 0.0158828730398, 4.37907113442
0.0158828730398, 0.725721186187, 0.0467574749151, 0.894715102537, 0.958427514032, 0.435612426266, 0.441842403096, 0.955876084326, 0.164578337655, 0.0398095795696, 0.481945358276, 0.551254613485, 0.692004414162, 0.0997724427063, 0.135576207359, 0.136350616868, 0.266135895805, 0.0775802158506, 0.254887191248, 0.503583917388, 0.281617602814, 0.154262912688, 0.407330150582, 0.504698455882, 0.534108903531, 0.256098148394, 0.830011018155, 0.0702506104378, 0.26978485754, 0.618514418967, 0.0158828730398, 4.37907113442
0.0565380693668, 0.0705819701265, 0.719069352042, 0.2594854138, 0.889543444297, 0.717119136906, 0.0711430865619, 0.253701915645, 0.503740414982, 0.134684168464, 0.870217868399, 0.119441478546, 0.961940087688, 0.19323218506, 0.888189635988, 0.260750148315, 0.0858192037241, 0.929563334661, 0.138189540626, 0.778828866077, 0.0212569098758, 0.438643732747, 0.368326089234, 0.0924766824428, 0.474421592386, 0.904795956002, 0.484500013079, 0.022867976846, 0.522050398643, 0.284772178185, 0.0565380693668, 4.28679524032
0.0565380693668, 0.0705819701265, 0.719069352042, 0.2594854138, 0.889543444297, 0.717119136906, 0.0711430865619, 0.253701915645, 0.503740414982, 0.134684168464, 0.870217868399, 0.119441478546, 0.961940087688, 0.19323218506, 0.888189635988, 0.260750148315, 0.0858192037241, 0.929563334661, 0.138189540626, 0.778828866077, 0.0212569098758, 0.438643732747, 0.368326089234, 0.0924766824428, 0.474421592386, 0.904795956002, 0.484500013079, 0.022867976846, 0.522050398643, 0.284772178185, 0.0565380693668, 4.28679524032
0.0116285895895, 0.585399170059, 0.220032495822, 0.348513365051, 0.0164514651178, 0.958950527129, 0.0429972826742, 0.281997473186, 0.3877071826, 0.918423423932, 0.0146256840625, 0.707319235847, 0.89521367617, 0.0818369125204, 0.849978593117, 0.475563719832, 0.342966850254, 0.668851277246, 0.403583668813, 0.276799087458, 0.637780225049, 0.0847946871853, 0.253516075698, 0.549351965924, 0.609636689067, 0.88101678178, 0.198849381008, 0.044766263125, 0.136920520595, 0.0599093212636, 0.0116285895895, 4.46555246749
0.0116285895895, 0.585399170059, 0.220032495822, 0.348513365051, 0.0164514651178, 0.958950527129, 0.0429972826742, 0.281997473186, 0.3877071826, 0.918423423932, 0.0146256840625, 0.707319235847, 0.89521367617, 0.0818369125204, 0.849978593117, 0.475563719832, 0.342966850254, 0.668851277246, 0.403583668813, 0.276799087458, 0.637780225049, 0.0847946871853, 0.253516075698, 0.549351965924, 0.609636689067, 0.88101678178, 0.198849381008, 0.044766263125, 0.136920520595, 0.0599093212636, 0.0116285895895, 4.46555246749
0.646412900016, 0.482998703008, 0.598531372241, 0.9973643501, 0.647736677078, 0.603042697205, 0.904861736004, 0.310655891949, 0.879894202927, 0.543278558975, 0.67794058274, 0.548117580121, 0.088754013225, 0.277276204552, 0.355668386474, 0.363645415686, 0.262545132258, 0.139767218306, 0.382524129994, 0.558874449854, 0.572807249838, 0.0154234758006, 0.767106655602, 0.62086791014, 0.0331963076263, 0.61573816463, 0.248258095595, 0.917610934384, 0.725386819837, 0.805128728571, 0.646412900016, 3.08672262257
0.646412900016, 0.482998703008, 0.598531372241, 0.9973643501, 0.647736677078, 0.603042697205, 0.904861736004, 0.310655891949, 0.879894202927, 0.543278558975, 0.67794058274, 0.548117580121, 0.088754013225, 0.277276204552, 0.355668386474, 0.363645415686, 0.262545132258, 0.139767218306, 0.382524129994, 0.558874449854, 0.572807249838, 0.0154234758006, 0.767106655602, 0.62086791014, 0.0331963076263, 0.61573816463, 0.248258095595, 0.917610934384, 0.725386819837, 0.805128728571, 0.646412900016, 3.08672262257
0.844185983855, 0.268061666985, 0.373680651505, 0.241554545082, 0.387990323446, 0.550045723631, 0.612674639396, 0.610975966787, 0.514821271576, 0.476163383121, 0.0803327581064, 0.916270472894, 0.465801016083, 0.471563458514, 0.78676453526, 0.350911790493, 0.975052213501, 0.955573172921, 0.299767097893, 0.0309614001608, 0.718062323441, 0.0348794765221, 0.161116421319, 0.172015571591, 0.0664352880572, 0.717245967585, 0.419247504068, 0.534015306367, 0.326458907651, 0.789639462955, 0.844185983855, 2.21890494928
0.844185983855, 0.268061666985, 0.373680651505, 0.241554545082, 0.387990323446, 0.550045723631, 0.612674639396, 0.610975966787, 0.514821271576, 0.476163383121, 0.0803327581064, 0.916270472894, 0.465801016083, 0.471563458514, 0.78676453526, 0.350911790493, 0.975052213501, 0.955573172921, 0.299767097893, 0.0309614001608, 0.718062323441, 0.0348794765221, 0.161116421319, 0.172015571591, 0.0664352880572, 0.717245967585, 0.419247504068, 0.534015306367, 0.326458907651, 0.789639462955, 0.844185983855, 2.21890494928
0.290755788993, 0.056119890087, 0.482060101709, 0.0617248512508, 0.142281068955, 0.528594655484, 0.0149652567995, 0.412481916233, 0.700557340181, 0.15112517704, 0.204001235735, 0.13929173491, 0.681938758492, 0.532803761316, 0.157732096625, 0.440320204597, 0.839157181107, 0.541438250747, 0.479210904163, 0.505492900927, 0.104074174286, 0.626205675125, 0.437885702212, 0.118103899672, 0.504968129848, 0.905302533798, 0.224706311363, 0.333501621745, 0.104077219082, 0.628788423636, 0.290755788993, 3.21362985227
0.290755788993, 0.056119890087, 0.482060101709, 0.0617248512508, 0.142281068955, 0.528594655484, 0.0149652567995, 0.412481916233, 0.700557340181, 0.15112517704, 0.204001235735, 0.13929173491, 0.681938758492, 0.532803761316, 0.157732096625, 0.440320204597, 0.839157181107, 0.541438250747, 0.479210904163, 0.505492900927, 0.104074174286, 0.626205675125, 0.437885702212, 0.118103899672, 0.504968129848, 0.905302533798, 0.224706311363, 0.333501621745, 0.104077219082, 0.628788423636, 0.290755788993, 3.21362985227
0.102568490617, 0.192943813776, 0.577367176292, 0.186490559594, 0.983728145872, 0.844336835976, 0.447110927515, 0.341147564627, 0.755224548411, 0.97412425176, 0.0923921805673, 0.116064948911, 0.474087331018, 0.114965311025, 0.323503680786, 0.0860651003616, 0.21369918278, 0.633126571681, 0.394449632655, 0.0124865385336, 0.0784921066239, 0.247317889658, 0.0427400792651, 0.688556963876, 0.555855266053, 0.337514302222, 0.811694860299, 0.142455274872, 0.162515680949, 0.325140376133, 0.102568490617, 3.79383690664
0.102568490617, 0.192943813776, 0.577367176292, 0.186490559594, 0.983728145872, 0.844336835976, 0.447110927515, 0.341147564627, 0.755224548411, 0.97412425176, 0.0923921805673, 0.116064948911, 0.474087331018, 0.114965311025, 0.323503680786, 0.0860651003616, 0.21369918278, 0.633126571681, 0.394449632655, 0.0124865385336, 0.0784921066239, 0.247317889658, 0.0427400792651, 0.688556963876, 0.555855266053, 0.337514302222, 0.811694860299, 0.142455274872, 0.162515680949, 0.325140376133, 0.102568490617, 3.79383690664
0.0830966748536, 0.752048515697, 0.974854145729, 0.661438086458, 0.349438148218, 0.801588913174, 0.0251758346498, 0.485204615026, 0.950956638974, 0.912056690755, 0.20858620221, 0.313487860163, 0.0729482706031, 0.749230956715, 0.545637943037, 0.189323937368, 0.504069119561, 0.0139951543671, 0.762225754418, 0.105590929081, 0.898112736567, 0.439917859058, 0.0943711742197, 0.105128013854, 0.333685398944, 0.134027223685, 0.322524831871, 0.0779560866973, 0.0724027969176, 0.699338914851, 0.0830966748536, 4.21652487897
0.0830966748536, 0.752048515697, 0.974854145729, 0.661438086458, 0.349438148218, 0.801588913174, 0.0251758346498, 0.485204615026, 0.950956638974, 0.912056690755, 0.20858620221, 0.313487860163, 0.0729482706031, 0.749230956715, 0.545637943037, 0.189323937368, 0.504069119561, 0.0139951543671, 0.762225754418, 0.105590929081, 0.898112736567, 0.439917859058, 0.0943711742197, 0.105128013854, 0.333685398944, 0.134027223685, 0.322524831871, 0.0779560866973, 0.0724027969176, 0.699338914851, 0.0830966748536, 4.21652487897
0.677241760224, 0.942705336619, 0.137063836014, 0.356200037482, 0.234062662566, 0.792658294027, 0.0685408427747, 0.662641994802, 0.97872359483, 0.221577607026, 0.674654980955, 0.527744130178, 0.0433583175534, 0.496718310089, 0.221386136983, 0.18075041395, 0.894366676345, 0.345614841296, 0.388381316422, 0.154769544787, 0.0933775742915, 0.771490272301, 0.01537652692, 0.23188476798, 0.554260559469, 0.407315953805, 0.32599776095, 0.776884984794, 0.9490215687, 0.949875467251, 0.677241760224, 2.84483795459
0.677241760224, 0.942705336619, 0.137063836014, 0.356200037482, 0.234062662566, 0.792658294027, 0.0685408427747, 0.662641994802, 0.97872359483, 0.221577607026, 0.674654980955, 0.527744130178, 0.0433583175534, 0.496718310089, 0.221386136983, 0.18075041395, 0.894366676345, 0.345614841296, 0.388381316422, 0.154769544787, 0.0933775742915, 0.771490272301, 0.01537652692, 0.23188476798, 0.554260559469, 0.407315953805, 0.32599776095, 0.776884984794, 0.9490215687, 0.949875467251, 0.677241760224, 2.84483795459
0.0352334817667, 0.326421037657, 0.0309254042855, 0.628748390204, 0.958466813735, 0.119596012558, 0.441723734557, 0.33410287374, 0.772989057587, 0.536619187801, 0.073128701665, 0.819441884997, 0.092808239578, 0.486211370285, 0.007100593376, 0.719991123144, 0.933754627616, 0.614946456376, 0.270911110661, 0.28504348904, 0.114373531973, 0.139753037257, 0.216406448529, 0.957639702337, 0.909233015207, 0.969101281252, 0.231484493395, 0.287165134148, 0.120547447078, 0.2026447064, 0.0352334817667, 4.46327221537
0.0352334817667, 0.326421037657, 0.0309254042855, 0.628748390204, 0.958466813735, 0.119596012558, 0.441723734557, 0.33410287374, 0.772989057587, 0.536619187801, 0.073128701665, 0.819441884997, 0.092808239578, 0.486211370285, 0.007100593376, 0.719991123144, 0.933754627616, 0.614946456376, 0.270911110661, 0.28504348904, 0.114373531973, 0.139753037257, 0.216406448529, 0.957639702337, 0.909233015207, 0.969101281252, 0.231484493395, 0.287165134148, 0.120547447078, 0.2026447064, 0.0352334817667, 4.46327221537
0.0565380693668, 0.0705819701265, 0.719069352042, 0.2594854138, 0.889543444297, 0.717119136906, 0.0711430865619, 0.220853556351, 0.503740414982, 0.134684168464, 0.870217868399, 0.119441478546, 0.961940087688, 0.19323218506, 0.888189635988, 0.260750148315, 0.0858192037241, 0.929563334661, 0.138189540626, 0.778828866077, 0.0212569098758, 0.438643732747, 0.368326089234, 0.235317877038, 0.474421592386, 0.904795956002, 0.484500013079, 0.294761074681, 0.252018817598, 0.674443323933, 0.0565380693668, 4.43411905093
0.0565380693668, 0.0705819701265, 0.719069352042, 0.2594854138, 0.889543444297, 0.717119136906, 0.0711430865619, 0.220853556351, 0.503740414982, 0.134684168464, 0.870217868399, 0.119441478546, 0.961940087688, 0.19323218506, 0.888189635988, 0.260750148315, 0.0858192037241, 0.929563334661, 0.138189540626, 0.778828866077, 0.0212569098758, 0.438643732747, 0.368326089234, 0.235317877038, 0.474421592386, 0.904795956002, 0.484500013079, 0.294761074681, 0.252018817598, 0.674443323933, 0.0565380693668, 4.43411905093
0.0302091512307, 0.874080101261, 0.103811940763, 0.873927840498, 0.487620317003, 0.749616574254, 0.182363528156, 0.256626838314, 0.971259628562, 0.450168904643, 0.20634137371, 0.563958258397, 0.975289282871, 0.660478948893, 0.00626985227766, 0.927623208937, 0.855963619183, 0.341642658156, 0.12281587911, 0.873210299677, 0.259147465615, 0.819259159458, 0.990160012964, 0.336514541579, 0.899146739119, 0.252996843945, 0.882854925157, 0.777128048598, 0.628104622025, 0.440846557994, 0.0302091512307, 5.74676130461
0.0302091512307, 0.874080101261, 0.103811940763, 0.873927840498, 0.487620317003, 0.749616574254, 0.182363528156, 0.256626838314, 0.971259628562, 0.450168904643, 0.20634137371, 0.563958258397, 0.975289282871, 0.660478948893, 0.00626985227766, 0.927623208937, 0.855963619183, 0.341642658156, 0.12281587911, 0.873210299677, 0.259147465615, 0.819259159458, 0.990160012964, 0.336514541579, 0.899146739119, 0.252996843945, 0.882854925157, 0.777128048598, 0.628104622025, 0.440846557994, 0.0302091512307, 5.74676130461
0.844185983855, 0.268061666985, 0.373680651505, 0.241554545082, 0.387990323446, 0.550045723631, 0.612674639396, 0.610975966787, 0.638829959509, 0.476163383121, 0.0803327581064, 0.916270472894, 0.514544038275, 0.471563458514, 0.78676453526, 0.350911790493, 0.975052213501, 0.955573172921, 0.299767097893, 0.0309614001608, 0.718062323441, 0.0348794765221, 0.161116421319, 0.172015571591, 0.0664352880572, 0.717245967585, 0.419247504068, 0.534015306367, 0.326458907651, 0.789639462955, 0.844185983855, 2.26167171337
0.844185983855, 0.268061666985, 0.373680651505, 0.241554545082, 0.387990323446, 0.550045723631, 0.612674639396, 0.610975966787, 0.638829959509, 0.476163383121, 0.0803327581064, 0.916270472894, 0.514544038275, 0.471563458514, 0.78676453526, 0.350911790493, 0.975052213501, 0.955573172921, 0.299767097893, 0.0309614001608, 0.718062323441, 0.0348794765221, 0.161116421319, 0.172015571591, 0.0664352880572, 0.717245967585, 0.419247504068, 0.534015306367, 0.326458907651, 0.789639462955, 0.844185983855, 2.26167171337
0.408995682135, 0.370288404511, 0.0551995947557, 0.876648220165, 0.445193906486, 0.408405032859, 0.716963341469, 0.883919742671, 0.344595097074, 0.279840635263, 0.281685347961, 0.616949033082, 0.879167590596, 0.888210876897, 0.00223420846588, 0.544913144765, 0.0962649767806, 0.127326972176, 0.891427391895, 0.737461710998, 0.187440859297, 0.120387351031, 0.723512346469, 0.0102285054342, 0.516421112412, 0.236584101647, 0.31236897215, 0.494746120069, 0.975009737293, 0.976928378288, 0.408995682135, 3.75234438378
0.408995682135, 0.370288404511, 0.0551995947557, 0.876648220165, 0.445193906486, 0.408405032859, 0.716963341469, 0.883919742671, 0.344595097074, 0.279840635263, 0.281685347961, 0.616949033082, 0.879167590596, 0.888210876897, 0.00223420846588, 0.544913144765, 0.0962649767806, 0.127326972176, 0.891427391895, 0.737461710998, 0.187440859297, 0.120387351031, 0.723512346469, 0.0102285054342, 0.516421112412, 0.236584101647, 0.31236897215, 0.494746120069, 0.975009737293, 0.976928378288, 0.408995682135, 3.75234438378
0.44745521942, 0.0896335575686, 0.449198381566, 0.0306957241613, 0.585912428211, 0.778564462398, 0.223727429752, 0.993749380839, 0.370212828051, 0.320831253323, 0.924951074303, 0.390290218654, 0.7462440257, 0.466529596917, 0.0139410853574, 0.566298620199, 0.551141711943, 0.859173398177, 0.574959116561, 0.499167759291, 0.384021320054, 0.829043123712, 0.874435311875, 0.109406405998, 0.0796281045047, 0.0242351735296, 0.747534507431, 0.652168686075, 0.613807779179, 0.0283222974985, 0.44745521942, 3.29338761886
0.44745521942, 0.0896335575686, 0.449198381566, 0.0306957241613, 0.585912428211, 0.778564462398, 0.223727429752, 0.993749380839, 0.370212828051, 0.320831253323, 0.924951074303, 0.390290218654, 0.7462440257, 0.466529596917, 0.0139410853574, 0.566298620199, 0.551141711943, 0.859173398177, 0.574959116561, 0.499167759291, 0.384021320054, 0.829043123712, 0.874435311875, 0.109406405998, 0.0796281045047, 0.0242351735296, 0.747534507431, 0.652168686075, 0.613807779179, 0.0283222974985, 0.44745521942, 3.29338761886
0.574577627731, 0.0905945237058, 0.821379343081, 0.0971481870024, 0.0316290602227, 0.621023902541, 0.11192856703, 0.187039807581, 0.661613871288, 0.658838881247, 0.728141275457, 0.283872710654, 0.45858349285, 0.0184879145562, 0.165720814012, 0.678441820538, 0.19517233538, 0.298028236033, 0.0240176751683, 0.726625474898, 0.122988043938, 0.426609242373, 0.108828633567, 0.187745150582, 0.962650884937, 0.173035878431, 0.445327552072, 0.877836235515, 0.729127516039, 0.257817712133, 0.574577627731, 3.27117338653
0.574577627731, 0.0905945237058, 0.821379343081, 0.0971481870024, 0.0316290602227, 0.621023902541, 0.11192856703, 0.187039807581, 0.661613871288, 0.658838881247, 0.728141275457, 0.283872710654, 0.45858349285, 0.0184879145562, 0.165720814012, 0.678441820538, 0.19517233538, 0.298028236033, 0.0240176751683, 0.726625474898, 0.122988043938, 0.426609242373, 0.108828633567, 0.187745150582, 0.962650884937, 0.173035878431, 0.445327552072, 0.877836235515, 0.729127516039, 0.257817712133, 0.574577627731, 3.27117338653
0.281298582106, 0.111325322254, 0.105116305398, 0.672648712845, 0.951365396918, 0.580275085523, 0.999984036218, 0.816179256062, 0.738613872906, 0.44517059809, 0.737330987466, 0.0893285230512, 0.759764096946, 0.694153584251, 0.130939092172, 0.113372419527, 0.00586071554927, 0.136177631753, 0.00824831785522, 0.0887556629157, 0.502941388593, 0.626605332471, 0.429450741912, 0.0268037520412, 0.212556743998, 0.787599222859, 0.403949241165, 0.743119742686, 0.94040168289, 0.663812521268, 0.281298582106, 3.83148365118
0.281298582106, 0.111325322254, 0.105116305398, 0.672648712845, 0.951365396918, 0.580275085523, 0.999984036218, 0.816179256062, 0.738613872906, 0.44517059809, 0.737330987466, 0.0893285230512, 0.759764096946, 0.694153584251, 0.130939092172, 0.113372419527, 0.00586071554927, 0.136177631753, 0.00824831785522, 0.0887556629157, 0.502941388593, 0.626605332471, 0.429450741912, 0.0268037520412, 0.212556743998, 0.787599222859, 0.403949241165, 0.743119742686, 0.94040168289, 0.663812521268, 0.281298582106, 3.83148365118
0.102568490617, 0.192943813776, 0.577367176292, 0.186490559594, 0.983728145872, 0.844336835976, 0.447110927515, 0.710772758244, 0.755224548411, 0.97412425176, 0.0923921805673, 0.116064948911, 0.474087331018, 0.114965311025, 0.323503680786, 0.0860651003616, 0.576646789865, 0.633126571681, 0.394449632655, 0.0324337302504, 0.0784921066239, 0.247317889658, 0.0427400792651, 0.688556963876, 0.189242870267, 0.337514302222, 0.811694860299, 0.142455274872, 0.162515680949, 0.325140376133, 0.102568490617, 3.90458249089
0.102568490617, 0.192943813776, 0.577367176292, 0.186490559594, 0.983728145872, 0.844336835976, 0.447110927515, 0.710772758244, 0.755224548411, 0.97412425176, 0.0923921805673, 0.116064948911, 0.474087331018, 0.114965311025, 0.323503680786, 0.0860651003616, 0.576646789865, 0.633126571681, 0.394449632655, 0.0324337302504, 0.0784921066239, 0.247317889658, 0.0427400792651, 0.688556963876, 0.189242870267, 0.337514302222, 0.811694860299, 0.142455274872, 0.162515680949, 0.325140376133, 0.102568490617, 3.90458249089
0.0966493414146, 0.676466798349, 0.947415773255, 0.099144310121, 0.824215072156, 0.837138900425, 0.032198431828, 0.0722874964728, 0.804561569564, 0.307249666325, 0.72578157372, 0.312764247087, 0.517364487191, 0.0239348387631, 0.121836411859, 0.25412163766, 0.342884178717, 0.576904937374, 0.540819678311, 0.220110353939, 0.228799927993, 0.61647181115, 0.748102498311, 0.916894961161, 0.043923181592, 0.335770509241, 0.574815527021, 0.400304990393, 0.529262873452, 0.26777789469, 0.0966493414146, 4.29769914259
0.0966493414146, 0.676466798349, 0.947415773255, 0.099144310121, 0.824215072156, 0.837138900425, 0.032198431828, 0.0722874964728, 0.804561569564, 0.307249666325, 0.72578157372, 0.312764247087, 0.517364487191, 0.0239348387631, 0.121836411859, 0.25412163766, 0.342884178717, 0.576904937374, 0.540819678311, 0.220110353939, 0.228799927993, 0.61647181115, 0.748102498311, 0.916894961161, 0.043923181592, 0.335770509241, 0.574815527021, 0.400304990393, 0.529262873452, 0.26777789469, 0.0966493414146, 4.29769914259
0.677241760224, 0.942705336619, 0.0257029137136, 0.356200037482, 0.234062662566, 0.792658294027, 0.0685408427747, 0.662641994802, 0.97872359483, 0.221577607026, 0.674654980955, 0.527744130178, 0.0433583175534, 0.496718310089, 0.221386136983, 0.560707132483, 0.994205751704, 0.345614841296, 0.388381316422, 0.154769544787, 0.0933775742915, 0.771490272301, 0.01537652692, 0.33038882141, 0.554260559469, 0.407315953805, 0.32599776095, 0.776884984794, 0.9490215687, 0.949875467251, 0.677241760224, 2.96367680836
0.677241760224, 0.942705336619, 0.0257029137136, 0.356200037482, 0.234062662566, 0.792658294027, 0.0685408427747, 0.662641994802, 0.97872359483, 0.221577607026, 0.674654980955, 0.527744130178, 0.0433583175534, 0.496718310089, 0.221386136983, 0.560707132483, 0.994205751704, 0.345614841296, 0.388381316422, 0.154769544787, 0.0933775742915, 0.771490272301, 0.01537652692, 0.33038882141, 0.554260559469, 0.407315953805, 0.32599776095, 0.776884984794, 0.9490215687, 0.949875467251, 0.677241760224, 2.96367680836
0.0352334817667, 0.326421037657, 0.0309254042855, 0.628748390204, 0.958466813735, 0.119596012558, 0.441723734557, 0.247774417555, 0.772989057587, 0.536619187801, 0.073128701665, 0.819441884997, 0.092808239578, 0.486211370285, 0.007100593376, 0.563041566149, 0.933754627616, 0.923064506867, 0.270911110661, 0.28504348904, 0.114373531973, 0.139753037257, 0.216406448529, 0.957639702337, 0.909233015207, 0.969101281252, 0.231484493395, 0.287165134148, 0.1996941901, 0.2026447064, 0.0352334817667, 4.5060695298
0.0352334817667, 0.326421037657, 0.0309254042855, 0.628748390204, 0.958466813735, 0.119596012558, 0.441723734557, 0.247774417555, 0.772989057587, 0.536619187801, 0.073128701665, 0.819441884997, 0.092808239578, 0.486211370285, 0.007100593376, 0.563041566149, 0.933754627616, 0.923064506867, 0.270911110661, 0.28504348904, 0.114373531973, 0.139753037257, 0.216406448529, 0.957639702337, 0.909233015207, 0.969101281252, 0.231484493395, 0.287165134148, 0.1996941901, 0.2026447064, 0.0352334817667, 4.5060695298
0.0670384824262, 0.267354533317, 0.807143215767, 0.343884931476, 0.392332330025, 0.286288568941, 0.703355596877, 0.416624822903, 0.450383344689, 0.363297336967, 0.281884468509, 0.0765367575104, 0.970698858629, 0.364214443617, 0.312520600672, 0.10743656531, 0.282253800648, 0.821387739382, 0.0374383128303, 0.258989029696, 0.265854269806, 0.591580222389, 0.541349961196, 0.370125281162, 0.988408611899, 0.369510273398, 0.521625355332, 0.377409351815, 0.888419226942, 0.82228767891, 0.0670384824262, 4.47794875101
0.0670384824262, 0.267354533317, 0.807143215767, 0.343884931476, 0.392332330025, 0.286288568941, 0.703355596877, 0.416624822903, 0.450383344689, 0.363297336967, 0.281884468509, 0.0765367575104, 0.970698858629, 0.364214443617, 0.312520600672, 0.10743656531, 0.282253800648, 0.821387739382, 0.0374383128303, 0.258989029696, 0.265854269806, 0.591580222389, 0.541349961196, 0.370125281162, 0.988408611899, 0.369510273398, 0.521625355332, 0.377409351815, 0.888419226942, 0.82228767891, 0.0670384824262, 4.47794875101
0.0302091512307, 0.752906202278, 0.632039356575, 0.873927840498, 0.887085434953, 0.389499085674, 0.521131987589, 0.403336391195, 0.971259628562, 0.450168904643, 0.20634137371, 0.563958258397, 0.975289282871, 0.660478948893, 0.00626985227766, 0.927623208937, 0.855963619183, 0.92861666972, 0.208619585647, 0.0622479125446, 0.894349491673, 0.819259159458, 0.990160012964, 0.401319597608, 0.780766618804, 0.316222972018, 0.977333371962, 0.777128048598, 0.628104622025, 0.440846557994, 0.0302091512307, 6.20623531437
0.0302091512307, 0.752906202278, 0.632039356575, 0.873927840498, 0.887085434953, 0.389499085674, 0.521131987589, 0.403336391195, 0.971259628562, 0.450168904643, 0.20634137371, 0.563958258397, 0.975289282871, 0.660478948893, 0.00626985227766, 0.927623208937, 0.855963619183, 0.92861666972, 0.208619585647, 0.0622479125446, 0.894349491673, 0.819259159458, 0.990160012964, 0.401319597608, 0.780766618804, 0.316222972018, 0.977333371962, 0.777128048598, 0.628104622025, 0.440846557994, 0.0302091512307, 6.20623531437
0.861823344303, 0.0536411950982, 0.0290082230667, 0.209825457857, 0.702880109983, 0.193055312469, 0.735441337953, 0.529599129675, 0.419539890957, 0.05352231032, 0.92463844165, 0.813472224964, 0.977873766202, 0.470446497731, 0.321448503762, 0.800906964395, 0.622706335583, 0.702413234557, 0.742875087875, 0.769010387036, 0.247275701632, 0.384046101681, 0.364941388677, 0.864680474332, 0.102656751889, 0.350355335548, 0.259718623889, 0.249177794791, 0.904551452707, 0.529015882827, 0.861823344303, 2.47717938164
0.861823344303, 0.0536411950982, 0.0290082230667, 0.209825457857, 0.702880109983, 0.193055312469, 0.735441337953, 0.529599129675, 0.419539890957, 0.05352231032, 0.92463844165, 0.813472224964, 0.977873766202, 0.470446497731, 0.321448503762, 0.800906964395, 0.622706335583, 0.702413234557, 0.742875087875, 0.769010387036, 0.247275701632, 0.384046101681, 0.364941388677, 0.864680474332, 0.102656751889, 0.350355335548, 0.259718623889, 0.249177794791, 0.904551452707, 0.529015882827, 0.861823344303, 2.47717938164
0.851645929513, 0.427813177589, 0.360572451054, 0.265895078028, 0.991069346949, 0.304425341649, 0.0103527161161, 0.874824767889, 0.919318712793, 0.862420522087, 0.141607572399, 0.394079709467, 0.700566657164, 0.160397386935, 0.464916141031, 0.993961330931, 0.494595590641, 0.758176570182, 0.282424172084, 0.351550077315, 0.358392357592, 0.0882541041609, 0.332502407519, 0.682193337575, 0.371174612507, 0.96111467157, 0.636723339898, 0.128183598606, 0.625023291416, 0.694069584787, 0.851645929513, 2.5192930043
0.851645929513, 0.427813177589, 0.360572451054, 0.265895078028, 0.991069346949, 0.304425341649, 0.0103527161161, 0.874824767889, 0.919318712793, 0.862420522087, 0.141607572399, 0.394079709467, 0.700566657164, 0.160397386935, 0.464916141031, 0.993961330931, 0.494595590641, 0.758176570182, 0.282424172084, 0.351550077315, 0.358392357592, 0.0882541041609, 0.332502407519, 0.682193337575, 0.371174612507, 0.96111467157, 0.636723339898, 0.128183598606, 0.625023291416, 0.694069584787, 0.851645929513, 2.5192930043
0.572011397969, 0.3741992736, 0.99522248651, 0.480110707035, 0.467602186259, 0.0617894995362, 0.533160436199, 0.0929781929927, 0.161974668723, 0.570703896445, 0.372018294508, 0.0454136776617, 0.134533225173, 0.560578278283, 0.284688267224, 0.891201114525, 0.213879526707, 0.574622919748, 0.0944605857838, 0.218020834619, 0.915666412343, 0.499007551416, 0.0080999858432, 0.119266360499, 0.650345294967, 0.341797387023, 0.725024478391, 0.378128992649, 0.721259865968, 0.404353817897, 0.572011397969, 3.49273428561
0.572011397969, 0.3741992736, 0.99522248651, 0.480110707035, 0.467602186259, 0.0617894995362, 0.533160436199, 0.0929781929927, 0.161974668723, 0.570703896445, 0.372018294508, 0.0454136776617, 0.134533225173, 0.560578278283, 0.284688267224, 0.891201114525, 0.213879526707, 0.574622919748, 0.0944605857838, 0.218020834619, 0.915666412343, 0.499007551416, 0.0080999858432, 0.119266360499, 0.650345294967, 0.341797387023, 0.725024478391, 0.378128992649, 0.721259865968, 0.404353817897, 0.572011397969, 3.49273428561
0.44745521942, 0.881204755926, 0.449198381566, 0.0306957241613, 0.585912428211, 0.778564462398, 0.223727429752, 0.993749380839, 0.370212828051, 0.320831253323, 0.924951074303, 0.390290218654, 0.7462440257, 0.466529596917, 0.0139410853574, 0.566298620199, 0.551141711943, 0.859173398177, 0.574959116561, 0.499167759291, 0.384021320054, 0.829043123712, 0.874435311875, 0.105913061592, 0.0796281045047, 0.0242351735296, 0.747534507431, 0.652168686075, 0.613807779179, 0.0283222974985, 0.44745521942, 3.50275373102
0.44745521942, 0.881204755926, 0.449198381566, 0.0306957241613, 0.585912428211, 0.778564462398, 0.223727429752, 0.993749380839, 0.370212828051, 0.320831253323, 0.924951074303, 0.390290218654, 0.7462440257, 0.466529596917, 0.0139410853574, 0.566298620199, 0.551141711943, 0.859173398177, 0.574959116561, 0.499167759291, 0.384021320054, 0.829043123712, 0.874435311875, 0.105913061592, 0.0796281045047, 0.0242351735296, 0.747534507431, 0.652168686075, 0.613807779179, 0.0283222974985, 0.44745521942, 3.50275373102
0.616589501568, 0.332060855063, 0.746005870233, 0.248324731105, 0.224580591243, 0.636775254716, 0.753106704132, 0.154481880289, 0.972480487436, 0.0501084660313, 0.207187384106, 0.594307312408, 0.353071938033, 0.422802662596, 0.462454578817, 0.408496362062, 0.574030145587, 0.378345829193, 0.890761389875, 0.0616272095529, 0.779705251898, 0.245253158654, 0.794557274765, 0.34098449127, 0.439219185765, 0.856424545301, 0.518906860981, 0.799868414715, 0.654405059232, 0.545036282051, 0.616589501568, 3.33735448178
0.616589501568, 0.332060855063, 0.746005870233, 0.248324731105, 0.224580591243, 0.636775254716, 0.753106704132, 0.154481880289, 0.972480487436, 0.0501084660313, 0.207187384106, 0.594307312408, 0.353071938033, 0.422802662596, 0.462454578817, 0.408496362062, 0.574030145587, 0.378345829193, 0.890761389875, 0.0616272095529, 0.779705251898, 0.245253158654, 0.794557274765, 0.34098449127, 0.439219185765, 0.856424545301, 0.518906860981, 0.799868414715, 0.654405059232, 0.545036282051, 0.616589501568, 3.33735448178
0.601715263147, 0.0383005167869, 0.842873428818, 0.234776039603, 0.41614801995, 0.633610174042, 0.565691212525, 0.684648024647, 0.0630894464419, 0.794977642406, 0.988860644869, 0.430376378425, 0.980307660587, 0.451436085415, 0.129795776663, 0.0483424202047, 0.342859803524, 0.306926532037, 0.975884360366, 0.721881372329, 0.341801961798, 0.0206506999506, 0.754323835367, 0.893275671372, 0.205275601475, 0.430120970976, 0.193768240398, 0.22373467254, 0.272080899883, 0.479827184736, 0.601715263147, 3.38128601524
0.601715263147, 0.0383005167869, 0.842873428818, 0.234776039603, 0.41614801995, 0.633610174042, 0.565691212525, 0.684648024647, 0.0630894464419, 0.794977642406, 0.988860644869, 0.430376378425, 0.980307660587, 0.451436085415, 0.129795776663, 0.0483424202047, 0.342859803524, 0.306926532037, 0.975884360366, 0.721881372329, 0.341801961798, 0.0206506999506, 0.754323835367, 0.893275671372, 0.205275601475, 0.430120970976, 0.193768240398, 0.22373467254, 0.272080899883, 0.479827184736, 0.601715263147, 3.38128601524
0.157217226588, 0.457678620943, 0.045860194191, 0.023544232593, 0.575015620911, 0.115589612997, 0.725485284029, 0.365384456152, 0.960520622533, 0.53769480152, 0.823867183484, 0.52680171702, 0.926458889676, 0.17503004776, 0.778565858416, 0.852460360085, 0.432269476416, 0.739944889416, 0.018570024356, 0.303850197798, 0.162866377821, 0.3396996659, 0.0463080115562, 0.208803504659, 0.0963114032576, 0.0653331825739, 0.362129696908, 0.878275293195, 0.758051990106, 0.386399877304, 0.157217226588, 4.20999637393
0.157217226588, 0.457678620943, 0.045860194191, 0.023544232593, 0.575015620911, 0.115589612997, 0.725485284029, 0.365384456152, 0.960520622533, 0.53769480152, 0.823867183484, 0.52680171702, 0.926458889676, 0.17503004776, 0.778565858416, 0.852460360085, 0.432269476416, 0.739944889416, 0.018570024356, 0.303850197798, 0.162866377821, 0.3396996659, 0.0463080115562, 0.208803504659, 0.0963114032576, 0.0653331825739, 0.362129696908, 0.878275293195, 0.758051990106, 0.386399877304, 0.157217226588, 4.20999637393
0.248317915265, 0.126440438486, 0.133012447482, 0.385631701669, 0.188745555638, 0.354107388827, 0.384796116167, 0.872095207887, 0.0531720016857, 0.164890387532, 0.644267185448, 0.596926129553, 0.35011263907, 0.195443741133, 0.245312190409, 0.700023299227, 0.925671792879, 0.391820262455, 0.519074194109, 0.501792226331, 0.911765766553, 0.289470023013, 0.908370519806, 0.236929071152, 0.761395840035, 0.476221830366, 0.955919906857, 0.89597788542, 0.742968345519, 0.0689945400834, 0.248317915265, 3.93964314197
0.248317915265, 0.126440438486, 0.133012447482, 0.385631701669, 0.188745555638, 0.354107388827, 0.384796116167, 0.872095207887, 0.0531720016857, 0.164890387532, 0.644267185448, 0.596926129553, 0.35011263907, 0.195443741133, 0.245312190409, 0.700023299227, 0.925671792879, 0.391820262455, 0.519074194109, 0.501792226331, 0.911765766553, 0.289470023013, 0.908370519806, 0.236929071152, 0.761395840035, 0.476221830366, 0.955919906857, 0.89597788542, 0.742968345519, 0.0689945400834, 0.248317915265, 3.93964314197
0.126504815503, 0.0929071657098, 0.333598765425, 0.0558397501542, 0.344979891768, 0.522439628864, 0.480315107326, 0.406877836194, 0.141932674532, 0.33706137509, 0.189140677095, 0.515814524594, 0.944773737164, 0.41887540313, 0.741156359442, 0.616985800406, 0.995174511153, 0.179523565932, 0.589599338763, 0.109265743539, 0.561476800003, 0.274451601104, 0.567273154448, 0.707552878418, 0.152675057048, 0.694996134147, 0.000599022851606, 0.957571400901, 0.354563751662, 0.893217538382, 0.126504815503, 4.38164043213
0.126504815503, 0.0929071657098, 0.333598765425, 0.0558397501542, 0.344979891768, 0.522439628864, 0.480315107326, 0.406877836194, 0.141932674532, 0.33706137509, 0.189140677095, 0.515814524594, 0.944773737164, 0.41887540313, 0.741156359442, 0.616985800406, 0.995174511153, 0.179523565932, 0.589599338763, 0.109265743539, 0.561476800003, 0.274451601104, 0.567273154448, 0.707552878418, 0.152675057048, 0.694996134147, 0.000599022851606, 0.957571400901, 0.354563751662, 0.893217538382, 0.126504815503, 4.38164043213
0.050161588023, 0.30003776311, 0.655929659965, 0.789980361533, 0.179719609579, 0.747289861691, 0.138875182657, 0.516962505922, 0.724488025581, 0.930849343674, 0.903275160144, 0.379295980646, 0.170115020934, 0.254302271345, 0.621403553137, 0.927135716008, 0.478373546282, 0.152702497418, 0.402940845791, 0.891869571886, 0.275969359488, 0.660675514579, 0.425176181677, 0.239897752883, 0.920370824023, 0.910291521456, 0.644891569612, 0.266479206952, 0.556067628188, 0.774344579657, 0.050161588023, 5.32086869022
0.050161588023, 0.30003776311, 0.655929659965, 0.789980361533, 0.179719609579, 0.747289861691, 0.138875182657, 0.516962505922, 0.724488025581, 0.930849343674, 0.903275160144, 0.379295980646, 0.170115020934, 0.254302271345, 0.621403553137, 0.927135716008, 0.478373546282, 0.152702497418, 0.402940845791, 0.891869571886, 0.275969359488, 0.660675514579, 0.425176181677, 0.239897752883, 0.920370824023, 0.910291521456, 0.644891569612, 0.266479206952, 0.556067628188, 0.774344579657, 0.050161588023, 5.32086869022
0.871779733789, 0.208850997132, 0.951228051178, 0.309024894864, 0.265982741393, 0.609343948996, 0.399820033361, 0.55026731627, 0.490053970757, 0.46268472321, 0.92809022024, 0.811408040142, 0.872084756675, 0.119806962479, 0.237277076256, 0.618230118, 0.0331205517186, 0.266756587868, 0.000685224748354, 0.899847262565, 0.713055256627, 0.42692560047, 0.851816312452, 0.594763929246, 0.673457620758, 0.7050377246, 0.383114111704, 0.393460967166, 0.246472523602, 0.0934178735274, 0.871779733789, 2.5394539729
0.871779733789, 0.208850997132, 0.951228051178, 0.309024894864, 0.265982741393, 0.609343948996, 0.399820033361, 0.55026731627, 0.490053970757, 0.46268472321, 0.92809022024, 0.811408040142, 0.872084756675, 0.119806962479, 0.237277076256, 0.618230118, 0.0331205517186, 0.266756587868, 0.000685224748354, 0.899847262565, 0.713055256627, 0.42692560047, 0.851816312452, 0.594763929246, 0.673457620758, 0.7050377246, 0.383114111704, 0.393460967166, 0.246472523602, 0.0934178735274, 0.871779733789, 2.5394539729
0.248317915265, 0.126440438486, 0.133012447482, 0.385631701669, 0.188745555638, 0.354107388827, 0.384796116167, 0.872095207887, 0.0531720016857, 0.164890387532, 0.644267185448, 0.596926129553, 0.974495911964, 0.195443741133, 0.245312190409, 0.700023299227, 0.925671792879, 0.391820262455, 0.519074194109, 0.177077480901, 0.911765766553, 0.289470023013, 0.908370519806, 0.236929071152, 0.761395840035, 0.476221830366, 0.955919906857, 0.952412292762, 0.742968345519, 0.0689945400834, 0.248317915265, 4.03830200445
0.466804616142, 0.0383005167869, 0.842873428818, 0.234776039603, 0.41614801995, 0.968947077909, 0.565691212525, 0.684648024647, 0.0630894464419, 0.795795105271, 0.996555130323, 0.430376378425, 0.980307660587, 0.712247670598, 0.129795776663, 0.0483424202047, 0.342859803524, 0.897107956245, 0.975884360366, 0.721881372329, 0.341801961798, 0.0206506999506, 0.754323835367, 0.893275671372, 0.739621188533, 0.430120970976, 0.193768240398, 0.22373467254, 0.272080899883, 0.479827184736, 0.466804616142, 3.67896069165
