0.656435380178, 0.056119890087, 0.482060101709, 0.0617248512508, 0.0694135073926, 0.515954967294, 0.00312724530874, 0.260398613656, 0.700557340181, 0.0529118813771, 0.0218458432787, 0.718566081857, 0.288339212122, 0.532803761316, 0.157732096625, 0.440320204597, 0.222493909789, 0.541438250747, 0.528579892104, 0.224838714325, 0.104074174286, 0.310336535295, 0.437885702212, 0.118103899672, 0.504968129848, 0.956717145343, 0.262392264064, 0.769158078904, 0.104077219082, 0.812486913996, 0.656435380178, 1.88363794772
0.656435380178, 0.056119890087, 0.482060101709, 0.0617248512508, 0.0694135073926, 0.515954967294, 0.00312724530874, 0.260398613656, 0.700557340181, 0.0529118813771, 0.0218458432787, 0.718566081857, 0.288339212122, 0.532803761316, 0.157732096625, 0.440320204597, 0.222493909789, 0.541438250747, 0.528579892104, 0.224838714325, 0.104074174286, 0.310336535295, 0.437885702212, 0.118103899672, 0.504968129848, 0.956717145343, 0.262392264064, 0.769158078904, 0.104077219082, 0.812486913996, 0.656435380178, 1.88363794772
0.617999316914, 0.0643352764711, 0.212829365913, 0.661438086458, 0.282025502205, 0.801588913174, 0.0246777290379, 0.485204615026, 0.806825463016, 0.152359183041, 0.146559405508, 0.0188586865395, 0.180268161566, 0.23153061875, 0.409240431182, 0.0506941994376, 0.218561384926, 0.0139951543671, 0.878582511741, 0.277385401748, 0.898112736567, 0.439917859058, 0.247812455242, 0.105128013854, 0.333685398944, 0.134027223685, 0.085662189223, 0.275785833607, 0.0724027969176, 0.531197572327, 0.617999316914, 1.94099911994
0.617999316914, 0.0643352764711, 0.212829365913, 0.661438086458, 0.282025502205, 0.801588913174, 0.0246777290379, 0.485204615026, 0.806825463016, 0.152359183041, 0.146559405508, 0.0188586865395, 0.180268161566, 0.23153061875, 0.409240431182, 0.0506941994376, 0.218561384926, 0.0139951543671, 0.878582511741, 0.277385401748, 0.898112736567, 0.439917859058, 0.247812455242, 0.105128013854, 0.333685398944, 0.134027223685, 0.085662189223, 0.275785833607, 0.0724027969176, 0.531197572327, 0.617999316914, 1.94099911994
0.203590538558, 0.626452332228, 0.212829365913, 0.478001523527, 0.71170334941, 0.801588913174, 0.0251758346498, 0.332544979943, 0.00439341992927, 0.152359183041, 0.146559405508, 0.313487860163, 0.180268161566, 0.23153061875, 0.380576297031, 0.0506941994376, 0.945693377647, 0.0139951543671, 0.878582511741, 0.277385401748, 0.898112736567, 0.439917859058, 0.0907236603297, 0.105128013854, 0.333685398944, 0.134027223685, 0.085662189223, 0.275785833607, 0.0724027969176, 0.531197572327, 0.203590538558, 3.09223232863
0.203590538558, 0.626452332228, 0.212829365913, 0.478001523527, 0.71170334941, 0.801588913174, 0.0251758346498, 0.332544979943, 0.00439341992927, 0.152359183041, 0.146559405508, 0.313487860163, 0.180268161566, 0.23153061875, 0.380576297031, 0.0506941994376, 0.945693377647, 0.0139951543671, 0.878582511741, 0.277385401748, 0.898112736567, 0.439917859058, 0.0907236603297, 0.105128013854, 0.333685398944, 0.134027223685, 0.085662189223, 0.275785833607, 0.0724027969176, 0.531197572327, 0.203590538558, 3.09223232863
0.861823344303, 0.0536411950982, 0.0290082230667, 0.286989679106, 0.148112300067, 0.00367466617783, 0.253827983834, 0.529599129675, 0.680389940859, 0.00781993858205, 0.92463844165, 0.334026442856, 0.998046607849, 0.193644216941, 0.321448503762, 0.222646425533, 0.622706335583, 0.245634173378, 0.512212721604, 0.382299465085, 0.247275701632, 0.334133685908, 0.258907898928, 0.864680474332, 0.102656751889, 0.350355335548, 0.0714530949948, 0.249177794791, 0.440412663285, 0.206920204974, 0.861823344303, 1.39028960252
0.861823344303, 0.0536411950982, 0.0290082230667, 0.286989679106, 0.148112300067, 0.00367466617783, 0.253827983834, 0.529599129675, 0.680389940859, 0.00781993858205, 0.92463844165, 0.334026442856, 0.998046607849, 0.193644216941, 0.321448503762, 0.222646425533, 0.622706335583, 0.245634173378, 0.512212721604, 0.382299465085, 0.247275701632, 0.334133685908, 0.258907898928, 0.864680474332, 0.102656751889, 0.350355335548, 0.0714530949948, 0.249177794791, 0.440412663285, 0.206920204974, 0.861823344303, 1.39028960252
1.19563888513e-05, 0.0627187868237, 0.712900765919, 0.175353145081, 0.0556177923355, 0.87568624025, 0.152010388234, 0.990413049446, 0.339250129879, 0.362706393478, 0.816432565475, 0.407416593896, 0.214853979911, 0.470161623773, 0.0411560511613, 0.57203117199, 0.992055542388, 0.112303140637, 0.00135460200323, 0.878195015181, 0.917033420316, 0.83357602517, 0.932693666367, 0.622417517147, 0.874316542106, 0.319049022362, 0.0143602037046, 0.249844918316, 0.0985368841222, 0.125142560468, 1.19563888513e-05, 5.09481984464
1.19563888513e-05, 0.0627187868237, 0.712900765919, 0.175353145081, 0.0556177923355, 0.87568624025, 0.152010388234, 0.990413049446, 0.339250129879, 0.362706393478, 0.816432565475, 0.407416593896, 0.214853979911, 0.470161623773, 0.0411560511613, 0.57203117199, 0.992055542388, 0.112303140637, 0.00135460200323, 0.878195015181, 0.917033420316, 0.83357602517, 0.932693666367, 0.622417517147, 0.874316542106, 0.319049022362, 0.0143602037046, 0.249844918316, 0.0985368841222, 0.125142560468, 1.19563888513e-05, 5.09481984464
0.843625849956, 0.676466798349, 0.947415773255, 0.279624131343, 0.450887011526, 0.837138900425, 0.226345610689, 0.0498419878425, 0.38805680582, 0.307249666325, 0.71568551837, 0.312764247087, 0.395051454664, 0.143998302799, 0.121836411859, 0.225884364395, 0.342884178717, 0.576904937374, 0.0778948713613, 0.220110353939, 0.156661312257, 0.675573637213, 0.748102498311, 0.683071015104, 0.00573070752358, 0.00688435814634, 0.469220495106, 0.688450432421, 0.529262873452, 0.26777789469, 0.843625849956, 1.78543589122
0.843625849956, 0.676466798349, 0.947415773255, 0.279624131343, 0.450887011526, 0.837138900425, 0.226345610689, 0.0498419878425, 0.38805680582, 0.307249666325, 0.71568551837, 0.312764247087, 0.395051454664, 0.143998302799, 0.121836411859, 0.225884364395, 0.342884178717, 0.576904937374, 0.0778948713613, 0.220110353939, 0.156661312257, 0.675573637213, 0.748102498311, 0.683071015104, 0.00573070752358, 0.00688435814634, 0.469220495106, 0.688450432421, 0.529262873452, 0.26777789469, 0.843625849956, 1.78543589122
0.000129055268812, 0.0627187868237, 0.645099339826, 0.251139197832, 0.0410418567347, 0.749806361988, 0.152010388234, 0.228389015389, 0.693457445903, 0.0918444418552, 0.623974086226, 0.223535452323, 0.156534006901, 0.768022212246, 0.0418907029303, 0.57203117199, 0.998525511884, 0.0642546999107, 0.00115815643784, 0.878195015181, 0.680185876928, 0.884209756548, 0.750667033254, 0.561949192637, 0.874316542106, 0.319049022362, 0.0490524570826, 0.382407318676, 0.111757612417, 0.125142560468, 0.000129055268812, 4.69398725707
0.000129055268812, 0.0627187868237, 0.645099339826, 0.251139197832, 0.0410418567347, 0.749806361988, 0.152010388234, 0.228389015389, 0.693457445903, 0.0918444418552, 0.623974086226, 0.223535452323, 0.156534006901, 0.768022212246, 0.0418907029303, 0.57203117199, 0.998525511884, 0.0642546999107, 0.00115815643784, 0.878195015181, 0.680185876928, 0.884209756548, 0.750667033254, 0.561949192637, 0.874316542106, 0.319049022362, 0.0490524570826, 0.382407318676, 0.111757612417, 0.125142560468, 0.000129055268812, 4.69398725707
1.02669605742e-05, 0.0627187868237, 0.712900765919, 0.428767855152, 0.0329387011477, 0.446758798387, 0.152010388234, 0.990413049446, 0.423056103236, 0.200960073491, 0.816432565475, 0.407416593896, 0.156534006901, 0.812272571718, 0.0411560511613, 0.965645621823, 0.992055542388, 0.149289208067, 0.00135460200323, 0.847062855032, 0.917033420316, 0.44587043632, 0.932693666367, 0.622417517147, 0.919562484932, 0.319049022362, 0.0032652923524, 0.688801371134, 0.111757612417, 0.0860713385591, 1.02669605742e-05, 5.24012196038
1.02669605742e-05, 0.0627187868237, 0.712900765919, 0.428767855152, 0.0329387011477, 0.446758798387, 0.152010388234, 0.990413049446, 0.423056103236, 0.200960073491, 0.816432565475, 0.407416593896, 0.156534006901, 0.812272571718, 0.0411560511613, 0.965645621823, 0.992055542388, 0.149289208067, 0.00135460200323, 0.847062855032, 0.917033420316, 0.44587043632, 0.932693666367, 0.622417517147, 0.919562484932, 0.319049022362, 0.0032652923524, 0.688801371134, 0.111757612417, 0.0860713385591, 1.02669605742e-05, 5.24012196038
0.0706972863179, 0.316052456162, 0.186929475499, 0.374118354204, 0.349438148218, 0.801588913174, 0.0251758346498, 0.485204615026, 0.660418527481, 0.912056690755, 0.120121061537, 0.446902180378, 0.0489577066044, 0.23153061875, 0.545637943037, 0.302078189233, 0.0845361741738, 0.013585545249, 0.914238828888, 0.105590929081, 0.960254108375, 0.243438381163, 0.0802222310825, 0.105128013854, 0.333685398944, 0.134027223685, 0.085662189223, 0.0157803613834, 0.0652934163611, 0.46398112337, 0.0706972863179, 3.33808897815
0.0706972863179, 0.316052456162, 0.186929475499, 0.374118354204, 0.349438148218, 0.801588913174, 0.0251758346498, 0.485204615026, 0.660418527481, 0.912056690755, 0.120121061537, 0.446902180378, 0.0489577066044, 0.23153061875, 0.545637943037, 0.302078189233, 0.0845361741738, 0.013585545249, 0.914238828888, 0.105590929081, 0.960254108375, 0.243438381163, 0.0802222310825, 0.105128013854, 0.333685398944, 0.134027223685, 0.085662189223, 0.0157803613834, 0.0652934163611, 0.46398112337, 0.0706972863179, 3.33808897815
0.11488945801, 0.046963379522, 0.482060101709, 0.0594998202284, 0.0658880541247, 0.762145787829, 0.0189118713664, 0.53869184875, 0.0843250100654, 0.109827352327, 0.0284742932749, 0.13929173491, 0.681938758492, 0.532803761316, 0.172445389166, 0.440320204597, 0.707456357792, 0.20020029636, 0.416397719631, 0.511492600146, 0.0667486674428, 0.773617780698, 0.838230189984, 0.109406405998, 0.266137910944, 0.608396086716, 0.224706311363, 0.0885246322388, 0.104077219082, 0.0411354088795, 0.11488945801, 3.21880543633
0.11488945801, 0.046963379522, 0.482060101709, 0.0594998202284, 0.0658880541247, 0.762145787829, 0.0189118713664, 0.53869184875, 0.0843250100654, 0.109827352327, 0.0284742932749, 0.13929173491, 0.681938758492, 0.532803761316, 0.172445389166, 0.440320204597, 0.707456357792, 0.20020029636, 0.416397719631, 0.511492600146, 0.0667486674428, 0.773617780698, 0.838230189984, 0.109406405998, 0.266137910944, 0.608396086716, 0.224706311363, 0.0885246322388, 0.104077219082, 0.0411354088795, 0.11488945801, 3.21880543633
0.000365081893623, 0.457678620943, 0.045860194191, 0.00877150766614, 0.575015620911, 0.236499792212, 0.0230808970758, 0.065516549847, 0.591545662161, 0.53769480152, 0.0685977878403, 0.559690714901, 0.551837157895, 0.17503004776, 0.0709493384441, 0.268264860583, 0.432269476416, 0.739944889416, 0.018570024356, 0.024196128719, 0.162866377821, 0.558157364256, 0.0463080115562, 0.208803504659, 0.0963114032576, 0.0653331825739, 0.362129696908, 0.878275293195, 0.191444960503, 0.664978715247, 0.000365081893623, 3.65880275143
0.000365081893623, 0.457678620943, 0.045860194191, 0.00877150766614, 0.575015620911, 0.236499792212, 0.0230808970758, 0.065516549847, 0.591545662161, 0.53769480152, 0.0685977878403, 0.559690714901, 0.551837157895, 0.17503004776, 0.0709493384441, 0.268264860583, 0.432269476416, 0.739944889416, 0.018570024356, 0.024196128719, 0.162866377821, 0.558157364256, 0.0463080115562, 0.208803504659, 0.0963114032576, 0.0653331825739, 0.362129696908, 0.878275293195, 0.191444960503, 0.664978715247, 0.000365081893623, 3.65880275143
0.844185983855, 0.00743238445308, 0.373680651505, 0.127633550968, 0.321624074893, 0.550045723631, 0.612674639396, 0.113825229906, 0.3943327981, 0.53179309922, 0.118619762907, 0.479370167231, 0.116545520602, 0.504861785437, 0.78676453526, 0.0605649121641, 0.975052213501, 0.955573172921, 0.299767097893, 0.00836569476876, 0.527934704593, 0.0348794765221, 0.161116421319, 0.0872036333471, 0.0406545198716, 0.179132764328, 0.56629160918, 0.534015306367, 0.326458907651, 0.789639462955, 0.844185983855, 1.55313315993
0.844185983855, 0.00743238445308, 0.373680651505, 0.127633550968, 0.321624074893, 0.550045723631, 0.612674639396, 0.113825229906, 0.3943327981, 0.53179309922, 0.118619762907, 0.479370167231, 0.116545520602, 0.504861785437, 0.78676453526, 0.0605649121641, 0.975052213501, 0.955573172921, 0.299767097893, 0.00836569476876, 0.527934704593, 0.0348794765221, 0.161116421319, 0.0872036333471, 0.0406545198716, 0.179132764328, 0.56629160918, 0.534015306367, 0.326458907651, 0.789639462955, 0.844185983855, 1.55313315993
0.267441890524, 0.752048515697, 0.212829365913, 0.661438086458, 0.282025502205, 0.719733261207, 0.0246777290379, 0.485204615026, 0.806825463016, 0.152359183041, 0.146559405508, 0.0131018535786, 0.180268161566, 0.23153061875, 0.409240431182, 0.0195807112485, 0.218561384926, 0.0139951543671, 0.878582511741, 0.277385401748, 0.898112736567, 0.439917859058, 0.0907236603297, 0.105128013854, 0.333685398944, 0.134027223685, 0.085662189223, 0.275785833607, 0.0724027969176, 0.531197572327, 0.267441890524, 2.67960596429
0.267441890524, 0.752048515697, 0.212829365913, 0.661438086458, 0.282025502205, 0.719733261207, 0.0246777290379, 0.485204615026, 0.806825463016, 0.152359183041, 0.146559405508, 0.0131018535786, 0.180268161566, 0.23153061875, 0.409240431182, 0.0195807112485, 0.218561384926, 0.0139951543671, 0.878582511741, 0.277385401748, 0.898112736567, 0.439917859058, 0.0907236603297, 0.105128013854, 0.333685398944, 0.134027223685, 0.085662189223, 0.275785833607, 0.0724027969176, 0.531197572327, 0.267441890524, 2.67960596429
4.64369011015e-05, 0.0627187868237, 0.997774944406, 0.0258991663787, 0.0556177923355, 0.87568624025, 0.152010388234, 0.979433043879, 0.158056199273, 0.440267065683, 0.752147088496, 0.407416593896, 0.156534006901, 0.773388779747, 0.0411560511613, 0.0226131832014, 0.98987494876, 0.112303140637, 0.00135460200323, 0.878195015181, 0.712042820269, 0.44587043632, 0.932693666367, 0.622417517147, 0.670066739199, 0.56784177446, 0.023288353753, 0.649028219335, 0.111757612417, 0.125142560468, 4.64369011015e-05, 4.93943065591
4.64369011015e-05, 0.0627187868237, 0.997774944406, 0.0258991663787, 0.0556177923355, 0.87568624025, 0.152010388234, 0.979433043879, 0.158056199273, 0.440267065683, 0.752147088496, 0.407416593896, 0.156534006901, 0.773388779747, 0.0411560511613, 0.0226131832014, 0.98987494876, 0.112303140637, 0.00135460200323, 0.878195015181, 0.712042820269, 0.44587043632, 0.932693666367, 0.622417517147, 0.670066739199, 0.56784177446, 0.023288353753, 0.649028219335, 0.111757612417, 0.125142560468, 4.64369011015e-05, 4.93943065591
5.238526255e-07, 0.0513200286237, 0.712900765919, 0.428767855152, 0.47047868929, 0.87568624025, 0.0757986584311, 0.999526383891, 0.828207331993, 0.580102673949, 0.816432565475, 0.577907710015, 0.156534006901, 0.808779411443, 0.0411560511613, 0.57203117199, 0.992055542388, 0.112303140637, 0.00135460200323, 0.878195015181, 0.992132759549, 0.83357602517, 0.932693666367, 0.622417517147, 0.874316542106, 0.319049022362, 0.0490524570826, 0.249844918316, 0.111757612417, 0.125142560468, 5.238526255e-07, 5.68122936261
5.238526255e-07, 0.0513200286237, 0.712900765919, 0.428767855152, 0.47047868929, 0.87568624025, 0.0757986584311, 0.999526383891, 0.828207331993, 0.580102673949, 0.816432565475, 0.577907710015, 0.156534006901, 0.808779411443, 0.0411560511613, 0.57203117199, 0.992055542388, 0.112303140637, 0.00135460200323, 0.878195015181, 0.992132759549, 0.83357602517, 0.932693666367, 0.622417517147, 0.874316542106, 0.319049022362, 0.0490524570826, 0.249844918316, 0.111757612417, 0.125142560468, 5.238526255e-07, 5.68122936261
0.831633422069, 0.849350465487, 0.13762213886, 0.49045469056, 0.958427514032, 0.0822648222941, 0.441842403096, 0.955876084326, 0.249102222638, 0.112834680577, 0.173777012753, 0.551254613485, 0.530197415368, 0.0997724427063, 0.0559238386987, 0.136350616868, 0.266135895805, 0.269796831908, 0.756567643044, 0.369132489592, 0.281617602814, 0.154262912688, 0.407330150582, 0.323355831491, 0.115390404125, 0.256098148394, 0.830011018155, 0.0702506104378, 0.255646361603, 0.911437626087, 0.831633422069, 1.82328949994
0.831633422069, 0.849350465487, 0.13762213886, 0.49045469056, 0.958427514032, 0.0822648222941, 0.441842403096, 0.955876084326, 0.249102222638, 0.112834680577, 0.173777012753, 0.551254613485, 0.530197415368, 0.0997724427063, 0.0559238386987, 0.136350616868, 0.266135895805, 0.269796831908, 0.756567643044, 0.369132489592, 0.281617602814, 0.154262912688, 0.407330150582, 0.323355831491, 0.115390404125, 0.256098148394, 0.830011018155, 0.0702506104378, 0.255646361603, 0.911437626087, 0.831633422069, 1.82328949994
0.44745521942, 0.0896335575686, 0.957319892451, 0.0306957241613, 0.18409251127, 0.513879112934, 0.458656636397, 0.0713652173871, 0.370212828051, 0.320831253323, 0.924951074303, 0.390290218654, 0.362007740061, 0.466529596917, 0.0126628797641, 0.566298620199, 0.682101907597, 0.272517905093, 0.216579799623, 0.0308127552287, 0.0674595608574, 0.829043123712, 0.874435311875, 0.186279714371, 0.762719388381, 0.0242351735296, 0.803298230525, 0.116380281373, 0.361085293456, 0.00768490031085, 0.44745521942, 2.55044349669
0.44745521942, 0.0896335575686, 0.957319892451, 0.0306957241613, 0.18409251127, 0.513879112934, 0.458656636397, 0.0713652173871, 0.370212828051, 0.320831253323, 0.924951074303, 0.390290218654, 0.362007740061, 0.466529596917, 0.0126628797641, 0.566298620199, 0.682101907597, 0.272517905093, 0.216579799623, 0.0308127552287, 0.0674595608574, 0.829043123712, 0.874435311875, 0.186279714371, 0.762719388381, 0.0242351735296, 0.803298230525, 0.116380281373, 0.361085293456, 0.00768490031085, 0.44745521942, 2.55044349669
0.847162557935, 0.849350465487, 0.0860946984375, 0.960107764416, 0.973682753695, 0.0822648222941, 0.277639096739, 0.955876084326, 0.100514386883, 0.112834680577, 0.104153521686, 0.270830312847, 0.692004414162, 0.0997724427063, 0.135576207359, 0.136350616868, 0.266135895805, 0.269796831908, 0.240264127928, 0.503583917388, 0.281617602814, 0.167439857838, 0.467834046955, 0.137855324767, 0.115390404125, 0.0509871539817, 0.830011018155, 0.0702506104378, 0.26978485754, 0.84782977455, 0.847162557935, 1.48067820083
0.847162557935, 0.849350465487, 0.0860946984375, 0.960107764416, 0.973682753695, 0.0822648222941, 0.277639096739, 0.955876084326, 0.100514386883, 0.112834680577, 0.104153521686, 0.270830312847, 0.692004414162, 0.0997724427063, 0.135576207359, 0.136350616868, 0.266135895805, 0.269796831908, 0.240264127928, 0.503583917388, 0.281617602814, 0.167439857838, 0.467834046955, 0.137855324767, 0.115390404125, 0.0509871539817, 0.830011018155, 0.0702506104378, 0.26978485754, 0.84782977455, 0.847162557935, 1.48067820083
0.646412900016, 0.482998703008, 0.725818153461, 0.0617248512508, 0.853966242707, 0.446484671178, 0.00534190667258, 0.390898053665, 0.879894202927, 0.171399835005, 0.67794058274, 0.548117580121, 0.088754013225, 0.532803761316, 0.351233700938, 0.0690665652782, 0.262545132258, 0.104527645796, 0.382524129994, 0.558874449854, 0.572807249838, 0.00703654782349, 0.175333494223, 0.62086791014, 0.0315738517714, 0.471036580407, 0.248258095595, 0.75445677967, 0.760845035348, 0.805128728571, 0.646412900016, 2.34501960006
0.646412900016, 0.482998703008, 0.725818153461, 0.0617248512508, 0.853966242707, 0.446484671178, 0.00534190667258, 0.390898053665, 0.879894202927, 0.171399835005, 0.67794058274, 0.548117580121, 0.088754013225, 0.532803761316, 0.351233700938, 0.0690665652782, 0.262545132258, 0.104527645796, 0.382524129994, 0.558874449854, 0.572807249838, 0.00703654782349, 0.175333494223, 0.62086791014, 0.0315738517714, 0.471036580407, 0.248258095595, 0.75445677967, 0.760845035348, 0.805128728571, 0.646412900016, 2.34501960006
0.656435380178, 0.056119890087, 0.482060101709, 0.0617248512508, 0.142281068955, 0.515954967294, 0.00312724530874, 0.610549130141, 0.700557340181, 0.15112517704, 0.0218458432787, 0.718566081857, 0.288339212122, 0.532803761316, 0.157732096625, 0.440320204597, 0.222493909789, 0.541438250747, 0.528579892104, 0.272200362302, 0.104074174286, 0.626205675125, 0.437885702212, 0.118103899672, 0.504968129848, 0.905302533798, 0.262392264064, 0.769158078904, 0.094468802902, 0.812486913996, 0.656435380178, 2.08932671539
0.656435380178, 0.056119890087, 0.482060101709, 0.0617248512508, 0.142281068955, 0.515954967294, 0.00312724530874, 0.610549130141, 0.700557340181, 0.15112517704, 0.0218458432787, 0.718566081857, 0.288339212122, 0.532803761316, 0.157732096625, 0.440320204597, 0.222493909789, 0.541438250747, 0.528579892104, 0.272200362302, 0.104074174286, 0.626205675125, 0.437885702212, 0.118103899672, 0.504968129848, 0.905302533798, 0.262392264064, 0.769158078904, 0.094468802902, 0.812486913996, 0.656435380178, 2.08932671539
1.19563888513e-05, 0.0627187868237, 0.712900765919, 0.175353145081, 0.0556177923355, 0.87568624025, 0.152010388234, 0.990413049446, 0.339250129879, 0.447512673698, 0.839605219456, 0.407416593896, 0.214853979911, 0.812272571718, 0.0411560511613, 0.57203117199, 0.992055542388, 0.112303140637, 0.00135460200323, 0.878195015181, 0.917033420316, 0.83357602517, 0.932693666367, 0.622417517147, 0.874316542106, 0.319049022362, 0.0143602037046, 0.249844918316, 0.111757612417, 0.125142560468, 1.19563888513e-05, 5.23849661078
1.19563888513e-05, 0.0627187868237, 0.712900765919, 0.175353145081, 0.0556177923355, 0.87568624025, 0.152010388234, 0.990413049446, 0.339250129879, 0.447512673698, 0.839605219456, 0.407416593896, 0.214853979911, 0.812272571718, 0.0411560511613, 0.57203117199, 0.992055542388, 0.112303140637, 0.00135460200323, 0.878195015181, 0.917033420316, 0.83357602517, 0.932693666367, 0.622417517147, 0.874316542106, 0.319049022362, 0.0143602037046, 0.249844918316, 0.111757612417, 0.125142560468, 1.19563888513e-05, 5.23849661078
0.000129055268812, 0.0627187868237, 0.645099339826, 0.444686795198, 0.218891448238, 0.857667321819, 0.0406106330523, 0.228389015389, 0.693457445903, 0.0778222096851, 0.968357681516, 0.38376531955, 0.156534006901, 0.768022212246, 0.0418907029303, 0.57203117199, 0.972522053484, 0.0642546999107, 0.000979272061966, 0.878195015181, 0.270774290163, 0.44587043632, 0.750667033254, 0.561949192637, 0.956572657041, 0.319049022362, 0.0490524570826, 0.382407318676, 0.111757612417, 0.125142560468, 0.000129055268812, 4.71465562661
0.000129055268812, 0.0627187868237, 0.645099339826, 0.444686795198, 0.218891448238, 0.857667321819, 0.0406106330523, 0.228389015389, 0.693457445903, 0.0778222096851, 0.968357681516, 0.38376531955, 0.156534006901, 0.768022212246, 0.0418907029303, 0.57203117199, 0.972522053484, 0.0642546999107, 0.000979272061966, 0.878195015181, 0.270774290163, 0.44587043632, 0.750667033254, 0.561949192637, 0.956572657041, 0.319049022362, 0.0490524570826, 0.382407318676, 0.111757612417, 0.125142560468, 0.000129055268812, 4.71465562661
0.0706972863179, 0.316052456162, 0.186929475499, 0.374118354204, 0.349438148218, 0.801588913174, 0.0251758346498, 0.397338800434, 0.660418527481, 0.912056690755, 0.13684214813, 0.446902180378, 0.0530119696841, 0.23153061875, 0.545637943037, 0.302078189233, 0.0845361741738, 0.013585545249, 0.914238828888, 0.105590929081, 0.960254108375, 0.620283509301, 0.0802222310825, 0.105128013854, 0.0398108156546, 0.134027223685, 0.085662189223, 0.313226313958, 0.0652934163611, 0.46398112337, 0.0706972863179, 3.42883944454
0.0706972863179, 0.316052456162, 0.186929475499, 0.374118354204, 0.349438148218, 0.801588913174, 0.0251758346498, 0.397338800434, 0.660418527481, 0.912056690755, 0.13684214813, 0.446902180378, 0.0530119696841, 0.23153061875, 0.545637943037, 0.302078189233, 0.0845361741738, 0.013585545249, 0.914238828888, 0.105590929081, 0.960254108375, 0.620283509301, 0.0802222310825, 0.105128013854, 0.0398108156546, 0.134027223685, 0.085662189223, 0.313226313958, 0.0652934163611, 0.46398112337, 0.0706972863179, 3.42883944454
0.0565380693668, 0.0705819701265, 0.803623028535, 0.0353134903894, 0.134416231631, 0.730157239057, 0.0711430865619, 0.253701915645, 0.0965429082326, 0.0431955928151, 0.870217868399, 0.109609264295, 0.961940087688, 0.19323218506, 0.968852608229, 0.260750148315, 0.0858192037241, 0.929563334661, 0.138292190238, 0.778828866077, 0.231117063286, 0.06191179653, 0.368326089234, 0.562842619727, 0.265803152716, 0.456264956684, 0.484500013079, 0.110472826107, 0.264917715621, 0.150966931272, 0.0565380693668, 3.71050839885
0.0565380693668, 0.0705819701265, 0.803623028535, 0.0353134903894, 0.134416231631, 0.730157239057, 0.0711430865619, 0.253701915645, 0.0965429082326, 0.0431955928151, 0.870217868399, 0.109609264295, 0.961940087688, 0.19323218506, 0.968852608229, 0.260750148315, 0.0858192037241, 0.929563334661, 0.138292190238, 0.778828866077, 0.231117063286, 0.06191179653, 0.368326089234, 0.562842619727, 0.265803152716, 0.456264956684, 0.484500013079, 0.110472826107, 0.264917715621, 0.150966931272, 0.0565380693668, 3.71050839885
0.00103557688802, 0.457678620943, 0.045860194191, 0.023544232593, 0.575015620911, 0.1211152175, 0.0230808970758, 0.065516549847, 0.558677285681, 0.53769480152, 0.111679207102, 0.52680171702, 0.205234975622, 0.0361238996817, 0.778565858416, 0.268264860583, 0.432269476416, 0.739944889416, 0.018570024356, 0.024196128719, 0.155225541356, 0.478798784514, 0.00411634987438, 0.433760748356, 0.0963114032576, 0.000957974938872, 0.382411542297, 0.878275293195, 0.805013691349, 0.386399877304, 0.00103557688802, 3.78306018112
0.00103557688802, 0.457678620943, 0.045860194191, 0.023544232593, 0.575015620911, 0.1211152175, 0.0230808970758, 0.065516549847, 0.558677285681, 0.53769480152, 0.111679207102, 0.52680171702, 0.205234975622, 0.0361238996817, 0.778565858416, 0.268264860583, 0.432269476416, 0.739944889416, 0.018570024356, 0.024196128719, 0.155225541356, 0.478798784514, 0.00411634987438, 0.433760748356, 0.0963114032576, 0.000957974938872, 0.382411542297, 0.878275293195, 0.805013691349, 0.386399877304, 0.00103557688802, 3.78306018112
0.000365081893623, 0.162068224608, 0.045860194191, 0.00877150766614, 0.575015620911, 0.236499792212, 0.0230808970758, 0.065516549847, 0.591545662161, 0.53769480152, 0.0685977878403, 0.559690714901, 0.551837157895, 0.65907778367, 0.0709493384441, 0.936488842745, 0.432269476416, 0.739944889416, 0.018570024356, 0.024196128719, 0.0136791306773, 0.558157364256, 0.0463080115562, 0.208803504659, 0.0963114032576, 0.0653331825739, 0.362129696908, 0.878275293195, 0.191444960503, 0.386399877304, 0.000365081893623, 3.79125253302
0.000365081893623, 0.162068224608, 0.045860194191, 0.00877150766614, 0.575015620911, 0.236499792212, 0.0230808970758, 0.065516549847, 0.591545662161, 0.53769480152, 0.0685977878403, 0.559690714901, 0.551837157895, 0.65907778367, 0.0709493384441, 0.936488842745, 0.432269476416, 0.739944889416, 0.018570024356, 0.024196128719, 0.0136791306773, 0.558157364256, 0.0463080115562, 0.208803504659, 0.0963114032576, 0.0653331825739, 0.362129696908, 0.878275293195, 0.191444960503, 0.386399877304, 0.000365081893623, 3.79125253302
0.844185983855, 0.268061666985, 0.221494819589, 0.690943356573, 0.387990323446, 0.0460872704458, 0.612674639396, 0.87705931518, 0.552517020316, 0.476163383121, 0.0803327581064, 0.281498961498, 0.465801016083, 0.300242058762, 0.822598400691, 0.350911790493, 0.975052213501, 0.370611210214, 0.299767097893, 0.0309614001608, 0.318918724031, 0.0206863560886, 0.0496818580726, 0.172015571591, 0.0664352880572, 0.717245967585, 0.419247504068, 0.293115178402, 0.326458907651, 0.380966330627, 0.844185983855, 1.62318805949
0.844185983855, 0.268061666985, 0.221494819589, 0.690943356573, 0.387990323446, 0.0460872704458, 0.612674639396, 0.87705931518, 0.552517020316, 0.476163383121, 0.0803327581064, 0.281498961498, 0.465801016083, 0.300242058762, 0.822598400691, 0.350911790493, 0.975052213501, 0.370611210214, 0.299767097893, 0.0309614001608, 0.318918724031, 0.0206863560886, 0.0496818580726, 0.172015571591, 0.0664352880572, 0.717245967585, 0.419247504068, 0.293115178402, 0.326458907651, 0.380966330627, 0.844185983855, 1.62318805949
0.267441890524, 0.752048515697, 0.580032830869, 0.661438086458, 0.282025502205, 0.801588913174, 0.0251758346498, 0.485204615026, 0.889600325506, 0.152359183041, 0.146559405508, 0.313487860163, 0.0239449141931, 0.329270547525, 0.545637943037, 0.186735032506, 0.504069119561, 0.0125654341763, 0.976920601467, 0.277385401748, 0.898112736567, 0.618122359138, 0.0907236603297, 0.105128013854, 0.333685398944, 0.134027223685, 0.085662189223, 0.275785833607, 0.0724027969176, 0.531197572327, 0.267441890524, 3.12377250181
0.267441890524, 0.752048515697, 0.580032830869, 0.661438086458, 0.282025502205, 0.801588913174, 0.0251758346498, 0.485204615026, 0.889600325506, 0.152359183041, 0.146559405508, 0.313487860163, 0.0239449141931, 0.329270547525, 0.545637943037, 0.186735032506, 0.504069119561, 0.0125654341763, 0.976920601467, 0.277385401748, 0.898112736567, 0.618122359138, 0.0907236603297, 0.105128013854, 0.333685398944, 0.134027223685, 0.085662189223, 0.275785833607, 0.0724027969176, 0.531197572327, 0.267441890524, 3.12377250181
0.290755788993, 0.0416851126211, 0.927192446996, 0.0617248512508, 0.0472761501309, 0.515954967294, 0.0149652567995, 0.181342659131, 0.700557340181, 0.15112517704, 0.204001235735, 0.13929173491, 0.288339212122, 0.532803761316, 0.157732096625, 0.0773536949684, 0.222493909789, 0.524857038663, 0.528579892104, 0.505492900927, 0.0315224264453, 0.626205675125, 0.437885702212, 0.118103899672, 0.209233936052, 0.905302533798, 0.262392264064, 0.333501621745, 0.104077219082, 0.812486913996, 0.290755788993, 2.83745127511
0.290755788993, 0.0416851126211, 0.927192446996, 0.0617248512508, 0.0472761501309, 0.515954967294, 0.0149652567995, 0.181342659131, 0.700557340181, 0.15112517704, 0.204001235735, 0.13929173491, 0.288339212122, 0.532803761316, 0.157732096625, 0.0773536949684, 0.222493909789, 0.524857038663, 0.528579892104, 0.505492900927, 0.0315224264453, 0.626205675125, 0.437885702212, 0.118103899672, 0.209233936052, 0.905302533798, 0.262392264064, 0.333501621745, 0.104077219082, 0.812486913996, 0.290755788993, 2.83745127511
4.64369011015e-05, 0.0627187868237, 0.712900765919, 0.376036573061, 0.0556177923355, 0.87568624025, 0.152010388234, 0.979433043879, 0.423056103236, 0.586251467282, 0.752147088496, 0.407416593896, 0.0171243310769, 0.233777868371, 0.0117854114565, 0.56202934959, 0.986997612039, 0.00230607062885, 0.00135460200323, 0.878195015181, 0.712042820269, 0.44587043632, 0.964532918507, 0.622417517147, 0.674570044864, 0.645861760501, 0.00575541289622, 0.364210478748, 0.111757612417, 0.125142560468, 4.64369011015e-05, 4.94141689944
4.64369011015e-05, 0.0627187868237, 0.712900765919, 0.376036573061, 0.0556177923355, 0.87568624025, 0.152010388234, 0.979433043879, 0.423056103236, 0.586251467282, 0.752147088496, 0.407416593896, 0.0171243310769, 0.233777868371, 0.0117854114565, 0.56202934959, 0.986997612039, 0.00230607062885, 0.00135460200323, 0.878195015181, 0.712042820269, 0.44587043632, 0.964532918507, 0.622417517147, 0.674570044864, 0.645861760501, 0.00575541289622, 0.364210478748, 0.111757612417, 0.125142560468, 4.64369011015e-05, 4.94141689944
0.831633422069, 0.849350465487, 0.13762213886, 0.49045469056, 0.958427514032, 0.0822648222941, 0.441842403096, 0.955876084326, 0.249102222638, 0.112834680577, 0.173777012753, 0.551254613485, 0.692004414162, 0.0997724427063, 0.0559238386987, 0.136350616868, 0.266135895805, 0.269796831908, 0.756567643044, 0.503583917388, 0.281617602814, 0.530916352321, 0.407330150582, 0.323355831491, 0.115390404125, 0.256098148394, 0.830011018155, 0.0702506104378, 0.255646361603, 0.911437626087, 0.831633422069, 1.98746460622
0.831633422069, 0.849350465487, 0.13762213886, 0.49045469056, 0.958427514032, 0.0822648222941, 0.441842403096, 0.955876084326, 0.249102222638, 0.112834680577, 0.173777012753, 0.551254613485, 0.692004414162, 0.0997724427063, 0.0559238386987, 0.136350616868, 0.266135895805, 0.269796831908, 0.756567643044, 0.503583917388, 0.281617602814, 0.530916352321, 0.407330150582, 0.323355831491, 0.115390404125, 0.256098148394, 0.830011018155, 0.0702506104378, 0.255646361603, 0.911437626087, 0.831633422069, 1.98746460622
0.843625849956, 0.773086263402, 0.947415773255, 0.279624131343, 0.747043668008, 0.837138900425, 0.0180064178961, 0.0498419878425, 0.804561569564, 0.307249666325, 0.72578157372, 0.312764247087, 0.184454879706, 0.143998302799, 0.121836411859, 0.225884364395, 0.342884178717, 0.636866980902, 0.195795442032, 0.220110353939, 0.156661312257, 0.651283943857, 0.748102498311, 0.683071015104, 0.0178146691381, 0.00688435814634, 0.574815527021, 0.688450432421, 0.529262873452, 0.26777789469, 0.843625849956, 1.94964427325
0.843625849956, 0.773086263402, 0.947415773255, 0.279624131343, 0.747043668008, 0.837138900425, 0.0180064178961, 0.0498419878425, 0.804561569564, 0.307249666325, 0.72578157372, 0.312764247087, 0.184454879706, 0.143998302799, 0.121836411859, 0.225884364395, 0.342884178717, 0.636866980902, 0.195795442032, 0.220110353939, 0.156661312257, 0.651283943857, 0.748102498311, 0.683071015104, 0.0178146691381, 0.00688435814634, 0.574815527021, 0.688450432421, 0.529262873452, 0.26777789469, 0.843625849956, 1.94964427325
0.44745521942, 0.0896335575686, 0.957319892451, 0.0306957241613, 0.18409251127, 0.513879112934, 0.458656636397, 0.0713652173871, 0.370212828051, 0.320831253323, 0.924951074303, 0.390290218654, 0.362007740061, 0.466529596917, 0.0126628797641, 0.566298620199, 0.682101907597, 0.272517905093, 0.216579799623, 0.348524998089, 0.0674595608574, 0.829043123712, 0.874435311875, 0.186279714371, 0.762719388381, 0.0242351735296, 0.803298230525, 0.116380281373, 0.361085293456, 0.00768490031085, 0.44745521942, 2.6334085299
0.44745521942, 0.0896335575686, 0.957319892451, 0.0306957241613, 0.18409251127, 0.513879112934, 0.458656636397, 0.0713652173871, 0.370212828051, 0.320831253323, 0.924951074303, 0.390290218654, 0.362007740061, 0.466529596917, 0.0126628797641, 0.566298620199, 0.682101907597, 0.272517905093, 0.216579799623, 0.348524998089, 0.0674595608574, 0.829043123712, 0.874435311875, 0.186279714371, 0.762719388381, 0.0242351735296, 0.803298230525, 0.116380281373, 0.361085293456, 0.00768490031085, 0.44745521942, 2.6334085299
0.861823344303, 0.0536411950982, 0.0290082230667, 0.286989679106, 0.148112300067, 0.00767283904335, 0.253827983834, 0.0615697704463, 0.680389940859, 0.00781993858205, 0.92463844165, 0.334026442856, 0.998046607849, 0.193644216941, 0.321448503762, 0.279398323434, 0.622706335583, 0.245634173378, 0.512212721604, 0.402769101559, 0.247275701632, 0.334133685908, 0.815902374285, 0.864680474332, 0.102656751889, 0.350355335548, 0.240913440194, 0.249177794791, 0.83552728145, 0.206920204974, 0.861823344303, 1.56653769509
0.861823344303, 0.0536411950982, 0.0290082230667, 0.286989679106, 0.148112300067, 0.00767283904335, 0.253827983834, 0.0615697704463, 0.680389940859, 0.00781993858205, 0.92463844165, 0.334026442856, 0.998046607849, 0.193644216941, 0.321448503762, 0.279398323434, 0.622706335583, 0.245634173378, 0.512212721604, 0.402769101559, 0.247275701632, 0.334133685908, 0.815902374285, 0.864680474332, 0.102656751889, 0.350355335548, 0.240913440194, 0.249177794791, 0.83552728145, 0.206920204974, 0.861823344303, 1.56653769509
0.847162557935, 0.849350465487, 0.0860946984375, 0.960107764416, 0.973682753695, 0.0822648222941, 0.277639096739, 0.955876084326, 0.164578337655, 0.112834680577, 0.104153521686, 0.551254613485, 0.692004414162, 0.0997724427063, 0.135576207359, 0.136350616868, 0.266135895805, 0.269796831908, 0.240264127928, 0.503583917388, 0.281617602814, 0.167439857838, 0.407330150582, 0.137855324767, 0.115390404125, 0.256098148394, 0.830011018155, 0.0702506104378, 0.26978485754, 0.84782977455, 0.847162557935, 1.5987383624
0.847162557935, 0.849350465487, 0.0860946984375, 0.960107764416, 0.973682753695, 0.0822648222941, 0.277639096739, 0.955876084326, 0.164578337655, 0.112834680577, 0.104153521686, 0.551254613485, 0.692004414162, 0.0997724427063, 0.135576207359, 0.136350616868, 0.266135895805, 0.269796831908, 0.240264127928, 0.503583917388, 0.281617602814, 0.167439857838, 0.407330150582, 0.137855324767, 0.115390404125, 0.256098148394, 0.830011018155, 0.0702506104378, 0.26978485754, 0.84782977455, 0.847162557935, 1.5987383624
1.19563888513e-05, 0.0513200286237, 0.712900765919, 0.428767855152, 0.0556177923355, 0.87568624025, 0.0757986584311, 0.999526383891, 0.828207331993, 0.200960073491, 0.816432565475, 0.577907710015, 0.156534006901, 0.812272571718, 0.0411560511613, 0.57203117199, 0.992055542388, 0.112303140637, 0.00135460200323, 0.878195015181, 0.917033420316, 0.83357602517, 0.932693666367, 0.622417517147, 0.874316542106, 0.319049022362, 0.0490524570826, 0.249844918316, 0.111757612417, 0.125142560468, 1.19563888513e-05, 5.40627143098
1.19563888513e-05, 0.0513200286237, 0.712900765919, 0.428767855152, 0.0556177923355, 0.87568624025, 0.0757986584311, 0.999526383891, 0.828207331993, 0.200960073491, 0.816432565475, 0.577907710015, 0.156534006901, 0.812272571718, 0.0411560511613, 0.57203117199, 0.992055542388, 0.112303140637, 0.00135460200323, 0.878195015181, 0.917033420316, 0.83357602517, 0.932693666367, 0.622417517147, 0.874316542106, 0.319049022362, 0.0490524570826, 0.249844918316, 0.111757612417, 0.125142560468, 1.19563888513e-05, 5.40627143098
0.861823344303, 0.0536411950982, 0.0290082230667, 0.286989679106, 0.148112300067, 0.00367466617783, 0.253827983834, 0.529599129675, 0.680389940859, 0.00781993858205, 0.92463844165, 0.334026442856, 0.998046607849, 0.193644216941, 0.321448503762, 0.222646425533, 0.622706335583, 0.245634173378, 0.512212721604, 0.78426842222, 0.247275701632, 0.334133685908, 0.258907898928, 0.864680474332, 0.102656751889, 0.350355335548, 0.0714530949948, 0.249177794791, 0.904551452707, 0.206920204974, 0.861823344303, 1.59819052279
0.861823344303, 0.0536411950982, 0.0290082230667, 0.286989679106, 0.148112300067, 0.00367466617783, 0.253827983834, 0.529599129675, 0.680389940859, 0.00781993858205, 0.92463844165, 0.334026442856, 0.998046607849, 0.193644216941, 0.321448503762, 0.222646425533, 0.622706335583, 0.245634173378, 0.512212721604, 0.78426842222, 0.247275701632, 0.334133685908, 0.258907898928, 0.864680474332, 0.102656751889, 0.350355335548, 0.0714530949948, 0.249177794791, 0.904551452707, 0.206920204974, 0.861823344303, 1.59819052279
0.000365081893623, 0.0871358942879, 0.045860194191, 0.023544232593, 0.575015620911, 0.236499792212, 0.0230808970758, 0.065516549847, 0.558677285681, 0.53769480152, 0.111679207102, 0.950283759603, 0.551837157895, 0.17503004776, 0.0709493384441, 0.268264860583, 0.562184793881, 0.739944889416, 0.018570024356, 0.0196505879516, 0.162866377821, 0.558157364256, 0.0463080115562, 0.208803504659, 0.0963114032576, 0.0420204743976, 0.362129696908, 0.878275293195, 0.758051990106, 0.386399877304, 0.000365081893623, 3.79317534084
0.646412900016, 0.482998703008, 0.725818153461, 0.59536253269, 0.853966242707, 0.446484671178, 0.536415795365, 0.310655891949, 0.763008869, 0.257481470685, 0.876874029091, 0.548117580121, 0.088754013225, 0.0172813853332, 0.927933057978, 0.138425162627, 0.114094974779, 0.023602003043, 0.151393566894, 0.558874449854, 0.0794646021497, 0.00427647192831, 0.175333494223, 0.459059205128, 0.0118777865674, 0.471036580407, 0.248258095595, 0.809106580792, 0.760845035348, 0.805128728571, 0.646412900016, 2.39557842222
0.0706972863179, 0.752048515697, 0.186929475499, 0.934586884996, 0.349438148218, 0.801588913174, 0.0251758346498, 0.485204615026, 0.760690807996, 0.912056690755, 0.20858620221, 0.0381185051871, 0.0729482706031, 0.23153061875, 0.545637943037, 0.26477559035, 0.0845361741738, 0.0139951543671, 0.738361811499, 0.105590929081, 0.706347837887, 0.439917859058, 0.0802222310825, 0.105128013854, 0.31032840351, 0.134027223685, 0.085662189223, 0.0157803613834, 0.0279582160471, 0.531197572327, 0.0706972863179, 3.49359492367
0.44745521942, 0.0896335575686, 0.957319892451, 0.0306957241613, 0.18409251127, 0.513879112934, 0.458656636397, 0.265768669794, 0.370212828051, 0.320831253323, 0.924951074303, 0.390290218654, 0.118283312786, 0.545176859052, 0.0139410853574, 0.566298620199, 0.682101907597, 0.272517905093, 0.216579799623, 0.0308127552287, 0.0674595608574, 0.948346076166, 0.874435311875, 0.186279714371, 0.762719388381, 0.0242351735296, 0.803298230525, 0.116380281373, 0.474532383954, 0.0816034962189, 0.44745521942, 2.63852214355
0.267441890524, 0.752048515697, 0.580032830869, 0.661438086458, 0.282025502205, 0.801588913174, 0.0251758346498, 0.485204615026, 0.889600325506, 0.152359183041, 0.146559405508, 0.313487860163, 0.0239449141931, 0.329270547525, 0.545637943037, 0.186735032506, 0.504069119561, 0.0139951543671, 0.991860704868, 0.277385401748, 0.898112736567, 0.618122359138, 0.0907236603297, 0.105128013854, 0.333685398944, 0.134027223685, 0.085662189223, 0.275785833607, 0.0724027969176, 0.531197572327, 0.267441890524, 3.1282296891
0.656435380178, 0.056119890087, 0.24375842486, 0.0617248512508, 0.142281068955, 0.515954967294, 0.00312724530874, 0.610549130141, 0.700557340181, 0.15112517704, 0.0218458432787, 0.718566081857, 0.288339212122, 0.312121819877, 0.157732096625, 0.440320204597, 0.189046934893, 0.541438250747, 0.528579892104, 0.505492900927, 0.104074174286, 0.626205675125, 0.437885702212, 0.118103899672, 0.504968129848, 0.961816201156, 0.262392264064, 0.809916785533, 0.292931746067, 0.812486913996, 0.656435380178, 2.09850218838
0.000129055268812, 0.0627187868237, 0.545156997378, 0.251139197832, 0.403996718801, 0.700695858841, 0.152010388234, 0.228389015389, 0.693457445903, 0.682282453309, 0.168143615407, 0.223535452323, 0.156534006901, 0.768022212246, 0.0418907029303, 0.57203117199, 0.998525511884, 0.0642546999107, 0.00115815643784, 0.878195015181, 0.680185876928, 0.44587043632, 0.750667033254, 0.561949192637, 0.874316542106, 0.319049022362, 0.0490524570826, 0.382407318676, 0.389578297768, 0.125142560468, 0.000129055268812, 4.75217717994
0.44745521942, 0.0896335575686, 0.957319892451, 0.0306957241613, 0.18409251127, 0.513879112934, 0.458656636397, 0.265768669794, 0.370212828051, 0.320831253323, 0.924951074303, 0.390290218654, 0.118283312786, 0.545176859052, 0.0139410853574, 0.566298620199, 0.682101907597, 0.272517905093, 0.216579799623, 0.0308127552287, 0.0674595608574, 0.948346076166, 0.874435311875, 0.186279714371, 0.762719388381, 0.0242351735296, 0.803298230525, 0.116380281373, 0.474532383954, 0.0816034962189, 0.44745521942, 2.63852214355
0.290755788993, 0.0416851126211, 0.927192446996, 0.0617248512508, 0.0472761501309, 0.616254588825, 0.0149652567995, 0.181342659131, 0.700557340181, 0.15112517704, 0.204001235735, 0.13929173491, 0.288339212122, 0.532803761316, 0.157732096625, 0.0773536949684, 0.222493909789, 0.541438250747, 0.528579892104, 0.505492900927, 0.104074174286, 0.626205675125, 0.437885702212, 0.118103899672, 0.269282816754, 0.905302533798, 0.262392264064, 0.333501621745, 0.104077219082, 0.812486913996, 0.290755788993, 2.90448803724
0.831633422069, 0.849350465487, 0.0467574749151, 0.960107764416, 0.973682753695, 0.0822648222941, 0.441842403096, 0.955876084326, 0.61442002992, 0.112834680577, 0.104153521686, 0.551254613485, 0.632431341674, 0.0997724427063, 0.135576207359, 0.136350616868, 0.266135895805, 0.269796831908, 0.615472898705, 0.503583917388, 0.281617602814, 0.0894088721877, 0.407330150582, 0.733796252739, 0.115390404125, 0.256098148394, 0.830011018155, 0.0702506104378, 0.26978485754, 0.791808017584, 0.831633422069, 2.09342998713
0.0706972863179, 0.752048515697, 0.186929475499, 0.934586884996, 0.349438148218, 0.801588913174, 0.0251758346498, 0.485204615026, 0.760690807996, 0.912056690755, 0.20858620221, 0.0381185051871, 0.0729482706031, 0.23153061875, 0.545637943037, 0.26477559035, 0.0845361741738, 0.0139951543671, 0.738361811499, 0.105590929081, 0.706347837887, 0.439917859058, 0.0802222310825, 0.105128013854, 0.31032840351, 0.134027223685, 0.085662189223, 0.0157803613834, 0.0279582160471, 0.531197572327, 0.0706972863179, 3.49359492367
0.267441890524, 0.752048515697, 0.580032830869, 0.661438086458, 0.282025502205, 0.801588913174, 0.0251758346498, 0.485204615026, 0.889600325506, 0.152359183041, 0.146559405508, 0.313487860163, 0.0239449141931, 0.329270547525, 0.545637943037, 0.186735032506, 0.504069119561, 0.0139951543671, 0.991860704868, 0.277385401748, 0.898112736567, 0.618122359138, 0.0907236603297, 0.105128013854, 0.333685398944, 0.134027223685, 0.085662189223, 0.275785833607, 0.0724027969176, 0.531197572327, 0.267441890524, 3.1282296891
4.64369011015e-05, 0.0627187868237, 0.712900765919, 0.428767855152, 0.0556177923355, 0.87568624025, 0.152010388234, 0.979433043879, 0.423056103236, 0.586251467282, 0.752147088496, 0.407416593896, 0.0171243310769, 0.768022212246, 0.0117854114565, 0.56202934959, 0.986997612039, 0.00230607062885, 0.00113953691935, 0.878195015181, 0.712042820269, 0.348279700053, 0.964532918507, 0.283102809562, 0.674570044864, 0.645861760501, 0.00575541289622, 0.364210478748, 0.111757612417, 0.125142560468, 4.64369011015e-05, 4.98785265127
0.844185983855, 0.00743238445308, 0.373680651505, 0.127633550968, 0.321624074893, 0.550045723631, 0.612674639396, 0.113825229906, 0.3943327981, 0.53179309922, 0.305926448003, 0.479370167231, 0.116545520602, 0.471563458514, 0.78676453526, 0.350911790493, 0.975052213501, 0.955573172921, 0.299767097893, 0.00836569476876, 0.527934704593, 0.0348794765221, 0.161116421319, 0.172015571591, 0.0406545198716, 0.179132764328, 0.56629160918, 0.534015306367, 0.218534897242, 0.789639462955, 0.844185983855, 1.6550697563
0.843625849956, 0.253606078322, 0.947415773255, 0.975650871012, 0.747043668008, 0.837138900425, 0.0180064178961, 0.0498419878425, 0.804561569564, 0.307249666325, 0.72578157372, 0.312764247087, 0.395051454664, 0.143998302799, 0.121836411859, 0.225884364395, 0.135971197479, 0.576904937374, 0.195795442032, 0.220110353939, 0.156661312257, 0.651283943857, 0.748102498311, 0.683071015104, 0.0178146691381, 0.0022562275955, 0.574815527021, 0.688450432421, 0.529262873452, 0.26777789469, 0.843625849956, 1.97801265365
0.290755788993, 0.0416851126211, 0.927192446996, 0.0617248512508, 0.0472761501309, 0.616254588825, 0.0149652567995, 0.181342659131, 0.700557340181, 0.15112517704, 0.204001235735, 0.13929173491, 0.288339212122, 0.532803761316, 0.157732096625, 0.0773536949684, 0.222493909789, 0.541438250747, 0.528579892104, 0.505492900927, 0.104074174286, 0.626205675125, 0.437885702212, 0.118103899672, 0.269282816754, 0.905302533798, 0.262392264064, 0.333501621745, 0.104077219082, 0.812486913996, 0.290755788993, 2.90448803724
0.000365081893623, 0.0871358942879, 0.045860194191, 0.023544232593, 0.575015620911, 0.236499792212, 0.0230808970758, 0.065516549847, 0.558677285681, 0.53769480152, 0.111679207102, 0.950283759603, 0.551837157895, 0.17503004776, 0.0709493384441, 0.268264860583, 0.562184793881, 0.739944889416, 0.018570024356, 0.0196505879516, 0.162866377821, 0.558157364256, 0.0463080115562, 0.208803504659, 0.0963114032576, 0.0420204743976, 0.362129696908, 0.878275293195, 0.758051990106, 0.386399877304, 0.000365081893623, 3.79317534084
0.646412900016, 0.482998703008, 0.725818153461, 0.59536253269, 0.853966242707, 0.446484671178, 0.536415795365, 0.310655891949, 0.763008869, 0.257481470685, 0.876874029091, 0.548117580121, 0.088754013225, 0.0172813853332, 0.927933057978, 0.138425162627, 0.114094974779, 0.023602003043, 0.151393566894, 0.558874449854, 0.0794646021497, 0.00427647192831, 0.175333494223, 0.459059205128, 0.0118777865674, 0.471036580407, 0.248258095595, 0.809106580792, 0.760845035348, 0.805128728571, 0.646412900016, 2.39557842222
