0.0655329492776, 0.343297289529, 0.0903905130259, 0.991233364269, 0.172361491478, 0.190913246761, 0.118884757254, 0.720382260428, 0.0622478361458, 0.501836245746, 0.00443832473951, 5.09469563687, 10.7142480545, 232.64684497
0.181542341281, 0.0732353516684, 0.103158692733, 0.666639819677, 0.745736168363, 0.500217351383, 0.443058909243, 0.40254050709, 0.0326138129562, 0.258086315516, 0.129058748277, 3.36576274782, 47.4915762541, 231.028420999
0.843736569243, 0.232780130564, 0.470796485877, 0.0952478066751, 0.850721727555, 0.716732533636, 0.411270063582, 0.300004625886, 0.610309215323, 1.40279733846, 13.3250729131, 16.555010342, 103.105224258, 24.8892214497
0.95337716323, 0.0468828783563, 0.689772750252, 0.349020153673, 0.600850733203, 0.254781225821, 0.765707632297, 0.874934834862, 0.572763272714, 3.20064352745, 5.9697252715, 4.12439936287, 270.279291877, 13.8675726915
0.799834547613, 0.207035172153, 0.774143707078, 0.121191529019, 0.395427153301, 0.415781653821, 0.491854228355, 0.610475190676, 0.360383436368, 2.085766307, 15.124729541, 5.02115919311, 85.1493991534, 26.8730293718
0.949766594091, 0.419904063423, 0.00224843666837, 0.528372034134, 0.883785777405, 0.128631383548, 0.758729079121, 0.0997177313188, 0.312884115886, 0.104774534353, 0.0935223617438, 87.9949348218, 121.838628891, 11.108640558
0.688533359816, 0.634533784884, 0.806638975497, 0.265868096604, 0.704854104722, 0.194818079765, 0.71359083787, 0.0232314823555, 0.801945718662, 8.65498403875, 23.898692575, 7.80350621848, 23.2441316976, 28.770846707
0.843736569243, 0.232780130564, 0.470796485877, 0.939820873849, 0.850721727555, 0.716732533636, 0.416030393446, 0.300004625886, 0.610309215323, 14.8172598738, 0.948786918826, 17.7219831004, 110.373174291, 26.6436778233
0.393023282699, 0.164470950414, 0.916204938001, 0.267880890262, 0.282999801973, 0.354713983913, 0.697821626754, 0.699546416921, 0.0860788979345, 2.51597369577, 6.87616209006, 0.858994061084, 52.0767756047, 96.2578786364
0.116137742894, 0.33250076957, 0.0733736601361, 0.505343390465, 0.790686405947, 0.356944958006, 0.516083302949, 0.348808385381, 0.304411261069, 0.340274529369, 0.333078552494, 8.50368784282, 18.4230182768, 210.049291593
0.979987837808, 0.875828621027, 0.38732016979, 0.158475374271, 0.326474516172, 0.245928358203, 0.861001855407, 0.804161041413, 0.0551291276261, 19.3302837675, 102.646293707, 192.947836455, 44.6486878953, 7.34278014085
0.274770188027, 0.083576626548, 0.435557701685, 0.00362361061103, 0.1284569416, 0.872953411937, 0.834646347375, 0.50748954829, 0.237775533979, 0.0112526110025, 3.09410616246, 4.02425634171, 78.1767128576, 225.157949776
0.676893413427, 0.988025027353, 0.183834620901, 0.459681105597, 0.980294924546, 0.53392425127, 0.714139110233, 0.911897429518, 0.145768101871, 15.2279007838, 17.8991966722, 147.073439819, 2.18405044915, 87.0589969026
0.274770188027, 0.155084703903, 0.616739740194, 0.00362361061103, 0.1284569416, 0.872953411937, 0.711148934923, 0.50748954829, 0.23873706685, 0.0230834027983, 6.3471934498, 3.95867787082, 56.2730663882, 175.789708464
0.0748782560946, 0.822394983664, 0.0082086834342, 0.217663078963, 0.668149989035, 0.220300441314, 0.994661161022, 0.0295005434213, 0.699735410819, 0.0224649706255, 0.0807448651105, 12.4700409862, 2.71532835437, 188.890577414
0.426198514011, 0.953076148453, 0.692828484242, 0.724028393557, 0.574285842535, 0.293597029875, 0.69101055678, 0.770675889891, 0.537665079378, 45.1541203284, 17.2110033743, 27.6501183394, 4.43181991428, 127.156390077
0.876041792412, 0.370698532898, 0.632908724953, 0.582039070848, 0.483861896696, 0.807667502159, 0.690131107908, 0.177571012207, 0.911120902806, 13.5125948584, 9.70336354572, 13.4654104707, 62.2706517551, 14.0015182161
0.0249405638156, 0.157014172601, 0.615403217339, 0.918734798776, 0.13466658686, 0.881927178554, 0.401359769831, 0.712467941594, 0.240061434889, 0.516685293428, 0.0457025622586, 0.351464785705, 4.90633942313, 227.542297555
0.271857814761, 0.574411437873, 0.102669396499, 0.00362361061103, 0.128391328374, 0.24092109424, 0.691335006773, 0.50748954829, 0.114486149358, 0.0118903058794, 3.2694517465, 28.678932034, 23.679763662, 149.025911609
0.889229642926, 0.977955510156, 0.604084301306, 0.271133829328, 0.868400714601, 0.807147723603, 0.671220323492, 0.887973381267, 0.499185969931, 24.4322478276, 65.6791480399, 59.0588369504, 3.362506421, 19.0008353021
0.698822645274, 0.994605682316, 0.604084301306, 0.277598922871, 0.630447719334, 0.722428398119, 0.185495176858, 0.887973381267, 0.499185969931, 18.4246164031, 47.9467376805, 43.4996588529, 0.595893587333, 47.6088331089
0.605391945356, 0.448232667666, 0.979530260847, 0.22047398152, 0.107644163024, 0.869114876446, 0.703823135736, 0.481168286221, 0.221680980467, 9.78027421799, 34.579945299, 0.927017937678, 55.7478738202, 65.8569527011
0.140148563715, 0.0257377146947, 0.0621876416428, 0.537965879248, 0.108783823565, 0.38793832341, 0.552061082972, 0.839125890138, 0.0633962666701, 0.038250690416, 0.0328517565822, 1.07225088045, 43.2799119472, 272.549410698
0.605391945356, 0.087100826627, 0.103053844241, 0.615577083359, 0.0934465067594, 0.834759871939, 0.717093104955, 0.813476501849, 0.779466754027, 0.627857470683, 0.392091919339, 8.87729799101, 103.732528183, 74.0664375018
0.97536587895, 0.721924421877, 0.413463412043, 0.135596189072, 0.00746099189483, 0.370390432934, 0.713723331238, 0.828221580556, 0.116783488697, 7.93451933229, 50.5812795745, 83.0101431775, 54.513889504, 4.9512383468
0.0351993859522, 0.164879226858, 0.444506354745, 0.583582354086, 0.541564838565, 0.806256860175, 0.0128320826257, 0.192005142738, 0.56370320685, 0.336019272375, 0.239767966602, 0.719553610102, 6.56096023726, 215.337964206
0.927652427719, 0.216149056923, 0.866264149383, 0.678031139347, 0.803852205948, 0.0996828246072, 0.546603521256, 0.397285920518, 0.656213749444, 25.0005691596, 11.8717331711, 5.69243079022, 154.358324175, 15.358020629
0.621970111723, 0.0854190263678, 0.00490066957325, 0.368722873487, 0.871034815203, 0.130701180546, 0.707293427766, 0.39074291675, 0.313589685328, 0.0171911392316, 0.0294323291445, 9.46707005436, 101.863056216, 67.6941535726
0.429046093909, 0.0257377146947, 0.0696741605719, 0.537965879248, 0.10933510622, 0.382950068884, 0.950951362286, 0.254480608523, 0.0645560687095, 0.142521330281, 0.122405007576, 3.53743504952, 143.932642768, 196.59863797
0.740315129884, 0.904114887966, 0.370310519172, 0.787290355462, 0.0837857412084, 0.279193019237, 0.303503603918, 0.784227339142, 0.0173551021718, 27.4531360006, 7.41727211518, 59.2949107461, 9.98662036096, 36.5340133108
0.501040854937, 0.0199802634906, 0.0670060738208, 0.0142417984815, 0.623578360429, 0.653752158258, 0.183215171607, 0.0867332910193, 0.885708842639, 0.00217955775893, 0.150859945066, 2.1309251305, 112.027072076, 113.836100561
0.976061964136, 0.072271785553, 0.546362532304, 0.81946241881, 0.0470856544896, 0.694395619575, 0.439416444494, 0.912410101186, 0.875391012167, 8.94358157023, 1.97038027224, 9.06171583887, 256.420948312, 6.77866015577
0.034573647377, 0.0471951018979, 0.444506354745, 0.801277710815, 0.554901300745, 0.808778129263, 0.0180720429009, 0.192005142738, 0.138909214489, 0.149239289186, 0.0370123526251, 0.232756185238, 8.45919796549, 247.912918839
0.86073757366, 0.419904063423, 0.00490066957325, 0.463262521884, 0.883785777405, 0.130701180546, 0.359208766045, 0.0961349160392, 0.312884115886, 0.185219528436, 0.214595953469, 81.1840325881, 112.707789417, 31.4352779316
0.0158260390485, 0.994170452615, 0.944868795414, 0.262988777135, 0.868400714601, 0.247725342496, 0.182853010486, 0.0753519826353, 0.573491838028, 1.26814656366, 3.55390925742, 0.281357313617, 0.029925038124, 319.226923866
0.181542341281, 0.0732353516684, 0.864661153188, 0.681703118649, 0.75282193655, 0.500217351383, 0.443058909243, 0.399118725657, 0.809810091327, 1.66912243708, 0.77933700431, 0.383238770518, 35.8340301201, 174.318901365
0.0247099063479, 0.154870861097, 0.606653139774, 0.511237555193, 0.13466658686, 0.881927178554, 0.553960219975, 0.0799966594177, 0.240641188445, 0.425933571168, 0.407208608709, 0.540199727144, 7.49431658788, 350.002924423
0.270873371437, 0.231319889206, 0.102320307694, 0.00372192817822, 0.706077598007, 0.776222390594, 0.418202801994, 0.0248064024438, 0.615776347224, 0.00405173265151, 1.08455945421, 9.55063737874, 35.3544124296, 123.803985599
0.678661328496, 0.0915104604688, 0.612574656832, 0.237784663957, 0.490254311916, 0.461988617234, 0.0982385159709, 0.788182673099, 0.0883974379678, 1.2936433154, 4.14675512693, 3.44080221077, 88.1700064723, 45.9526786868
0.0249101965784, 0.232780130564, 0.470796485877, 0.939820873849, 0.850313601355, 0.717438861047, 0.416030393446, 0.299139042431, 0.610309215323, 0.442804887268, 0.0283539256389, 0.529610791456, 3.29843583872, 168.288972637
0.230905078972, 0.236344698797, 0.102448086615, 0.00275421091225, 0.866946942098, 0.984560342577, 0.510525114178, 0.458139600428, 0.904400334608, 0.00353023560857, 1.27822912162, 11.2295466084, 40.4253836633, 176.320673893
0.0303252138497, 0.0117954574907, 0.00360897314403, 0.239697523418, 0.267141690315, 0.719553868186, 0.170475932082, 0.142693017003, 0.444714062935, 0.00011777557351, 0.000373575241595, 0.135655634905, 11.4061764746, 369.075716615
0.97624557646, 0.96271129856, 0.189885227626, 0.459681105597, 0.0714370182456, 0.658349890589, 0.861641814889, 0.448415576311, 0.105146306241, 30.2985231028, 35.6135249103, 281.20314803, 13.4448145877, 8.77329988547
0.862124847028, 0.574411437873, 0.102669396499, 0.00362361061103, 0.128391328374, 0.24092109424, 0.00437622007474, 0.50748954829, 0.0301885721507, 0.0479134478842, 13.1746573599, 115.565278919, 95.4205159763, 35.8564804452
0.688533359816, 0.634533784884, 0.726264771064, 0.265868096604, 0.704854104722, 0.194891075108, 0.71359083787, 0.0232314823555, 0.801945718662, 7.78626001666, 21.4999165353, 11.0382033695, 23.225238526, 28.7474613404
0.0189967515417, 0.164879226858, 0.442080462875, 0.582317041259, 0.541564838565, 0.421912973208, 0.125147921712, 0.225984790898, 0.56370320685, 0.267308473814, 0.191734375483, 0.579326605691, 5.25938845409, 325.219864735
0.678307958035, 0.0284519353025, 0.184037363542, 0.807875388876, 0.267121190644, 0.533858266066, 0.59267981299, 0.0742852742579, 0.269018607362, 0.836104680837, 0.1988379506, 4.58860365024, 192.027201265, 93.7371761911
0.988483276912, 0.103069583685, 0.912494801553, 0.770217406299, 0.250276135579, 0.0244394522842, 0.696700146471, 0.813584100098, 0.601214789954, 13.524102582, 4.03470934748, 1.68383131582, 167.453009898, 2.1751730042
0.865644309849, 0.0835543135067, 0.912698750051, 0.267880890262, 0.334338595946, 0.354742997379, 0.697821626754, 0.699293127304, 0.0860788979345, 3.70248879802, 10.1189106844, 1.32204130968, 166.097241545, 28.1301646436
0.674866927337, 0.967003974532, 0.793487798708, 0.676357461165, 0.762832892957, 0.239232941611, 0.182742867884, 0.813024577717, 0.795041746211, 84.0898324217, 40.2376678277, 32.3573289967, 5.34638610849, 78.0623627881
0.0259970808153, 0.328422955192, 0.322135685628, 0.355120397903, 0.590502186351, 0.39036326239, 0.764906035149, 0.149092858191, 0.409044336742, 0.21148606395, 0.384047352881, 1.25317023011, 3.78032933543, 210.896546269
0.9494449598, 0.0475616119292, 0.54669631684, 0.528912322658, 0.0732742147139, 0.290831657227, 0.781501115006, 0.882628105012, 0.57238877336, 2.63845065871, 2.34999552732, 4.13626534461, 182.725630805, 10.2154439486
0.484963440535, 0.0509270205911, 0.740668588112, 0.958450840109, 0.862521668512, 0.895769115118, 0.202080160421, 0.278501451009, 0.201241336384, 2.68228594753, 0.116277980093, 0.979865416542, 70.4145884353, 78.7938088101
0.674866927337, 0.967003974532, 0.0991325315203, 0.676357461165, 0.748706877043, 0.509161383351, 0.207412148394, 0.813024577717, 0.795041746211, 6.50138881685, 3.11096735595, 87.3523437636, 3.30862105316, 48.3090393658
0.420710434989, 0.027611162716, 0.19672452904, 0.00943612119361, 0.633016648251, 0.841919273704, 0.183215171607, 0.0977847624997, 0.982696860727, 0.00544197696312, 0.571275601316, 2.35488216219, 103.242840308, 146.194959944
0.597537809073, 0.0282185396227, 0.411440058619, 0.537965879248, 0.097389009109, 0.313127191672, 0.586407867325, 0.720399981752, 0.0633962666701, 0.655483957628, 0.562964986652, 1.74297622266, 101.984656612, 70.6847823865
0.0303252138497, 0.981640010205, 0.0951520091832, 0.25873235394, 0.747872343116, 0.719553868186, 0.169634378545, 0.640301247925, 0.444714062935, 0.2932632231, 0.84019851307, 10.7786538975, 0.222796869724, 388.024260769
0.36093144888, 0.491591455713, 0.436907885388, 0.351259693555, 0.613626195314, 0.835808026516, 0.715970241093, 0.399300024555, 0.586338822988, 4.06072066754, 7.49973087883, 14.8992483881, 27.3648725371, 95.3022842727
0.597019895649, 0.108583735203, 0.406659843527, 0.828091556363, 0.784026101369, 0.313862196516, 0.0930820671544, 0.489416897795, 0.702236531509, 1.60075537942, 0.33231031497, 2.82045429328, 39.023938752, 29.5491741895
0.193255463809, 0.644787279729, 0.425250610363, 0.95576905471, 0.623063485836, 0.301219483452, 0.295286194694, 0.611177820104, 0.109820891583, 4.09560573631, 0.189535863669, 5.79160254937, 5.55126909802, 65.2391091582
0.418557786263, 0.127602272085, 0.954777088487, 0.895971078493, 0.760610100924, 0.244275551198, 0.213554663285, 0.489261844951, 0.0183565630124, 12.1859715815, 1.4148821447, 0.644202936982, 97.3913306077, 155.080398164
0.393023282699, 0.0835543135067, 0.916204938001, 0.267880890262, 0.283957889152, 0.354713983913, 0.697821626754, 0.699293127304, 0.0860788979345, 1.25729331169, 3.43618560896, 0.429260246082, 56.1875505327, 94.6862947228
0.623445397987, 0.0838751742072, 0.427049888558, 0.350459633865, 0.237680589088, 0.806541636312, 0.719391279035, 0.391154073721, 0.986419979145, 1.33653939488, 2.47713632048, 5.11660577526, 97.5408117146, 64.307444176
0.993295707019, 0.656838029331, 0.546362532304, 0.816950389427, 0.0731121809298, 0.290087568957, 0.362632693859, 0.607460349178, 0.856149952264, 79.1372441843, 17.7318499596, 80.4291069889, 92.6286198117, 1.82188292806
0.605391945356, 0.976901989637, 0.0993699643378, 0.673969754087, 0.0959236556188, 0.805650141729, 0.239422433783, 0.813305072884, 0.779466754027, 6.82360004646, 3.30088996972, 91.7623334687, 2.40902662666, 67.982375444
0.876041792412, 0.362724457543, 0.36726097813, 0.582039070848, 0.483861896696, 0.284596432666, 0.304444673555, 0.181406538922, 0.0209176292817, 9.25017130466, 6.64252691434, 27.3808842343, 76.0279467197, 16.8809340455
0.277789047081, 0.383439773466, 0.912494801553, 0.460759972625, 0.1925331922, 0.0244394522842, 0.254369149959, 0.902190961693, 0.60656849104, 8.26916449068, 9.67762989679, 1.72103753543, 31.6253131391, 133.354686093
0.0283994822829, 0.759754234656, 0.320190006943, 0.423704743563, 0.709737709271, 0.186551993414, 0.28616417722, 0.282031810383, 0.570847081948, 0.432232862176, 0.587894641098, 2.16587918386, 1.00746344018, 143.466620488
0.418557786263, 0.630901641519, 0.942806688564, 0.887843951057, 0.760610100924, 0.194856453565, 0.720162306067, 0.489261844951, 0.0183565630124, 42.0386071518, 5.31048736165, 2.87232954705, 29.3811966263, 110.580487356
0.846635272608, 0.161088781258, 0.097739424378, 0.171644471229, 0.0546428215087, 0.484229798509, 0.932371609282, 0.0945384902035, 0.245705591119, 0.74398645279, 3.59047563307, 40.0126589807, 230.949027556, 49.868839808
0.505040492659, 0.228975888294, 0.00142637598312, 0.234663026363, 0.491354676408, 0.385055203798, 0.124948150494, 0.975996650815, 0.468436556941, 0.00828308380161, 0.0270146958699, 24.7111786679, 83.3281187941, 105.917345627
0.0341990932064, 0.367127857047, 0.00261757946879, 0.16541203835, 0.631751103097, 0.722448834206, 0.165332570354, 0.576857460609, 0.110059204783, 0.00142599706236, 0.00719488130043, 3.28483342382, 5.67741031342, 253.342073376
0.499699518966, 0.12808559104, 0.954777088487, 0.895971078493, 0.760610100924, 0.244275551198, 0.182606936525, 0.0752730303858, 0.292173952512, 15.9628666394, 1.85340781696, 0.843865875034, 127.024789408, 145.860137266
0.979324168694, 0.101916906467, 0.413463412043, 0.141031018941, 0.00707038389896, 0.370390432934, 0.706694081397, 0.813243589841, 0.708385757734, 0.694380520476, 4.22922086656, 6.98458986672, 104.933966407, 2.4668121328
0.547048938226, 0.212863244878, 0.00261757946879, 0.506566467198, 0.173563236467, 0.707140660745, 0.718576348204, 0.31115886793, 0.997303898645, 0.0195848139637, 0.0190770699782, 14.7314279655, 54.617604855, 57.4523187858
0.017556501423, 0.999941708261, 0.645620715978, 0.265877031168, 0.869364908605, 0.194818079765, 0.710759711172, 0.0232213740212, 0.804942055978, 0.476102171719, 1.31458343067, 0.982901982509, 0.000161686668544, 155.216114696
0.894106561681, 0.0257377146947, 0.0936121759128, 0.535628245786, 0.0270274645934, 0.433093337442, 0.951745203001, 0.238439114468, 0.0645560687095, 0.499963887987, 0.433451950181, 9.03767851005, 377.440704504, 45.8830850641
0.485677900054, 0.0832484703301, 0.435493088977, 0.126035082169, 0.740737744007, 0.327324267148, 0.715970241093, 0.400558807346, 0.975439001619, 0.532263019118, 3.69087080962, 5.47422747419, 106.789599532, 123.357102117
0.854920525622, 0.0509270205911, 0.740668588112, 0.958450840109, 0.472665596731, 0.895769115118, 0.202080160421, 0.278501451009, 0.628992030555, 5.47317218644, 0.237263818619, 1.99940358678, 143.680120047, 25.6907807362
0.977996968736, 0.11689427887, 0.189885227626, 0.460895173114, 0.0712513419735, 0.658349890589, 0.109376073814, 0.448415576311, 0.105146306241, 2.92369161858, 3.41981508128, 27.0635507062, 252.381586221, 6.42968911105
0.865923813106, 0.0604706247654, 0.00703987085574, 0.213438254964, 0.266401687772, 0.821287238653, 0.654339901463, 0.0299172111538, 0.715616418205, 0.0253873292919, 0.0935572774102, 16.7769060615, 262.510071361, 43.2620977206
0.970723801662, 0.126731655273, 0.548819494953, 0.895971078493, 0.771678104056, 0.242536098546, 0.216839022441, 0.492772619402, 0.0183565630124, 14.4181922018, 1.67405959951, 13.2293228682, 202.045833942, 6.9778428548
0.282140736905, 0.844876535287, 0.624786628413, 0.237638778257, 0.490254311916, 0.441700640002, 0.101343926233, 0.902645582334, 0.606627927583, 4.4196291003, 14.1784681157, 11.169020661, 5.46538845235, 89.6431380595
0.846672985105, 0.733617130906, 0.0975814668654, 0.00215336335486, 0.267042655599, 0.814920594148, 0.226425862965, 0.0999670319982, 0.65732913984, 0.0345608305322, 16.0151367062, 148.425156678, 59.7222743494, 40.60065347
0.651139968051, 0.634533784884, 0.253178841374, 0.270603426993, 0.700990042196, 0.194818079765, 0.412217129333, 0.00763749913049, 0.608845612495, 1.42082812826, 3.82976364748, 15.4880755917, 11.9446473141, 17.5106778319
0.853303627965, 0.952003978378, 0.373232828605, 0.457352058263, 0.474917530798, 0.83063453275, 0.686603146866, 0.681227456708, 0.62833786405, 32.7018168826, 38.8006860399, 120.073632515, 9.65845999331, 34.5954055627
0.0561811544763, 0.769360440359, 0.306279697991, 0.155137076688, 0.820265051257, 0.396139771929, 0.28616417722, 0.282366365507, 0.567815272893, 0.339038382623, 1.84637331818, 4.94993456975, 2.13904047491, 155.805644662
0.0303252138497, 0.981640010205, 0.00261757946879, 0.25873235394, 0.636032843805, 0.719553868186, 0.170475932082, 0.639766561725, 0.444714062935, 0.00759803417723, 0.0217683518256, 11.1895426683, 0.209831561067, 365.443807491
0.737316027743, 0.974633863738, 0.818764920967, 0.262988777135, 0.868400714601, 0.729242477415, 0.661275166947, 0.7065690369, 0.493035094762, 37.6849969111, 105.610079486, 31.7186213415, 4.55496311973, 63.9750220423
0.976061964136, 0.0471690467987, 0.546362532304, 0.81946241881, 0.0731121809298, 0.658506838419, 0.86207183373, 0.912410101186, 0.875391012167, 6.83174640167, 1.50511718701, 6.92198579384, 308.234000656, 7.933700657
0.499699518966, 0.961818646809, 0.954777088487, 0.895971078493, 0.759442009475, 0.244275551198, 0.182606936525, 0.0752730303858, 0.292173952512, 120.744295652, 14.019312851, 6.38306345647, 5.60310506731, 146.926265189
0.872753491777, 0.782579218961, 0.706624424537, 0.955708913676, 0.940995647991, 0.219809970661, 0.350706865867, 0.39040048453, 0.179497799947, 134.694527259, 6.24224264192, 58.5139779178, 55.4125848461, 37.158796225
