0.959783120307, 0.0, 1.0, 0.49575594095, 1.0, 0.154226614347, 0.509193996764, 0.769561275098, 0.0, 0.0, 0.0, 0.0, 199.857082249, 8.37442132757
0.307097571285, 0.689600729348, 0.214926996007, 0.179100408056, 0.0, 0.32946121218, 0.797475682514, 0.244283955971, 0.90533047104, 1.58482966054, 7.26400367121, 32.3225108742, 18.5318180063, 134.707890804
0.0259970808153, 0.328422955192, 0.322135685628, 0.355120397903, 0.590502186351, 0.808244975981, 0.677219131155, 0.149092858191, 0.409044336742, 0.17564644354, 0.31896452383, 1.04080093959, 3.13969341892, 175.156828848
0.418557786263, 0.0732834329907, 0.761838954587, 0.895971078493, 0.760610100924, 0.516613097929, 0.213554663285, 0.489261844951, 0.0183565630124, 4.00978006568, 0.465565357772, 1.39905282897, 74.2855780571, 111.354741468
0.268281949723, 0.347910242824, 0.361491782506, 0.0, 0.657332430118, 0.0408529868492, 0.697313545457, 0.661320826227, 0.0, 0.0, 10.2358628851, 18.0797541786, 53.0720903918, 221.978611224
0.305975589946, 0.188149438314, 0.182747514064, 1.0, 0.0546428215087, 0.233573281094, 0.932371609282, 1.0, 0.536506318164, 3.83831664812, 0.0, 17.1650697332, 90.6280198536, 253.206214487
0.181679337242, 0.629366262108, 0.920219182825, 0.409233505831, 0.391027571018, 0.324791651267, 0.156158469181, 0.902342151863, 0.318382101131, 8.69862223966, 12.557267407, 1.84283513911, 13.6028370495, 165.311294401
0.285958169089, 0.0, 0.0, 0.741599292898, 0.304533829738, 0.460605436263, 0.0, 0.0, 0.669524134383, 0.0, 0.0, 0.0, 53.50544723, 133.603903066
0.480595209133, 0.623923993184, 0.745157485018, 0.109914089155, 0.247529206236, 0.0, 0.86990947041, 1.0, 0.300429411237, 4.97710223929, 40.3046471483, 15.486276564, 36.6284944828, 105.261597215
0.596735889883, 0.770800035098, 0.0, 0.234372847968, 0.303920775558, 0.205679742426, 0.815593944725, 0.719624822835, 0.0644713596541, 0.0, 0.0, 75.7003046688, 22.5097384317, 66.3687006378
0.0, 0.324289152611, 0.185848682863, 1.0, 0.738592909312, 0.670728323604, 1.0, 0.291871805174, 0.00611313505176, 0.0, 0.0, 0.0, 0.0, 192.646374387
0.0653678559336, 0.101659199848, 0.413463412043, 0.137714639344, 0.683624690261, 0.370390432934, 0.71034958243, 0.756365860481, 1.0, 0.0816443718922, 0.51120742862, 0.841015824153, 12.6707842594, 201.668860687
0.249054540623, 0.0, 0.336984869407, 0.479751317095, 0.0949639045945, 0.00538913383216, 0.0, 0.759893286998, 0.518992533809, 0.0, 0.0, 0.0, 40.9371917435, 123.433197333
0.67376390627, 0.280149067298, 0.373232828605, 0.457352058263, 0.474917530798, 0.82090775719, 0.376543162588, 0.681227456708, 0.0, 5.93558713912, 7.04257056647, 21.794125735, 89.3483633849, 60.0991454051
0.590422873168, 0.558390764708, 0.122779111576, 0.384383410968, 0.352119477263, 1.0, 0.365146281745, 0.788281132555, 0.387206886117, 3.5260850634, 5.64726883998, 65.5409341027, 59.0885839757, 92.8192289943
0.191789179548, 1.0, 0.0839181731778, 0.978469313163, 0.891154308984, 0.280751249268, 0.0, 0.254726517685, 1.0, 2.77514459497, 0.0610655524894, 30.9611193231, 0.0, 142.42392321
0.422555801882, 0.0, 0.0, 0.192709002795, 0.623887873628, 0.726698284869, 0.805609156079, 0.574412233119, 0.157253672271, 0.0, 0.0, 0.0, 112.52969665, 153.777607969
1.0, 0.0, 0.615555214712, 0.849503700147, 0.0, 0.947837257979, 1.0, 0.871820621226, 0.646475187131, 0.0, 0.0, 0.0, 301.753038409, 0.0
0.606382792849, 0.218580591431, 0.426336086536, 0.81946241881, 0.477273346917, 0.0825546929889, 1.0, 0.0, 0.386276585168, 5.66693484371, 1.24849497178, 9.3051764946, 57.9882070336, 48.1706707361
0.418557786263, 0.0959775532489, 0.168152975231, 0.737086448884, 0.529190020679, 0.721083907859, 0.879761556993, 0.0891701709037, 0.692414006296, 0.862835210421, 0.307767249748, 5.79093038553, 65.5713939694, 100.759577101
0.428786483191, 0.394421063458, 0.795588061004, 1.0, 0.711605335921, 0.618469567672, 1.0, 0.293579311964, 0.526805293833, 16.2201132375, 0.0, 4.16746424453, 31.3023026255, 68.8593492499
1.0, 0.419904063423, 0.0, 0.604395386435, 0.486645732874, 0.337479548183, 0.0, 0.972528510445, 1.0, 0.0, 0.0, 82.985310787, 114.643905064, 0.0
0.404780196631, 0.260051120976, 0.614826571914, 0.370727131512, 0.298292608776, 0.733976593561, 0.0, 0.0, 1.0, 2.87408142771, 4.87847074182, 4.85677950816, 35.8785642037, 71.3003158072
0.418395599827, 0.796537110255, 0.409316150467, 1.0, 0.272979323012, 0.286191356133, 0.451854238394, 0.324049627851, 0.0250221691101, 39.4301707748, 0.0, 56.901651778, 24.6064505202, 168.114176625
0.0351993859522, 0.164879226858, 0.444506354745, 0.583582354086, 0.541564838565, 0.806256860175, 0.0128320826257, 0.192005142738, 0.56370320685, 0.336019272375, 0.239767966602, 0.719553610102, 6.56096023726, 215.337964206
0.418057463562, 0.209440301604, 0.787525521201, 0.285283040364, 0.953667602755, 0.104543992794, 0.0, 0.0, 0.888309492433, 3.24076557518, 8.1190599898, 3.06488228152, 54.447938612, 95.8718024785
1.0, 0.688290293224, 0.0, 0.459681105597, 0.226971198947, 0.506054188097, 0.478565498534, 0.0, 0.145768101871, 0.0, 0.0, 151.363303589, 68.5487089427, 0.0
0.558767192147, 0.0, 0.198739188746, 0.865897800651, 0.998578615332, 0.47980229738, 0.0, 0.0, 0.00330362984432, 0.0, 0.0, 0.0, 48.4442175505, 38.2541753246
0.674866927337, 0.967003974532, 0.0991325315203, 0.676357461165, 0.748706877043, 0.509161383351, 0.207412148394, 0.813024577717, 0.795041746211, 6.50138881685, 3.11096735595, 87.3523437636, 3.30862105316, 48.3090393658
0.140148563715, 0.0257377146947, 0.0696741605719, 0.708587632036, 0.0, 1.0, 0.951745203001, 0.881227754295, 0.0645560687095, 0.0469405385794, 0.0193046743727, 0.88454073708, 35.9905649551, 226.64573073
0.0064472134321, 0.203744157875, 0.804496186865, 0.408205934695, 1.0, 0.102475801232, 0.0549455707067, 0.503380819864, 0.387820883833, 0.0624236867551, 0.0904983593237, 0.037162193692, 0.742871295018, 143.773830523
0.491810555252, 0.943369747593, 0.631365431046, 0.727133913994, 0.419593638295, 0.392328252717, 1.0, 1.0, 0.0, 16.6011107847, 6.22977423552, 13.3302411637, 2.17074345274, 39.6084454448
0.391570960255, 0.424926966969, 0.501664387869, 0.153625615563, 0.850096190985, 0.0681753901543, 1.0, 0.0, 0.461538198022, 3.8372640526, 21.1407582553, 24.8122815524, 67.3834877102, 182.066457232
0.302864593266, 0.0194629227542, 0.435493088977, 0.0, 0.238048990701, 0.083050210852, 0.715970241093, 0.399300024555, 0.975439001619, 0.0, 0.541373443547, 0.701754076153, 62.6284469299, 147.019945622
0.408470092329, 0.614630174803, 0.242750385245, 0.177154054409, 0.694258489355, 0.0546827471406, 0.111811445588, 1.0, 0.311489884361, 1.73614326839, 8.06404603117, 30.5712782459, 25.3126937608, 95.1211523259
0.484963440535, 0.0509270205911, 0.644227262554, 0.69930962835, 0.0, 0.0, 1.0, 0.12657557526, 0.201241336384, 1.16305999897, 0.500094563502, 0.918472542036, 48.1110518417, 53.8361879932
0.191777572894, 0.608814082155, 0.176269157398, 0.664556643741, 0.993980909892, 0.135225625, 0.775645118996, 0.0468086899392, 0.534321775539, 4.6718621727, 2.35818141606, 32.8523935463, 25.6259640404, 276.076906152
0.712766841708, 0.464317899088, 0.25049059638, 0.507120468348, 0.931789301789, 0.805347033263, 0.418313643095, 0.827130926194, 0.988598250353, 8.58296176365, 8.34193537492, 50.642098921, 77.9518310034, 58.641662101
0.172093123587, 0.483810139191, 0.309835612881, 0.0, 0.638609152155, 0.414722756725, 0.0619727450257, 0.716922871616, 0.963971527727, 0.0, 8.41817258573, 18.7516304832, 28.9881830253, 270.165256367
0.360896762883, 0.290868346551, 0.0, 0.976936146546, 0.429515836169, 1.0, 0.596677266004, 0.0, 0.0, 0.0, 0.0, 10.8961130686, 26.5645222937, 66.3381215537
0.546952377787, 0.0803202399291, 0.00261757946879, 0.0, 0.683612145884, 0.719526288988, 0.0, 1.0, 1.0, 0.0, 0.0114397436826, 4.35891226244, 50.0412385218, 45.0698135901
0.843736569243, 0.129185779568, 0.499778808214, 0.450910667696, 0.0, 0.721282740044, 0.22522045846, 0.312787686186, 0.213771840684, 3.61235146655, 4.39888385197, 8.01832653334, 108.051911399, 22.9803915231
0.213382195541, 0.670901336253, 0.614606808385, 0.588176575629, 0.58390260668, 0.404411643768, 0.395251609453, 1.0, 0.529895089748, 5.54382375475, 3.88161748936, 5.91028415873, 7.52266609849, 84.2657827693
0.193255463809, 0.0, 0.425195741605, 0.95576905471, 0.623063485836, 0.301219483452, 0.685715485811, 0.0, 0.130332836553, 0.0, 0.0, 0.0, 29.6903207859, 123.942183055
0.0506236698534, 0.154870861097, 0.173623835221, 0.574726660169, 0.0, 0.322013362243, 0.160450792454, 0.0113887830673, 0.619655625491, 0.16355876937, 0.121026548669, 1.35450598343, 8.94450905988, 198.480665268
0.483149470873, 0.673287670653, 0.433952755305, 0.544984442507, 0.864612368186, 1.0, 1.0, 0.725427809303, 0.0810106670528, 15.9048078686, 13.2791589166, 38.0675172265, 32.6337313919, 106.852495026
0.0561811544763, 0.0, 0.656674624685, 0.155137076688, 0.820265051257, 0.187767716891, 0.28616417722, 0.891196166748, 0.721900433051, 0.0, 0.0, 0.0, 7.74258591113, 130.072060002
0.183322598848, 0.0872189033672, 0.0, 1.0, 0.661664077852, 0.574997438805, 1.0, 0.427684853818, 1.0, 0.0, 0.0, 3.56423108911, 37.3011197867, 182.049615051
0.0800946371164, 0.634533784884, 0.430006308994, 0.19109341966, 0.704854104722, 0.194818079765, 0.710217317544, 0.769561275098, 0.0, 0.447861704408, 1.89581766041, 3.10665779488, 3.13917736188, 98.6525534972
0.116137742894, 0.400388079776, 0.0, 0.800208398396, 0.790686405947, 0.356944958006, 0.20101794478, 0.291896609511, 0.304411261069, 0.0, 0.0, 5.87216801271, 8.79402288886, 111.616536282
1.0, 0.6880065436, 0.224417478076, 0.203811361511, 0.0, 0.245928358203, 0.812786927379, 1.0, 0.0, 5.0280510593, 19.6420704786, 85.2594692829, 49.8502715124, 0.0
0.660125553039, 0.103158148826, 0.178232615976, 0.693364018356, 0.196417887451, 0.935104077506, 0.622037254022, 1.0, 1.0, 1.36312749876, 0.602834770226, 9.06435481534, 95.895962709, 55.0524215327
0.0, 0.383439773466, 0.912494801553, 0.460759972625, 0.143381693468, 0.713448128574, 0.665371919076, 0.0800658501084, 1.0, 0.0, 0.0, 0.0, 0.0, 257.161254309
0.366780383959, 0.318940309762, 0.320861357932, 0.792026766815, 0.696501259479, 0.174820823031, 0.240486476759, 0.900852307665, 0.948913850654, 8.09349101322, 2.12521793998, 21.6290305785, 68.0071190637, 172.392139779
1.0, 0.354009775626, 0.0, 0.991233364269, 0.172361491478, 1.0, 0.118481204002, 0.720382260428, 1.0, 0.0, 0.0, 58.2731425094, 106.335708775, 0.0
0.181542341281, 0.0732353516684, 0.177971648013, 0.799801264254, 0.231597822445, 0.500217351383, 0.706635967184, 0.399118725657, 0.0, 0.177419561919, 0.0444099973085, 1.0246024523, 15.773108185, 76.7301607077
0.741814919255, 0.844324525233, 0.464267765156, 0.984003096452, 0.884765635882, 0.201358117473, 0.302711355857, 0.778805261918, 0.0, 26.0292471764, 0.423156551028, 30.5242069974, 10.5052745243, 23.4867425009
0.370437620996, 0.881113323355, 0.158679991784, 1.0, 0.495821259139, 0.267158366939, 0.808016714071, 0.658778792744, 0.0, 10.1448854981, 0.0, 53.7880992725, 8.62633657428, 123.315280025
0.510688016405, 0.876310737973, 0.024118506953, 0.890956364371, 0.602956767548, 0.425633535247, 0.326557048107, 0.0, 0.487246152138, 1.32964400856, 0.162734363414, 60.3845186883, 8.73378289486, 67.6551059785
0.613476839984, 0.203744157875, 0.436239289568, 0.230236957517, 0.399236047854, 0.667650694523, 0.829547918357, 0.0, 0.0, 2.12503862645, 7.10475075819, 11.9278403964, 82.6864755012, 65.4273301072
0.226211184776, 0.569913650486, 0.598055857653, 0.305604886892, 0.227922708882, 0.604664517524, 0.694800353928, 0.990289736541, 0.0, 2.45272927511, 5.57308896376, 5.39402898135, 10.1273115621, 80.5465393506
0.81027688505, 0.0, 0.916204938001, 0.267880890262, 0.283957889152, 0.700215972699, 0.697821626754, 0.699293127304, 0.778471522599, 0.0, 0.0, 0.0, 61.3217961227, 14.3582550476
0.122922803017, 0.276274147738, 0.0552675872602, 0.234655454452, 0.94507079894, 0.00462075572569, 0.0379538648713, 0.0666465123745, 0.493712853121, 0.135523244346, 0.442018175529, 9.87237051776, 27.3745172506, 269.884378779
0.784494753512, 0.548844684063, 0.458416611111, 0.708778717228, 0.193706669179, 0.283155386838, 0.4312644987, 0.377547404717, 0.136855331128, 33.5149524546, 13.7705424961, 55.8641156974, 84.789916951, 51.6280753168
0.0, 0.440573767775, 0.583152459237, 0.635064996431, 1.0, 0.0, 1.0, 0.234777812586, 0.351812360711, 0.0, 0.0, 0.0, 0.0, 221.11299249
0.759409878633, 0.646376437204, 0.824208392688, 0.0, 0.397788596302, 0.493827710671, 0.196850909804, 0.478857387865, 0.0686320568449, 0.0, 51.6205036532, 11.0098991808, 34.2642226955, 30.697374859
0.629027933821, 0.953279196258, 0.174889265087, 0.449388210112, 1.0, 0.802623908069, 0.116236395116, 0.770675889891, 0.537665079378, 9.5354036679, 11.6832296948, 100.107471771, 5.94626754572, 75.0594568572
0.504439102774, 0.200410227783, 0.131872540159, 0.466411659106, 0.14959649278, 0.0172712313904, 0.742827064933, 0.987002229788, 0.190261354038, 1.76832842845, 2.0230185371, 24.9587397543, 114.706098316, 140.931334184
0.384901416133, 0.0604706247654, 0.21012675603, 1.0, 0.403331850898, 0.422356756485, 0.316887332384, 0.0860980082194, 0.88202875981, 0.654177815737, 0.0, 2.45907548001, 48.3704763305, 82.2744938261
0.564202501284, 0.366124073964, 0.864953495858, 0.787641545681, 0.289760572459, 0.434168584913, 0.22946320451, 0.881337572564, 0.286461457769, 30.2350953985, 8.15177685869, 5.99340071821, 76.836211084, 93.6292207779
0.0344859292649, 0.568185610711, 0.751587643774, 0.847203199379, 0.34558245054, 0.234423532909, 0.590607259148, 0.143054195361, 0.35669835103, 4.84626828625, 0.874045671254, 1.89065996535, 5.78425077023, 375.030576165
0.0, 0.574411437873, 0.618508243031, 0.659672400521, 0.702870858647, 0.24092109424, 0.0, 0.50748954829, 0.0301885721507, 0.0, 0.0, 0.0, 0.0, 193.795102133
0.760261184139, 0.0, 0.265049626792, 0.497215071786, 0.530842300953, 0.392328252717, 0.911800784441, 0.247485384934, 0.0, 0.0, 0.0, 0.0, 160.749270968, 50.6902636572
0.754586586541, 0.35767305182, 0.572723474196, 0.324030502622, 0.47957104114, 0.533402612536, 0.0940400098547, 0.226053583624, 0.0970305918892, 9.48415791645, 19.7851788889, 21.8361933921, 91.7778375524, 46.4698096035
0.0, 0.843278967546, 0.623180715176, 0.816415622729, 0.490491515027, 0.462121920266, 0.924972720006, 0.200994314688, 0.197457176153, 0.0, 0.0, 0.0, 0.0, 164.14795386
1.0, 0.692061778287, 0.297838299913, 0.914053357857, 0.13130942693, 0.144323895923, 0.811608244433, 0.219840269978, 0.0, 46.6975212844, 4.39087621781, 120.442253583, 76.3238851239, 0.0
0.0, 0.447659668601, 0.406303175399, 0.0, 0.395440417339, 0.505964184684, 0.0, 0.0, 0.535490480602, 0.0, 0.0, 0.0, 0.0, 112.240857363
0.771549958405, 0.336764639281, 0.789052528452, 0.217129733365, 0.590762123799, 0.0, 0.182489567809, 0.0727987123994, 0.116486560086, 6.75998179607, 24.3733949704, 8.32328251011, 77.7072429692, 34.6913353437
0.885345744643, 0.513746731218, 0.567637892326, 0.827643699537, 0.601598793542, 0.514871100256, 0.668459231834, 0.937996431093, 0.654908388537, 61.5054978077, 12.8084827641, 56.603954218, 123.911783502, 33.0010188339
0.0260698996637, 0.977955510156, 0.604084301306, 0.44849515218, 0.868400714601, 0.717410469784, 0.237481884204, 0.858749620811, 0.499185969931, 2.03586091631, 2.50345440608, 2.97505860286, 0.169384535347, 287.053028398
0.0826065336694, 0.63271279983, 0.974860162588, 0.866385476314, 0.608993747445, 0.0927728741578, 0.542889109425, 0.918348731695, 0.626751962008, 9.36582898859, 1.44440415201, 0.278775883934, 6.43712451902, 194.637877764
0.521623164242, 0.0475616119292, 0.689772750252, 0.303161478274, 0.998491309052, 0.69526546195, 0.765707632297, 1.0, 1.0, 0.639899094013, 1.47085421692, 0.949317285012, 61.2790144733, 59.004910136
0.0, 0.339280901736, 0.0, 0.211846172812, 0.692928102419, 0.23333643811, 0.353983560898, 0.773112461207, 0.00195239520133, 0.0, 0.0, 0.0, 0.0, 257.712099698
0.890369528052, 0.0, 0.0, 0.725328563024, 0.840759499738, 0.61115749593, 1.0, 0.0559797052925, 0.164330717323, 0.0, 0.0, 0.0, 281.436447352, 34.6530396364
0.400459532734, 0.236432140666, 0.0, 0.955708913676, 0.438117297412, 0.498728760079, 0.350706865867, 0.0, 0.0, 0.0, 0.0, 20.2254632888, 65.3190114676, 128.071303528
0.0, 0.563412839587, 0.493337830681, 0.52814530287, 0.0456885819832, 0.994479221247, 0.0, 0.964008997774, 0.863022618194, 0.0, 0.0, 0.0, 0.0, 320.079564597
0.308986752616, 0.586543466051, 0.291259286504, 0.418541932785, 0.764921783174, 0.815993583726, 0.720345882276, 0.29011356741, 0.622823581212, 4.53520858778, 6.30052430428, 26.3673139949, 26.224557443, 141.848524154
0.605391945356, 0.472355840868, 0.0, 0.221530794039, 0.83849874615, 0.805650141729, 0.60834705394, 1.0, 0.796135319924, 0.0, 0.0, 36.3684115417, 40.6252622846, 50.1862042955
0.799834547613, 0.207035172153, 0.0, 0.121191529019, 0.395427153301, 0.415781653821, 0.591817972423, 1.0, 0.260978539944, 0.0, 0.0, 22.6686131932, 86.8229913372, 27.4012126867
0.788181951332, 0.783287941016, 0.163705482101, 0.229466027325, 0.800745293154, 0.0, 0.137733758507, 0.522994649842, 0.775317932042, 4.79007715499, 16.0848088176, 106.640000546, 35.2795085454, 43.7497852347
0.526125086064, 0.807162737742, 0.471086997402, 0.860702726922, 0.209464285694, 0.444252691109, 0.0122253913327, 1.0, 0.808153011967, 27.5220152709, 4.45419952435, 35.9013003381, 16.2164500108, 75.7424832056
0.0748782560946, 0.822394983664, 0.0082086834342, 0.264068158505, 0.0, 0.0, 1.0, 0.316210666732, 0.699735410819, 0.00873783754219, 0.0243514890607, 3.99792574033, 0.870540933538, 60.5587826362
