0.131924879672, -3.49078152051, 0.780951073292, 1.03003473299, -3.00080857152, -3.95249670578, -2.44828273528, -0.0579353240278, 1.1875668889, -2.36194975794, 0.131924879672, 107.507147335
0.131924879672, -3.49078152051, 0.780951073292, 1.03003473299, -3.00080857152, -3.95249670578, -2.44828273528, -0.0579353240278, 1.1875668889, -2.36194975794, 0.131924879672, 107.507147335
0.787100877048, -3.65821515173, -3.44897415061, 0.62403561052, 2.49389028741, 0.865504031556, -1.69277207983, -2.00674063132, -0.544013053488, 0.944518476043, 0.787100877048, 100.233173334
0.787100877048, -3.65821515173, -3.44897415061, 0.62403561052, 2.49389028741, 0.865504031556, -1.69277207983, -2.00674063132, -0.544013053488, 0.944518476043, 0.787100877048, 100.233173334
0.00476755745666, 1.49877744476, -1.17898040912, -2.95514592538, -0.59991402951, -1.88225841609, 2.35378604849, -3.07427832296, -4.51956196118, 2.65996801009, 0.00476755745666, 124.815327321
0.00476755745666, 1.49877744476, -1.17898040912, -2.95514592538, -0.59991402951, -1.88225841609, 2.35378604849, -3.07427832296, -4.51956196118, 2.65996801009, 0.00476755745666, 124.815327321
0.192281714019, -2.46324447567, -1.08053324387, -1.34567215273, -1.16260192191, 0.637157310028, -1.79467418207, -4.47806777469, -3.42282201349, -0.471679331952, 0.192281714019, 116.252284744
0.192281714019, -2.46324447567, -1.08053324387, -1.34567215273, -1.16260192191, 0.637157310028, -1.79467418207, -4.47806777469, -3.42282201349, -0.471679331952, 0.192281714019, 116.252284744
0.991619003193, -4.14046645918, 2.89862294689, -2.45729215536, 3.03058649112, 0.406714464168, -2.43463934656, 2.37665400837, 1.92651070498, -1.13137588466, 0.991619003193, 113.503223981
0.991619003193, -4.14046645918, 2.89862294689, -2.45729215536, 3.03058649112, 0.406714464168, -2.43463934656, 2.37665400837, 1.92651070498, -1.13137588466, 0.991619003193, 113.503223981
0.00660007370266, 2.45271871852, -4.18363441651, -2.55315743405, 3.652903285, 0.676126599543, 2.19420214781, -0.466027353185, 3.87218656591, -1.10362246794, 0.00660007370266, 152.328564268
0.00660007370266, 2.45271871852, -4.18363441651, -2.55315743405, 3.652903285, 0.676126599543, 2.19420214781, -0.466027353185, 3.87218656591, -1.10362246794, 0.00660007370266, 152.328564268
0.369675113787, 0.670181881162, 0.621938668452, -1.06655231671, 2.97893140812, 0.304892497027, -1.56865054578, 1.42169091834, -0.766948217499, 4.82445123464, 0.369675113787, 130.30510811
0.369675113787, 0.670181881162, 0.621938668452, -1.06655231671, 2.97893140812, 0.304892497027, -1.56865054578, 1.42169091834, -0.766948217499, 4.82445123464, 0.369675113787, 130.30510811
0.652154007729, -4.76197155766, -0.624880136242, -1.92595083296, -0.963360845397, -0.993519138115, -0.0503668580633, -1.72182041098, 4.01998643832, -2.59371298462, 0.652154007729, 118.31407408
0.652154007729, -4.76197155766, -0.624880136242, -1.92595083296, -0.963360845397, -0.993519138115, -0.0503668580633, -1.72182041098, 4.01998643832, -2.59371298462, 0.652154007729, 118.31407408
0.434982663442, -2.21250319373, 2.14346030138, 1.61210478869, -3.41532886567, -3.47659226015, 0.439856113761, -1.5848054648, 2.0826721574, -3.12525853089, 0.434982663442, 121.664106621
0.434982663442, -2.21250319373, 2.14346030138, 1.61210478869, -3.41532886567, -3.47659226015, 0.439856113761, -1.5848054648, 2.0826721574, -3.12525853089, 0.434982663442, 121.664106621
0.312227743702, -2.28199234443, -4.59306789906, 0.0313187641137, -1.18120990595, -0.545463022564, -1.25587951568, 3.02626499051, -2.09574387741, 4.39663366264, 0.312227743702, 141.828000273
0.312227743702, -2.28199234443, -4.59306789906, 0.0313187641137, -1.18120990595, -0.545463022564, -1.25587951568, 3.02626499051, -2.09574387741, 4.39663366264, 0.312227743702, 141.828000273
0.302049805005, -2.4350496157, 2.40804865769, 1.09898636047, -3.23009356232, -4.07225396081, 3.96735487491, 1.48735583739, 4.44419294186, -4.56310857599, 0.302049805005, 145.215353381
0.302049805005, -2.4350496157, 2.40804865769, 1.09898636047, -3.23009356232, -4.07225396081, 3.96735487491, 1.48735583739, 4.44419294186, -4.56310857599, 0.302049805005, 145.215353381
0.219022037227, 4.13568084163, -0.185064247289, -4.9534536242, -3.3868441928, 0.881846862567, 2.88501332593, 3.55205440755, 1.01404772586, -3.31678696118, 0.219022037227, 163.047092258
0.219022037227, 4.13568084163, -0.185064247289, -4.9534536242, -3.3868441928, 0.881846862567, 2.88501332593, 3.55205440755, 1.01404772586, -3.31678696118, 0.219022037227, 163.047092258
0.0329361166417, 1.28450948625, 1.29515101644, -0.223579686533, 2.8303085091, -3.98532862821, 1.67835659258, 4.89584540472, 2.29791459799, -0.264862932845, 0.0329361166417, 194.555513506
0.0329361166417, 1.28450948625, 1.29515101644, -0.223579686533, 2.8303085091, -3.98532862821, 1.67835659258, 4.89584540472, 2.29791459799, -0.264862932845, 0.0329361166417, 194.555513506
0.113498410143, -1.9347305375, 2.03913651394, -2.27448558624, 0.746453555689, -3.79103464756, 2.95713334323, -2.9417101318, 4.63004163707, -4.04929366633, 0.113498410143, 163.292623385
0.113498410143, -1.9347305375, 2.03913651394, -2.27448558624, 0.746453555689, -3.79103464756, 2.95713334323, -2.9417101318, 4.63004163707, -4.04929366633, 0.113498410143, 163.292623385
0.054708045212, -1.99014835903, 2.94979579528, 3.28600332676, -3.10165024253, -3.8882578383, 3.4878601282, 1.29902669486, -4.84353954885, -3.80813897448, 0.054708045212, 187.034339783
0.054708045212, -1.99014835903, 2.94979579528, 3.28600332676, -3.10165024253, -3.8882578383, 3.4878601282, 1.29902669486, -4.84353954885, -3.80813897448, 0.054708045212, 187.034339783
0.655008644942, -0.136077049546, -2.45978350921, 2.00044676076, 0.90397736153, 2.93541823265, -4.0083440849, -2.14492193239, -4.61089309421, 1.36088455766, 0.655008644942, 119.006889994
0.655008644942, -0.136077049546, -2.45978350921, 2.00044676076, 0.90397736153, 2.93541823265, -4.0083440849, -2.14492193239, -4.61089309421, 1.36088455766, 0.655008644942, 119.006889994
0.472472343689, -1.27677877211, 3.67833012251, -2.91888526873, -0.610754139343, 1.9674808382, -2.97448411572, -3.61240594337, -2.94733314762, -1.79206220614, 0.472472343689, 141.851731141
0.472472343689, -1.27677877211, 3.67833012251, -2.91888526873, -0.610754139343, 1.9674808382, -2.97448411572, -3.61240594337, -2.94733314762, -1.79206220614, 0.472472343689, 141.851731141
0.338786375702, -0.0567262772583, -4.79743161828, 1.46149852047, 4.44654281286, 0.0768819289495, 2.34124606534, -1.55661618956, -4.5096637469, -1.74406343283, 0.338786375702, 142.148228726
0.338786375702, -0.0567262772583, -4.79743161828, 1.46149852047, 4.44654281286, 0.0768819289495, 2.34124606534, -1.55661618956, -4.5096637469, -1.74406343283, 0.338786375702, 142.148228726
0.131339793159, 4.72571216245, 3.36846084518, 0.75966048098, -2.77353832944, -3.98049899061, -1.06234539939, -2.89429538839, -0.774166164466, 3.03670964027, 0.131339793159, 179.370631221
0.131339793159, 4.72571216245, 3.36846084518, 0.75966048098, -2.77353832944, -3.98049899061, -1.06234539939, -2.89429538839, -0.774166164466, 3.03670964027, 0.131339793159, 179.370631221
0.139414831985, -1.41497734925, 4.22703055139, 4.29921772796, -4.69816100462, -0.652392741575, -1.10366364527, 0.546098744878, 1.02004516321, -1.16610954748, 0.139414831985, 164.250886764
0.139414831985, -1.41497734925, 4.22703055139, 4.29921772796, -4.69816100462, -0.652392741575, -1.10366364527, 0.546098744878, 1.02004516321, -1.16610954748, 0.139414831985, 164.250886764
0.0980217480134, 4.05895539999, -3.71552748283, -2.07893022809, 4.38531200682, 4.40049232255, -1.86327158487, -3.35988125531, -2.15955923883, 3.39364802455, 0.0980217480134, 192.166103646
0.0980217480134, 4.05895539999, -3.71552748283, -2.07893022809, 4.38531200682, 4.40049232255, -1.86327158487, -3.35988125531, -2.15955923883, 3.39364802455, 0.0980217480134, 192.166103646
0.808474281455, 3.65063428042, 0.725857820154, -2.01433913193, -4.60101075051, -1.00150737256, 0.133704339241, -0.493068354234, 3.5820774195, -3.38539362458, 0.808474281455, 130.226905627
0.808474281455, 3.65063428042, 0.725857820154, -2.01433913193, -4.60101075051, -1.00150737256, 0.133704339241, -0.493068354234, 3.5820774195, -3.38539362458, 0.808474281455, 130.226905627
0.777277328704, 1.89412565954, 0.813419520224, -1.56504001021, 2.57502322471, -2.80952105104, -3.47543819505, 3.51824158509, -4.93075934352, -1.4265387282, 0.777277328704, 130.497849617
0.777277328704, 1.89412565954, 0.813419520224, -1.56504001021, 2.57502322471, -2.80952105104, -3.47543819505, 3.51824158509, -4.93075934352, -1.4265387282, 0.777277328704, 130.497849617
0.342977891463, -0.502670612032, -3.82774332573, 0.702142232063, 1.6223421387, 4.75995065562, -2.9955667639, -0.426271659053, 1.31109476342, -3.35145852046, 0.342977891463, 161.345963366
0.342977891463, -0.502670612032, -3.82774332573, 0.702142232063, 1.6223421387, 4.75995065562, -2.9955667639, -0.426271659053, 1.31109476342, -3.35145852046, 0.342977891463, 161.345963366
0.496832092585, -0.305923365034, 0.870280975844, -2.96186385948, -1.16773908739, 2.33053636051, -2.13193698995, 3.52423358524, -3.08880571156, 4.41403898723, 0.496832092585, 145.400361205
0.496832092585, -0.305923365034, 0.870280975844, -2.96186385948, -1.16773908739, 2.33053636051, -2.13193698995, 3.52423358524, -3.08880571156, 4.41403898723, 0.496832092585, 145.400361205
0.4890913286, 4.06895475134, -3.28057271387, -0.484845352784, -3.21560389809, -1.88652551853, 0.0222440233538, -1.54714711095, -4.41575484546, 2.80758257565, 0.4890913286, 147.526915274
0.4890913286, 4.06895475134, -3.28057271387, -0.484845352784, -3.21560389809, -1.88652551853, 0.0222440233538, -1.54714711095, -4.41575484546, 2.80758257565, 0.4890913286, 147.526915274
0.358087878514, 1.42841329852, 3.50705706323, -4.04950878041, -4.08849625328, -0.940640646707, 2.78838023917, -1.79185778128, -2.89636395559, 1.76162262679, 0.358087878514, 150.485744859
0.358087878514, 1.42841329852, 3.50705706323, -4.04950878041, -4.08849625328, -0.940640646707, 2.78838023917, -1.79185778128, -2.89636395559, 1.76162262679, 0.358087878514, 150.485744859
0.142883515845, 0.525708144232, -3.2981257234, 2.31362264921, 4.62389402995, 3.95716388631, -2.83441451234, -0.438239790663, -4.43716450556, 2.89227164444, 0.142883515845, 166.366121153
0.142883515845, 0.525708144232, -3.2981257234, 2.31362264921, 4.62389402995, 3.95716388631, -2.83441451234, -0.438239790663, -4.43716450556, 2.89227164444, 0.142883515845, 166.366121153
0.101815990975, 1.64635805936, 4.6972485359, -4.39571171212, 1.09301118713, 3.72910787301, -1.48370226711, 4.37917551738, -2.15642981242, 4.95137811125, 0.101815990975, 199.789593702
0.101815990975, 1.64635805936, 4.6972485359, -4.39571171212, 1.09301118713, 3.72910787301, -1.48370226711, 4.37917551738, -2.15642981242, 4.95137811125, 0.101815990975, 199.789593702
0.781687158175, -3.8139067076, -0.476117367787, -0.969366334613, 2.88491417862, 0.880968861396, 1.5498172527, -3.59157570091, 3.71891763832, -4.58547492907, 0.781687158175, 144.397158251
0.781687158175, -3.8139067076, -0.476117367787, -0.969366334613, 2.88491417862, 0.880968861396, 1.5498172527, -3.59157570091, 3.71891763832, -4.58547492907, 0.781687158175, 144.397158251
0.930116534796, 3.52921904809, 4.9133890949, -0.0845302287306, 1.38103963144, 0.0897072627628, 4.41248175673, -2.03223281062, -2.91185874596, 2.21940321798, 0.930116534796, 133.699576651
0.930116534796, 3.52921904809, 4.9133890949, -0.0845302287306, 1.38103963144, 0.0897072627628, 4.41248175673, -2.03223281062, -2.91185874596, 2.21940321798, 0.930116534796, 133.699576651
0.677032613363, 1.38137010422, -4.14044557119, 4.43173654239, -1.29126073141, -2.12873817895, -0.539730542858, -0.117540548948, -3.13440185689, -2.62401435514, 0.677032613363, 147.985650139
0.677032613363, 1.38137010422, -4.14044557119, 4.43173654239, -1.29126073141, -2.12873817895, -0.539730542858, -0.117540548948, -3.13440185689, -2.62401435514, 0.677032613363, 147.985650139
0.50876543915, 1.79976097474, 3.87287688541, -1.78340393577, 2.07622657307, 4.07221380983, 4.17351097569, -3.9826419568, -1.97528504077, -0.541526582105, 0.50876543915, 154.153722881
0.50876543915, 1.79976097474, 3.87287688541, -1.78340393577, 2.07622657307, 4.07221380983, 4.17351097569, -3.9826419568, -1.97528504077, -0.541526582105, 0.50876543915, 154.153722881
0.379384934796, 1.09605007432, -0.623086169129, 2.27465210455, 4.78071218836, 0.111511933047, -3.56794765811, 3.56533170761, -1.17885844118, 2.40877998049, 0.379384934796, 155.325586366
0.379384934796, 1.09605007432, -0.623086169129, 2.27465210455, 4.78071218836, 0.111511933047, -3.56794765811, 3.56533170761, -1.17885844118, 2.40877998049, 0.379384934796, 155.325586366
0.54599502292, 3.81554435302, -1.95667572538, -2.98940664087, 1.2984412408, -2.32732790783, 3.10221801847, 4.98780845981, 0.96013556464, 4.0611694435, 0.54599502292, 150.846667517
0.54599502292, 3.81554435302, -1.95667572538, -2.98940664087, 1.2984412408, -2.32732790783, 3.10221801847, 4.98780845981, 0.96013556464, 4.0611694435, 0.54599502292, 150.846667517
0.272048472782, 4.43834667848, 3.70321728637, -1.53381856213, 4.72125489767, 2.6658351881, -3.03664401026, -3.07342666967, -1.56467544644, 1.25735158121, 0.272048472782, 173.273970583
0.272048472782, 4.43834667848, 3.70321728637, -1.53381856213, 4.72125489767, 2.6658351881, -3.03664401026, -3.07342666967, -1.56467544644, 1.25735158121, 0.272048472782, 173.273970583
0.210813200919, -0.970150297042, -4.28708442954, 0.837461279667, -4.25596842541, -0.987486977173, -2.30262611997, 1.26685075767, -3.70440009879, -2.42796150532, 0.210813200919, 180.799124277
0.210813200919, -0.970150297042, -4.28708442954, 0.837461279667, -4.25596842541, -0.987486977173, -2.30262611997, 1.26685075767, -3.70440009879, -2.42796150532, 0.210813200919, 180.799124277
0.106988017185, -2.67812984104, 1.84184116679, 4.6148917811, 4.41326618365, 4.24268992026, 1.86475423569, -0.290515787343, -4.85546563125, -1.76084871669, 0.106988017185, 227.234409599
0.106988017185, -2.67812984104, 1.84184116679, 4.6148917811, 4.41326618365, 4.24268992026, 1.86475423569, -0.290515787343, -4.85546563125, -1.76084871669, 0.106988017185, 227.234409599
0.931643448621, 4.48036048292, -2.02347654001, -4.16986255124, -1.38801182487, -2.07134625462, 2.43763723584, -1.762282271, 3.13906499536, -0.678682293789, 0.931643448621, 147.138858546
0.931643448621, 4.48036048292, -2.02347654001, -4.16986255124, -1.38801182487, -2.07134625462, 2.43763723584, -1.762282271, 3.13906499536, -0.678682293789, 0.931643448621, 147.138858546
0.25369477715, -2.90338793137, -4.11901740305, 0.335020524027, -3.83499831425, -0.0272802812189, -3.35212846263, -2.52624205818, 3.8407507938, -4.66276632371, 0.25369477715, 183.41434131
0.25369477715, -2.90338793137, -4.11901740305, 0.335020524027, -3.83499831425, -0.0272802812189, -3.35212846263, -2.52624205818, 3.8407507938, -4.66276632371, 0.25369477715, 183.41434131
0.466770356197, -3.67722623984, 0.0657321710976, -4.49055095919, 1.09643890995, 2.73322192803, 4.62349814485, -1.09845988178, 0.446226332957, -3.32835081431, 0.466770356197, 157.150498416
0.454648681274, 0.483770687503, -3.32198847389, 3.15159754831, -2.68797160338, 4.35250691704, -3.14864865414, -1.18908723041, -3.00368944302, -1.14752792092, 0.454648681274, 172.549717637
0.757533242164, 0.19428458754, -2.12847016918, -4.94745762301, 2.54241205122, 1.95174275045, -3.18583169305, -1.76855938885, 3.11107183429, 0.107985365457, 0.757533242164, 149.425058972
0.685227510983, 2.92308283671, 0.14217896492, 4.61257826515, 0.287579631841, -2.3819895952, 1.12656767243, 0.745931997085, -2.95826441051, -2.23665099354, 0.685227510983, 156.4956859
0.420326209745, -3.11888719878, -2.67490807883, 0.654423926162, 0.218038473997, -1.75717969468, -0.674697881814, 0.235493233261, 0.774227447847, 4.54854899579, 0.420326209745, 178.148485839
0.576240197284, -2.47260678082, 1.91977997277, -2.77160969145, 0.130361653311, -0.569294588578, 2.19020054037, 1.79109979725, -4.23158872451, 1.66418749498, 0.576240197284, 157.081210821
0.757533242164, 0.19428458754, -2.12847016918, -4.94745762301, 2.54241205122, 1.95174275045, -3.18583169305, -1.76855938885, 3.11107183429, 0.107985365457, 0.757533242164, 149.425058972
0.454648681274, 0.483770687503, -3.32198847389, 3.15159754831, -2.68797160338, 4.35250691704, -3.14864865414, -1.18908723041, -3.00368944302, -1.14752792092, 0.454648681274, 172.549717637
0.576240197284, -2.47260678082, 1.91977997277, -2.77160969145, 0.130361653311, -0.569294588578, 2.19020054037, 1.79109979725, -4.23158872451, 1.66418749498, 0.576240197284, 157.081210821
0.422403964894, -3.10760438093, 1.92587614533, -3.91373550208, 1.71659443148, 0.663047181081, -1.30830349616, 0.711537909207, -4.86734408842, 2.17637243874, 0.422403964894, 177.89994258
0.420326209745, -3.11888719878, -2.67490807883, 0.654423926162, 0.218038473997, -1.75717969468, -0.674697881814, 0.235493233261, 0.774227447847, 4.54854899579, 0.420326209745, 178.148485839
0.685227510983, 2.92308283671, 0.14217896492, 4.61257826515, 0.287579631841, -2.3819895952, 1.12656767243, 0.745931997085, -2.95826441051, -2.23665099354, 0.685227510983, 156.4956859
