0.26598229542, 0.438670621509, 0.201326440111, 0.129354866867, 0.00161885895805, 0.0397937016706, 0.0575599064869, 0.228188157875, 0.0944075594907, 0.112771105258, 0.73826464318, 6.46915203063
0.26598229542, 0.438670621509, 0.201326440111, 0.129354866867, 0.00161885895805, 0.0397937016706, 0.0575599064869, 0.228188157875, 0.0944075594907, 0.112771105258, 0.73826464318, 6.46915203063
0.080008854245, 0.490751893276, 0.077766456249, 0.877948061465, 0.0837726166595, 0.0969185779019, 0.987715189592, 0.213444904547, 0.712641398929, 0.43842620284, 0.282386262598, 8.32942041318
0.080008854245, 0.490751893276, 0.077766456249, 0.877948061465, 0.0837726166595, 0.0969185779019, 0.987715189592, 0.213444904547, 0.712641398929, 0.43842620284, 0.282386262598, 8.32942041318
0.93521616787, 0.00645867228814, 0.233076294484, 0.0384684481155, 0.0264187436664, 0.0148352399745, 0.101000089442, 0.0956362164158, 0.055577589371, 0.00721810259416, 0.983679869641, 5.35712186117
0.93521616787, 0.00645867228814, 0.233076294484, 0.0384684481155, 0.0264187436664, 0.0148352399745, 0.101000089442, 0.0956362164158, 0.055577589371, 0.00721810259416, 0.983679869641, 5.35712186117
0.222086708173, 0.00532423967863, 0.0270102769524, 0.0102653850103, 0.0437179418682, 0.641667793567, 0.0575599064869, 0.0842229259145, 0.165292971468, 0.112771105258, 0.828001204632, 6.27089449659
0.222086708173, 0.00532423967863, 0.0270102769524, 0.0102653850103, 0.0437179418682, 0.641667793567, 0.0575599064869, 0.0842229259145, 0.165292971468, 0.112771105258, 0.828001204632, 6.27089449659
0.252209804708, 0.438670621509, 0.0270102769524, 0.0093277794014, 0.0107183540254, 0.576027999885, 0.0658940102642, 0.0141308688036, 0.165292971468, 0.112771105258, 0.637251619318, 6.61121190752
0.252209804708, 0.438670621509, 0.0270102769524, 0.0093277794014, 0.0107183540254, 0.576027999885, 0.0658940102642, 0.0141308688036, 0.165292971468, 0.112771105258, 0.637251619318, 6.61121190752
0.0829148744182, 0.00231575364962, 0.171453760193, 0.446445103333, 0.0576823950804, 0.191335899215, 0.000200809186564, 0.0768640319872, 0.0453350454989, 0.58136968332, 0.282402283305, 6.80751768101
0.0829148744182, 0.00231575364962, 0.171453760193, 0.446445103333, 0.0576823950804, 0.191335899215, 0.000200809186564, 0.0768640319872, 0.0453350454989, 0.58136968332, 0.282402283305, 6.80751768101
0.080008854245, 0.490751893276, 0.077766456249, 0.877948061465, 0.403948746162, 0.0969185779019, 0.970654983204, 0.620023092053, 0.712641398929, 0.43842620284, 0.282386262598, 8.63712043079
0.080008854245, 0.490751893276, 0.077766456249, 0.877948061465, 0.403948746162, 0.0969185779019, 0.970654983204, 0.620023092053, 0.712641398929, 0.43842620284, 0.282386262598, 8.63712043079
0.93521616787, 0.108378763987, 0.233076294484, 0.0384684481155, 0.0264187436664, 0.0148352399745, 0.101000089442, 0.0956362164158, 0.055577589371, 0.00721810259416, 0.983679869641, 5.55043607761
0.93521616787, 0.108378763987, 0.233076294484, 0.0384684481155, 0.0264187436664, 0.0148352399745, 0.101000089442, 0.0956362164158, 0.055577589371, 0.00721810259416, 0.983679869641, 5.55043607761
0.545995963388, 0.433755060441, 0.00376922333364, 0.00579480863723, 0.00555085301817, 0.308562652959, 0.0575599064869, 0.0141308688036, 0.104611084782, 0.285558724437, 0.977890332786, 6.31217997887
0.545995963388, 0.433755060441, 0.00376922333364, 0.00579480863723, 0.00555085301817, 0.308562652959, 0.0575599064869, 0.0141308688036, 0.104611084782, 0.285558724437, 0.977890332786, 6.31217997887
0.0447011437093, 0.0336848978137, 0.0270102769524, 0.00729234234079, 0.0437179418682, 0.779368507153, 0.0575599064869, 0.00228270433482, 0.165292971468, 0.112771105258, 0.855427888818, 6.35793581265
0.0447011437093, 0.0336848978137, 0.0270102769524, 0.00729234234079, 0.0437179418682, 0.779368507153, 0.0575599064869, 0.00228270433482, 0.165292971468, 0.112771105258, 0.855427888818, 6.35793581265
0.222086708173, 0.0293800253414, 0.0270102769524, 0.0126351434508, 0.0437179418682, 0.775635123124, 0.0575599064869, 0.0141308688036, 0.165292971468, 0.112771105258, 0.828001204632, 6.37539477654
0.222086708173, 0.0293800253414, 0.0270102769524, 0.0126351434508, 0.0437179418682, 0.775635123124, 0.0575599064869, 0.0141308688036, 0.165292971468, 0.112771105258, 0.828001204632, 6.37539477654
0.445117739687, 0.108378763987, 0.0372535282491, 0.0384684481155, 0.0264187436664, 0.0124194245066, 0.852689067626, 0.0956362164158, 0.0580165498824, 0.00721810259416, 0.931991912404, 6.34530830032
0.445117739687, 0.108378763987, 0.0372535282491, 0.0384684481155, 0.0264187436664, 0.0124194245066, 0.852689067626, 0.0956362164158, 0.0580165498824, 0.00721810259416, 0.931991912404, 6.34530830032
0.252209804708, 0.438670621509, 0.0270102769524, 0.0093277794014, 0.0107183540254, 0.392829452372, 0.0575599064869, 0.0141308688036, 0.165292971468, 0.336955097316, 0.637251619318, 6.64383729717
0.252209804708, 0.438670621509, 0.0270102769524, 0.0093277794014, 0.0107183540254, 0.392829452372, 0.0575599064869, 0.0141308688036, 0.165292971468, 0.336955097316, 0.637251619318, 6.64383729717
0.0829148744182, 0.00347990389735, 0.171453760193, 0.446445103333, 0.0576823950804, 0.191335899215, 0.000200809186564, 0.0768640319872, 0.0453350454989, 0.58136968332, 0.282402283305, 6.80859590116
0.0829148744182, 0.00347990389735, 0.171453760193, 0.446445103333, 0.0576823950804, 0.191335899215, 0.000200809186564, 0.0768640319872, 0.0453350454989, 0.58136968332, 0.282402283305, 6.80859590116
0.080008854245, 0.490751893276, 0.077766456249, 0.877948061465, 0.403948746162, 0.0969185779019, 0.970654983204, 0.78905371257, 0.712641398929, 0.43842620284, 0.282386262598, 8.70518832008
0.080008854245, 0.490751893276, 0.077766456249, 0.877948061465, 0.403948746162, 0.0969185779019, 0.970654983204, 0.78905371257, 0.712641398929, 0.43842620284, 0.282386262598, 8.70518832008
0.080008854245, 0.490751893276, 0.077766456249, 0.877948061465, 0.403948746162, 0.0969185779019, 0.970654983204, 0.78905371257, 0.712641398929, 0.43842620284, 0.282386262598, 8.70518832008
0.080008854245, 0.490751893276, 0.077766456249, 0.877948061465, 0.403948746162, 0.0969185779019, 0.970654983204, 0.78905371257, 0.712641398929, 0.43842620284, 0.282386262598, 8.70518832008
0.080008854245, 0.490751893276, 0.077766456249, 0.877948061465, 0.403948746162, 0.0969185779019, 0.970654983204, 0.78905371257, 0.712641398929, 0.43842620284, 0.282386262598, 8.70518832008
0.080008854245, 0.490751893276, 0.077766456249, 0.877948061465, 0.403948746162, 0.0969185779019, 0.970654983204, 0.78905371257, 0.712641398929, 0.43842620284, 0.282386262598, 8.70518832008
0.785710506049, 0.486322939787, 0.201326440111, 0.187396932307, 0.00240719088021, 0.0848030600496, 1.75817544251e-05, 0.00464832603782, 0.0467869820269, 0.0267854903876, 0.990139293861, 6.0910654919
0.785710506049, 0.486322939787, 0.201326440111, 0.187396932307, 0.00240719088021, 0.0848030600496, 1.75817544251e-05, 0.00464832603782, 0.0467869820269, 0.0267854903876, 0.990139293861, 6.0910654919
0.93521616787, 0.0179083064742, 0.152282390856, 0.0384684481155, 0.0264187436664, 0.0148352399745, 0.201921454112, 0.38736872466, 0.00840244624369, 0.362756057001, 0.983679869641, 6.30016257724
0.93521616787, 0.0179083064742, 0.152282390856, 0.0384684481155, 0.0264187436664, 0.0148352399745, 0.201921454112, 0.38736872466, 0.00840244624369, 0.362756057001, 0.983679869641, 6.30016257724
0.222086708173, 0.223848603194, 0.0270102769524, 0.0126351434508, 0.0576823950804, 0.779368507153, 0.0326692681263, 0.0141308688036, 0.165292971468, 0.112771105258, 0.828001204632, 6.57495669042
0.222086708173, 0.223848603194, 0.0270102769524, 0.0126351434508, 0.0576823950804, 0.779368507153, 0.0326692681263, 0.0141308688036, 0.165292971468, 0.112771105258, 0.828001204632, 6.57495669042
0.445117739687, 0.108378763987, 0.233076294484, 0.0384684481155, 0.0264187436664, 0.0148352399745, 0.852689067626, 0.0956362164158, 0.0580165498824, 0.00721810259416, 0.931991912404, 6.55699485481
0.445117739687, 0.108378763987, 0.233076294484, 0.0384684481155, 0.0264187436664, 0.0148352399745, 0.852689067626, 0.0956362164158, 0.0580165498824, 0.00721810259416, 0.931991912404, 6.55699485481
0.252209804708, 0.438670621509, 0.0270102769524, 0.0093277794014, 0.0107183540254, 0.779368507153, 0.0575599064869, 0.0141308688036, 0.165292971468, 0.0420477208845, 0.637251619318, 6.73253462574
0.252209804708, 0.438670621509, 0.0270102769524, 0.0093277794014, 0.0107183540254, 0.779368507153, 0.0575599064869, 0.0141308688036, 0.165292971468, 0.0420477208845, 0.637251619318, 6.73253462574
0.105523796945, 0.438670621509, 0.33719275723, 0.0344176124965, 0.000518652441301, 0.779368507153, 0.0575599064869, 0.0693657118792, 0.165292971468, 0.0174947631641, 0.618265581272, 7.04663825055
0.105523796945, 0.438670621509, 0.33719275723, 0.0344176124965, 0.000518652441301, 0.779368507153, 0.0575599064869, 0.0693657118792, 0.165292971468, 0.0174947631641, 0.618265581272, 7.04663825055
0.250837426556, 0.438670621509, 0.0270102769524, 0.0126351434508, 0.0431436242708, 0.876943335922, 0.0575599064869, 0.0141308688036, 0.0435752738146, 0.112771105258, 0.63362476817, 6.8095610402
0.250837426556, 0.438670621509, 0.0270102769524, 0.0126351434508, 0.0431436242708, 0.876943335922, 0.0575599064869, 0.0141308688036, 0.0435752738146, 0.112771105258, 0.63362476817, 6.8095610402
0.0829148744182, 0.00366704004318, 0.201326440111, 0.446445103333, 0.0576823950804, 0.191335899215, 0.000200809186564, 0.0768640319872, 0.165292971468, 0.749406400655, 0.282402283305, 7.08307280643
0.0829148744182, 0.00366704004318, 0.201326440111, 0.446445103333, 0.0576823950804, 0.191335899215, 0.000200809186564, 0.0768640319872, 0.165292971468, 0.749406400655, 0.282402283305, 7.08307280643
0.0829148744182, 0.00366704004318, 0.201326440111, 0.446445103333, 0.0576823950804, 0.191335899215, 0.000200809186564, 0.0768640319872, 0.165292971468, 0.749406400655, 0.282402283305, 7.08307280643
0.0829148744182, 0.00366704004318, 0.201326440111, 0.446445103333, 0.0576823950804, 0.191335899215, 0.000200809186564, 0.0768640319872, 0.165292971468, 0.749406400655, 0.282402283305, 7.08307280643
0.0939922394194, 0.631088000871, 0.201326440111, 0.0344176124965, 0.0429329556951, 0.513857621627, 0.0575599064869, 0.196599879003, 0.165292971468, 0.0447605121952, 0.392190567234, 7.06908837714
0.0939922394194, 0.631088000871, 0.201326440111, 0.0344176124965, 0.0429329556951, 0.513857621627, 0.0575599064869, 0.196599879003, 0.165292971468, 0.0447605121952, 0.392190567234, 7.06908837714
0.080008854245, 0.308999043735, 0.919330706197, 0.877948061465, 0.954271633002, 0.0969185779019, 0.896849000366, 0.390536691781, 0.0520354856304, 0.43842620284, 0.282386262598, 8.73568840507
0.080008854245, 0.308999043735, 0.919330706197, 0.877948061465, 0.954271633002, 0.0969185779019, 0.896849000366, 0.390536691781, 0.0520354856304, 0.43842620284, 0.282386262598, 8.73568840507
0.785710506049, 0.486322939787, 0.160598359919, 0.0538423696815, 0.00240719088021, 0.281366296727, 1.75817544251e-05, 0.00210874814013, 0.165292971468, 0.0267854903876, 0.990139293861, 6.26138440617
0.785710506049, 0.486322939787, 0.160598359919, 0.0538423696815, 0.00240719088021, 0.281366296727, 1.75817544251e-05, 0.00210874814013, 0.165292971468, 0.0267854903876, 0.990139293861, 6.26138440617
0.878036083071, 0.00376173780572, 0.170302026899, 0.135771082328, 0.0014275004578, 0.534263734254, 0.000248713072564, 0.225920223476, 0.0897350228126, 0.00365790671011, 0.994841733246, 6.2438018636
0.878036083071, 0.00376173780572, 0.170302026899, 0.135771082328, 0.0014275004578, 0.534263734254, 0.000248713072564, 0.225920223476, 0.0897350228126, 0.00365790671011, 0.994841733246, 6.2438018636
0.93521616787, 0.108378763987, 0.0132697075617, 0.0384684481155, 0.0264187436664, 0.0148352399745, 0.873632741037, 0.0956362164158, 0.0580165498824, 0.00721810259416, 0.983679869641, 6.32931864258
0.93521616787, 0.108378763987, 0.0132697075617, 0.0384684481155, 0.0264187436664, 0.0148352399745, 0.873632741037, 0.0956362164158, 0.0580165498824, 0.00721810259416, 0.983679869641, 6.32931864258
0.93521616787, 0.108378763987, 0.0132697075617, 0.0384684481155, 0.0264187436664, 0.0148352399745, 0.873632741037, 0.0956362164158, 0.0580165498824, 0.00721810259416, 0.983679869641, 6.32931864258
0.93521616787, 0.108378763987, 0.0132697075617, 0.0384684481155, 0.0264187436664, 0.0148352399745, 0.873632741037, 0.0956362164158, 0.0580165498824, 0.00721810259416, 0.983679869641, 6.32931864258
0.222086708173, 0.223848603194, 0.0270102769524, 0.0126351434508, 0.0576823950804, 0.779368507153, 0.0575599064869, 0.0141308688036, 0.165292971468, 0.112771105258, 0.828001204632, 6.59995906116
0.222086708173, 0.223848603194, 0.0270102769524, 0.0126351434508, 0.0576823950804, 0.779368507153, 0.0575599064869, 0.0141308688036, 0.165292971468, 0.112771105258, 0.828001204632, 6.59995906116
0.252209804708, 0.438670621509, 0.0270102769524, 0.0093277794014, 0.0107183540254, 0.779368507153, 0.0575599064869, 0.0141308688036, 0.165292971468, 0.0526419725122, 0.637251619318, 6.7425315407
0.252209804708, 0.438670621509, 0.0270102769524, 0.0093277794014, 0.0107183540254, 0.779368507153, 0.0575599064869, 0.0141308688036, 0.165292971468, 0.0526419725122, 0.637251619318, 6.7425315407
0.0829148744182, 0.131306071371, 0.148636521617, 0.160413343215, 0.125590692794, 0.30714419293, 0.0360353863037, 0.103740704399, 0.159050544487, 0.779422579924, 0.282402283305, 7.13020051328
0.0829148744182, 0.131306071371, 0.148636521617, 0.160413343215, 0.125590692794, 0.30714419293, 0.0360353863037, 0.103740704399, 0.159050544487, 0.779422579924, 0.282402283305, 7.13020051328
0.080008854245, 0.490751893276, 0.919330706197, 0.877948061465, 0.954271633002, 0.0969185779019, 0.960224147418, 0.390536691781, 0.0520354856304, 0.207516037618, 0.282386262598, 8.74126607446
0.080008854245, 0.490751893276, 0.919330706197, 0.877948061465, 0.954271633002, 0.0969185779019, 0.960224147418, 0.390536691781, 0.0520354856304, 0.207516037618, 0.282386262598, 8.74126607446
0.173655709747, 0.433755060441, 0.0270102769524, 0.00579480863723, 0.00555085301817, 0.308562652959, 0.0575599064869, 0.0141308688036, 0.104611084782, 0.285558724437, 0.999997434923, 6.33186355395
0.173655709747, 0.433755060441, 0.0270102769524, 0.00579480863723, 0.00555085301817, 0.308562652959, 0.0575599064869, 0.0141308688036, 0.104611084782, 0.285558724437, 0.999997434923, 6.33186355395
0.0829148744182, 0.131306071371, 0.148636521617, 0.160413343215, 0.00555085301817, 0.343471441235, 0.0255705110595, 0.0798280285348, 0.220706994638, 0.999530529452, 0.282402283305, 7.25531045407
0.0939922394194, 0.594233049928, 0.201326440111, 0.0117914324409, 0.356633005325, 0.455161048744, 0.0575599064869, 0.0203207858818, 0.165292971468, 0.112771105258, 0.392190567234, 7.13848749399
0.252209804708, 0.438670621509, 0.0270102769524, 0.0093277794014, 0.0107183540254, 0.779368507153, 0.0575599064869, 0.0141308688036, 0.165292971468, 0.112771105258, 0.637251619318, 6.7983178405
0.0939922394194, 0.594233049928, 0.201326440111, 0.0117914324409, 0.356633005325, 0.455161048744, 0.0575599064869, 0.0203207858818, 0.165292971468, 0.112771105258, 0.392190567234, 7.13848749399
0.222086708173, 0.430259492924, 0.0270102769524, 0.0126351434508, 0.0576823950804, 0.779368507153, 0.0575599064869, 0.0141308688036, 0.00441832458469, 0.0730122210191, 0.828001204632, 6.60571588429
0.93521616787, 0.0179083064742, 0.233076294484, 0.0384684481155, 0.0264187436664, 0.0148352399745, 0.201921454112, 0.38736872466, 0.13143984848, 0.362756057001, 0.983679869641, 6.52127471876
0.222086708173, 0.430259492924, 0.0270102769524, 0.0126351434508, 0.0576823950804, 0.779368507153, 0.0575599064869, 0.0141308688036, 0.00441832458469, 0.0730122210191, 0.828001204632, 6.60571588429
0.236038476737, 0.279678876248, 0.0474251083892, 0.446445103333, 0.0576823950804, 0.191335899215, 0.000104480901616, 0.373064001234, 0.165292971468, 0.0251112061332, 0.684744060912, 6.76268929489
0.252209804708, 0.438670621509, 0.0270102769524, 0.0093277794014, 0.0107183540254, 0.779368507153, 0.0575599064869, 0.0141308688036, 0.165292971468, 0.112771105258, 0.637251619318, 6.7983178405
0.236038476737, 0.279678876248, 0.0474251083892, 0.446445103333, 0.0576823950804, 0.191335899215, 0.000104480901616, 0.373064001234, 0.165292971468, 0.0251112061332, 0.684744060912, 6.76268929489
0.785710506049, 0.486322939787, 0.201326440111, 0.187396932307, 0.00240719088021, 0.281366296727, 1.75817544251e-05, 0.00162751378718, 0.0890719925397, 0.0267854903876, 0.990139293861, 6.3726648864
0.237688893314, 0.567619721049, 0.0270102769524, 0.0340379559723, 0.0576823950804, 0.779368507153, 0.0575599064869, 0.0141308688036, 0.00441832458469, 0.0730122210191, 0.671684655274, 6.79173606294
0.0829148744182, 0.131306071371, 0.148636521617, 0.160413343215, 0.00555085301817, 0.343471441235, 0.0255705110595, 0.0798280285348, 0.220706994638, 0.999530529452, 0.282402283305, 7.25531045407
0.93521616787, 0.0179083064742, 0.233076294484, 0.0384684481155, 0.0264187436664, 0.0148352399745, 0.201921454112, 0.38736872466, 0.13143984848, 0.362756057001, 0.983679869641, 6.52127471876
0.785710506049, 0.486322939787, 0.201326440111, 0.187396932307, 0.00240719088021, 0.281366296727, 1.75817544251e-05, 0.00162751378718, 0.0890719925397, 0.0267854903876, 0.990139293861, 6.3726648864
0.237688893314, 0.567619721049, 0.0270102769524, 0.0340379559723, 0.0576823950804, 0.779368507153, 0.0575599064869, 0.0141308688036, 0.00441832458469, 0.0730122210191, 0.671684655274, 6.79173606294
0.252209804708, 0.438670621509, 0.0270102769524, 0.0093277794014, 0.0107183540254, 0.779368507153, 0.0575599064869, 0.0141308688036, 0.165292971468, 0.112771105258, 0.637251619318, 6.7983178405
0.252209804708, 0.438670621509, 0.0270102769524, 0.0093277794014, 0.0107183540254, 0.779368507153, 0.0575599064869, 0.0141308688036, 0.165292971468, 0.112771105258, 0.637251619318, 6.7983178405
