0.372201989859, 0.188714922913, 0.159021781799, 0.201490007033, 0.555827619922, 0.139696225141, 0.243592220373, 0.335653783731, 0.238569912688, 0.282177368312, 0.979798659938, 7.30071442133
0.372201989859, 0.188714922913, 0.159021781799, 0.201490007033, 0.555827619922, 0.139696225141, 0.243592220373, 0.335653783731, 0.238569912688, 0.282177368312, 0.979798659938, 7.30071442133
0.93521616787, 0.108378763987, 0.273046178489, 0.0604806886234, 0.0264187436664, 0.0148352399745, 0.919949578729, 0.410868291594, 0.0580165498824, 0.00721810259416, 0.983679869641, 6.9472158965
0.93521616787, 0.108378763987, 0.273046178489, 0.0604806886234, 0.0264187436664, 0.0148352399745, 0.919949578729, 0.410868291594, 0.0580165498824, 0.00721810259416, 0.983679869641, 6.9472158965
0.0959593134699, 0.522542229775, 0.143871819739, 0.137032484408, 0.215801607349, 0.604368838946, 0.488906391653, 0.172900735817, 0.867171988665, 0.0937569127221, 0.426151366219, 7.95201248857
0.0959593134699, 0.522542229775, 0.143871819739, 0.137032484408, 0.215801607349, 0.604368838946, 0.488906391653, 0.172900735817, 0.867171988665, 0.0937569127221, 0.426151366219, 7.95201248857
0.250000386814, 0.346302114671, 0.0517778742866, 0.267945909375, 0.741877960072, 0.279895877868, 0.183254345704, 0.4300625836, 0.0454415040506, 0.756758431714, 0.63212112809, 7.84605262582
0.250000386814, 0.346302114671, 0.0517778742866, 0.267945909375, 0.741877960072, 0.279895877868, 0.183254345704, 0.4300625836, 0.0454415040506, 0.756758431714, 0.63212112809, 7.84605262582
0.223327014093, 0.047557811056, 0.182327357217, 0.0340379559723, 0.46902407081, 0.647782338514, 0.410011044375, 0.00878853294099, 0.00441832458469, 0.996486721542, 0.814729056001, 7.63587900549
0.223327014093, 0.047557811056, 0.182327357217, 0.0340379559723, 0.46902407081, 0.647782338514, 0.410011044375, 0.00878853294099, 0.00441832458469, 0.996486721542, 0.814729056001, 7.63587900549
0.785710506049, 0.438670621509, 0.201326440111, 0.446445103333, 0.0014275004578, 0.348699016524, 0.000434842541736, 0.228188157875, 0.0897350228126, 0.112771105258, 0.990139293861, 6.93589263657
0.785710506049, 0.438670621509, 0.201326440111, 0.446445103333, 0.0014275004578, 0.348699016524, 0.000434842541736, 0.228188157875, 0.0897350228126, 0.112771105258, 0.990139293861, 6.93589263657
0.0829148744182, 0.287924264192, 0.610283149374, 0.160413343215, 0.46902407081, 0.343471441235, 0.235995324778, 0.103740704399, 0.220706994638, 0.996486721542, 0.282402283305, 8.06051088405
0.0829148744182, 0.287924264192, 0.610283149374, 0.160413343215, 0.46902407081, 0.343471441235, 0.235995324778, 0.103740704399, 0.220706994638, 0.996486721542, 0.282402283305, 8.06051088405
0.237688893314, 0.0811779435328, 0.0882260946329, 0.160413343215, 0.46902407081, 0.647782338514, 0.0935631441596, 0.00878853294099, 0.220706994638, 0.996486721542, 0.671684655274, 7.64260113609
0.237688893314, 0.0811779435328, 0.0882260946329, 0.160413343215, 0.46902407081, 0.647782338514, 0.0935631441596, 0.00878853294099, 0.220706994638, 0.996486721542, 0.671684655274, 7.64260113609
0.080008854245, 0.490751893276, 0.919330706197, 0.877948061465, 0.954271633002, 0.0969185779019, 0.957323042632, 0.78905371257, 0.492565128865, 0.43842620284, 0.282386262598, 9.1293070095
0.080008854245, 0.490751893276, 0.919330706197, 0.877948061465, 0.954271633002, 0.0969185779019, 0.957323042632, 0.78905371257, 0.492565128865, 0.43842620284, 0.282386262598, 9.1293070095
0.0976243065931, 0.181089742343, 0.67121409102, 0.475635754359, 0.0888783622708, 0.775233103026, 0.146809420859, 0.0074071010692, 0.785645200209, 0.0932793538926, 0.457125155198, 7.93715046282
0.0976243065931, 0.181089742343, 0.67121409102, 0.475635754359, 0.0888783622708, 0.775233103026, 0.146809420859, 0.0074071010692, 0.785645200209, 0.0932793538926, 0.457125155198, 7.93715046282
0.372201989859, 0.188714922913, 0.159021781799, 0.551953655547, 0.555827619922, 0.139696225141, 0.243592220373, 0.335653783731, 0.238569912688, 0.0832833388173, 0.979798659938, 7.40393874911
0.372201989859, 0.188714922913, 0.159021781799, 0.551953655547, 0.555827619922, 0.139696225141, 0.243592220373, 0.335653783731, 0.238569912688, 0.0832833388173, 0.979798659938, 7.40393874911
0.93521616787, 0.108378763987, 0.273046178489, 0.0629555190398, 0.0264187436664, 0.0148352399745, 0.919949578729, 0.410868291594, 0.0580165498824, 0.00721810259416, 0.983679869641, 6.94925652312
0.93521616787, 0.108378763987, 0.273046178489, 0.0629555190398, 0.0264187436664, 0.0148352399745, 0.919949578729, 0.410868291594, 0.0580165498824, 0.00721810259416, 0.983679869641, 6.94925652312
0.250000386814, 0.346302114671, 0.0517778742866, 0.267945909375, 0.590223501245, 0.112360321994, 0.0206331371769, 0.90622510603, 0.170764864941, 0.756758431714, 0.63212112809, 7.91201846835
0.250000386814, 0.346302114671, 0.0517778742866, 0.267945909375, 0.590223501245, 0.112360321994, 0.0206331371769, 0.90622510603, 0.170764864941, 0.756758431714, 0.63212112809, 7.91201846835
0.0893147037638, 0.979887394567, 0.851784031143, 0.208955605799, 0.231848465326, 0.803568545632, 0.480214371056, 0.392627333094, 0.310965346123, 0.731552122411, 0.326639872373, 8.75454785812
0.0893147037638, 0.979887394567, 0.851784031143, 0.208955605799, 0.231848465326, 0.803568545632, 0.480214371056, 0.392627333094, 0.310965346123, 0.731552122411, 0.326639872373, 8.75454785812
0.0893147037638, 0.979887394567, 0.851784031143, 0.208955605799, 0.231848465326, 0.803568545632, 0.480214371056, 0.392627333094, 0.310965346123, 0.731552122411, 0.326639872373, 8.75454785812
0.0893147037638, 0.979887394567, 0.851784031143, 0.208955605799, 0.231848465326, 0.803568545632, 0.480214371056, 0.392627333094, 0.310965346123, 0.731552122411, 0.326639872373, 8.75454785812
0.0893147037638, 0.979887394567, 0.851784031143, 0.208955605799, 0.231848465326, 0.803568545632, 0.480214371056, 0.392627333094, 0.310965346123, 0.731552122411, 0.326639872373, 8.75454785812
0.0893147037638, 0.979887394567, 0.851784031143, 0.208955605799, 0.231848465326, 0.803568545632, 0.480214371056, 0.392627333094, 0.310965346123, 0.731552122411, 0.326639872373, 8.75454785812
0.0893147037638, 0.979887394567, 0.851784031143, 0.208955605799, 0.231848465326, 0.803568545632, 0.480214371056, 0.392627333094, 0.310965346123, 0.731552122411, 0.326639872373, 8.75454785812
0.0893147037638, 0.979887394567, 0.851784031143, 0.208955605799, 0.231848465326, 0.803568545632, 0.480214371056, 0.392627333094, 0.310965346123, 0.731552122411, 0.326639872373, 8.75454785812
0.0959593134699, 0.522542229775, 0.143871819739, 0.137032484408, 0.215801607349, 0.604368838946, 0.728824556393, 0.172900735817, 0.867171988665, 0.300603319282, 0.426151366219, 8.18113972925
0.0959593134699, 0.522542229775, 0.143871819739, 0.137032484408, 0.215801607349, 0.604368838946, 0.728824556393, 0.172900735817, 0.867171988665, 0.300603319282, 0.426151366219, 8.18113972925
0.237688893314, 0.0811779435328, 0.285966006592, 0.160413343215, 0.46902407081, 0.647782338514, 0.0454671697653, 0.00878853294099, 0.220706994638, 0.996486721542, 0.671684655274, 7.73211665173
0.237688893314, 0.0811779435328, 0.285966006592, 0.160413343215, 0.46902407081, 0.647782338514, 0.0454671697653, 0.00878853294099, 0.220706994638, 0.996486721542, 0.671684655274, 7.73211665173
0.223327014093, 0.0811779435328, 0.182327357217, 0.0340379559723, 0.46902407081, 0.647782338514, 0.410011044375, 0.00878853294099, 0.00441832458469, 0.996486721542, 0.814729056001, 7.65618629209
0.223327014093, 0.0811779435328, 0.182327357217, 0.0340379559723, 0.46902407081, 0.647782338514, 0.410011044375, 0.00878853294099, 0.00441832458469, 0.996486721542, 0.814729056001, 7.65618629209
0.080008854245, 0.490751893276, 0.919330706197, 0.803473126502, 0.954271633002, 0.558930713759, 0.989272459205, 0.78905371257, 0.999101147361, 0.43842620284, 0.282386262598, 9.426111138
0.080008854245, 0.490751893276, 0.919330706197, 0.803473126502, 0.954271633002, 0.558930713759, 0.989272459205, 0.78905371257, 0.999101147361, 0.43842620284, 0.282386262598, 9.426111138
0.372201989859, 0.188714922913, 0.159021781799, 0.201490007033, 0.555827619922, 0.139696225141, 0.243592220373, 0.335653783731, 0.675179508151, 0.282177368312, 0.979798659938, 7.58585317351
0.372201989859, 0.188714922913, 0.159021781799, 0.201490007033, 0.555827619922, 0.139696225141, 0.243592220373, 0.335653783731, 0.675179508151, 0.282177368312, 0.979798659938, 7.58585317351
0.785710506049, 0.438670621509, 0.201326440111, 0.446445103333, 0.0576823950804, 0.319125426406, 0.000200809186564, 0.228188157875, 0.165292971468, 0.112771105258, 0.990139293861, 7.01876052028
0.785710506049, 0.438670621509, 0.201326440111, 0.446445103333, 0.0576823950804, 0.319125426406, 0.000200809186564, 0.228188157875, 0.165292971468, 0.112771105258, 0.990139293861, 7.01876052028
0.93521616787, 0.190649963307, 0.352501996138, 0.285636744653, 0.0264187436664, 0.0148352399745, 0.987287263319, 0.0497160240532, 0.0580165498824, 0.472317180616, 0.983679869641, 7.36336501403
0.93521616787, 0.190649963307, 0.352501996138, 0.285636744653, 0.0264187436664, 0.0148352399745, 0.987287263319, 0.0497160240532, 0.0580165498824, 0.472317180616, 0.983679869641, 7.36336501403
0.250000386814, 0.346302114671, 0.0517778742866, 0.267945909375, 0.409550559478, 0.279895877868, 0.183254345704, 0.90622510603, 0.343016963156, 0.756758431714, 0.63212112809, 8.08065425225
0.250000386814, 0.346302114671, 0.0517778742866, 0.267945909375, 0.409550559478, 0.279895877868, 0.183254345704, 0.90622510603, 0.343016963156, 0.756758431714, 0.63212112809, 8.08065425225
0.0893147037638, 0.979887394567, 0.851784031143, 0.208955605799, 0.231848465326, 0.843723403274, 0.480214371056, 0.392627333094, 0.310965346123, 0.731552122411, 0.326639872373, 8.77014296595
0.0893147037638, 0.979887394567, 0.851784031143, 0.208955605799, 0.231848465326, 0.843723403274, 0.480214371056, 0.392627333094, 0.310965346123, 0.731552122411, 0.326639872373, 8.77014296595
0.0959593134699, 0.0014128929972, 0.876473144901, 0.137032484408, 0.215801607349, 0.604368838946, 0.728824556393, 0.211129567041, 0.966110050735, 0.0937569127221, 0.426151366219, 8.24948857588
0.0959593134699, 0.0014128929972, 0.876473144901, 0.137032484408, 0.215801607349, 0.604368838946, 0.728824556393, 0.211129567041, 0.966110050735, 0.0937569127221, 0.426151366219, 8.24948857588
0.0976243065931, 0.432643457332, 0.911403159827, 0.475635754359, 0.0888783622708, 0.775233103026, 0.146809420859, 0.0992850864455, 0.785645200209, 0.085367114173, 0.457125155198, 8.2299561447
0.0976243065931, 0.432643457332, 0.911403159827, 0.475635754359, 0.0888783622708, 0.775233103026, 0.146809420859, 0.0992850864455, 0.785645200209, 0.085367114173, 0.457125155198, 8.2299561447
0.394218271724, 0.0189338378167, 0.281907185263, 0.388606804211, 0.745952187665, 0.15592941259, 0.183197160145, 0.182075692693, 0.506952426787, 0.454539849806, 0.881264874163, 7.6916814455
0.394218271724, 0.0189338378167, 0.281907185263, 0.388606804211, 0.745952187665, 0.15592941259, 0.183197160145, 0.182075692693, 0.506952426787, 0.454539849806, 0.881264874163, 7.6916814455
0.394218271724, 0.0189338378167, 0.281907185263, 0.388606804211, 0.745952187665, 0.15592941259, 0.183197160145, 0.182075692693, 0.506952426787, 0.454539849806, 0.881264874163, 7.6916814455
0.394218271724, 0.0189338378167, 0.281907185263, 0.388606804211, 0.745952187665, 0.15592941259, 0.183197160145, 0.182075692693, 0.506952426787, 0.454539849806, 0.881264874163, 7.6916814455
0.223327014093, 0.0811779435328, 0.610283149374, 0.160413343215, 0.46902407081, 0.647782338514, 0.410011044375, 0.146062714562, 0.220706994638, 0.367719350177, 0.814729056001, 7.81812683074
0.223327014093, 0.0811779435328, 0.610283149374, 0.160413343215, 0.46902407081, 0.647782338514, 0.410011044375, 0.146062714562, 0.220706994638, 0.367719350177, 0.814729056001, 7.81812683074
0.760728544866, 0.0811779435328, 0.182327357217, 0.0630016544816, 0.46902407081, 0.368449980152, 0.410011044375, 0.156299958355, 0.220706994638, 0.996486721542, 0.957846962414, 7.69089804275
0.760728544866, 0.0811779435328, 0.182327357217, 0.0630016544816, 0.46902407081, 0.368449980152, 0.410011044375, 0.156299958355, 0.220706994638, 0.996486721542, 0.957846962414, 7.69089804275
0.080008854245, 0.568300322585, 0.919330706197, 0.877948061465, 0.954271633002, 0.558930713759, 0.957323042632, 0.78905371257, 0.999101147361, 0.43842620284, 0.282386262598, 9.46237869675
0.080008854245, 0.568300322585, 0.919330706197, 0.877948061465, 0.954271633002, 0.558930713759, 0.957323042632, 0.78905371257, 0.999101147361, 0.43842620284, 0.282386262598, 9.46237869675
0.459165463315, 0.325309276061, 0.116242859325, 0.0916949851966, 0.418914222123, 0.373096744867, 0.0732615130841, 0.175012940152, 0.730830047837, 0.494958371277, 0.981897530778, 7.59630532124
0.459165463315, 0.325309276061, 0.116242859325, 0.0916949851966, 0.418914222123, 0.373096744867, 0.0732615130841, 0.175012940152, 0.730830047837, 0.494958371277, 0.981897530778, 7.59630532124
0.785710506049, 0.438670621509, 0.201326440111, 0.0644583751128, 0.0576823950804, 0.779368507153, 0.0575599064869, 0.228188157875, 0.165292971468, 0.112771105258, 0.990139293861, 7.12403708181
0.785710506049, 0.438670621509, 0.201326440111, 0.0644583751128, 0.0576823950804, 0.779368507153, 0.0575599064869, 0.228188157875, 0.165292971468, 0.112771105258, 0.990139293861, 7.12403708181
0.802966403906, 0.438670621509, 0.201326440111, 0.0093277794014, 0.0576823950804, 0.779368507153, 0.0575599064869, 0.228188157875, 0.165292971468, 0.112771105258, 0.998982733548, 7.07944123789
0.802966403906, 0.438670621509, 0.201326440111, 0.0093277794014, 0.0576823950804, 0.779368507153, 0.0575599064869, 0.228188157875, 0.165292971468, 0.112771105258, 0.998982733548, 7.07944123789
0.93521616787, 0.0967039647302, 0.401340992501, 0.0201496490386, 0.0264187436664, 0.0148352399745, 0.919949578729, 0.410868291594, 0.0580165498824, 0.535659143864, 0.983679869641, 7.39468122829
0.93521616787, 0.0967039647302, 0.401340992501, 0.0201496490386, 0.0264187436664, 0.0148352399745, 0.919949578729, 0.410868291594, 0.0580165498824, 0.535659143864, 0.983679869641, 7.39468122829
0.269493337884, 0.114997724217, 0.203027010202, 0.0689585185411, 0.0332531151529, 0.999401984689, 0.188180864936, 0.416597635181, 0.765743552785, 0.902310315052, 0.775182860088, 8.12970733466
0.269493337884, 0.114997724217, 0.203027010202, 0.0689585185411, 0.0332531151529, 0.999401984689, 0.188180864936, 0.416597635181, 0.765743552785, 0.902310315052, 0.775182860088, 8.12970733466
0.269493337884, 0.114997724217, 0.203027010202, 0.0689585185411, 0.0332531151529, 0.999401984689, 0.188180864936, 0.416597635181, 0.765743552785, 0.902310315052, 0.775182860088, 8.12970733466
0.269493337884, 0.114997724217, 0.203027010202, 0.0689585185411, 0.0332531151529, 0.999401984689, 0.188180864936, 0.416597635181, 0.765743552785, 0.902310315052, 0.775182860088, 8.12970733466
0.0893147037638, 0.979887394567, 0.851784031143, 0.208955605799, 0.231848465326, 0.803568545632, 0.480214371056, 0.392627333094, 0.310965346123, 0.870327171446, 0.326639872373, 8.80805185117
0.0893147037638, 0.979887394567, 0.851784031143, 0.208955605799, 0.231848465326, 0.803568545632, 0.480214371056, 0.392627333094, 0.310965346123, 0.870327171446, 0.326639872373, 8.80805185117
0.0959593134699, 0.476023722254, 0.558686041465, 0.137032484408, 0.215801607349, 0.604368838946, 0.728824556393, 0.211129567041, 0.966110050735, 0.0937569127221, 0.426151366219, 8.32290678668
0.0959593134699, 0.476023722254, 0.558686041465, 0.137032484408, 0.215801607349, 0.604368838946, 0.728824556393, 0.211129567041, 0.966110050735, 0.0937569127221, 0.426151366219, 8.32290678668
0.0649047983685, 0.346302114671, 0.0517778742866, 0.190385485015, 0.590223501245, 0.112360321994, 0.0206331371769, 0.90622510603, 0.799177363428, 0.856759346257, 0.466949766746, 8.26352798427
0.0649047983685, 0.346302114671, 0.0517778742866, 0.190385485015, 0.590223501245, 0.112360321994, 0.0206331371769, 0.90622510603, 0.799177363428, 0.856759346257, 0.466949766746, 8.26352798427
0.0976243065931, 0.432643457332, 0.911403159827, 0.475635754359, 0.0888783622708, 0.998751582202, 0.388434130332, 0.0150200581387, 0.576538127352, 0.00128776715345, 0.457125155198, 8.27157260432
0.0976243065931, 0.432643457332, 0.911403159827, 0.475635754359, 0.0888783622708, 0.998751582202, 0.388434130332, 0.0150200581387, 0.576538127352, 0.00128776715345, 0.457125155198, 8.27157260432
0.394218271724, 0.0189338378167, 0.241606124445, 0.388606804211, 0.745952187665, 0.0543190150132, 0.183197160145, 0.215346064676, 0.875667170684, 0.199041621258, 0.881264874163, 7.69437603729
0.394218271724, 0.0189338378167, 0.241606124445, 0.388606804211, 0.745952187665, 0.0543190150132, 0.183197160145, 0.215346064676, 0.875667170684, 0.199041621258, 0.881264874163, 7.69437603729
0.223327014093, 0.0811779435328, 0.610283149374, 0.160413343215, 0.0266209592269, 0.647782338514, 0.410011044375, 0.930584841454, 0.220706994638, 0.0658735329205, 0.814729056001, 7.84057691925
0.223327014093, 0.0811779435328, 0.610283149374, 0.160413343215, 0.0266209592269, 0.647782338514, 0.410011044375, 0.930584841454, 0.220706994638, 0.0658735329205, 0.814729056001, 7.84057691925
0.856226563342, 0.438670621509, 0.201326440111, 0.174482401074, 0.0576823950804, 0.910019767092, 0.0575599064869, 0.00977600047447, 0.165292971468, 0.112771105258, 0.999825718695, 7.13817546754
0.856226563342, 0.438670621509, 0.201326440111, 0.174482401074, 0.0576823950804, 0.910019767092, 0.0575599064869, 0.00977600047447, 0.165292971468, 0.112771105258, 0.999825718695, 7.13817546754
