-1, 1, -1, 0.505597756574, -1, 0.669646664524, 0.669646664524, -1, -1, 1, -1, -1, 0.669646664524, 1, 0.505597756574, -1, -1, -1, -1, 1, -1, -1, -1, 1, -1, -1, 1, 0.505597756574, 0.505597756574, 1, 1, -1, 1, -1, -1, -1, 0.669646664524, 0.669646664524, 0.669646664524, -1, 1, 0.669646664524, 0.505597756574, -1, 0.505597756574, -1, 1, -1, 1, 0.505597756574, 56.45, 95.65, 94.59
0.669646664524, -1, -1, -1, 1, 0.669646664524, 0.669646664524, -1, 1, 1, -1, 1, 0.669646664524, 1, -1, 1, -1, -1, -1, 1, 1, 1, -1, -1, -1, 1, -1, -1, -1, -1, 1, -1, -1, 0.669646664524, -1, -1, 0.669646664524, 0.669646664524, 0.669646664524, -1, 1, 0.669646664524, -1, -1, -1, -1, -1, -1, 1, -1, 54.3, 78.26, 94.87
0.669646664524, -1, -1, -1, 1, -1, 0.669646664524, -1, -1, 1, -1, -1, 0.669646664524, -1, 0.669646664524, 1, -1, 1, 1, 1, 1, -1, 1, -1, -1, 1, -1, 0.669646664524, -1, 1, 1, -1, 1, -1, 0.669646664524, -1, -1, -1, 0.669646664524, 1, -1, 0.669646664524, -1, 0.669646664524, 0.669646664524, 1, -1, 1, -1, -1, 60.75, 78.26, 92.31
0.669646664524, 1, 0.669646664524, -1, -1, 0.669646664524, 0.669646664524, -1, 1, 1, -1, 1, 0.669646664524, 1, -1, -1, -1, 1, 1, 1, -1, 1, -1, 1, 1, 1, 1, -1, -1, 1, 1, -1, -1, 0.669646664524, -1, -1, -1, -1, -1, 1, -1, 0.669646664524, 0.669646664524, 0.669646664524, 0.669646664524, 1, 1, -1, -1, -1, 51.61, 47.83, 92.88
-1, 1, -1, -1, 1, -1, -1, 1, 1, 1, 1, 1, -1, 1, -1, 1, -1, 1, 1, 1, 1, 1, 1, 1, 1, 1, 1, -1, -1, 1, 1, -1, 1, -1, -1, 1, -1, -1, -1, 1, 1, -1, -1, -1, -1, 1, 1, 1, 1, -1, 56.99, 69.57, 93.45
0.750140199859, 0.750140199859, -1, 1, 0.750140199859, 0.627631290375, 0.627631290375, 0.750140199859, -1, -1, 0.627631290375, -1, 0.627631290375, 0.750140199859, 1, 0.750140199859, 0.627631290375, 0.627631290375, 1, 1, -1, 0.750140199859, -1, -1, 1, -1, -1, 0.750140199859, -1, -1, -1, -1, 0.627631290375, -1, 0.627631290375, -1, 0.750140199859, 0.627631290375, 0.750140199859, -1, -1, -1, 0.627631290375, -1, -1, 0.750140199859, 0.750140199859, 1, -1, -1, 58.6, 69.57, 94.3
-1, -1, -1, -1, -1, 0.750140199859, 0.750140199859, -1, 1, -1, 0.750140199859, 0.750140199859, 0.750140199859, -1, 1, -1, 0.750140199859, -1, 1, 1, -1, 0.750140199859, -1, 1, 1, -1, -1, 0.750140199859, 0.750140199859, -1, -1, 0.750140199859, 0.750140199859, -1, 0.750140199859, -1, -1, -1, -1, 1, -1, 0.750140199859, -1, 0.750140199859, 1, 0.750140199859, 0.750140199859, -1, -1, 0.750140199859, 56.45, 78.26, 95.16
1, 1, -1, 1, -1, -1, 1, -1, 1, 1, -1, 1, -1, -1, 1, -1, -1, -1, 1, 1, -1, -1, -1, 1, 1, 1, 1, 1, 1, -1, 1, -1, -1, 1, 1, -1, 1, -1, -1, 1, -1, -1, -1, 1, 1, -1, -1, 1, -1, 1, 54.3, 78.26, 94.59
1, 0.584584470306, -1, -1, -1, -1, 0.441373954912, 0.584584470306, -1, 0.584584470306, -1, -1, -1, -1, -1, 1, -1, 0.584584470306, -1, 0.584584470306, 0.584584470306, -1, 0.584584470306, -1, 1, 0.584584470306, -1, -1, 1, -1, 0.584584470306, 0.441373954912, 0.584584470306, -1, 1, -1, -1, -1, 1, 0.584584470306, 1, -1, 0.441373954912, 0.441373954912, 0.441373954912, -1, -1, -1, 0.584584470306, 0.441373954912, 63.44, 78.26, 93.73
1, -1, 0.441373954912, 0.441373954912, -1, -1, -1, 0.441373954912, 1, 0.584584470306, -1, 1, 0.584584470306, -1, -1, 1, 0.441373954912, 0.441373954912, -1, 0.584584470306, 0.584584470306, 1, -1, 1, -1, 0.584584470306, 0.441373954912, 0.441373954912, 1, -1, 0.584584470306, -1, 0.441373954912, -1, 1, -1, 0.584584470306, -1, 1, -1, 1, -1, -1, 0.441373954912, -1, -1, -1, 0.441373954912, -1, -1, 62.37, 73.91, 93.16
1, -1, -1, -1, -1, 1, -1, -1, 1, -1, -1, 1, 1, 1, 1, 1, -1, -1, -1, -1, 1, 1, -1, 1, 1, -1, -1, -1, 1, 1, 1, -1, -1, 1, 1, -1, 1, -1, 1, -1, 1, 1, -1, -1, -1, 1, -1, -1, -1, -1, 59.14, 78.26, 93.73
-1, 1, -1, -1, 1, 1, -1, 0.850404938133, -1, -1, 0.510256739359, 0.850404938133, 1, 0.850404938133, 0.850404938133, -1, 0.850404938133, 0.510256739359, 0.850404938133, 1, -1, 0.510256739359, 0.510256739359, -1, 1, 0.510256739359, 0.850404938133, -1, -1, 0.850404938133, 0.850404938133, 1, 1, -1, 0.850404938133, 1, 0.850404938133, 0.850404938133, 0.850404938133, 0.850404938133, -1, -1, 1, 0.850404938133, 0.510256739359, 0.850404938133, -1, 0.850404938133, -1, 0.510256739359, 51.08, 86.96, 94.02
-1, -1, -1, -1, -1, -1, -1, 1, 0.542400021118, -1, -1, 0.542400021118, 0.850404938133, -1, 0.850404938133, 0.850404938133, -1, 0.542400021118, -1, 1, -1, -1, 0.850404938133, -1, 1, 0.542400021118, -1, -1, 0.850404938133, -1, 0.850404938133, 1, 1, 0.850404938133, 0.850404938133, 1, -1, 0.542400021118, 0.850404938133, 0.850404938133, 1, 1, -1, 0.542400021118, -1, -1, -1, -1, 0.542400021118, 0.850404938133, 50.0, 82.61, 92.88
-1, 1, -1, 1, 1, 1, 1, 1, -1, -1, -1, -1, 1, -1, 1, -1, -1, -1, 1, 1, -1, -1, -1, -1, 1, -1, -1, 1, 1, -1, -1, 1, 1, -1, 1, 1, -1, -1, -1, 1, 1, 1, 1, -1, -1, 1, -1, -1, -1, -1, 57.53, 78.26, 93.73
-1, -1, 1, 1, 0.691858304066, 0.691858304066, 0.691858304066, 0.522368026206, 1, 0.691858304066, -1, 0.691858304066, 0.691858304066, -1, -1, -1, 0.522368026206, -1, 1, 0.691858304066, 0.691858304066, 0.691858304066, -1, -1, -1, -1, -1, 1, 0.522368026206, -1, 1, -1, 0.522368026206, -1, 0.522368026206, 0.522368026206, 1, -1, -1, -1, 1, -1, -1, 0.522368026206, 0.522368026206, -1, 0.522368026206, 0.522368026206, 1, 1, 75.27, 73.91, 93.45
-1, -1, 1, -1, -1, 0.691858304066, 0.691858304066, 0.691858304066, -1, 0.57886768396, -1, 0.691858304066, 0.57886768396, 1, -1, 1, 0.57886768396, 0.691858304066, 1, -1, -1, 0.691858304066, -1, -1, -1, -1, -1, -1, -1, -1, 1, -1, -1, 1, -1, -1, 1, -1, -1, 1, 1, 0.691858304066, 0.691858304066, 0.691858304066, 0.57886768396, -1, 0.57886768396, 0.691858304066, -1, 1, 48.92, 82.61, 93.16
1, -1, 1, 1, -1, 1, -1, -1, 1, -1, -1, 1, -1, 1, -1, 1, -1, 1, 1, -1, -1, -1, 1, 1, 1, -1, 1, 1, 1, 1, 1, 1, -1, 1, -1, -1, 1, -1, 1, 1, 1, -1, 1, 1, -1, 1, -1, 1, 1, 1, 50.0, 73.91, 93.73
-1, 0.766541688521, 1, 0.641354175104, -1, 1, 0.766541688521, -1, 1, 0.641354175104, -1, 1, -1, -1, -1, 0.766541688521, -1, -1, 1, 0.766541688521, 0.641354175104, 0.766541688521, -1, 0.641354175104, -1, -1, -1, -1, -1, -1, -1, -1, -1, -1, -1, -1, 1, -1, 1, 1, 0.766541688521, 0.766541688521, -1, -1, 0.641354175104, 1, -1, 1, 1, -1, 44.09, 78.26, 93.73
1, -1, -1, 0.766541688521, 0.766541688521, 1, -1, 1, 1, -1, 0.641354175104, 1, 0.641354175104, -1, 1, -1, -1, -1, -1, 0.766541688521, -1, 0.766541688521, -1, 0.766541688521, -1, 0.641354175104, -1, 0.766541688521, -1, -1, -1, 1, -1, 0.641354175104, -1, -1, -1, 1, -1, -1, -1, -1, -1, -1, 0.641354175104, 1, 1, -1, 1, -1, 47.85, 73.91, 93.73
1, -1, -1, 0.766541688521, -1, -1, 0.766541688521, 1, 1, -1, -1, 1, 0.766541688521, -1, 1, 0.766541688521, -1, 0.766541688521, 1, 0.766541688521, -1, 0.766541688521, -1, -1, 0.766541688521, -1, -1, 0.766541688521, -1, 1, 1, 1, -1, -1, -1, -1, -1, 1, 1, 1, 0.766541688521, -1, 0.766541688521, 1, -1, 1, 1, -1, -1, 0.766541688521, 46.24, 43.48, 97.44
1, 0.766541688521, 1, 0.766541688521, 0.766541688521, -1, -1, 1, -1, -1, -1, -1, -1, 1, 1, 0.766541688521, -1, -1, 1, 0.766541688521, -1, 0.766541688521, -1, 0.766541688521, -1, -1, 1, 0.766541688521, 1, 1, -1, -1, -1, -1, -1, 1, 1, -1, 1, 1, 0.766541688521, -1, -1, 1, -1, 1, 1, 1, 1, 0.766541688521, 40.32, 47.83, 95.16
1, -1, 1, -1, -1, 1, -1, 1, 1, -1, -1, 1, -1, 1, 1, -1, 1, -1, 1, -1, -1, -1, -1, -1, -1, -1, 1, -1, 1, 1, 1, 1, 1, -1, 1, 1, 1, 1, 1, 1, -1, -1, -1, 1, -1, 1, 1, 1, 1, -1, 56.99, 73.91, 94.02
0.739603730684, -1, -1, 0.558416858917, -1, 0.739603730684, -1, -1, 0.558416858917, 0.558416858917, 0.558416858917, -1, 0.558416858917, -1, 0.558416858917, 0.739603730684, 0.739603730684, 0.558416858917, -1, -1, 0.739603730684, -1, -1, -1, 1, -1, 0.558416858917, 0.739603730684, 0.739603730684, 0.558416858917, 1, 1, -1, -1, -1, -1, -1, -1, 0.558416858917, 0.558416858917, 1, -1, 1, -1, -1, -1, 0.739603730684, -1, 0.558416858917, 0.739603730684, 62.9, 65.22, 96.01
-1, 1, 0.558416858917, 0.558416858917, -1, -1, -1, 0.558416858917, 0.739603730684, -1, -1, -1, -1, -1, -1, -1, 0.558416858917, 0.558416858917, 0.558416858917, -1, 0.739603730684, 1, -1, -1, -1, -1, -1, -1, -1, -1, -1, 1, 0.558416858917, 1, -1, -1, -1, 0.739603730684, 0.739603730684, -1, 1, -1, -1, -1, 0.558416858917, 0.558416858917, 0.558416858917, -1, -1, 0.558416858917, 54.84, 47.83, 92.88
0.739603730684, -1, -1, 0.739603730684, 1, 0.739603730684, 1, 0.500139386339, 1, -1, -1, -1, 1, 1, -1, -1, -1, -1, 1, -1, 0.739603730684, 1, 1, 1, -1, 0.500139386339, -1, -1, -1, 0.500139386339, 1, 1, 0.739603730684, 1, 1, -1, -1, -1, -1, 1, 1, -1, 1, -1, 1, 1, 1, -1, -1, -1, 62.37, 82.61, 94.02
-1, 1, 1, -1, 1, -1, 1, -1, 1, -1, -1, 1, 1, 1, -1, -1, 1, -1, 1, -1, -1, 1, 1, 1, 1, -1, -1, 1, -1, -1, 1, 1, -1, 1, 1, 1, 1, 1, 1, 1, 1, -1, 1, -1, 1, 1, 1, -1, -1, 1, 55.91, 78.26, 94.02
-1, -1, 1, -1, -1, -1, -1, -1, 1, -1, -1, 0.645662494988, 1, -1, -1, -1, 0.645662494988, -1, -1, -1, -1, -1, -1, -1, 1, 0.645662494988, -1, 1, -1, 1, 1, -1, 1, -1, -1, 0.954802607233, -1, -1, 1, 1, -1, -1, 0.954802607233, -1, 0.645662494988, 1, -1, -1, 0.954802607233, -1, 43.01, 47.83, 92.88
-1, 0.572897032052, 1, 0.572897032052, -1, 1, 0.572897032052, -1, 1, -1, -1, 0.954802607233, 1, -1, 0.954802607233, 1, -1, -1, -1, -1, -1, -1, 0.572897032052, -1, 1, -1, -1, 1, 1, -1, -1, -1, -1, 1, 1, 0.954802607233, -1, -1, 1, -1, 1, -1, 0.572897032052, 0.954802607233, 0.572897032052, 1, -1, 1, 0.954802607233, -1, 49.46, 86.96, 93.16
-1, -1, 1, -1, -1, 1, -1, -1, 1, 1, -1, -1, 1, 1, -1, 1, -1, 1, 1, -1, -1, 1, -1, -1, 1, -1, 1, 1, 1, 1, 1, -1, 1, 1, 1, -1, -1, 1, 1, 1, 1, -1, -1, -1, -1, 1, -1, 1, -1, -1, 53.23, 73.91, 93.73
0.906854347679, 0.906854347679, 0.906854347679, 0.906854347679, 0.906854347679, 0.75875171671, -1, 0.906854347679, 0.75875171671, -1, -1, -1, 0.75875171671, -1, -1, 0.906854347679, 0.75875171671, 0.75875171671, 0.906854347679, -1, -1, -1, -1, 0.906854347679, -1, 0.75875171671, 0.906854347679, -1, -1, -1, -1, 0.75875171671, 1, 1, 1, -1, 0.906854347679, 0.75875171671, 1, -1, -1, -1, 1, 0.906854347679, -1, -1, -1, 0.906854347679, 0.906854347679, -1, 50.0, 82.61, 90.88
0.68469470247, 0.68469470247, -1, -1, -1, 0.906854347679, 0.68469470247, -1, 0.906854347679, 1, 1, 0.68469470247, -1, -1, -1, 0.68469470247, 0.68469470247, -1, -1, -1, 0.68469470247, 0.906854347679, -1, 0.906854347679, -1, 0.68469470247, 0.906854347679, -1, 0.68469470247, -1, 0.906854347679, -1, 1, 1, -1, -1, -1, 0.68469470247, -1, -1, 0.68469470247, -1, 1, 0.68469470247, -1, -1, 0.68469470247, 0.906854347679, 0.906854347679, 0.68469470247, 51.08, 73.91, 95.73
1, -1, 1, -1, -1, -1, 1, 1, 1, 1, 1, 1, -1, 1, -1, -1, -1, -1, -1, -1, -1, 1, 1, 1, -1, 1, -1, -1, -1, -1, -1, -1, 1, 1, 1, -1, 1, 1, 1, 1, 1, -1, 1, -1, -1, -1, 1, -1, 1, -1, 57.53, 78.26, 93.45
-1, 0.737454186241, 0.498685808167, 0.737454186241, -1, 0.737454186241, 0.737454186241, 0.498685808167, 0.498685808167, -1, -1, 0.498685808167, -1, 1, -1, -1, 1, -1, 0.498685808167, -1, -1, -1, 1, 0.737454186241, -1, 1, 0.737454186241, -1, -1, -1, 0.737454186241, -1, -1, -1, 0.498685808167, 0.737454186241, -1, 0.498685808167, -1, -1, 0.737454186241, 0.737454186241, -1, -1, 0.498685808167, -1, 0.498685808167, -1, 0.737454186241, 1, 57.53, 95.65, 93.73
0.737454186241, 0.737454186241, 0.737454186241, -1, 0.737454186241, 0.737454186241, -1, -1, -1, -1, -1, -1, -1, 1, -1, 1, 0.737454186241, -1, 0.737454186241, -1, 0.737454186241, -1, 0.737454186241, -1, 1, -1, -1, 1, 0.737454186241, -1, 0.737454186241, -1, -1, -1, 0.737454186241, -1, 0.737454186241, 0.737454186241, -1, -1, -1, 0.737454186241, -1, 0.737454186241, 0.737454186241, -1, 0.737454186241, 1, -1, 0.737454186241, 52.69, 91.3, 95.16
0.737454186241, 1, -1, -1, -1, -1, 0.737454186241, 0.556793906238, -1, 1, -1, -1, -1, -1, -1, -1, 1, 1, 0.556793906238, -1, 0.737454186241, 0.737454186241, -1, -1, -1, 0.737454186241, -1, -1, 0.556793906238, -1, -1, -1, -1, 1, -1, -1, 0.737454186241, 0.737454186241, 1, -1, 0.737454186241, 0.737454186241, -1, 0.556793906238, 0.556793906238, -1, 0.556793906238, 1, -1, -1, 59.14, 78.26, 94.02
-1, 1, -1, -1, 1, -1, 1, -1, -1, 1, -1, -1, 1, 1, 1, 1, 1, 1, -1, 1, 1, -1, 1, 1, 1, 1, -1, 1, -1, -1, -1, -1, -1, 1, -1, -1, -1, -1, 1, -1, -1, 1, 1, -1, -1, 1, -1, 1, -1, 1, 50.0, 52.17, 91.45
-1, -1, 1, -1, 1, 1, 1, -1, -1, -1, 1, 1, 1, 1, -1, 1, -1, 1, -1, 1, -1, 1, -1, 1, -1, -1, -1, 1, -1, 1, 1, 1, -1, -1, 1, 1, -1, 1, -1, 1, -1, 1, 1, 1, -1, -1, -1, -1, 1, 1, 55.91, 82.61, 94.59
-1, 0.652741526284, 1, -1, -1, 1, -1, -1, -1, 1, 1, -1, -1, -1, -1, 1, 1, 0.652741526284, -1, -1, -1, -1, 1, 0.652741526284, -1, -1, 1, -1, -1, -1, -1, 0.652741526284, -1, 1, 1, 0.652741526284, 1, 1, -1, 1, -1, 1, -1, 1, -1, -1, 1, -1, 1, 1, 58.06, 91.3, 93.73
-1, -1, 1, -1, 1, 1, -1, -1, -1, -1, 0.772692588333, 1, -1, 1, -1, 1, 1, 0.772692588333, 1, -1, -1, 0.772692588333, -1, 0.772692588333, -1, 0.772692588333, 1, 1, 1, 0.772692588333, 1, -1, 1, 0.772692588333, 1, -1, 1, 1, 1, 1, 0.772692588333, -1, 0.772692588333, 1, -1, 0.772692588333, 1, -1, -1, -1, 52.69, 78.26, 94.3
-1, 1, 1, -1, 1, 1, 1, 1, -1, -1, 1, 1, -1, -1, 1, 1, -1, -1, -1, -1, -1, 1, -1, -1, -1, -1, 1, 1, 1, -1, -1, -1, 1, -1, 1, -1, 1, 1, 1, 1, 1, 1, 1, 1, 1, -1, 1, -1, 1, 1, 51.61, 95.65, 93.16
1, 0.924163406177, -1, -1, 1, 0.924163406177, 1, -1, -1, -1, 0.697763417075, 0.697763417075, -1, 1, -1, -1, 0.924163406177, 0.697763417075, 1, -1, 0.924163406177, 1, 0.924163406177, 1, -1, -1, -1, 0.924163406177, -1, 1, 0.924163406177, 1, -1, -1, -1, -1, 1, -1, -1, 0.697763417075, 0.697763417075, -1, 1, -1, 0.924163406177, -1, 0.924163406177, -1, 1, -1, 54.3, 78.26, 94.59
1, 0.924163406177, -1, 0.924163406177, 1, 0.924163406177, 0.924163406177, -1, -1, -1, -1, -1, -1, 1, -1, -1, -1, -1, -1, 0.924163406177, 0.924163406177, 1, -1, 1, 0.924163406177, -1, 1, -1, -1, -1, 0.924163406177, 0.924163406177, 0.924163406177, 0.924163406177, -1, 1, 1, -1, -1, -1, 0.924163406177, 0.924163406177, 0.924163406177, -1, -1, -1, -1, 1, 1, -1, 47.85, 52.17, 94.02
1, -1, 1, -1, 1, 1, 1, -1, -1, -1, -1, -1, 1, 1, 1, 1, -1, -1, 1, -1, -1, 1, -1, 1, -1, 1, 1, -1, -1, 1, -1, 1, 1, -1, 1, 1, 1, -1, -1, -1, -1, -1, 1, 1, 1, -1, -1, 1, 1, 1, 54.84, 86.96, 96.01
-1, 0.85095074198, -1, -1, 0.85095074198, -1, -1, -1, 0.642486267599, -1, -1, -1, 0.642486267599, 1, -1, -1, -1, 1, -1, 0.642486267599, -1, -1, -1, 0.642486267599, -1, -1, -1, 1, 0.85095074198, 1, 1, 0.642486267599, -1, 1, 0.85095074198, -1, 0.85095074198, -1, 0.642486267599, -1, -1, -1, 0.642486267599, -1, -1, -1, 0.85095074198, 1, 0.642486267599, -1, 45.16, 47.83, 93.73
-1, 0.85095074198, -1, -1, 0.711977990694, 0.85095074198, -1, 0.85095074198, 0.85095074198, -1, -1, -1, 0.711977990694, -1, -1, -1, -1, 1, 0.85095074198, -1, -1, -1, 1, 0.711977990694, -1, -1, 1, 1, 0.711977990694, -1, -1, -1, -1, 1, 0.711977990694, -1, -1, -1, -1, 1, 0.85095074198, 0.85095074198, -1, -1, 0.711977990694, -1, -1, 1, -1, -1, 52.15, 78.26, 93.16
-1, -1, -1, 1, -1, -1, 1, -1, -1, -1, -1, -1, -1, 1, 1, 1, 1, 1, -1, -1, -1, -1, 1, -1, 1, 1, 1, 1, -1, 1, 1, -1, -1, 1, -1, -1, 1, 1, -1, 1, -1, 1, -1, 1, -1, 1, 1, 1, -1, -1, 51.08, 43.48, 94.02
-1, -1, 1, 1, 0.597815142654, -1, 0.597815142654, -1, 0.996331670292, -1, 1, -1, 0.597815142654, 1, -1, 0.597815142654, -1, 0.597815142654, -1, -1, 0.597815142654, -1, 0.597815142654, 1, 0.597815142654, 0.597815142654, 1, -1, -1, -1, -1, 0.996331670292, 0.996331670292, 0.597815142654, -1, 1, 1, -1, 0.996331670292, -1, -1, 1, -1, -1, 0.597815142654, 0.996331670292, -1, -1, 1, 0.597815142654, 47.31, 56.52, 91.17
1, -1, 1, 1, 0.996331670292, -1, -1, -1, 0.996331670292, -1, 1, -1, 0.996331670292, 1, -1, 0.996331670292, 0.752252021835, 0.752252021835, -1, 0.996331670292, -1, -1, 0.752252021835, -1, -1, 0.996331670292, 1, 1, -1, 1, -1, -1, 1, 0.996331670292, -1, 1, -1, -1, 0.996331670292, -1, -1, -1, -1, 0.752252021835, 0.752252021835, -1, 1, -1, 1, -1, 45.16, 47.83, 93.73
1, -1, 1, 1, 0.996331670292, -1, -1, 0.996331670292, 0.996331670292, 0.996331670292, 0.996331670292, -1, -1, 1, 1, 0.996331670292, -1, -1, 1, -1, 0.996331670292, -1, 0.996331670292, -1, -1, 0.996331670292, -1, 1, -1, 1, 0.996331670292, 0.996331670292, 0.996331670292, 0.996331670292, 0.996331670292, 1, 1, -1, 0.996331670292, 1, 0.996331670292, -1, -1, -1, 0.996331670292, -1, 1, -1, 1, 0.996331670292, 72.58, 73.91, 94.02
1, -1, 1, 1, -1, -1, -1, -1, -1, -1, 1, -1, -1, 1, 1, -1, -1, -1, 1, -1, -1, 1, -1, 1, -1, -1, 1, 1, -1, 1, -1, -1, 1, -1, 1, 1, 1, 1, -1, 1, -1, 1, -1, -1, -1, -1, 1, -1, 1, -1, 63.98, 82.61, 93.73
0.814188358544, -1, 0.814188358544, -1, -1, 0.814188358544, 0.814188358544, 0.814188358544, -1, 0.681219444282, 1, 0.814188358544, 0.681219444282, -1, -1, 0.814188358544, 0.681219444282, 0.814188358544, -1, -1, 0.681219444282, 0.814188358544, -1, -1, 1, -1, 0.681219444282, -1, -1, 0.681219444282, 0.681219444282, 0.814188358544, -1, -1, 1, 0.814188358544, 0.681219444282, -1, 1, -1, -1, 1, 0.814188358544, 0.814188358544, 0.681219444282, 0.681219444282, -1, 0.814188358544, 0.681219444282, 0.681219444282, 52.15, 100.0, 95.16
0.814188358544, -1, 0.614729870717, 0.614729870717, 0.814188358544, -1, 0.814188358544, -1, -1, 0.814188358544, -1, 0.814188358544, 0.814188358544, 0.814188358544, -1, -1, -1, 0.614729870717, -1, -1, -1, 0.814188358544, -1, -1, -1, 0.814188358544, -1, 0.614729870717, 1, -1, -1, 0.614729870717, 0.614729870717, -1, 1, 0.614729870717, 0.814188358544, 0.814188358544, 1, -1, -1, 1, -1, 0.614729870717, -1, -1, 0.614729870717, 0.614729870717, 0.814188358544, 0.614729870717, 51.61, 82.61, 92.59
1, -1, -1, 1, -1, -1, -1, -1, -1, -1, 1, 1, -1, -1, 1, -1, -1, 1, 1, -1, 1, 1, 1, 1, 1, -1, -1, -1, 1, -1, -1, 1, -1, 1, 1, 1, 1, -1, 1, 1, -1, 1, -1, -1, -1, -1, 1, -1, 1, -1, 51.08, 82.61, 92.02
-1, -1, -1, -1, -1, -1, -1, -1, -1, 0.763151219029, 0.763151219029, -1, 0.763151219029, -1, 0.763151219029, 0.763151219029, 0.763151219029, -1, -1, 0.763151219029, -1, -1, 0.763151219029, -1, 0.763151219029, -1, 0.763151219029, 0.763151219029, 0.763151219029, 1, 1, -1, 0.763151219029, 1, 0.763151219029, -1, -1, -1, 0.763151219029, 1, -1, 0.763151219029, 1, -1, 0.763151219029, -1, -1, -1, -1, 0.763151219029, 52.69, 78.26, 93.45
-1, -1, 1, 0.763151219029, -1, 1, -1, 0.763151219029, -1, -1, 0.763151219029, 1, 0.486748393332, -1, 0.763151219029, -1, 1, 1, 1, -1, -1, -1, 0.763151219029, 1, 0.486748393332, -1, -1, 0.763151219029, 0.486748393332, 1, -1, 0.763151219029, 0.763151219029, 1, -1, 0.763151219029, 0.763151219029, -1, 0.763151219029, 1, -1, 0.486748393332, -1, -1, 0.763151219029, 0.486748393332, 0.763151219029, 1, 1, -1, 50.0, 95.65, 94.59
1, 1, 1, -1, -1, 1, -1, -1, 1, -1, -1, 1, -1, -1, -1, 1, 1, 1, 1, -1, -1, -1, -1, 1, -1, -1, -1, 1, -1, 1, 1, 1, -1, 1, -1, -1, 1, -1, -1, 1, -1, -1, 1, -1, -1, -1, -1, 1, 1, -1, 55.91, 52.17, 95.73
