0.00366136947099, 0.00216941293336, 0.182359484113, 0.215866990953, 0.0651004930231, 0.995215655956, 0.00166878843563, 0.0184294831698, 0.0647091350595, 0.00736031312278, 0.0146256840625, 0.737455765581, 0.752265462423, 0.0818369125204, 0.247728007994, 0.0289360728277, 0.086632859359, 0.0972050560956, 0.403583668813, 0.164944602427, 0.942786129535, 0.224158542931, 0.15770637317, 0.604782881256, 0.143213231563, 0.339520719736, 0.174850045073, 0.0127357085706, 0.229987285372, 0.0420604129743, 0.00366136947099, 3.0763900596
0.00366136947099, 0.00216941293336, 0.182359484113, 0.215866990953, 0.0651004930231, 0.995215655956, 0.00166878843563, 0.0184294831698, 0.0647091350595, 0.00736031312278, 0.0146256840625, 0.737455765581, 0.752265462423, 0.0818369125204, 0.247728007994, 0.0289360728277, 0.086632859359, 0.0972050560956, 0.403583668813, 0.164944602427, 0.942786129535, 0.224158542931, 0.15770637317, 0.604782881256, 0.143213231563, 0.339520719736, 0.174850045073, 0.0127357085706, 0.229987285372, 0.0420604129743, 0.00366136947099, 3.0763900596
0.646362010674, 0.0403731641942, 0.041291295518, 0.849335793942, 0.482696823404, 0.324107759909, 0.00932894466124, 0.249654745987, 0.0699252653171, 0.0592913531129, 0.281685347961, 0.258863635567, 0.730823145785, 0.590384327588, 0.0329704207035, 0.000722979019975, 0.250877373613, 0.0923394496497, 0.311431140591, 0.251915679665, 0.138860782968, 0.462706085232, 0.01317320382, 0.0301861806664, 0.22813470842, 0.236584101647, 0.199980512153, 0.0677338756254, 0.514633563843, 0.976928378288, 0.646362010674, 1.29085687359
0.646362010674, 0.0403731641942, 0.041291295518, 0.849335793942, 0.482696823404, 0.324107759909, 0.00932894466124, 0.249654745987, 0.0699252653171, 0.0592913531129, 0.281685347961, 0.258863635567, 0.730823145785, 0.590384327588, 0.0329704207035, 0.000722979019975, 0.250877373613, 0.0923394496497, 0.311431140591, 0.251915679665, 0.138860782968, 0.462706085232, 0.01317320382, 0.0301861806664, 0.22813470842, 0.236584101647, 0.199980512153, 0.0677338756254, 0.514633563843, 0.976928378288, 0.646362010674, 1.29085687359
0.000147363749011, 0.0975886616398, 0.0587487708778, 0.278733745943, 0.0271963476207, 0.998841337113, 0.203294186312, 0.0298728205895, 0.3877071826, 0.783396851146, 0.320422466723, 0.00243080075149, 0.824999521085, 0.0601207255513, 0.771182796603, 0.15005133136, 0.619011327945, 0.291413711233, 0.0546359250439, 0.276799087458, 0.942786129535, 0.00690661943617, 0.131588361505, 0.0520497729537, 0.589050498531, 0.257588809845, 0.174850045073, 0.00450829048218, 0.133657499182, 0.0269079524048, 0.000147363749011, 3.63220627753
0.000147363749011, 0.0975886616398, 0.0587487708778, 0.278733745943, 0.0271963476207, 0.998841337113, 0.203294186312, 0.0298728205895, 0.3877071826, 0.783396851146, 0.320422466723, 0.00243080075149, 0.824999521085, 0.0601207255513, 0.771182796603, 0.15005133136, 0.619011327945, 0.291413711233, 0.0546359250439, 0.276799087458, 0.942786129535, 0.00690661943617, 0.131588361505, 0.0520497729537, 0.589050498531, 0.257588809845, 0.174850045073, 0.00450829048218, 0.133657499182, 0.0269079524048, 0.000147363749011, 3.63220627753
0.82977737869, 0.415791893308, 0.18973105583, 0.331738486178, 0.210090569875, 0.0810039421653, 0.311922273811, 0.00334862522075, 0.419539890957, 0.0454200856011, 0.897980878593, 0.349656432746, 0.0842430942928, 0.470446497731, 0.216630453996, 0.181856631227, 0.709804850675, 0.233827332215, 0.435514037396, 0.458820605639, 0.189637626525, 0.151232231909, 0.0509673727552, 0.0969784729136, 0.102656751889, 0.0532109354369, 0.0382790012, 0.0392405172805, 0.0673636199007, 0.498355901092, 0.82977737869, 0.959732587154
0.82977737869, 0.415791893308, 0.18973105583, 0.331738486178, 0.210090569875, 0.0810039421653, 0.311922273811, 0.00334862522075, 0.419539890957, 0.0454200856011, 0.897980878593, 0.349656432746, 0.0842430942928, 0.470446497731, 0.216630453996, 0.181856631227, 0.709804850675, 0.233827332215, 0.435514037396, 0.458820605639, 0.189637626525, 0.151232231909, 0.0509673727552, 0.0969784729136, 0.102656751889, 0.0532109354369, 0.0382790012, 0.0392405172805, 0.0673636199007, 0.498355901092, 0.82977737869, 0.959732587154
0.0924231377423, 0.0742941271792, 0.775351053601, 0.204707779461, 0.181873906781, 0.250726844541, 0.00163735903842, 0.0223851062715, 0.190268522881, 0.584857919761, 0.246242694201, 0.283872710654, 0.45858349285, 0.251409457245, 0.165720814012, 0.348511491075, 0.20131235957, 0.104233024972, 0.118148256987, 0.980581775911, 0.58947304274, 0.0469322304394, 0.108828633567, 0.200705966165, 0.0953943003705, 0.159532094998, 0.977926579644, 0.0379299158535, 0.057854122812, 0.613395867444, 0.0924231377423, 2.98851534767
0.0924231377423, 0.0742941271792, 0.775351053601, 0.204707779461, 0.181873906781, 0.250726844541, 0.00163735903842, 0.0223851062715, 0.190268522881, 0.584857919761, 0.246242694201, 0.283872710654, 0.45858349285, 0.251409457245, 0.165720814012, 0.348511491075, 0.20131235957, 0.104233024972, 0.118148256987, 0.980581775911, 0.58947304274, 0.0469322304394, 0.108828633567, 0.200705966165, 0.0953943003705, 0.159532094998, 0.977926579644, 0.0379299158535, 0.057854122812, 0.613395867444, 0.0924231377423, 2.98851534767
0.627860437233, 0.102194215914, 0.000110329103806, 0.209825457857, 0.382364133785, 0.0810039421653, 0.144028406743, 0.147133477838, 0.419539890957, 0.00468208877068, 0.289419378162, 0.813472224964, 0.239745225255, 0.470446497731, 0.00837464640361, 0.0685517596787, 0.310668416891, 0.500745837548, 0.790668304322, 0.3504877824, 0.000431353526895, 0.12837444253, 0.674059281523, 0.0969784729136, 0.493161047129, 0.408392221615, 0.0284343842388, 0.0109305706463, 0.0991593533205, 0.498355901092, 0.627860437233, 1.4662749121
0.627860437233, 0.102194215914, 0.000110329103806, 0.209825457857, 0.382364133785, 0.0810039421653, 0.144028406743, 0.147133477838, 0.419539890957, 0.00468208877068, 0.289419378162, 0.813472224964, 0.239745225255, 0.470446497731, 0.00837464640361, 0.0685517596787, 0.310668416891, 0.500745837548, 0.790668304322, 0.3504877824, 0.000431353526895, 0.12837444253, 0.674059281523, 0.0969784729136, 0.493161047129, 0.408392221615, 0.0284343842388, 0.0109305706463, 0.0991593533205, 0.498355901092, 0.627860437233, 1.4662749121
0.0954999827985, 0.0179025069581, 0.182359484113, 0.156985630868, 0.0651004930231, 0.964250234557, 0.0176597298454, 0.050411469722, 0.0271686588622, 0.00736031312278, 0.0146256840625, 0.721307910133, 0.205559568124, 0.1069902835, 0.247728007994, 0.0289360728277, 0.125303545081, 0.848779691611, 0.0549282350778, 0.164944602427, 0.983857514394, 0.224158542931, 0.749760600334, 0.604782881256, 0.0917667829516, 0.278730448537, 0.153517959319, 0.0140022242359, 0.237775151512, 0.0263160861872, 0.0954999827985, 2.71433263007
0.0954999827985, 0.0179025069581, 0.182359484113, 0.156985630868, 0.0651004930231, 0.964250234557, 0.0176597298454, 0.050411469722, 0.0271686588622, 0.00736031312278, 0.0146256840625, 0.721307910133, 0.205559568124, 0.1069902835, 0.247728007994, 0.0289360728277, 0.125303545081, 0.848779691611, 0.0549282350778, 0.164944602427, 0.983857514394, 0.224158542931, 0.749760600334, 0.604782881256, 0.0917667829516, 0.278730448537, 0.153517959319, 0.0140022242359, 0.237775151512, 0.0263160861872, 0.0954999827985, 2.71433263007
0.461440772791, 0.562215937526, 0.041291295518, 0.209825457857, 0.482696823404, 0.69595153671, 0.00932894466124, 0.880130750826, 0.0699252653171, 0.0744551591336, 0.0868799223923, 0.258863635567, 0.415046910578, 0.590384327588, 0.0726005379334, 0.000253771608612, 0.108911859888, 0.0923394496497, 0.0524866361825, 0.737461710998, 0.0820595162446, 0.612807624512, 0.007386096476, 0.0301861806664, 0.516421112412, 0.0206362032641, 0.199980512153, 0.0677338756254, 0.648076509664, 0.923522460158, 0.461440772791, 1.92305493104
0.461440772791, 0.562215937526, 0.041291295518, 0.209825457857, 0.482696823404, 0.69595153671, 0.00932894466124, 0.880130750826, 0.0699252653171, 0.0744551591336, 0.0868799223923, 0.258863635567, 0.415046910578, 0.590384327588, 0.0726005379334, 0.000253771608612, 0.108911859888, 0.0923394496497, 0.0524866361825, 0.737461710998, 0.0820595162446, 0.612807624512, 0.007386096476, 0.0301861806664, 0.516421112412, 0.0206362032641, 0.199980512153, 0.0677338756254, 0.648076509664, 0.923522460158, 0.461440772791, 1.92305493104
0.210965318396, 0.044572601987, 0.0971249699713, 0.413002168755, 0.804012038246, 0.0231091513572, 0.165663334051, 0.59302229349, 0.00326374918978, 0.866912129771, 0.410107610714, 0.0285658203588, 0.850631998568, 0.0928861430717, 0.0298953818829, 0.0833917913459, 0.48687795294, 0.343718057133, 0.242127611519, 0.0408455493391, 0.0193269256353, 0.0820590639644, 0.592866509566, 0.713111489426, 0.00126528423621, 0.344659603004, 0.150759458679, 0.284343310723, 0.230094027488, 0.0733188154652, 0.210965318396, 2.58470766201
0.210965318396, 0.044572601987, 0.0971249699713, 0.413002168755, 0.804012038246, 0.0231091513572, 0.165663334051, 0.59302229349, 0.00326374918978, 0.866912129771, 0.410107610714, 0.0285658203588, 0.850631998568, 0.0928861430717, 0.0298953818829, 0.0833917913459, 0.48687795294, 0.343718057133, 0.242127611519, 0.0408455493391, 0.0193269256353, 0.0820590639644, 0.592866509566, 0.713111489426, 0.00126528423621, 0.344659603004, 0.150759458679, 0.284343310723, 0.230094027488, 0.0733188154652, 0.210965318396, 2.58470766201
0.611789874567, 0.415791893308, 0.18973105583, 0.331738486178, 0.210090569875, 0.0588750072426, 0.594097453262, 0.00334862522075, 0.108977104201, 0.05352231032, 0.897980878593, 0.149539080475, 0.0842430942928, 0.470446497731, 0.380289082881, 0.181856631227, 0.709804850675, 0.139559739954, 0.130401644297, 0.458820605639, 0.189637626525, 0.151232231909, 0.0509673727552, 0.0969784729136, 0.102656751889, 0.0532109354369, 0.0382790012, 0.0540841255015, 0.314638037161, 0.498355901092, 0.611789874567, 1.58669774787
0.611789874567, 0.415791893308, 0.18973105583, 0.331738486178, 0.210090569875, 0.0588750072426, 0.594097453262, 0.00334862522075, 0.108977104201, 0.05352231032, 0.897980878593, 0.149539080475, 0.0842430942928, 0.470446497731, 0.380289082881, 0.181856631227, 0.709804850675, 0.139559739954, 0.130401644297, 0.458820605639, 0.189637626525, 0.151232231909, 0.0509673727552, 0.0969784729136, 0.102656751889, 0.0532109354369, 0.0382790012, 0.0540841255015, 0.314638037161, 0.498355901092, 0.611789874567, 1.58669774787
0.261324429477, 0.0454894270118, 0.182359484113, 0.716721832172, 0.0651004930231, 0.958950527129, 0.0176597298454, 0.0184294831698, 0.00284709072434, 0.0616031854071, 0.0146256840625, 0.222958361265, 0.964623962287, 0.03534231792, 0.247728007994, 0.0289360728277, 0.0587960268314, 0.583160847658, 0.111582308965, 0.164944602427, 0.942786129535, 0.191598151511, 0.250392314602, 0.555299665791, 0.0917667829516, 0.0134604482288, 0.0871978759672, 0.0140022242359, 0.237775151512, 0.301152404571, 0.261324429477, 2.06676460593
0.261324429477, 0.0454894270118, 0.182359484113, 0.716721832172, 0.0651004930231, 0.958950527129, 0.0176597298454, 0.0184294831698, 0.00284709072434, 0.0616031854071, 0.0146256840625, 0.222958361265, 0.964623962287, 0.03534231792, 0.247728007994, 0.0289360728277, 0.0587960268314, 0.583160847658, 0.111582308965, 0.164944602427, 0.942786129535, 0.191598151511, 0.250392314602, 0.555299665791, 0.0917667829516, 0.0134604482288, 0.0871978759672, 0.0140022242359, 0.237775151512, 0.301152404571, 0.261324429477, 2.06676460593
0.255176425395, 0.000886677101169, 0.244544493665, 0.00630409733711, 0.804012038246, 0.0231091513572, 0.0762943289821, 0.59302229349, 0.00326374918978, 0.998534027347, 0.122160081607, 0.00915192246421, 0.850631998568, 0.135286629409, 0.128000623187, 0.136350616868, 0.534331145814, 0.0370422655918, 0.242127611519, 0.0408455493391, 0.0193269256353, 0.568201054177, 0.46587469342, 0.865078255788, 0.00126528423621, 0.344659603004, 0.642889765634, 0.265746348438, 0.230094027488, 0.0733188154652, 0.255176425395, 2.41249587375
0.255176425395, 0.000886677101169, 0.244544493665, 0.00630409733711, 0.804012038246, 0.0231091513572, 0.0762943289821, 0.59302229349, 0.00326374918978, 0.998534027347, 0.122160081607, 0.00915192246421, 0.850631998568, 0.135286629409, 0.128000623187, 0.136350616868, 0.534331145814, 0.0370422655918, 0.242127611519, 0.0408455493391, 0.0193269256353, 0.568201054177, 0.46587469342, 0.865078255788, 0.00126528423621, 0.344659603004, 0.642889765634, 0.265746348438, 0.230094027488, 0.0733188154652, 0.255176425395, 2.41249587375
0.825322164583, 0.659749632169, 0.4193301237, 0.099144310121, 0.0760921185709, 0.908855597067, 0.032198431828, 0.0468444781498, 0.302698684688, 0.175269030515, 0.0940858766914, 0.0961170130407, 0.549591362708, 0.00292396328774, 0.114181380778, 0.0086787771176, 0.206161850917, 0.00633005217776, 0.145475437251, 0.0240680427075, 0.111921723398, 0.685317852157, 0.712339458741, 0.536853794651, 0.043923181592, 0.335770509241, 0.192993801921, 0.0875641160049, 0.677638163703, 0.328975437983, 0.825322164583, 1.12317850628
0.825322164583, 0.659749632169, 0.4193301237, 0.099144310121, 0.0760921185709, 0.908855597067, 0.032198431828, 0.0468444781498, 0.302698684688, 0.175269030515, 0.0940858766914, 0.0961170130407, 0.549591362708, 0.00292396328774, 0.114181380778, 0.0086787771176, 0.206161850917, 0.00633005217776, 0.145475437251, 0.0240680427075, 0.111921723398, 0.685317852157, 0.712339458741, 0.536853794651, 0.043923181592, 0.335770509241, 0.192993801921, 0.0875641160049, 0.677638163703, 0.328975437983, 0.825322164583, 1.12317850628
0.242461586814, 0.0294313682782, 0.041291295518, 0.849335793942, 0.0609856425139, 0.324107759909, 0.00932894466124, 0.880130750826, 0.0457805108875, 0.0592913531129, 0.281685347961, 0.258863635567, 0.856321119285, 0.590384327588, 0.0726005379334, 0.000722979019975, 0.250877373613, 0.128208928909, 0.311431140591, 0.251915679665, 0.0820595162446, 0.462706085232, 0.01317320382, 0.0301861806664, 0.516421112412, 0.236584101647, 0.199980512153, 0.0677338756254, 0.514633563843, 0.976928378288, 0.242461586814, 2.43687515774
0.242461586814, 0.0294313682782, 0.041291295518, 0.849335793942, 0.0609856425139, 0.324107759909, 0.00932894466124, 0.880130750826, 0.0457805108875, 0.0592913531129, 0.281685347961, 0.258863635567, 0.856321119285, 0.590384327588, 0.0726005379334, 0.000722979019975, 0.250877373613, 0.128208928909, 0.311431140591, 0.251915679665, 0.0820595162446, 0.462706085232, 0.01317320382, 0.0301861806664, 0.516421112412, 0.236584101647, 0.199980512153, 0.0677338756254, 0.514633563843, 0.976928378288, 0.242461586814, 2.43687515774
1.29359158296e-05, 0.0975886616398, 0.0587487708778, 0.278733745943, 0.0651004930231, 0.958950527129, 0.203294186312, 0.0298728205895, 0.3877071826, 0.783396851146, 0.175057294047, 0.389598812542, 0.824999521085, 0.0601207255513, 0.771182796603, 0.15005133136, 0.619011327945, 0.291413711233, 0.0660271496615, 0.00709629074531, 0.942786129535, 0.0847946871853, 0.642700443418, 0.0520497729537, 0.683262278627, 0.257588809845, 0.174850045073, 0.000562539741502, 0.133657499182, 0.0728482142334, 1.29359158296e-05, 3.86766068073
1.29359158296e-05, 0.0975886616398, 0.0587487708778, 0.278733745943, 0.0651004930231, 0.958950527129, 0.203294186312, 0.0298728205895, 0.3877071826, 0.783396851146, 0.175057294047, 0.389598812542, 0.824999521085, 0.0601207255513, 0.771182796603, 0.15005133136, 0.619011327945, 0.291413711233, 0.0660271496615, 0.00709629074531, 0.942786129535, 0.0847946871853, 0.642700443418, 0.0520497729537, 0.683262278627, 0.257588809845, 0.174850045073, 0.000562539741502, 0.133657499182, 0.0728482142334, 1.29359158296e-05, 3.86766068073
0.0196314656038, 0.718799844455, 0.0304776091516, 0.0662803694173, 0.0714697190186, 0.144542235904, 0.441842403096, 0.567808978336, 0.232045342128, 0.00908140931103, 0.0535306937501, 0.676019711562, 0.00509682255223, 0.287500983559, 0.135576207359, 0.19462057648, 0.0539707651124, 0.278232977456, 0.615472898705, 0.0513262431722, 0.605228876782, 0.0154402484343, 0.407330150582, 0.504698455882, 0.205757088292, 0.18195532835, 0.0719399508202, 0.0702506104378, 0.26978485754, 0.618514418967, 0.0196314656038, 3.08589101948
0.0196314656038, 0.718799844455, 0.0304776091516, 0.0662803694173, 0.0714697190186, 0.144542235904, 0.441842403096, 0.567808978336, 0.232045342128, 0.00908140931103, 0.0535306937501, 0.676019711562, 0.00509682255223, 0.287500983559, 0.135576207359, 0.19462057648, 0.0539707651124, 0.278232977456, 0.615472898705, 0.0513262431722, 0.605228876782, 0.0154402484343, 0.407330150582, 0.504698455882, 0.205757088292, 0.18195532835, 0.0719399508202, 0.0702506104378, 0.26978485754, 0.618514418967, 0.0196314656038, 3.08589101948
0.00366136947099, 0.00298918541879, 0.182359484113, 0.554907065731, 0.0504869078459, 0.97631849609, 0.00166878843563, 0.0184294831698, 0.0647091350595, 0.00611641231015, 0.0146256840625, 0.721307910133, 0.752265462423, 0.0818369125204, 0.247728007994, 0.0289360728277, 0.0107720527902, 0.0972050560956, 0.403583668813, 0.164944602427, 0.942786129535, 0.224158542931, 0.010254587378, 0.604782881256, 0.143213231563, 0.37450955491, 0.174850045073, 0.00175650309967, 0.229987285372, 0.0420604129743, 0.00366136947099, 3.1037431582
0.00366136947099, 0.00298918541879, 0.182359484113, 0.554907065731, 0.0504869078459, 0.97631849609, 0.00166878843563, 0.0184294831698, 0.0647091350595, 0.00611641231015, 0.0146256840625, 0.721307910133, 0.752265462423, 0.0818369125204, 0.247728007994, 0.0289360728277, 0.0107720527902, 0.0972050560956, 0.403583668813, 0.164944602427, 0.942786129535, 0.224158542931, 0.010254587378, 0.604782881256, 0.143213231563, 0.37450955491, 0.174850045073, 0.00175650309967, 0.229987285372, 0.0420604129743, 0.00366136947099, 3.1037431582
0.646362010674, 0.0403731641942, 0.041291295518, 0.849335793942, 0.482696823404, 0.474312994319, 0.00932894466124, 0.249654745987, 0.0699252653171, 0.0592913531129, 0.244233712354, 0.258863635567, 0.730823145785, 0.590384327588, 0.0329704207035, 0.000722979019975, 0.250877373613, 0.0923394496497, 0.311431140591, 0.251915679665, 0.0820595162446, 0.462706085232, 0.01317320382, 0.0235927597394, 0.516421112412, 0.236584101647, 0.199980512153, 0.0677338756254, 0.514633563843, 0.976928378288, 0.646362010674, 1.37303716318
0.646362010674, 0.0403731641942, 0.041291295518, 0.849335793942, 0.482696823404, 0.474312994319, 0.00932894466124, 0.249654745987, 0.0699252653171, 0.0592913531129, 0.244233712354, 0.258863635567, 0.730823145785, 0.590384327588, 0.0329704207035, 0.000722979019975, 0.250877373613, 0.0923394496497, 0.311431140591, 0.251915679665, 0.0820595162446, 0.462706085232, 0.01317320382, 0.0235927597394, 0.516421112412, 0.236584101647, 0.199980512153, 0.0677338756254, 0.514633563843, 0.976928378288, 0.646362010674, 1.37303716318
0.000147363749011, 0.0975886616398, 0.0587487708778, 0.278733745943, 0.0271963476207, 0.958950527129, 0.203294186312, 0.0298728205895, 0.3877071826, 0.783396851146, 0.175057294047, 0.389598812542, 0.824999521085, 0.0601207255513, 0.771182796603, 0.15005133136, 0.619011327945, 0.291413711233, 0.296459655941, 0.276799087458, 0.942786129535, 0.00690661943617, 0.131588361505, 0.0520497729537, 0.589050498531, 0.257588809845, 0.174850045073, 0.00450829048218, 0.133657499182, 0.0728482142334, 0.000147363749011, 3.78369716304
0.000147363749011, 0.0975886616398, 0.0587487708778, 0.278733745943, 0.0271963476207, 0.958950527129, 0.203294186312, 0.0298728205895, 0.3877071826, 0.783396851146, 0.175057294047, 0.389598812542, 0.824999521085, 0.0601207255513, 0.771182796603, 0.15005133136, 0.619011327945, 0.291413711233, 0.296459655941, 0.276799087458, 0.942786129535, 0.00690661943617, 0.131588361505, 0.0520497729537, 0.589050498531, 0.257588809845, 0.174850045073, 0.00450829048218, 0.133657499182, 0.0728482142334, 0.000147363749011, 3.78369716304
0.82977737869, 0.415791893308, 0.18973105583, 0.331738486178, 0.0564883329208, 0.0810039421653, 0.311922273811, 0.00334862522075, 0.419539890957, 0.0454200856011, 0.897980878593, 0.349656432746, 0.0842430942928, 0.470446497731, 0.323180611951, 0.181856631227, 0.709804850675, 0.233827332215, 0.435514037396, 0.458820605639, 0.189637626525, 0.151232231909, 0.0509673727552, 0.286611781049, 0.102656751889, 0.0532109354369, 0.0382790012, 0.0392405172805, 0.0673636199007, 0.498355901092, 0.82977737869, 0.992885187362
0.82977737869, 0.415791893308, 0.18973105583, 0.331738486178, 0.0564883329208, 0.0810039421653, 0.311922273811, 0.00334862522075, 0.419539890957, 0.0454200856011, 0.897980878593, 0.349656432746, 0.0842430942928, 0.470446497731, 0.323180611951, 0.181856631227, 0.709804850675, 0.233827332215, 0.435514037396, 0.458820605639, 0.189637626525, 0.151232231909, 0.0509673727552, 0.286611781049, 0.102656751889, 0.0532109354369, 0.0382790012, 0.0392405172805, 0.0673636199007, 0.498355901092, 0.82977737869, 0.992885187362
0.0924231377423, 0.0742941271792, 0.623237361124, 0.204707779461, 0.0477325229675, 0.250726844541, 0.00163735903842, 0.0223851062715, 0.190268522881, 0.584857919761, 0.247979178848, 0.283872710654, 0.45858349285, 0.251409457245, 0.165720814012, 0.348511491075, 0.20131235957, 0.104233024972, 0.118148256987, 0.987338394943, 0.58947304274, 0.0245761045307, 0.00297630142118, 0.206088025607, 0.0264807970203, 0.250710833325, 0.977283240343, 0.0833579044729, 0.661260108215, 0.661848262791, 0.0924231377423, 3.07942833943
0.0924231377423, 0.0742941271792, 0.623237361124, 0.204707779461, 0.0477325229675, 0.250726844541, 0.00163735903842, 0.0223851062715, 0.190268522881, 0.584857919761, 0.247979178848, 0.283872710654, 0.45858349285, 0.251409457245, 0.165720814012, 0.348511491075, 0.20131235957, 0.104233024972, 0.118148256987, 0.987338394943, 0.58947304274, 0.0245761045307, 0.00297630142118, 0.206088025607, 0.0264807970203, 0.250710833325, 0.977283240343, 0.0833579044729, 0.661260108215, 0.661848262791, 0.0924231377423, 3.07942833943
0.104413229291, 0.718799844455, 0.0304776091516, 0.0662803694173, 0.0714697190186, 0.57682010805, 0.441842403096, 0.567808978336, 0.241718575753, 0.00908140931103, 0.0535306937501, 0.545527307101, 0.00509682255223, 0.287500983559, 0.135576207359, 0.19462057648, 0.0539707651124, 0.244133989079, 0.615472898705, 0.0513262431722, 0.213218137983, 0.0154402484343, 0.407330150582, 0.504698455882, 0.205757088292, 0.18195532835, 0.0719399508202, 0.0702506104378, 0.26978485754, 0.618514418967, 0.104413229291, 2.74407170997
0.104413229291, 0.718799844455, 0.0304776091516, 0.0662803694173, 0.0714697190186, 0.57682010805, 0.441842403096, 0.567808978336, 0.241718575753, 0.00908140931103, 0.0535306937501, 0.545527307101, 0.00509682255223, 0.287500983559, 0.135576207359, 0.19462057648, 0.0539707651124, 0.244133989079, 0.615472898705, 0.0513262431722, 0.213218137983, 0.0154402484343, 0.407330150582, 0.504698455882, 0.205757088292, 0.18195532835, 0.0719399508202, 0.0702506104378, 0.26978485754, 0.618514418967, 0.104413229291, 2.74407170997
0.464911228982, 0.989666072732, 0.00648625698648, 0.183223672427, 0.210090569875, 0.0810039421653, 0.0300925160508, 0.000746164578029, 0.419539890957, 0.26800946605, 0.897980878593, 0.545222301736, 0.536140986346, 0.470446497731, 0.216630453996, 0.181856631227, 0.985502974083, 0.00338140241524, 0.435514037396, 0.196409298331, 0.582682349527, 0.151232231909, 0.136118695788, 0.0969784729136, 0.102656751889, 0.203135009913, 0.231403189583, 0.0540841255015, 0.314638037161, 0.387754900302, 0.464911228982, 2.02950005135
0.464911228982, 0.989666072732, 0.00648625698648, 0.183223672427, 0.210090569875, 0.0810039421653, 0.0300925160508, 0.000746164578029, 0.419539890957, 0.26800946605, 0.897980878593, 0.545222301736, 0.536140986346, 0.470446497731, 0.216630453996, 0.181856631227, 0.985502974083, 0.00338140241524, 0.435514037396, 0.196409298331, 0.582682349527, 0.151232231909, 0.136118695788, 0.0969784729136, 0.102656751889, 0.203135009913, 0.231403189583, 0.0540841255015, 0.314638037161, 0.387754900302, 0.464911228982, 2.02950005135
0.210965318396, 0.044572601987, 0.080971940324, 0.316884489471, 0.804012038246, 0.0231091513572, 0.165663334051, 0.59302229349, 0.00326374918978, 0.996921637852, 0.122160081607, 0.00915192246421, 0.125433119045, 0.135286629409, 0.469547388964, 0.136350616868, 0.534331145814, 0.177678472403, 0.242127611519, 0.0408455493391, 0.0193269256353, 0.568201054177, 0.592866509566, 0.824606644449, 0.00126528423621, 0.480033250786, 0.413765351922, 0.0369223625828, 0.230094027488, 0.0733188154652, 0.210965318396, 2.62563205427
0.210965318396, 0.044572601987, 0.080971940324, 0.316884489471, 0.804012038246, 0.0231091513572, 0.165663334051, 0.59302229349, 0.00326374918978, 0.996921637852, 0.122160081607, 0.00915192246421, 0.125433119045, 0.135286629409, 0.469547388964, 0.136350616868, 0.534331145814, 0.177678472403, 0.242127611519, 0.0408455493391, 0.0193269256353, 0.568201054177, 0.592866509566, 0.824606644449, 0.00126528423621, 0.480033250786, 0.413765351922, 0.0369223625828, 0.230094027488, 0.0733188154652, 0.210965318396, 2.62563205427
0.611789874567, 0.415791893308, 0.18973105583, 0.331738486178, 0.210090569875, 0.0810039421653, 0.594097453262, 0.364229546482, 0.232457633245, 0.05352231032, 0.897980878593, 0.149539080475, 0.0842430942928, 0.470446497731, 0.216630453996, 0.181856631227, 0.709804850675, 0.233827332215, 0.435514037396, 0.458820605639, 0.189637626525, 0.151232231909, 0.0509673727552, 0.0969784729136, 0.102656751889, 0.0532109354369, 0.0382790012, 0.0540841255015, 0.314638037161, 0.498355901092, 0.611789874567, 1.76762631108
0.611789874567, 0.415791893308, 0.18973105583, 0.331738486178, 0.210090569875, 0.0810039421653, 0.594097453262, 0.364229546482, 0.232457633245, 0.05352231032, 0.897980878593, 0.149539080475, 0.0842430942928, 0.470446497731, 0.216630453996, 0.181856631227, 0.709804850675, 0.233827332215, 0.435514037396, 0.458820605639, 0.189637626525, 0.151232231909, 0.0509673727552, 0.0969784729136, 0.102656751889, 0.0532109354369, 0.0382790012, 0.0540841255015, 0.314638037161, 0.498355901092, 0.611789874567, 1.76762631108
0.627860437233, 0.102194215914, 9.8394500973e-05, 0.209825457857, 0.382364133785, 0.0810039421653, 0.2357930354, 0.147133477838, 0.419539890957, 0.00052785674028, 0.673115454147, 0.813472224964, 0.77095567557, 0.470446497731, 0.00837464640361, 0.181856631227, 0.310668416891, 0.500745837548, 0.790668304322, 0.0171291561315, 0.000904556282733, 0.12837444253, 0.442882610581, 0.0969784729136, 0.493161047129, 0.408392221615, 0.534613459021, 0.00577948746424, 0.0459441866805, 0.498355901092, 0.627860437233, 1.71139476882
0.627860437233, 0.102194215914, 9.8394500973e-05, 0.209825457857, 0.382364133785, 0.0810039421653, 0.2357930354, 0.147133477838, 0.419539890957, 0.00052785674028, 0.673115454147, 0.813472224964, 0.77095567557, 0.470446497731, 0.00837464640361, 0.181856631227, 0.310668416891, 0.500745837548, 0.790668304322, 0.0171291561315, 0.000904556282733, 0.12837444253, 0.442882610581, 0.0969784729136, 0.493161047129, 0.408392221615, 0.534613459021, 0.00577948746424, 0.0459441866805, 0.498355901092, 0.627860437233, 1.71139476882
0.431259085268, 0.0156617899553, 0.182359484113, 0.723527057966, 0.0651004930231, 0.958950527129, 0.00318488118527, 0.0184294831698, 0.0271686588622, 0.00736031312278, 0.0138206044128, 0.721307910133, 0.752265462423, 0.127770439651, 0.247728007994, 0.0289360728277, 0.086632859359, 0.296596183554, 0.904592405721, 0.287343164379, 0.942786129535, 0.224158542931, 0.250392314602, 0.549351965924, 0.322972507223, 0.339520719736, 0.585494058786, 0.0112683349016, 0.0201790583524, 0.0420604129743, 0.431259085268, 2.09281194796
0.431259085268, 0.0156617899553, 0.182359484113, 0.723527057966, 0.0651004930231, 0.958950527129, 0.00318488118527, 0.0184294831698, 0.0271686588622, 0.00736031312278, 0.0138206044128, 0.721307910133, 0.752265462423, 0.127770439651, 0.247728007994, 0.0289360728277, 0.086632859359, 0.296596183554, 0.904592405721, 0.287343164379, 0.942786129535, 0.224158542931, 0.250392314602, 0.549351965924, 0.322972507223, 0.339520719736, 0.585494058786, 0.0112683349016, 0.0201790583524, 0.0420604129743, 0.431259085268, 2.09281194796
0.261324429477, 0.21999589557, 0.182359484113, 0.432031907343, 0.0651004930231, 0.964250234557, 0.0666765130861, 0.0123727214665, 0.0271686588622, 0.00736031312278, 0.0146256840625, 0.721307910133, 0.752265462423, 0.03534231792, 0.247728007994, 0.0289360728277, 0.125303545081, 0.0972050560956, 0.403583668813, 0.164944602427, 0.990309692374, 0.224158542931, 0.250392314602, 0.604782881256, 0.0917667829516, 0.278730448537, 0.174850045073, 0.0140022242359, 0.494374764185, 0.0372546959756, 0.261324429477, 2.21132542271
0.261324429477, 0.21999589557, 0.182359484113, 0.432031907343, 0.0651004930231, 0.964250234557, 0.0666765130861, 0.0123727214665, 0.0271686588622, 0.00736031312278, 0.0146256840625, 0.721307910133, 0.752265462423, 0.03534231792, 0.247728007994, 0.0289360728277, 0.125303545081, 0.0972050560956, 0.403583668813, 0.164944602427, 0.990309692374, 0.224158542931, 0.250392314602, 0.604782881256, 0.0917667829516, 0.278730448537, 0.174850045073, 0.0140022242359, 0.494374764185, 0.0372546959756, 0.261324429477, 2.21132542271
0.825322164583, 0.187409974529, 0.4193301237, 0.099144310121, 0.0760921185709, 0.908855597067, 0.032198431828, 0.0468444781498, 0.302698684688, 0.143709108713, 0.72578157372, 0.0961170130407, 0.549591362708, 0.00292396328774, 0.114181380778, 0.0086787771176, 0.206161850917, 0.00633005217776, 0.145475437251, 0.0240680427075, 0.111921723398, 0.685317852157, 0.712339458741, 0.536853794651, 0.0361520886107, 0.335770509241, 0.541394556226, 0.0875641160049, 0.677638163703, 0.629379555818, 0.825322164583, 1.3038655048
0.825322164583, 0.187409974529, 0.4193301237, 0.099144310121, 0.0760921185709, 0.908855597067, 0.032198431828, 0.0468444781498, 0.302698684688, 0.143709108713, 0.72578157372, 0.0961170130407, 0.549591362708, 0.00292396328774, 0.114181380778, 0.0086787771176, 0.206161850917, 0.00633005217776, 0.145475437251, 0.0240680427075, 0.111921723398, 0.685317852157, 0.712339458741, 0.536853794651, 0.0361520886107, 0.335770509241, 0.541394556226, 0.0875641160049, 0.677638163703, 0.629379555818, 0.825322164583, 1.3038655048
0.000123309417223, 0.0364462819722, 0.408283404189, 0.348513365051, 0.0492753082818, 0.958950527129, 0.203294186312, 0.0818774490895, 0.3877071826, 0.783396851146, 0.0462856891372, 0.389598812542, 0.824999521085, 0.0152297133606, 0.603853803463, 0.103051592568, 0.619011327945, 0.491294739543, 0.0360704874668, 0.315120177462, 0.942786129535, 0.0847946871853, 0.642700443418, 0.0736266146362, 0.262595632351, 0.288116856066, 0.174850045073, 0.00203578200928, 0.136920520595, 0.227430166386, 0.000123309417223, 3.93800696563
0.000123309417223, 0.0364462819722, 0.408283404189, 0.348513365051, 0.0492753082818, 0.958950527129, 0.203294186312, 0.0818774490895, 0.3877071826, 0.783396851146, 0.0462856891372, 0.389598812542, 0.824999521085, 0.0152297133606, 0.603853803463, 0.103051592568, 0.619011327945, 0.491294739543, 0.0360704874668, 0.315120177462, 0.942786129535, 0.0847946871853, 0.642700443418, 0.0736266146362, 0.262595632351, 0.288116856066, 0.174850045073, 0.00203578200928, 0.136920520595, 0.227430166386, 0.000123309417223, 3.93800696563
1.29359158296e-05, 0.0975886616398, 0.0587487708778, 0.278733745943, 0.0651004930231, 0.958950527129, 0.203294186312, 0.0298728205895, 0.3877071826, 0.783396851146, 0.175057294047, 0.389598812542, 0.824999521085, 0.0601207255513, 0.771182796603, 0.15005133136, 0.619011327945, 0.291413711233, 0.296459655941, 0.276799087458, 0.942786129535, 0.0847946871853, 0.642700443418, 0.0520497729537, 0.683262278627, 0.257588809845, 0.174850045073, 0.00476090421838, 0.133657499182, 0.0728482142334, 1.29359158296e-05, 4.02403645001
1.29359158296e-05, 0.0975886616398, 0.0587487708778, 0.278733745943, 0.0651004930231, 0.958950527129, 0.203294186312, 0.0298728205895, 0.3877071826, 0.783396851146, 0.175057294047, 0.389598812542, 0.824999521085, 0.0601207255513, 0.771182796603, 0.15005133136, 0.619011327945, 0.291413711233, 0.296459655941, 0.276799087458, 0.942786129535, 0.0847946871853, 0.642700443418, 0.0520497729537, 0.683262278627, 0.257588809845, 0.174850045073, 0.00476090421838, 0.133657499182, 0.0728482142334, 1.29359158296e-05, 4.02403645001
0.843807041524, 0.989666072732, 0.00258448996367, 0.024719120736, 0.210090569875, 0.0810039421653, 0.0300925160508, 0.000800681932837, 0.419539890957, 0.05352231032, 0.897980878593, 0.817327421138, 0.536140986346, 0.470446497731, 0.216630453996, 0.181856631227, 0.709804850675, 0.478597170078, 0.435514037396, 0.458820605639, 0.382577011811, 0.151232231909, 0.136118695788, 0.0969784729136, 0.102656751889, 0.101009740472, 0.0209003541796, 0.0540841255015, 0.314638037161, 0.498355901092, 0.843807041524, 1.14624973818
0.843807041524, 0.989666072732, 0.00258448996367, 0.024719120736, 0.210090569875, 0.0810039421653, 0.0300925160508, 0.000800681932837, 0.419539890957, 0.05352231032, 0.897980878593, 0.817327421138, 0.536140986346, 0.470446497731, 0.216630453996, 0.181856631227, 0.709804850675, 0.478597170078, 0.435514037396, 0.458820605639, 0.382577011811, 0.151232231909, 0.136118695788, 0.0969784729136, 0.102656751889, 0.101009740472, 0.0209003541796, 0.0540841255015, 0.314638037161, 0.498355901092, 0.843807041524, 1.14624973818
0.000123309417223, 0.0364462819722, 0.262208568645, 0.654946168396, 0.0651004930231, 0.974225275879, 0.203294186312, 0.0818774490895, 0.3877071826, 0.783396851146, 0.175057294047, 0.389598812542, 0.824999521085, 0.0152297133606, 0.849978593117, 0.103051592568, 0.619011327945, 0.195087309684, 0.0360704874668, 0.0200642691292, 0.942786129535, 0.0847946871853, 0.642700443418, 0.0736266146362, 0.404502993018, 0.288116856066, 0.174850045073, 0.0622352216719, 0.136920520595, 0.227430166386, 0.000123309417223, 3.99284646974
0.000123309417223, 0.0364462819722, 0.262208568645, 0.654946168396, 0.0651004930231, 0.974225275879, 0.203294186312, 0.0818774490895, 0.3877071826, 0.783396851146, 0.175057294047, 0.389598812542, 0.824999521085, 0.0152297133606, 0.849978593117, 0.103051592568, 0.619011327945, 0.195087309684, 0.0360704874668, 0.0200642691292, 0.942786129535, 0.0847946871853, 0.642700443418, 0.0736266146362, 0.404502993018, 0.288116856066, 0.174850045073, 0.0622352216719, 0.136920520595, 0.227430166386, 0.000123309417223, 3.99284646974
0.00366136947099, 0.00476557643248, 0.182359484113, 0.554907065731, 0.0651004930231, 0.97631849609, 0.00166878843563, 0.0184294831698, 0.0647091350595, 0.00611641231015, 0.0146256840625, 0.721307910133, 0.752265462423, 0.0818369125204, 0.247728007994, 0.0289360728277, 0.0107720527902, 0.0972050560956, 0.403583668813, 0.164944602427, 0.942786129535, 0.224158542931, 0.010254587378, 0.604782881256, 0.11438029278, 0.37450955491, 0.174850045073, 0.0127357085706, 0.229987285372, 0.179639521971, 0.00366136947099, 3.14527514241
0.261324429477, 0.21999589557, 0.182359484113, 0.432031907343, 0.0651004930231, 0.964250234557, 0.0176597298454, 0.0123727214665, 0.0271686588622, 0.00736031312278, 0.0146256840625, 0.84319811458, 0.752265462423, 0.03534231792, 0.247728007994, 0.0289360728277, 0.125303545081, 0.0972050560956, 0.403583668813, 0.164944602427, 0.990309692374, 0.224158542931, 0.250392314602, 0.604782881256, 0.0917667829516, 0.278730448537, 0.174850045073, 0.0140022242359, 0.494374764185, 0.0372546959756, 0.261324429477, 2.23081094069
0.210965318396, 0.044572601987, 0.576974246786, 0.413002168755, 0.804012038246, 0.0231091513572, 0.165663334051, 0.59302229349, 0.00326374918978, 0.866912129771, 0.410107610714, 0.0285658203588, 0.850631998568, 0.0928861430717, 0.128000623187, 0.0833917913459, 0.534331145814, 0.343718057133, 0.242127611519, 0.0408455493391, 0.0193269256353, 0.0820590639644, 0.592866509566, 0.713111489426, 0.00126528423621, 0.344659603004, 0.135486289508, 0.217698515978, 0.230094027488, 0.0733188154652, 0.210965318396, 2.73296482832
0.825322164583, 0.659749632169, 0.4193301237, 0.099144310121, 0.0760921185709, 0.908855597067, 0.032198431828, 0.355302991427, 0.59186057374, 0.175269030515, 0.72578157372, 0.136605973437, 0.549591362708, 0.00292396328774, 0.114181380778, 0.0086787771176, 0.206161850917, 0.0465208043912, 0.145475437251, 0.0240680427075, 0.111921723398, 0.685317852157, 0.712339458741, 0.536853794651, 0.043923181592, 0.335770509241, 0.172486636467, 0.0875641160049, 0.744817374428, 0.629379555818, 0.825322164583, 1.51494299269
0.649040570982, 0.0742941271792, 0.736136220293, 0.295695796486, 0.00562248280362, 0.31084073583, 0.11192856703, 0.0545243236162, 0.190268522881, 0.855349059149, 0.246242694201, 0.283872710654, 0.35427512605, 0.121876754453, 0.165720814012, 0.739417983793, 0.20131235957, 0.0114999359864, 0.00706135494906, 0.962980738265, 0.14901182333, 0.183670780523, 0.0178665688242, 0.424914153927, 0.996584497302, 0.00451920652605, 0.568482856185, 0.199655746588, 0.0684688047738, 0.613395867444, 0.649040570982, 1.56436669993
0.000147363749011, 0.659749632169, 0.4193301237, 0.099144310121, 0.230928192798, 0.700102871039, 0.032198431828, 0.0468444781498, 0.579188808973, 0.175269030515, 0.583870583993, 0.136605973437, 0.354499325997, 0.00292396328774, 0.114181380778, 0.00598508147419, 0.342884178717, 0.00290561111103, 0.145475437251, 0.0240680427075, 0.0915088540357, 0.8782729586, 0.690847437918, 0.536853794651, 0.0186084923013, 0.367992400834, 0.541394556226, 0.400304990393, 0.677638163703, 0.629379555818, 0.000147363749011, 3.92073719928
0.104413229291, 0.718799844455, 0.0158532579863, 0.0662803694173, 0.0714697190186, 0.57682010805, 0.441842403096, 0.567808978336, 0.241718575753, 0.00908140931103, 0.0535306937501, 0.616521667555, 0.00509682255223, 0.287500983559, 0.135576207359, 0.404774379355, 0.0539707651124, 0.244133989079, 0.615472898705, 0.0513262431722, 0.213218137983, 0.0154402484343, 0.00964463047113, 0.504698455882, 0.555930296236, 0.18195532835, 0.0719399508202, 0.0702506104378, 0.26978485754, 0.618514418967, 0.104413229291, 2.80604292662
0.617312057534, 0.370288404511, 0.0178585627359, 0.9545311664, 0.0552707563121, 0.179184947747, 0.154903105921, 0.880130750826, 0.11633276629, 0.502475228832, 0.281685347961, 0.258863635567, 0.323550303268, 0.0224997993361, 0.0522400491498, 0.000722979019975, 0.250877373613, 0.228645288531, 0.193891193945, 0.135087212186, 0.187440859297, 0.59247240622, 0.00765762690543, 0.0162215286555, 0.813603792031, 0.236584101647, 0.834590548539, 0.134416719594, 0.988667883378, 0.0363723815008, 0.617312057534, 1.90066187793
0.431259085268, 0.0156617899553, 0.182359484113, 0.432031907343, 0.0651004930231, 0.958950527129, 0.00318488118527, 0.400416984914, 0.0271686588622, 0.00632452119056, 0.0138206044128, 0.695978875031, 0.752265462423, 0.127770439651, 0.247728007994, 0.0289360728277, 0.086632859359, 0.296596183554, 0.921651607529, 0.287343164379, 0.942786129535, 0.224158542931, 0.628795292717, 0.549351965924, 0.0243285956423, 0.339520719736, 0.585494058786, 0.0112683349016, 0.138641105746, 0.0134210954887, 0.431259085268, 2.15745208072
0.461440772791, 0.370288404511, 0.349967041777, 0.628748390204, 0.291471572031, 0.69595153671, 0.154903105921, 0.510550240838, 0.228928948348, 0.0711013645374, 0.136666638167, 0.258863635567, 0.000404607678217, 0.925072119119, 0.469682931339, 0.126494197306, 0.435115418626, 0.127326972176, 0.522303938464, 0.102285454782, 0.14901182333, 0.120387351031, 0.0430058518076, 0.0301861806664, 0.313553178308, 0.728277984557, 0.094774398439, 0.323265737174, 0.744434151528, 0.482466263319, 0.461440772791, 2.14995100682
0.104413229291, 0.718799844455, 0.0158532579863, 0.0662803694173, 0.0714697190186, 0.57682010805, 0.441842403096, 0.567808978336, 0.241718575753, 0.00908140931103, 0.0535306937501, 0.616521667555, 0.00509682255223, 0.287500983559, 0.135576207359, 0.404774379355, 0.0539707651124, 0.244133989079, 0.615472898705, 0.0513262431722, 0.213218137983, 0.0154402484343, 0.00964463047113, 0.504698455882, 0.555930296236, 0.18195532835, 0.0719399508202, 0.0702506104378, 0.26978485754, 0.618514418967, 0.104413229291, 2.80604292662
0.461440772791, 0.370288404511, 0.349967041777, 0.628748390204, 0.291471572031, 0.69595153671, 0.154903105921, 0.510550240838, 0.228928948348, 0.0711013645374, 0.136666638167, 0.258863635567, 0.000404607678217, 0.925072119119, 0.469682931339, 0.126494197306, 0.435115418626, 0.127326972176, 0.522303938464, 0.102285454782, 0.14901182333, 0.120387351031, 0.0430058518076, 0.0301861806664, 0.313553178308, 0.728277984557, 0.094774398439, 0.323265737174, 0.744434151528, 0.482466263319, 0.461440772791, 2.14995100682
0.00366136947099, 0.00476557643248, 0.182359484113, 0.554907065731, 0.0651004930231, 0.97631849609, 0.00166878843563, 0.0184294831698, 0.0647091350595, 0.00611641231015, 0.0146256840625, 0.721307910133, 0.752265462423, 0.0818369125204, 0.247728007994, 0.0289360728277, 0.0107720527902, 0.0972050560956, 0.403583668813, 0.164944602427, 0.942786129535, 0.224158542931, 0.010254587378, 0.604782881256, 0.11438029278, 0.37450955491, 0.174850045073, 0.0127357085706, 0.229987285372, 0.179639521971, 0.00366136947099, 3.14527514241
0.617312057534, 0.370288404511, 0.0178585627359, 0.9545311664, 0.0552707563121, 0.179184947747, 0.154903105921, 0.880130750826, 0.11633276629, 0.502475228832, 0.281685347961, 0.258863635567, 0.323550303268, 0.0224997993361, 0.0522400491498, 0.000722979019975, 0.250877373613, 0.228645288531, 0.193891193945, 0.135087212186, 0.187440859297, 0.59247240622, 0.00765762690543, 0.0162215286555, 0.813603792031, 0.236584101647, 0.834590548539, 0.134416719594, 0.988667883378, 0.0363723815008, 0.617312057534, 1.90066187793
0.261324429477, 0.21999589557, 0.182359484113, 0.432031907343, 0.0651004930231, 0.964250234557, 0.0176597298454, 0.0123727214665, 0.0271686588622, 0.00736031312278, 0.0146256840625, 0.84319811458, 0.752265462423, 0.03534231792, 0.247728007994, 0.0289360728277, 0.125303545081, 0.0972050560956, 0.403583668813, 0.164944602427, 0.990309692374, 0.224158542931, 0.250392314602, 0.604782881256, 0.0917667829516, 0.278730448537, 0.174850045073, 0.0140022242359, 0.494374764185, 0.0372546959756, 0.261324429477, 2.23081094069
0.210965318396, 0.044572601987, 0.576974246786, 0.413002168755, 0.804012038246, 0.0231091513572, 0.165663334051, 0.59302229349, 0.00326374918978, 0.866912129771, 0.410107610714, 0.0285658203588, 0.850631998568, 0.0928861430717, 0.128000623187, 0.0833917913459, 0.534331145814, 0.343718057133, 0.242127611519, 0.0408455493391, 0.0193269256353, 0.0820590639644, 0.592866509566, 0.713111489426, 0.00126528423621, 0.344659603004, 0.135486289508, 0.217698515978, 0.230094027488, 0.0733188154652, 0.210965318396, 2.73296482832
0.627860437233, 0.102194215914, 0.000110329103806, 0.209825457857, 0.382364133785, 0.0810039421653, 0.2357930354, 0.147133477838, 0.419539890957, 0.00468208877068, 0.289419378162, 0.813472224964, 0.77095567557, 0.470446497731, 0.00837464640361, 0.181856631227, 0.310668416891, 0.500745837548, 0.790668304322, 0.3504877824, 0.454182359768, 0.12837444253, 0.674059281523, 0.0969784729136, 0.493161047129, 0.408392221615, 0.0284343842388, 0.0109305706463, 0.0991593533205, 0.498355901092, 0.627860437233, 1.7584152184
0.82977737869, 0.415791893308, 0.18973105583, 0.331738486178, 0.210090569875, 0.0810039421653, 0.311922273811, 0.00334862522075, 0.419539890957, 0.05352231032, 0.153065324241, 0.722483586896, 0.619431968968, 0.672395722267, 0.216630453996, 0.181856631227, 0.709804850675, 0.500745837548, 0.435514037396, 0.86515183851, 0.247275701632, 0.151232231909, 0.0251391354095, 0.0969784729136, 0.0898109678423, 0.203135009913, 0.0382790012, 0.0183674405568, 0.314638037161, 0.498355901092, 0.82977737869, 1.29817456325
0.627860437233, 0.102194215914, 0.000110329103806, 0.209825457857, 0.382364133785, 0.0810039421653, 0.2357930354, 0.147133477838, 0.419539890957, 0.00468208877068, 0.289419378162, 0.813472224964, 0.77095567557, 0.470446497731, 0.00837464640361, 0.181856631227, 0.310668416891, 0.500745837548, 0.790668304322, 0.3504877824, 0.454182359768, 0.12837444253, 0.674059281523, 0.0969784729136, 0.493161047129, 0.408392221615, 0.0284343842388, 0.0109305706463, 0.0991593533205, 0.498355901092, 0.627860437233, 1.7584152184
0.431259085268, 0.0156617899553, 0.182359484113, 0.432031907343, 0.0651004930231, 0.958950527129, 0.00318488118527, 0.400416984914, 0.0271686588622, 0.00632452119056, 0.0138206044128, 0.695978875031, 0.752265462423, 0.127770439651, 0.247728007994, 0.0289360728277, 0.086632859359, 0.296596183554, 0.921651607529, 0.287343164379, 0.942786129535, 0.224158542931, 0.628795292717, 0.549351965924, 0.0243285956423, 0.339520719736, 0.585494058786, 0.0112683349016, 0.138641105746, 0.0134210954887, 0.431259085268, 2.15745208072
0.649040570982, 0.0742941271792, 0.736136220293, 0.295695796486, 0.00562248280362, 0.31084073583, 0.11192856703, 0.0545243236162, 0.190268522881, 0.855349059149, 0.246242694201, 0.283872710654, 0.35427512605, 0.121876754453, 0.165720814012, 0.739417983793, 0.20131235957, 0.0114999359864, 0.00706135494906, 0.962980738265, 0.14901182333, 0.183670780523, 0.0178665688242, 0.424914153927, 0.996584497302, 0.00451920652605, 0.568482856185, 0.199655746588, 0.0684688047738, 0.613395867444, 0.649040570982, 1.56436669993
0.83218009343, 0.200617381856, 0.000153252559374, 0.13194127945, 0.463460696204, 0.0810039421653, 0.966230657654, 0.00314293838708, 0.433974654541, 0.0385981532734, 0.673115454147, 0.813472224964, 0.801312274226, 0.17146325426, 0.327190732496, 0.0713154932165, 0.310668416891, 0.500745837548, 0.790668304322, 0.458820605639, 0.000154446859485, 0.0406251984157, 0.136118695788, 0.0969784729136, 0.493161047129, 0.146957031523, 0.0382790012, 0.00898789299927, 0.0306168794076, 0.498355901092, 0.83218009343, 1.24678981568
0.83218009343, 0.200617381856, 0.000153252559374, 0.13194127945, 0.463460696204, 0.0810039421653, 0.966230657654, 0.00314293838708, 0.433974654541, 0.0385981532734, 0.673115454147, 0.813472224964, 0.801312274226, 0.17146325426, 0.327190732496, 0.0713154932165, 0.310668416891, 0.500745837548, 0.790668304322, 0.458820605639, 0.000154446859485, 0.0406251984157, 0.136118695788, 0.0969784729136, 0.493161047129, 0.146957031523, 0.0382790012, 0.00898789299927, 0.0306168794076, 0.498355901092, 0.83218009343, 1.24678981568
0.000147363749011, 0.659749632169, 0.4193301237, 0.099144310121, 0.230928192798, 0.700102871039, 0.032198431828, 0.0468444781498, 0.579188808973, 0.175269030515, 0.583870583993, 0.136605973437, 0.354499325997, 0.00292396328774, 0.114181380778, 0.00598508147419, 0.342884178717, 0.00290561111103, 0.145475437251, 0.0240680427075, 0.0915088540357, 0.8782729586, 0.690847437918, 0.536853794651, 0.0186084923013, 0.367992400834, 0.541394556226, 0.400304990393, 0.677638163703, 0.629379555818, 0.000147363749011, 3.92073719928
0.82977737869, 0.415791893308, 0.18973105583, 0.331738486178, 0.210090569875, 0.0810039421653, 0.311922273811, 0.00334862522075, 0.419539890957, 0.05352231032, 0.153065324241, 0.722483586896, 0.619431968968, 0.672395722267, 0.216630453996, 0.181856631227, 0.709804850675, 0.500745837548, 0.435514037396, 0.86515183851, 0.247275701632, 0.151232231909, 0.0251391354095, 0.0969784729136, 0.0898109678423, 0.203135009913, 0.0382790012, 0.0183674405568, 0.314638037161, 0.498355901092, 0.82977737869, 1.29817456325
0.825322164583, 0.659749632169, 0.4193301237, 0.099144310121, 0.0760921185709, 0.908855597067, 0.032198431828, 0.355302991427, 0.59186057374, 0.175269030515, 0.72578157372, 0.136605973437, 0.549591362708, 0.00292396328774, 0.114181380778, 0.0086787771176, 0.206161850917, 0.0465208043912, 0.145475437251, 0.0240680427075, 0.111921723398, 0.685317852157, 0.712339458741, 0.536853794651, 0.043923181592, 0.335770509241, 0.172486636467, 0.0875641160049, 0.744817374428, 0.629379555818, 0.825322164583, 1.51494299269
