0.0315911477651, -1.5618791586, 3.56224512837, -1.5792329946, -1.44278276181, -2.9039475639, 1.67855369209, 1.24075004243, -1.5703290833, -1.78335615058, 0.0315911477651, 117.356876622
0.0315911477651, -1.5618791586, 3.56224512837, -1.5792329946, -1.44278276181, -2.9039475639, 1.67855369209, 1.24075004243, -1.5703290833, -1.78335615058, 0.0315911477651, 117.356876622
0.028784584189, 4.43970004771, 2.38913229103, -1.32025643891, -4.46557846858, -0.132061305644, -0.461863115517, 0.710945244397, 4.20933662629, 0.336726802089, 0.028784584189, 159.092696657
0.028784584189, 4.43970004771, 2.38913229103, -1.32025643891, -4.46557846858, -0.132061305644, -0.461863115517, 0.710945244397, 4.20933662629, 0.336726802089, 0.028784584189, 159.092696657
0.025498356492, 3.0940539328, -1.72880671462, 3.1595730501, 1.94102023973, 1.95372172382, 3.69049559523, 3.24290772348, -3.96874163218, 3.2060619426, 0.025498356492, 182.195652508
0.025498356492, 3.0940539328, -1.72880671462, 3.1595730501, 1.94102023973, 1.95372172382, 3.69049559523, 3.24290772348, -3.96874163218, 3.2060619426, 0.025498356492, 182.195652508
0.47852780528, -0.4883420523, 3.4238211894, -0.484959951086, -2.69839543837, 0.179086249523, 1.39060951856, -1.13259226867, 0.0464982087394, 0.565327618724, 0.47852780528, 86.6758033455
0.47852780528, -0.4883420523, 3.4238211894, -0.484959951086, -2.69839543837, 0.179086249523, 1.39060951856, -1.13259226867, 0.0464982087394, 0.565327618724, 0.47852780528, 86.6758033455
0.121416203864, -4.95774387303, 0.0319123917399, 0.302406634721, 0.54122942444, 3.20948240586, 4.13405354492, -0.650482081661, -1.40970490254, 3.52006910194, 0.121416203864, 138.655157039
0.121416203864, -4.95774387303, 0.0319123917399, 0.302406634721, 0.54122942444, 3.20948240586, 4.13405354492, -0.650482081661, -1.40970490254, 3.52006910194, 0.121416203864, 138.655157039
0.0934399928352, 0.950941587384, 1.18474328867, 1.77956371183, 3.74845528297, -0.684916598492, -0.684485876815, -0.981246926435, -0.902835308911, -3.75072628159, 0.0934399928352, 155.77288339
0.0934399928352, 0.950941587384, 1.18474328867, 1.77956371183, 3.74845528297, -0.684916598492, -0.684485876815, -0.981246926435, -0.902835308911, -3.75072628159, 0.0934399928352, 155.77288339
0.10212933314, -1.30252123606, 1.58736621697, -4.57499357582, -0.0737555377023, -2.70018943322, -0.278594399661, -0.16525405618, 1.72263902019, 0.500044741776, 0.10212933314, 139.954260875
0.10212933314, -1.30252123606, 1.58736621697, -4.57499357582, -0.0737555377023, -2.70018943322, -0.278594399661, -0.16525405618, 1.72263902019, 0.500044741776, 0.10212933314, 139.954260875
0.439991188125, 1.80856329141, 3.04910295894, -1.52918081216, -0.447316519854, 0.0979898310706, -0.271898479033, 1.4332991859, -3.5183324509, -4.67293014489, 0.439991188125, 120.027101421
0.439991188125, 1.80856329141, 3.04910295894, -1.52918081216, -0.447316519854, 0.0979898310706, -0.271898479033, 1.4332991859, -3.5183324509, -4.67293014489, 0.439991188125, 120.027101421
0.197578859305, -0.391119760877, -0.0479090534216, -1.41244041049, -0.621001087646, 3.86230893245, -0.572999356985, 0.277561730423, -3.37851510565, 4.96511176608, 0.197578859305, 125.054945853
0.197578859305, -0.391119760877, -0.0479090534216, -1.41244041049, -0.621001087646, 3.86230893245, -0.572999356985, 0.277561730423, -3.37851510565, 4.96511176608, 0.197578859305, 125.054945853
0.0518252790158, -2.8044234911, 2.90043255131, -2.00290109803, 2.90687677531, -1.7988821263, 4.32602453617, 2.58385411204, -0.910572053082, 4.15337521009, 0.0518252790158, 165.33157081
0.0518252790158, -2.8044234911, 2.90043255131, -2.00290109803, 2.90687677531, -1.7988821263, 4.32602453617, 2.58385411204, -0.910572053082, 4.15337521009, 0.0518252790158, 165.33157081
0.0429723564737, -4.89304179043, 4.83724434269, 0.830126517038, -1.30259584296, 3.09034806534, 2.02953852359, -1.21796989727, 4.5830115317, 3.55011581621, 0.0429723564737, 187.593492458
0.0429723564737, -4.89304179043, 4.83724434269, 0.830126517038, -1.30259584296, 3.09034806534, 2.02953852359, -1.21796989727, 4.5830115317, 3.55011581621, 0.0429723564737, 187.593492458
0.181490449012, 4.38236910284, 1.74105757255, 3.9195588832, -0.38170400324, -1.48077139646, 3.00282139641, 2.31201111785, 1.34217628829, -1.40744254261, 0.181490449012, 139.396679895
0.181490449012, 4.38236910284, 1.74105757255, 3.9195588832, -0.38170400324, -1.48077139646, 3.00282139641, 2.31201111785, 1.34217628829, -1.40744254261, 0.181490449012, 139.396679895
0.143853885893, -4.07258495034, 1.15666538008, -3.66700178314, -2.47103042698, -4.36567008625, 1.62694383612, -1.23520979776, -1.1178841774, 3.0163915262, 0.143853885893, 156.062936035
0.143853885893, -4.07258495034, 1.15666538008, -3.66700178314, -2.47103042698, -4.36567008625, 1.62694383612, -1.23520979776, -1.1178841774, 3.0163915262, 0.143853885893, 156.062936035
0.875843626533, 3.10075490155, -0.623309048683, -1.89336628604, 0.328715985312, 3.03135543889, 1.5983816836, 2.36839321834, -1.88084486766, -0.281691642434, 0.875843626533, 122.450170129
0.875843626533, 3.10075490155, -0.623309048683, -1.89336628604, 0.328715985312, 3.03135543889, 1.5983816836, 2.36839321834, -1.88084486766, -0.281691642434, 0.875843626533, 122.450170129
0.323652978251, -4.61692748705, 0.973782612873, 3.78998322694, 2.61330412218, 1.79867568069, 0.0313008393386, 1.02116146908, 2.33749628555, -0.0955636558658, 0.323652978251, 131.260603939
0.323652978251, -4.61692748705, 0.973782612873, 3.78998322694, 2.61330412218, 1.79867568069, 0.0313008393386, 1.02116146908, 2.33749628555, -0.0955636558658, 0.323652978251, 131.260603939
0.44219062702, 2.02431396221, -4.13374144306, 2.32536144154, -2.41549284981, 1.96954792428, -2.60485823756, 4.02762179823, 2.83147173202, 0.468319217393, 0.44219062702, 125.876273782
0.44219062702, 2.02431396221, -4.13374144306, 2.32536144154, -2.41549284981, 1.96954792428, -2.60485823756, 4.02762179823, 2.83147173202, 0.468319217393, 0.44219062702, 125.876273782
0.142922012334, -2.3473437971, -3.79118113873, -0.919388013387, 3.90579788473, 1.72311864481, -1.31551011338, -4.03863283171, -3.93880970222, -3.542940432, 0.142922012334, 170.712703087
0.142922012334, -2.3473437971, -3.79118113873, -0.919388013387, 3.90579788473, 1.72311864481, -1.31551011338, -4.03863283171, -3.93880970222, -3.542940432, 0.142922012334, 170.712703087
0.141774622106, 3.92865820207, -2.07821448482, -4.29973745488, 4.97364276198, -1.75878568509, 2.2593623727, -2.23050873408, -0.452504180345, -0.131561280689, 0.141774622106, 176.360633672
0.141774622106, 3.92865820207, -2.07821448482, -4.29973745488, 4.97364276198, -1.75878568509, 2.2593623727, -2.23050873408, -0.452504180345, -0.131561280689, 0.141774622106, 176.360633672
0.0837015205294, 0.865983376076, -4.14954904161, -3.7328571363, -4.37209449196, -1.66708573024, 1.13537650538, 1.07723592299, 3.24305083713, 3.52875731357, 0.0837015205294, 185.82236287
0.0837015205294, 0.865983376076, -4.14954904161, -3.7328571363, -4.37209449196, -1.66708573024, 1.13537650538, 1.07723592299, 3.24305083713, 3.52875731357, 0.0837015205294, 185.82236287
0.275300042789, 0.563489606408, 0.98860466707, 2.82255497084, 0.313909968723, -4.08057950455, 2.87452369274, -3.21243307927, -4.47302633744, -2.01049684057, 0.275300042789, 140.156855129
0.275300042789, 0.563489606408, 0.98860466707, 2.82255497084, 0.313909968723, -4.08057950455, 2.87452369274, -3.21243307927, -4.47302633744, -2.01049684057, 0.275300042789, 140.156855129
0.183521131868, -4.35557946666, 3.691482783, 0.62751002586, 1.36085921644, -3.47673661208, -1.46867015999, 1.62044262465, 3.11542164727, -3.48326351848, 0.183521131868, 146.104915299
0.183521131868, -4.35557946666, 3.691482783, 0.62751002586, 1.36085921644, -3.47673661208, -1.46867015999, 1.62044262465, 3.11542164727, -3.48326351848, 0.183521131868, 146.104915299
0.172825489791, -3.39454258786, 0.55669708717, -3.26990366542, 3.87354868283, -3.86366356342, 4.60185759443, 1.05257776472, 2.84336097451, 1.90217044036, 0.172825489791, 168.49816925
0.172825489791, -3.39454258786, 0.55669708717, -3.26990366542, 3.87354868283, -3.86366356342, 4.60185759443, 1.05257776472, 2.84336097451, 1.90217044036, 0.172825489791, 168.49816925
0.71369699984, -0.872510592709, -1.23384910726, 2.47256738984, -2.73287566569, 2.48087399027, 0.715091739987, -1.47407284956, 2.88608850258, 3.08422745674, 0.71369699984, 127.583418002
0.71369699984, -0.872510592709, -1.23384910726, 2.47256738984, -2.73287566569, 2.48087399027, 0.715091739987, -1.47407284956, 2.88608850258, 3.08422745674, 0.71369699984, 127.583418002
0.67571534451, 0.0309416195817, -1.62007101137, 3.37019358055, 4.48830638362, 2.25879903521, -0.126896530766, 3.09948349356, -1.09291219947, 3.15453440202, 0.67571534451, 138.563147401
0.67571534451, 0.0309416195817, -1.62007101137, 3.37019358055, 4.48830638362, 2.25879903521, -0.126896530766, 3.09948349356, -1.09291219947, 3.15453440202, 0.67571534451, 138.563147401
0.678768118085, 0.37246614482, 3.47980505316, -3.84938373549, -0.0750146186689, 0.037665361183, -1.04878622503, 2.08546232537, -2.77480620185, -4.62862305243, 0.678768118085, 128.69496964
0.678768118085, 0.37246614482, 3.47980505316, -3.84938373549, -0.0750146186689, 0.037665361183, -1.04878622503, 2.08546232537, -2.77480620185, -4.62862305243, 0.678768118085, 128.69496964
0.150272967886, -4.94950943314, -2.28271051743, -2.04748096112, -3.78490555351, -3.8183344968, -1.11677454842, -1.0198063946, 2.26378520618, -3.07142553274, 0.150272967886, 171.971184501
0.150272967886, -4.94950943314, -2.28271051743, -2.04748096112, -3.78490555351, -3.8183344968, -1.11677454842, -1.0198063946, 2.26378520618, -3.07142553274, 0.150272967886, 171.971184501
0.0870343036334, 1.71066114141, -0.246100174781, 3.64304554925, -4.82619061224, -0.287590746494, 2.01487996976, 0.726651623436, 0.351017917033, -4.85130718231, 0.0870343036334, 200.228521171
0.0870343036334, 1.71066114141, -0.246100174781, 3.64304554925, -4.82619061224, -0.287590746494, 2.01487996976, 0.726651623436, 0.351017917033, -4.85130718231, 0.0870343036334, 200.228521171
0.648896163641, 1.07047172505, 3.57511393133, -1.53337701543, -1.11006712124, 1.98952952216, -3.78586097432, 0.786288953577, -2.7238481574, -4.08391464395, 0.648896163641, 140.915790161
0.648896163641, 1.07047172505, 3.57511393133, -1.53337701543, -1.11006712124, 1.98952952216, -3.78586097432, 0.786288953577, -2.7238481574, -4.08391464395, 0.648896163641, 140.915790161
0.249527951473, 0.992901787847, 0.841091648919, -0.646624843625, -3.06709891512, -4.91639149019, 2.12578580905, 1.14707038818, -4.46531185933, 3.28160773656, 0.249527951473, 151.461381489
0.249527951473, 0.992901787847, 0.841091648919, -0.646624843625, -3.06709891512, -4.91639149019, 2.12578580905, 1.14707038818, -4.46531185933, 3.28160773656, 0.249527951473, 151.461381489
0.557854615237, -1.67426484954, 1.68782169823, 0.0445263886933, -0.800288992701, 4.85727524946, 2.72743795152, -0.0220075313443, -0.663008730468, 1.39023414251, 0.557854615237, 148.077108198
0.557854615237, -1.67426484954, 1.68782169823, 0.0445263886933, -0.800288992701, 4.85727524946, 2.72743795152, -0.0220075313443, -0.663008730468, 1.39023414251, 0.557854615237, 148.077108198
0.808180683433, 1.13385488566, -3.47766682692, -0.761536695756, 0.882473693129, 0.142821884776, 0.191334022513, -2.28631595865, 1.15429281481, -2.46619467325, 0.808180683433, 131.979514133
0.808180683433, 1.13385488566, -3.47766682692, -0.761536695756, 0.882473693129, 0.142821884776, 0.191334022513, -2.28631595865, 1.15429281481, -2.46619467325, 0.808180683433, 131.979514133
0.203476660933, -2.17386219407, 4.22423323035, 2.63281243107, 2.97658998758, 2.71102551327, -0.0656694775933, -1.99197202811, 1.73636588986, -3.74065713332, 0.203476660933, 176.218578985
0.203476660933, -2.17386219407, 4.22423323035, 2.63281243107, 2.97658998758, 2.71102551327, -0.0656694775933, -1.99197202811, 1.73636588986, -3.74065713332, 0.203476660933, 176.218578985
0.158493510394, -0.128678634562, -4.01794672369, 3.5826786789, 1.96152389841, 3.91647161689, 4.74993370623, -3.25374990469, 2.79797391333, 2.48469255035, 0.158493510394, 176.555654994
0.158493510394, -0.128678634562, -4.01794672369, 3.5826786789, 1.96152389841, 3.91647161689, 4.74993370623, -3.25374990469, 2.79797391333, 2.48469255035, 0.158493510394, 176.555654994
0.126217605604, -4.76263309615, -1.85044421447, 2.19124253652, 1.28007520562, 1.36833088633, -0.943856998808, -4.76490379989, 1.63498817337, 4.64241261509, 0.126217605604, 209.312812637
0.126217605604, -4.76263309615, -1.85044421447, 2.19124253652, 1.28007520562, 1.36833088633, -0.943856998808, -4.76490379989, 1.63498817337, 4.64241261509, 0.126217605604, 209.312812637
0.791832431024, -2.36455937821, 2.81190509546, 0.206088634537, -2.48599433752, 2.00495557757, 4.82529404975, 2.86342366728, -1.57545930378, -0.879167518517, 0.791832431024, 147.538477145
0.791832431024, -2.36455937821, 2.81190509546, 0.206088634537, -2.48599433752, 2.00495557757, 4.82529404975, 2.86342366728, -1.57545930378, -0.879167518517, 0.791832431024, 147.538477145
0.275004166516, 1.61197897807, 0.309542172041, 3.19067562675, -3.21007359429, 0.100812952876, 0.906395630624, 1.1890446411, -4.48164339659, -3.55198971127, 0.275004166516, 153.635699535
0.275004166516, 1.61197897807, 0.309542172041, 3.19067562675, -3.21007359429, 0.100812952876, 0.906395630624, 1.1890446411, -4.48164339659, -3.55198971127, 0.275004166516, 153.635699535
0.606826856372, 0.724723724174, 4.06402704342, 1.81742391452, -2.93199467347, 0.576343469806, 1.09478753727, 1.91437988011, -4.31271368285, -1.27881729254, 0.606826856372, 150.197699699
0.606826856372, 0.724723724174, 4.06402704342, 1.81742391452, -2.93199467347, 0.576343469806, 1.09478753727, 1.91437988011, -4.31271368285, -1.27881729254, 0.606826856372, 150.197699699
0.810739122116, -2.39462481541, 0.285413018383, 0.502709062879, -1.7875823719, -0.387271962577, -2.20573463428, -0.962495798239, -4.09579786093, 4.94760957931, 0.810739122116, 139.499888627
0.810739122116, -2.39462481541, 0.285413018383, 0.502709062879, -1.7875823719, -0.387271962577, -2.20573463428, -0.962495798239, -4.09579786093, 4.94760957931, 0.810739122116, 139.499888627
0.917895647877, 0.0354305933626, -3.05669634036, 2.88637318837, 0.722478440238, -1.29971858266, -1.01077765413, 4.97153966816, -1.80104947135, -0.18888256015, 0.917895647877, 135.329122199
0.917895647877, 0.0354305933626, -3.05669634036, 2.88637318837, 0.722478440238, -1.29971858266, -1.01077765413, 4.97153966816, -1.80104947135, -0.18888256015, 0.917895647877, 135.329122199
0.809536043753, 3.63479497903, 2.35630047593, -1.99257097597, 1.53854316634, -1.56887682965, 2.2872310854, -0.0421557480579, 3.24530778757, -3.78007442556, 0.809536043753, 146.452819631
0.809536043753, 3.63479497903, 2.35630047593, -1.99257097597, 1.53854316634, -1.56887682965, 2.2872310854, -0.0421557480579, 3.24530778757, -3.78007442556, 0.809536043753, 146.452819631
0.222210885829, -1.46640705164, -3.87700478457, 2.24627310658, -0.32790997818, -4.35735596367, 1.92532233585, -4.28354398961, -1.42796255113, 2.73903823728, 0.222210885829, 179.25478146
0.222210885829, -1.46640705164, -3.87700478457, 2.24627310658, -0.32790997818, -4.35735596367, 1.92532233585, -4.28354398961, -1.42796255113, 2.73903823728, 0.222210885829, 179.25478146
0.840429988448, -1.10885862406, 2.31098437887, -4.70624922517, 0.564999407322, -3.55857845236, 2.09042367886, 0.953931131573, 1.89335438436, -3.26714015467, 0.840429988448, 146.598447493
0.840429988448, -1.10885862406, 2.31098437887, -4.70624922517, 0.564999407322, -3.55857845236, 2.09042367886, 0.953931131573, 1.89335438436, -3.26714015467, 0.840429988448, 146.598447493
0.222525062312, 2.91699372833, -4.7130180551, -2.38846778276, 3.7600442992, -3.59670398134, 1.20911766429, -0.785755832319, -4.26320505557, 1.53354032103, 0.222525062312, 204.21916764
0.222525062312, 2.91699372833, -4.7130180551, -2.38846778276, 3.7600442992, -3.59670398134, 1.20911766429, -0.785755832319, -4.26320505557, 1.53354032103, 0.222525062312, 204.21916764
0.307919587341, -3.41832908516, 1.70607633634, 1.2160955619, -0.936606901018, 1.66013215482, -2.89282416216, -2.19641230452, 4.03280910945, -2.74324862151, 0.307919587341, 163.809468073
0.279166149419, -2.12887334288, -4.57717976616, 0.667818852101, -4.48581221988, 3.6427308982, 0.401224398868, 4.8521712439, 1.72814571119, 4.8722367916, 0.279166149419, 202.641442705
0.668486212258, 4.32049995766, -1.44345118731, 2.13075956186, -0.474655463029, -4.99451950798, 0.246759735898, -3.83185652056, -1.11057360604, 3.96823621359, 0.668486212258, 157.312912394
0.393256462181, -2.34826258363, -0.548666578033, 2.70216659238, -1.91324946087, 2.74843723914, 4.58524667773, -3.56659684666, 0.356897467976, -1.7765939633, 0.393256462181, 161.304342351
0.774875449888, -0.423502040683, 2.80061715882, -2.91902155652, -1.13095407786, -0.362287702393, -3.8989130841, -4.10235479395, 3.33182522989, 1.89243426464, 0.774875449888, 152.289462471
0.668486212258, 4.32049995766, -1.44345118731, 2.13075956186, -0.474655463029, -4.99451950798, 0.246759735898, -3.83185652056, -1.11057360604, 3.96823621359, 0.668486212258, 157.312912394
