0.000165351323738, 1.5215236277, 1.07366807009, -1.99257097597, 1.53854316634, -1.56887682965, 4.15314836324, -1.58402635331, 3.53744290711, -1.78359124005, 0.000165351323738, 96.5300717916
0.000165351323738, 1.5215236277, 1.07366807009, -1.99257097597, 1.53854316634, -1.56887682965, 4.15314836324, -1.58402635331, 3.53744290711, -1.78359124005, 0.000165351323738, 96.5300717916
0.00546530459207, 1.5215236277, 0.94399686323, 1.08828143627, -3.06209838849, -1.56887682965, -2.09129514671, 4.02762179823, 3.53744290711, -1.40034711348, 0.00546530459207, 81.4377158811
0.00546530459207, 1.5215236277, 0.94399686323, 1.08828143627, -3.06209838849, -1.56887682965, -2.09129514671, 4.02762179823, 3.53744290711, -1.40034711348, 0.00546530459207, 81.4377158811
0.0775096237819, -1.30252123606, 0.947712869156, -2.94251551392, -1.07047742073, -1.43255016282, -3.50893098255, -0.412372061892, 0.0962326360393, 0.500044741776, 0.0775096237819, 69.7275096444
0.0775096237819, -1.30252123606, 0.947712869156, -2.94251551392, -1.07047742073, -1.43255016282, -3.50893098255, -0.412372061892, 0.0962326360393, 0.500044741776, 0.0775096237819, 69.7275096444
0.47852780528, -0.4883420523, 3.4238211894, -0.462506839506, -1.02259726586, 0.492483051203, 1.56751057365, -1.13259226867, -0.118649482961, 0.565327618724, 0.47852780528, 51.1445104622
0.47852780528, -0.4883420523, 3.4238211894, -0.462506839506, -1.02259726586, 0.492483051203, 1.56751057365, -1.13259226867, -0.118649482961, 0.565327618724, 0.47852780528, 51.1445104622
7.38671479015e-05, -0.872510592709, -4.44875360632, 0.120773734233, -3.34964385817, 2.48087399027, 0.715091739987, -1.47407284956, 2.88608850258, 1.3026281141, 7.38671479015e-05, 132.93968626
7.38671479015e-05, -0.872510592709, -4.44875360632, 0.120773734233, -3.34964385817, 2.48087399027, 0.715091739987, -1.47407284956, 2.88608850258, 1.3026281141, 7.38671479015e-05, 132.93968626
0.00142173864989, -0.0181719698839, -1.23384910726, 2.47256738984, -0.527473849104, 2.48087399027, 0.715091739987, 1.05821692307, 2.88608850258, 0.891578192708, 0.00142173864989, 85.499844895
0.00142173864989, -0.0181719698839, -1.23384910726, 2.47256738984, -0.527473849104, 2.48087399027, 0.715091739987, 1.05821692307, 2.88608850258, 0.891578192708, 0.00142173864989, 85.499844895
0.00142173864989, -0.0181719698839, -1.23384910726, 2.47256738984, -0.527473849104, 2.48087399027, 0.715091739987, 1.05821692307, 2.88608850258, 0.891578192708, 0.00142173864989, 85.499844895
0.00142173864989, -0.0181719698839, -1.23384910726, 2.47256738984, -0.527473849104, 2.48087399027, 0.715091739987, 1.05821692307, 2.88608850258, 0.891578192708, 0.00142173864989, 85.499844895
0.0315911477651, -1.5618791586, 4.98636107546, -0.912241976437, -1.44278276181, -2.9039475639, -0.461863115517, 0.60389081509, -1.5703290833, -1.54758704218, 0.0315911477651, 76.4138351799
0.0315911477651, -1.5618791586, 4.98636107546, -0.912241976437, -1.44278276181, -2.9039475639, -0.461863115517, 0.60389081509, -1.5703290833, -1.54758704218, 0.0315911477651, 76.4138351799
9.50303995012e-05, 1.5215236277, 1.07366807009, -1.99257097597, 1.53854316634, -1.56887682965, 4.94742615091, -0.291095841508, 2.21411096649, 1.89566741233, 9.50303995012e-05, 102.618889854
9.50303995012e-05, 1.5215236277, 1.07366807009, -1.99257097597, 1.53854316634, -1.56887682965, 4.94742615091, -0.291095841508, 2.21411096649, 1.89566741233, 9.50303995012e-05, 102.618889854
0.000491251170265, -1.5618791586, -0.566123749374, -1.5792329946, -1.44278276181, -2.9039475639, -1.45193212699, 4.44290221405, -1.5703290833, -4.37772435293, 0.000491251170265, 97.4070414231
0.000491251170265, -1.5618791586, -0.566123749374, -1.5792329946, -1.44278276181, -2.9039475639, -1.45193212699, 4.44290221405, -1.5703290833, -4.37772435293, 0.000491251170265, 97.4070414231
0.000650249007898, -1.5618791586, -0.9418582024, 0.226563273239, -1.44278276181, -1.74997328362, -0.0121040070806, 1.87913643337, -1.5703290833, -2.1800280826, 0.000650249007898, 97.3735234585
0.000650249007898, -1.5618791586, -0.9418582024, 0.226563273239, -1.44278276181, -1.74997328362, -0.0121040070806, 1.87913643337, -1.5703290833, -2.1800280826, 0.000650249007898, 97.3735234585
0.276133275244, -0.4883420523, 3.4238211894, -1.59200701141, -0.559646987946, 0.179086249523, 1.39060951856, -1.13259226867, -1.00807119713, 1.51328769039, 0.276133275244, 70.8434857659
0.276133275244, -0.4883420523, 3.4238211894, -1.59200701141, -0.559646987946, 0.179086249523, 1.39060951856, -1.13259226867, -1.00807119713, 1.51328769039, 0.276133275244, 70.8434857659
0.47852780528, -0.4883420523, 3.4238211894, -0.462506839506, -1.02259726586, 0.492483051203, 3.53355341105, -2.43288314241, -0.118649482961, 0.565327618724, 0.47852780528, 55.696109188
0.47852780528, -0.4883420523, 3.4238211894, -0.462506839506, -1.02259726586, 0.492483051203, 3.53355341105, -2.43288314241, -0.118649482961, 0.565327618724, 0.47852780528, 55.696109188
0.00142173864989, -2.03775539101, -1.23384910726, 2.47256738984, -0.527473849104, 2.48087399027, 0.715091739987, -1.47407284956, 2.88608850258, 0.891578192708, 0.00142173864989, 89.5172910623
0.00142173864989, -2.03775539101, -1.23384910726, 2.47256738984, -0.527473849104, 2.48087399027, 0.715091739987, -1.47407284956, 2.88608850258, 0.891578192708, 0.00142173864989, 89.5172910623
0.10212933314, 2.11824565153, 0.947712869156, -2.94251551392, -1.07047742073, -1.79337891315, -3.57681110215, -0.403939267953, 0.0962326360393, 0.500044741776, 0.10212933314, 85.790283533
0.10212933314, 2.11824565153, 0.947712869156, -2.94251551392, -1.07047742073, -1.79337891315, -3.57681110215, -0.403939267953, 0.0962326360393, 0.500044741776, 0.10212933314, 85.790283533
9.50303995012e-05, 1.5215236277, 1.07366807009, -1.99257097597, 1.53854316634, -4.87584289116, 4.94742615091, 0.392308723058, 3.53744290711, 1.89566741233, 9.50303995012e-05, 109.220853083
9.50303995012e-05, 1.5215236277, 1.07366807009, -1.99257097597, 1.53854316634, -4.87584289116, 4.94742615091, 0.392308723058, 3.53744290711, 1.89566741233, 9.50303995012e-05, 109.220853083
0.000491251170265, -1.5618791586, 3.95148082116, -1.5792329946, -1.44278276181, -2.9039475639, -1.45193212699, 4.44290221405, -1.5703290833, -3.98056988622, 0.000491251170265, 98.5638145091
0.000491251170265, -1.5618791586, 3.95148082116, -1.5792329946, -1.44278276181, -2.9039475639, -1.45193212699, 4.44290221405, -1.5703290833, -3.98056988622, 0.000491251170265, 98.5638145091
0.47852780528, 0.331116777023, 3.4238211894, -0.462506839506, -1.02259726586, 0.492483051203, 1.56751057365, -1.13259226867, -0.118649482961, 0.565327618724, 0.47852780528, 66.1488221246
0.47852780528, 0.331116777023, 3.4238211894, -0.462506839506, -1.02259726586, 0.492483051203, 1.56751057365, -1.13259226867, -0.118649482961, 0.565327618724, 0.47852780528, 66.1488221246
0.0464400334187, -1.5618791586, 3.95148082116, -1.5792329946, -1.44278276181, -1.92907554259, 0.526106907512, -0.642420737301, -4.36328848859, 1.46003368721, 0.0464400334187, 90.0439795573
0.0464400334187, -1.5618791586, 3.95148082116, -1.5792329946, -1.44278276181, -1.92907554259, 0.526106907512, -0.642420737301, -4.36328848859, 1.46003368721, 0.0464400334187, 90.0439795573
0.0284501902775, -1.5618791586, -0.649131948606, 2.04936659548, -1.44278276181, -2.9039475639, 1.59428033081, 0.275706849755, 0.0710252079703, 0.849664853815, 0.0284501902775, 91.1343021524
0.0284501902775, -1.5618791586, -0.649131948606, 2.04936659548, -1.44278276181, -2.9039475639, 1.59428033081, 0.275706849755, 0.0710252079703, 0.849664853815, 0.0284501902775, 91.1343021524
0.00142173864989, -2.03775539101, -1.23384910726, 2.47256738984, -0.527473849104, 2.48087399027, 0.715091739987, -1.47407284956, 4.53238607609, 0.891578192708, 0.00142173864989, 93.9360028331
0.00142173864989, -2.03775539101, -1.23384910726, 2.47256738984, -0.527473849104, 2.48087399027, 0.715091739987, -1.47407284956, 4.53238607609, 0.891578192708, 0.00142173864989, 93.9360028331
0.10212933314, -1.30252123606, 0.947712869156, -2.94251551392, -1.07047742073, 2.34483778613, -2.88505258013, -0.403939267953, 0.0962326360393, 0.500044741776, 0.10212933314, 89.1414155427
0.10212933314, -1.30252123606, 0.947712869156, -2.94251551392, -1.07047742073, 2.34483778613, -2.88505258013, -0.403939267953, 0.0962326360393, 0.500044741776, 0.10212933314, 89.1414155427
0.000393295049617, -1.5618791586, 3.95148082116, -1.5792329946, -1.44278276181, -2.9039475639, -0.70608560755, 4.44290221405, -1.5703290833, -3.63759622564, 0.000393295049617, 122.367187888
0.000393295049617, -1.5618791586, 3.95148082116, -1.5792329946, -1.44278276181, -2.9039475639, -0.70608560755, 4.44290221405, -1.5703290833, -3.63759622564, 0.000393295049617, 122.367187888
0.000217676450385, -0.0181719698839, -1.23384910726, 2.47256738984, -4.61091392546, -2.38879937248, 4.41514119654, 1.05821692307, 2.88608850258, 0.891578192708, 0.000217676450385, 126.765833904
0.000217676450385, -0.0181719698839, -1.23384910726, 2.47256738984, -4.61091392546, -2.38879937248, 4.41514119654, 1.05821692307, 2.88608850258, 0.891578192708, 0.000217676450385, 126.765833904
0.000705580328499, -1.5618791586, -2.61908284478, -1.5792329946, -1.44278276181, 2.90256176457, -2.54098862831, 2.15085891931, -1.5703290833, -1.78335615058, 0.000705580328499, 103.083154037
0.000705580328499, -1.5618791586, -2.61908284478, -1.5792329946, -1.44278276181, 2.90256176457, -2.54098862831, 2.15085891931, -1.5703290833, -1.78335615058, 0.000705580328499, 103.083154037
0.000650249007898, -1.5618791586, 1.00173688233, 0.226563273239, -1.44278276181, 2.90256176457, -1.16700871268, 1.87913643337, -1.5703290833, -2.1800280826, 0.000650249007898, 103.191081533
0.000650249007898, -1.5618791586, 1.00173688233, 0.226563273239, -1.44278276181, 2.90256176457, -1.16700871268, 1.87913643337, -1.5703290833, -2.1800280826, 0.000650249007898, 103.191081533
0.0013275495572, -2.03775539101, -1.23384910726, 2.47256738984, -3.52294175239, 2.48087399027, 0.715091739987, -1.47407284956, 2.88608850258, 0.891578192708, 0.0013275495572, 101.472799793
0.0013275495572, -2.03775539101, -1.23384910726, 2.47256738984, -3.52294175239, 2.48087399027, 0.715091739987, -1.47407284956, 2.88608850258, 0.891578192708, 0.0013275495572, 101.472799793
0.000943030485775, -2.03775539101, -1.23384910726, 2.47256738984, -3.52294175239, 2.48087399027, 0.715091739987, -1.47407284956, 2.88608850258, 0.891578192708, 0.000943030485775, 101.472799801
0.000943030485775, -2.03775539101, -1.23384910726, 2.47256738984, -3.52294175239, 2.48087399027, 0.715091739987, -1.47407284956, 2.88608850258, 0.891578192708, 0.000943030485775, 101.472799801
0.000491251170265, -1.5618791586, 3.95148082116, -1.5792329946, -1.44278276181, -2.9039475639, -1.45193212699, 4.44290221405, -1.5703290833, -3.63759622564, 0.000491251170265, 107.230663661
0.000491251170265, -1.5618791586, 3.95148082116, -1.5792329946, -1.44278276181, -2.9039475639, -1.45193212699, 4.44290221405, -1.5703290833, -3.63759622564, 0.000491251170265, 107.230663661
0.47852780528, -0.4883420523, 3.4238211894, -1.59200701141, -0.0464655729745, 0.179086249523, 1.39060951856, -1.13259226867, -2.01263768812, 1.51328769039, 0.47852780528, 72.6161237419
0.47852780528, -0.4883420523, 3.4238211894, -1.59200701141, -0.0464655729745, 0.179086249523, 1.39060951856, -1.13259226867, -2.01263768812, 1.51328769039, 0.47852780528, 72.6161237419
0.47852780528, -0.4883420523, 3.4238211894, -1.59200701141, -0.0464655729745, 0.179086249523, 1.39060951856, -1.13259226867, -2.01263768812, 1.51328769039, 0.47852780528, 72.6161237419
0.47852780528, -0.4883420523, 3.4238211894, -1.59200701141, -0.0464655729745, 0.179086249523, 1.39060951856, -1.13259226867, -2.01263768812, 1.51328769039, 0.47852780528, 72.6161237419
0.47852780528, -0.4883420523, 3.4238211894, -1.59200701141, -0.0464655729745, 0.179086249523, 1.39060951856, -1.13259226867, -2.01263768812, 1.51328769039, 0.47852780528, 72.6161237419
0.47852780528, -0.4883420523, 3.4238211894, -1.59200701141, -0.0464655729745, 0.179086249523, 1.39060951856, -1.13259226867, -2.01263768812, 1.51328769039, 0.47852780528, 72.6161237419
0.0315911477651, -1.5618791586, 4.98515683153, -0.620613044862, -1.44278276181, -2.9039475639, -0.461863115517, 0.212787298907, -1.5703290833, -1.54758704218, 0.0315911477651, 91.1703806714
0.0315911477651, -1.5618791586, 4.98515683153, -0.620613044862, -1.44278276181, -2.9039475639, -0.461863115517, 0.212787298907, -1.5703290833, -1.54758704218, 0.0315911477651, 91.1703806714
0.00546530459207, 1.5215236277, 1.07366807009, -1.99257097597, 1.53854316634, 1.42353516537, 4.15314836324, -2.88506467486, 3.53744290711, -1.38409197594, 0.00546530459207, 94.7992543251
0.00546530459207, 1.5215236277, 1.07366807009, -1.99257097597, 1.53854316634, 1.42353516537, 4.15314836324, -2.88506467486, 3.53744290711, -1.38409197594, 0.00546530459207, 94.7992543251
0.11954785824, -1.5618791586, 3.95148082116, -1.5792329946, -1.44278276181, -1.61825351229, 0.526106907512, -0.642420737301, -1.5703290833, 4.4366372537, 0.11954785824, 89.3208679918
0.11954785824, -1.5618791586, 3.95148082116, -1.5792329946, -1.44278276181, -1.61825351229, 0.526106907512, -0.642420737301, -1.5703290833, 4.4366372537, 0.11954785824, 89.3208679918
0.000217676450385, -0.0181719698839, -1.23384910726, 2.72520714168, -4.61091392546, 2.48087399027, 0.715091739987, 1.05821692307, 2.88608850258, 0.891578192708, 0.000217676450385, 134.374598858
0.000217676450385, -0.0181719698839, -1.23384910726, 2.72520714168, -4.61091392546, 2.48087399027, 0.715091739987, 1.05821692307, 2.88608850258, 0.891578192708, 0.000217676450385, 134.374598858
0.883256362845, -2.02225316792, 3.95148082116, -1.5792329946, -1.44278276181, -2.9039475639, -1.45193212699, 1.24075004243, -0.042510865375, 1.41571024624, 0.883256362845, 83.2246028686
0.883256362845, -2.02225316792, 3.95148082116, -1.5792329946, -1.44278276181, -2.9039475639, -1.45193212699, 1.24075004243, -0.042510865375, 1.41571024624, 0.883256362845, 83.2246028686
0.00038709268075, -0.872510592709, -4.44875360632, 1.80376634456, -3.34964385817, 2.48087399027, 0.715091739987, -1.47407284956, 2.88608850258, 2.93152551057, 0.00038709268075, 136.997092555
0.00038709268075, -0.872510592709, -4.44875360632, 1.80376634456, -3.34964385817, 2.48087399027, 0.715091739987, -1.47407284956, 2.88608850258, 2.93152551057, 0.00038709268075, 136.997092555
0.47852780528, -0.4883420523, 3.4238211894, -1.48064800542, 0.842873700978, 0.179086249523, 0.0776336257136, -2.05643366603, -1.2108865974, 1.51328769039, 0.47852780528, 84.5013413674
0.0464400334187, -1.5618791586, 3.95148082116, -3.40392853229, -1.44278276181, -1.92907554259, 0.526106907512, 0.55737974124, -4.36328848859, 1.46003368721, 0.0464400334187, 91.235565386
0.47852780528, -0.4883420523, 3.4238211894, -1.48064800542, 0.842873700978, 0.179086249523, 0.0776336257136, -2.05643366603, -1.2108865974, 1.51328769039, 0.47852780528, 84.5013413674
0.000650249007898, -4.47979837274, -0.9418582024, 0.226563273239, -1.44278276181, 2.90256176457, -0.0121040070806, 1.87913643337, -1.5703290833, -2.1800280826, 0.000650249007898, 104.416947547
0.000647424460236, -1.5618791586, -2.75524232214, -1.37253069192, 1.53854316634, 3.57488050452, 1.67855369209, -0.0975148463764, -1.5703290833, -1.78335615058, 0.000647424460236, 120.597154942
0.000531301319468, -4.61745265864, 1.4307085805, 0.448658056956, -1.44278276181, 2.90256176457, 1.67855369209, 2.02585364331, -1.28206071724, -2.1800280826, 0.000531301319468, 124.427231244
0.0464400334187, -1.5618791586, 3.95148082116, -3.40392853229, -1.44278276181, -1.92907554259, 0.526106907512, 0.55737974124, -4.36328848859, 1.46003368721, 0.0464400334187, 91.235565386
0.0315911477651, -1.5618791586, 3.95148082116, -4.0465503777, -1.44278276181, -2.9039475639, -1.45193212699, 1.43499000235, -1.5703290833, -3.98056988622, 0.0315911477651, 92.5562055217
0.0178154221635, -1.5618791586, 0.067663051223, 0.226563273239, -1.44278276181, 2.90256176457, 1.67855369209, 1.87913643337, -1.5703290833, -1.91130892918, 0.0178154221635, 96.361253351
0.000531301319468, -4.61745265864, 1.4307085805, 0.448658056956, -1.44278276181, 2.90256176457, 1.67855369209, 2.02585364331, -1.28206071724, -2.1800280826, 0.000531301319468, 124.427231244
0.000647424460236, -1.5618791586, -2.75524232214, -1.37253069192, 1.53854316634, 3.57488050452, 1.67855369209, -0.0975148463764, -1.5703290833, -1.78335615058, 0.000647424460236, 120.597154942
0.00546530459207, 1.5215236277, 1.07366807009, -1.99257097597, 1.53854316634, 1.42353516537, 4.15314836324, -2.65839588986, 3.53744290711, -1.38409197594, 0.00546530459207, 98.8786666164
0.0178154221635, -1.5618791586, 0.067663051223, 0.226563273239, -1.44278276181, 2.90256176457, 1.67855369209, 1.87913643337, -1.5703290833, -1.91130892918, 0.0178154221635, 96.361253351
0.0033500396351, -1.5618791586, 3.31541344113, -0.912241976437, -1.44278276181, -2.82609333755, -0.461863115517, 0.60389081509, -1.20112699444, -1.54758704218, 0.0033500396351, 101.57270215
0.0033500396351, -1.5618791586, 3.31541344113, -0.912241976437, -1.44278276181, -2.82609333755, -0.461863115517, 0.60389081509, -1.20112699444, -1.54758704218, 0.0033500396351, 101.57270215
0.000650249007898, -4.47979837274, -0.9418582024, 0.226563273239, -1.44278276181, 2.90256176457, -0.0121040070806, 1.87913643337, -1.5703290833, -2.1800280826, 0.000650249007898, 104.416947547
