0.0768940515422, -0.4883420523, 3.4238211894, -1.59200701141, -0.559646987946, 3.97807557695, 1.39060951856, 0.990918021978, -1.00807119713, 1.51328769039, 0.0768940515422, 59.5408464429
0.0768940515422, -0.4883420523, 3.4238211894, -1.59200701141, -0.559646987946, 3.97807557695, 1.39060951856, 0.990918021978, -1.00807119713, 1.51328769039, 0.0768940515422, 59.5408464429
0.00142173864989, -2.03775539101, 0.067663051223, 2.47256738984, -0.527473849104, 2.48087399027, 0.715091739987, -1.47407284956, 2.88608850258, -1.54758704218, 0.00142173864989, 67.0107062606
0.00142173864989, -2.03775539101, 0.067663051223, 2.47256738984, -0.527473849104, 2.48087399027, 0.715091739987, -1.47407284956, 2.88608850258, -1.54758704218, 0.00142173864989, 67.0107062606
7.38671479015e-05, -0.872510592709, -4.44875360632, 0.120773734233, 0.0180459480954, 2.48087399027, 2.04884340595, -3.37005572779, 2.88608850258, 1.3026281141, 7.38671479015e-05, 114.580928927
7.38671479015e-05, -0.872510592709, -4.44875360632, 0.120773734233, 0.0180459480954, 2.48087399027, 2.04884340595, -3.37005572779, 2.88608850258, 1.3026281141, 7.38671479015e-05, 114.580928927
9.50303995012e-05, -2.35899519372, 1.07366807009, -1.99257097597, 1.53854316634, -1.56887682965, 2.01114216979, -0.291095841508, 2.21411096649, 1.89566741233, 9.50303995012e-05, 95.0642389381
9.50303995012e-05, -2.35899519372, 1.07366807009, -1.99257097597, 1.53854316634, -1.56887682965, 2.01114216979, -0.291095841508, 2.21411096649, 1.89566741233, 9.50303995012e-05, 95.0642389381
1.45996596804e-05, -0.872510592709, -4.44875360632, 0.120773734233, -3.34964385817, 2.48087399027, 0.715091739987, -3.37005572779, 2.88608850258, 4.75710992327, 1.45996596804e-05, 175.220599545
1.45996596804e-05, -0.872510592709, -4.44875360632, 0.120773734233, -3.34964385817, 2.48087399027, 0.715091739987, -3.37005572779, 2.88608850258, 4.75710992327, 1.45996596804e-05, 175.220599545
0.000650249007898, -1.5618791586, -0.9418582024, 0.226563273239, -1.44278276181, -1.10069739291, -0.0121040070806, 0.126427494456, -1.5703290833, -2.1800280826, 0.000650249007898, 79.6997179547
0.000650249007898, -1.5618791586, -0.9418582024, 0.226563273239, -1.44278276181, -1.10069739291, -0.0121040070806, 0.126427494456, -1.5703290833, -2.1800280826, 0.000650249007898, 79.6997179547
0.354288213559, -0.4883420523, 3.4238211894, -0.462506839506, -1.02259726586, 0.492483051203, 1.56751057365, -1.13259226867, -0.118649482961, 0.565327618724, 0.354288213559, 51.1465333512
0.354288213559, -0.4883420523, 3.4238211894, -0.462506839506, -1.02259726586, 0.492483051203, 1.56751057365, -1.13259226867, -0.118649482961, 0.565327618724, 0.354288213559, 51.1465333512
0.276133275244, -0.4883420523, 3.4238211894, -1.59200701141, -0.559646987946, 0.179086249523, 1.39060951856, -1.13259226867, -1.00807119713, 1.51328769039, 0.276133275244, 70.8434857659
0.276133275244, -0.4883420523, 3.4238211894, -1.59200701141, -0.559646987946, 0.179086249523, 1.39060951856, -1.13259226867, -1.00807119713, 1.51328769039, 0.276133275244, 70.8434857659
0.0033500396351, -1.5618791586, 3.31541344113, -0.912241976437, -1.44278276181, -3.08369161595, -0.461863115517, 0.60389081509, -1.5703290833, -1.54758704218, 0.0033500396351, 78.876252361
0.0033500396351, -1.5618791586, 3.31541344113, -0.912241976437, -1.44278276181, -3.08369161595, -0.461863115517, 0.60389081509, -1.5703290833, -1.54758704218, 0.0033500396351, 78.876252361
0.00546530459207, 1.5215236277, 1.07366807009, -1.99257097597, 1.53854316634, 1.42353516537, 1.67855369209, -1.61124931933, 3.53744290711, -1.38409197594, 0.00546530459207, 76.95193189
0.00546530459207, 1.5215236277, 1.07366807009, -1.99257097597, 1.53854316634, 1.42353516537, 1.67855369209, -1.61124931933, 3.53744290711, -1.38409197594, 0.00546530459207, 76.95193189
0.0315911477651, -1.5618791586, 4.98636107546, -0.912241976437, -1.44278276181, -2.9039475639, -0.461863115517, 0.60389081509, -1.5703290833, -1.54758704218, 0.0315911477651, 76.4138351799
0.0315911477651, -1.5618791586, 4.98636107546, -0.912241976437, -1.44278276181, -2.9039475639, -0.461863115517, 0.60389081509, -1.5703290833, -1.54758704218, 0.0315911477651, 76.4138351799
0.0315911477651, -1.5618791586, 4.98636107546, -0.912241976437, -1.44278276181, -2.9039475639, -0.461863115517, 0.60389081509, -1.5703290833, -1.54758704218, 0.0315911477651, 76.4138351799
0.0315911477651, -1.5618791586, 4.98636107546, -0.912241976437, -1.44278276181, -2.9039475639, -0.461863115517, 0.60389081509, -1.5703290833, -1.54758704218, 0.0315911477651, 76.4138351799
0.0768940515422, -0.4883420523, 3.4238211894, -1.59200701141, -0.559646987946, 0.179086249523, 1.39060951856, -1.13259226867, -1.00807119713, 1.51328769039, 0.0768940515422, 70.8444785999
0.0768940515422, -0.4883420523, 3.4238211894, -1.59200701141, -0.559646987946, 0.179086249523, 1.39060951856, -1.13259226867, -1.00807119713, 1.51328769039, 0.0768940515422, 70.8444785999
7.38671479015e-05, -0.872510592709, -4.44875360632, -4.07755607009, -3.34964385817, 2.48087399027, 0.715091739987, -1.47407284956, 4.87786021492, 0.513477897522, 7.38671479015e-05, 141.779212935
7.38671479015e-05, -0.872510592709, -4.44875360632, -4.07755607009, -3.34964385817, 2.48087399027, 0.715091739987, -1.47407284956, 4.87786021492, 0.513477897522, 7.38671479015e-05, 141.779212935
0.000165351323738, 1.5215236277, 1.07366807009, -1.99257097597, 1.53854316634, 1.27456000669, -3.57681110215, -1.58402635331, 3.53744290711, -3.18378916991, 0.000165351323738, 102.658704618
0.000165351323738, 1.5215236277, 1.07366807009, -1.99257097597, 1.53854316634, 1.27456000669, -3.57681110215, -1.58402635331, 3.53744290711, -3.18378916991, 0.000165351323738, 102.658704618
9.50303995012e-05, -1.11896568123, 1.07366807009, -1.99257097597, 1.53854316634, -1.56887682965, 4.94742615091, 3.38565106246, 2.21411096649, 1.89566741233, 9.50303995012e-05, 111.782355561
9.50303995012e-05, -1.11896568123, 1.07366807009, -1.99257097597, 1.53854316634, -1.56887682965, 4.94742615091, 3.38565106246, 2.21411096649, 1.89566741233, 9.50303995012e-05, 111.782355561
0.000491251170265, -1.5618791586, -0.566123749374, -1.5792329946, -1.44278276181, -2.9039475639, 0.44332505628, 4.44290221405, -1.5703290833, -4.37772435293, 0.000491251170265, 96.1566853964
0.000491251170265, -1.5618791586, -0.566123749374, -1.5792329946, -1.44278276181, -2.9039475639, 0.44332505628, 4.44290221405, -1.5703290833, -4.37772435293, 0.000491251170265, 96.1566853964
0.00142173864989, -0.0181719698839, -1.23384910726, 2.47256738984, 0.985538456809, 2.48087399027, 0.715091739987, 1.05821692307, 2.88608850258, 0.891578192708, 0.00142173864989, 85.7674960307
0.00142173864989, -0.0181719698839, -1.23384910726, 2.47256738984, 0.985538456809, 2.48087399027, 0.715091739987, 1.05821692307, 2.88608850258, 0.891578192708, 0.00142173864989, 85.7674960307
0.000650249007898, -1.5618791586, -0.9418582024, 0.226563273239, -0.604516898567, -1.74997328362, -0.0121040070806, 1.87913643337, -1.60025106959, -1.98923350262, 0.000650249007898, 86.9322474391
0.000650249007898, -1.5618791586, -0.9418582024, 0.226563273239, -0.604516898567, -1.74997328362, -0.0121040070806, 1.87913643337, -1.60025106959, -1.98923350262, 0.000650249007898, 86.9322474391
0.354288213559, -1.3361755036, 3.4238211894, -0.462506839506, -1.02259726586, 0.492483051203, 1.56751057365, -1.13259226867, -0.118649482961, 0.565327618724, 0.354288213559, 67.2744614222
0.354288213559, -1.3361755036, 3.4238211894, -0.462506839506, -1.02259726586, 0.492483051203, 1.56751057365, -1.13259226867, -0.118649482961, 0.565327618724, 0.354288213559, 67.2744614222
0.0033500396351, -1.5618791586, 0.26816549347, -0.912241976437, -1.44278276181, -2.82609333755, -0.461863115517, 0.60389081509, -1.5703290833, -1.54758704218, 0.0033500396351, 80.0940327694
0.0033500396351, -1.5618791586, 0.26816549347, -0.912241976437, -1.44278276181, -2.82609333755, -0.461863115517, 0.60389081509, -1.5703290833, -1.54758704218, 0.0033500396351, 80.0940327694
0.211802952928, 3.88203263339, 3.4238211894, -0.462506839506, 1.5441374963, 0.492483051203, 1.56751057365, -1.13259226867, -0.118649482961, 0.565327618724, 0.211802952928, 77.4277109218
0.211802952928, 3.88203263339, 3.4238211894, -0.462506839506, 1.5441374963, 0.492483051203, 1.56751057365, -1.13259226867, -0.118649482961, 0.565327618724, 0.211802952928, 77.4277109218
7.38671479015e-05, -0.872510592709, -4.44875360632, 0.120773734233, -3.34964385817, 2.48087399027, 0.715091739987, -3.37005572779, 2.88608850258, 1.3026281141, 7.38671479015e-05, 152.218904177
7.38671479015e-05, -0.872510592709, -4.44875360632, 0.120773734233, -3.34964385817, 2.48087399027, 0.715091739987, -3.37005572779, 2.88608850258, 1.3026281141, 7.38671479015e-05, 152.218904177
0.000165351323738, 1.5215236277, 1.07366807009, -1.99257097597, 1.53854316634, 1.27456000669, 4.15314836324, 1.07638805613, 3.53744290711, -1.78359124005, 0.000165351323738, 109.541072165
0.000165351323738, 1.5215236277, 1.07366807009, -1.99257097597, 1.53854316634, 1.27456000669, 4.15314836324, 1.07638805613, 3.53744290711, -1.78359124005, 0.000165351323738, 109.541072165
0.000346131050281, -1.5618791586, -0.566123749374, -2.11661294171, -1.44278276181, -2.9039475639, -1.94867058241, 4.44290221405, -1.5703290833, -4.37772435293, 0.000346131050281, 105.709358678
0.000346131050281, -1.5618791586, -0.566123749374, -2.11661294171, -1.44278276181, -2.9039475639, -1.94867058241, 4.44290221405, -1.5703290833, -4.37772435293, 0.000346131050281, 105.709358678
9.50303995012e-05, -1.16020967479, 1.07366807009, -4.56227280833, 1.53854316634, -1.56887682965, 2.01114216979, -0.291095841508, 2.21411096649, 1.89566741233, 9.50303995012e-05, 112.838616893
9.50303995012e-05, -1.16020967479, 1.07366807009, -4.56227280833, 1.53854316634, -1.56887682965, 2.01114216979, -0.291095841508, 2.21411096649, 1.89566741233, 9.50303995012e-05, 112.838616893
0.000650249007898, -1.5618791586, -0.9418582024, -2.25945960095, -1.44278276181, -1.13539590343, -0.0121040070806, 0.126427494456, -1.5703290833, 3.86863184358, 0.000650249007898, 94.136734873
0.000650249007898, -1.5618791586, -0.9418582024, -2.25945960095, -1.44278276181, -1.13539590343, -0.0121040070806, 0.126427494456, -1.5703290833, 3.86863184358, 0.000650249007898, 94.136734873
0.00142173864989, -0.0181719698839, -1.23384910726, -3.53933329727, -0.527473849104, 2.48087399027, 0.715091739987, 1.05821692307, 2.88608850258, 0.891578192708, 0.00142173864989, 92.5216882228
0.00142173864989, -0.0181719698839, -1.23384910726, -3.53933329727, -0.527473849104, 2.48087399027, 0.715091739987, 1.05821692307, 2.88608850258, 0.891578192708, 0.00142173864989, 92.5216882228
0.394995277421, 0.233908576517, 3.4238211894, -0.462506839506, -1.02259726586, 0.492483051203, 1.56751057365, -1.13259226867, -0.118649482961, 0.565327618724, 0.394995277421, 70.652147385
0.394995277421, 0.233908576517, 3.4238211894, -0.462506839506, -1.02259726586, 0.492483051203, 1.56751057365, -1.13259226867, -0.118649482961, 0.565327618724, 0.394995277421, 70.652147385
0.0033500396351, -1.5618791586, 3.31541344113, -0.912241976437, -1.44278276181, -2.82609333755, -0.461863115517, 0.60389081509, -1.5703290833, -1.54758704218, 0.0033500396351, 88.0810083379
0.0033500396351, -1.5618791586, 3.31541344113, -0.912241976437, -1.44278276181, -2.82609333755, -0.461863115517, 0.60389081509, -1.5703290833, -1.54758704218, 0.0033500396351, 88.0810083379
0.00546530459207, 1.5215236277, 0.94399686323, 1.08828143627, -3.06209838849, -1.56887682965, -2.09129514671, 4.02762179823, 3.53744290711, -1.40034711348, 0.00546530459207, 81.4377158811
0.00546530459207, 1.5215236277, 0.94399686323, 1.08828143627, -3.06209838849, -1.56887682965, -2.09129514671, 4.02762179823, 3.53744290711, -1.40034711348, 0.00546530459207, 81.4377158811
0.00546530459207, 1.5215236277, 0.94399686323, 1.08828143627, -3.06209838849, -1.56887682965, -2.09129514671, 4.02762179823, 3.53744290711, -1.40034711348, 0.00546530459207, 81.4377158811
0.00546530459207, 1.5215236277, 0.94399686323, 1.08828143627, -3.06209838849, -1.56887682965, -2.09129514671, 4.02762179823, 3.53744290711, -1.40034711348, 0.00546530459207, 81.4377158811
0.00546530459207, 1.5215236277, 0.94399686323, 1.08828143627, -3.06209838849, -1.56887682965, -2.09129514671, 4.02762179823, 3.53744290711, -1.40034711348, 0.00546530459207, 81.4377158811
0.00546530459207, 1.5215236277, 0.94399686323, 1.08828143627, -3.06209838849, -1.56887682965, -2.09129514671, 4.02762179823, 3.53744290711, -1.40034711348, 0.00546530459207, 81.4377158811
7.38671479015e-05, -0.872510592709, -4.44875360632, 0.120773734233, -3.34964385817, 2.48087399027, 4.52862854136, -3.37005572779, 2.88608850258, -4.78076597309, 7.38671479015e-05, 176.332138532
7.38671479015e-05, -0.872510592709, -4.44875360632, 0.120773734233, -3.34964385817, 2.48087399027, 4.52862854136, -3.37005572779, 2.88608850258, -4.78076597309, 7.38671479015e-05, 176.332138532
0.000165351323738, 1.5215236277, 1.07366807009, -1.99257097597, 1.53854316634, 1.27456000669, 4.15314836324, -1.58402635331, 3.53744290711, -1.78359124005, 0.000165351323738, 111.703059093
0.000165351323738, 1.5215236277, 1.07366807009, -1.99257097597, 1.53854316634, 1.27456000669, 4.15314836324, -1.58402635331, 3.53744290711, -1.78359124005, 0.000165351323738, 111.703059093
9.50303995012e-05, 1.5215236277, 1.07366807009, -4.12741541559, 1.53854316634, -1.56887682965, 2.74754067859, -0.291095841508, -2.59101312772, 1.89566741233, 9.50303995012e-05, 115.57575344
9.50303995012e-05, 1.5215236277, 1.07366807009, -4.12741541559, 1.53854316634, -1.56887682965, 2.74754067859, -0.291095841508, -2.59101312772, 1.89566741233, 9.50303995012e-05, 115.57575344
0.000650249007898, -1.5618791586, -0.9418582024, 0.226563273239, -1.44278276181, -1.74997328362, -0.0121040070806, 1.87913643337, -4.97077681392, -1.98923350262, 0.000650249007898, 99.5442314594
0.000650249007898, -1.5618791586, -0.9418582024, 0.226563273239, -1.44278276181, -1.74997328362, -0.0121040070806, 1.87913643337, -4.97077681392, -1.98923350262, 0.000650249007898, 99.5442314594
0.00142173864989, -0.0181719698839, -1.23384910726, 2.47256738984, -0.527473849104, 2.48087399027, 0.715091739987, 3.55156647879, 2.88608850258, 0.891578192708, 0.00142173864989, 96.4619702461
0.00142173864989, -0.0181719698839, -1.23384910726, 2.47256738984, -0.527473849104, 2.48087399027, 0.715091739987, 3.55156647879, 2.88608850258, 0.891578192708, 0.00142173864989, 96.4619702461
0.429999298871, -0.4883420523, 3.4238211894, -1.59200701141, -0.559646987946, 0.179086249523, 1.39060951856, -1.13259226867, -1.00807119713, 1.51328769039, 0.429999298871, 70.8419521293
0.429999298871, -0.4883420523, 3.4238211894, -1.59200701141, -0.559646987946, 0.179086249523, 1.39060951856, -1.13259226867, -1.00807119713, 1.51328769039, 0.429999298871, 70.8419521293
0.00546530459207, 1.5215236277, 0.94399686323, 1.08828143627, 3.4304343583, -1.56887682965, -2.09129514671, 4.02762179823, 3.53744290711, -1.40034711348, 0.00546530459207, 84.5196113934
0.00546530459207, 1.5215236277, 0.94399686323, 1.08828143627, 3.4304343583, -1.56887682965, -2.09129514671, 4.02762179823, 3.53744290711, -1.40034711348, 0.00546530459207, 84.5196113934
7.38671479015e-05, -0.765684671826, -4.44875360632, 0.120773734233, -3.34964385817, 2.48087399027, 0.715091739987, -4.66016629949, 4.87786021492, 1.3026281141, 7.38671479015e-05, 192.046746557
7.38671479015e-05, -0.765684671826, -4.44875360632, 0.120773734233, -3.34964385817, 2.48087399027, 0.715091739987, -4.66016629949, 4.87786021492, 1.3026281141, 7.38671479015e-05, 192.046746557
0.000165351323738, 1.5215236277, 1.07366807009, -0.280246747131, 1.53854316634, -1.56887682965, 4.15314836324, -1.58402635331, 3.53744290711, -1.78359124005, 0.000165351323738, 111.881031669
0.000165351323738, 1.5215236277, 1.07366807009, -0.280246747131, 1.53854316634, -1.56887682965, 4.15314836324, -1.58402635331, 3.53744290711, -1.78359124005, 0.000165351323738, 111.881031669
9.50303995012e-05, 1.5215236277, 1.07366807009, 0.849962624605, -0.0602507757456, 2.7236302311, 4.971499654, 0.392308723058, 3.53744290711, 1.66879464234, 9.50303995012e-05, 117.206764525
9.50303995012e-05, 1.5215236277, 1.07366807009, 0.849962624605, -0.0602507757456, 2.7236302311, 4.971499654, 0.392308723058, 3.53744290711, 1.66879464234, 9.50303995012e-05, 117.206764525
0.000650249007898, -1.5618791586, -1.58423369876, 0.226563273239, -1.44278276181, -1.74997328362, -0.0121040070806, 1.87913643337, -1.5703290833, -2.1800280826, 0.000650249007898, 101.542057951
0.000650249007898, -1.5618791586, -1.58423369876, 0.226563273239, -1.44278276181, -1.74997328362, -0.0121040070806, 1.87913643337, -1.5703290833, -2.1800280826, 0.000650249007898, 101.542057951
0.47852780528, -0.4883420523, 3.4238211894, -1.59200701141, -0.0464655729745, 0.179086249523, 2.08023924008, -1.13259226867, -2.01263768812, 1.51328769039, 0.47852780528, 71.6258156493
0.47852780528, -0.4883420523, 3.4238211894, -1.59200701141, -0.0464655729745, 0.179086249523, 2.08023924008, -1.13259226867, -2.01263768812, 1.51328769039, 0.47852780528, 71.6258156493
9.50303995012e-05, 2.38252605063, 1.07366807009, 0.606982756288, 1.53854316634, -4.51358849189, 4.971499654, 0.392308723058, 3.53744290711, 1.66879464234, 9.50303995012e-05, 117.992361664
9.50303995012e-05, 2.38252605063, 1.07366807009, 0.606982756288, 1.53854316634, -4.51358849189, 4.971499654, 0.392308723058, 3.53744290711, 1.66879464234, 9.50303995012e-05, 117.992361664
