0.156546334982, -0.4883420523, -2.59094367032, -1.59200701141, -0.559646987946, 3.97807557695, -2.04629508793, 0.990918021978, -1.13822729009, 1.51328769039, 0.156546334982, 63.8682431011
0.156546334982, -0.4883420523, -2.59094367032, -1.59200701141, -0.559646987946, 3.97807557695, -2.04629508793, 0.990918021978, -1.13822729009, 1.51328769039, 0.156546334982, 63.8682431011
3.07217093745e-05, -2.35899519372, 1.07366807009, -1.99257097597, 1.53854316634, -1.56887682965, 2.01114216979, -0.291095841508, 4.4507291756, 1.89566741233, 3.07217093745e-05, 92.8271137931
3.07217093745e-05, -2.35899519372, 1.07366807009, -1.99257097597, 1.53854316634, -1.56887682965, 2.01114216979, -0.291095841508, 4.4507291756, 1.89566741233, 3.07217093745e-05, 92.8271137931
0.000165351323738, 1.5215236277, -0.9418582024, -1.99257097597, 0.979612533933, 1.27456000669, -0.0121040070806, -1.58402635331, -1.60025106959, -1.78359124005, 0.000165351323738, 73.0745068692
0.000165351323738, 1.5215236277, -0.9418582024, -1.99257097597, 0.979612533933, 1.27456000669, -0.0121040070806, -1.58402635331, -1.60025106959, -1.78359124005, 0.000165351323738, 73.0745068692
0.00142173864989, -2.03775539101, 0.067663051223, 2.47256738984, -0.527473849104, 2.48087399027, -3.39486197283, -1.47407284956, 2.88608850258, -1.54758704218, 0.00142173864989, 66.5011697601
0.00142173864989, -2.03775539101, 0.067663051223, 2.47256738984, -0.527473849104, 2.48087399027, -3.39486197283, -1.47407284956, 2.88608850258, -1.54758704218, 0.00142173864989, 66.5011697601
9.50303995012e-05, -1.11896568123, 1.07366807009, -1.99257097597, 1.53854316634, -1.56887682965, 2.58230720548, 0.867622243547, 2.21411096649, 1.89566741233, 9.50303995012e-05, 88.3086299056
9.50303995012e-05, -1.11896568123, 1.07366807009, -1.99257097597, 1.53854316634, -1.56887682965, 2.58230720548, 0.867622243547, 2.21411096649, 1.89566741233, 9.50303995012e-05, 88.3086299056
9.50303995012e-05, -1.11896568123, 1.07366807009, -1.99257097597, 1.53854316634, -1.56887682965, 2.58230720548, 0.867622243547, 2.21411096649, 1.89566741233, 9.50303995012e-05, 88.3086299056
9.50303995012e-05, -1.11896568123, 1.07366807009, -1.99257097597, 1.53854316634, -1.56887682965, 2.58230720548, 0.867622243547, 2.21411096649, 1.89566741233, 9.50303995012e-05, 88.3086299056
0.813408648612, -0.4883420523, 3.4238211894, -0.462506839506, -1.02259726586, 0.492483051203, 1.56751057365, -1.13259226867, -0.118649482961, 0.565327618724, 0.813408648612, 51.1360519415
0.813408648612, -0.4883420523, 3.4238211894, -0.462506839506, -1.02259726586, 0.492483051203, 1.56751057365, -1.13259226867, -0.118649482961, 0.565327618724, 0.813408648612, 51.1360519415
1.45996596804e-05, -0.872510592709, 1.53976950191, 0.120773734233, -3.34964385817, 2.48087399027, -1.27542326312, -3.37005572779, -2.02447988243, 0.896833626581, 1.45996596804e-05, 111.708458018
1.45996596804e-05, -0.872510592709, 1.53976950191, 0.120773734233, -3.34964385817, 2.48087399027, -1.27542326312, -3.37005572779, -2.02447988243, 0.896833626581, 1.45996596804e-05, 111.708458018
0.000197328884891, -2.03775539101, 0.067663051223, 2.47256738984, -0.527473849104, 2.48087399027, -3.39486197283, -1.47407284956, 2.88608850258, -1.54758704218, 0.000197328884891, 66.5011697899
0.000197328884891, -2.03775539101, 0.067663051223, 2.47256738984, -0.527473849104, 2.48087399027, -3.39486197283, -1.47407284956, 2.88608850258, -1.54758704218, 0.000197328884891, 66.5011697899
3.07217093745e-05, -2.35899519372, 1.07366807009, -1.99257097597, 1.53854316634, -1.56887682965, 2.01114216979, -0.291095841508, 2.21411096649, 1.89566741233, 3.07217093745e-05, 95.0642389382
3.07217093745e-05, -2.35899519372, 1.07366807009, -1.99257097597, 1.53854316634, -1.56887682965, 2.01114216979, -0.291095841508, 2.21411096649, 1.89566741233, 3.07217093745e-05, 95.0642389382
3.07217093745e-05, -2.35899519372, 1.07366807009, -1.99257097597, 1.53854316634, -1.56887682965, 2.01114216979, -0.291095841508, 2.21411096649, 1.89566741233, 3.07217093745e-05, 95.0642389382
3.07217093745e-05, -2.35899519372, 1.07366807009, -1.99257097597, 1.53854316634, -1.56887682965, 2.01114216979, -0.291095841508, 2.21411096649, 1.89566741233, 3.07217093745e-05, 95.0642389382
0.000165351323738, 0.843005037829, -0.9418582024, -1.99257097597, 0.979612533933, 3.46219871098, -0.0121040070806, -1.58402635331, -1.60025106959, -1.78359124005, 0.000165351323738, 76.9617264284
0.000165351323738, 0.843005037829, -0.9418582024, -1.99257097597, 0.979612533933, 3.46219871098, -0.0121040070806, -1.58402635331, -1.60025106959, -1.78359124005, 0.000165351323738, 76.9617264284
9.50303995012e-05, 0.0327339465656, 1.07366807009, -1.99257097597, 1.53854316634, -1.56887682965, 1.99365173124, -0.291095841508, 4.22620038234, 1.89566741233, 9.50303995012e-05, 91.7152618732
9.50303995012e-05, 0.0327339465656, 1.07366807009, -1.99257097597, 1.53854316634, -1.56887682965, 1.99365173124, -0.291095841508, 4.22620038234, 1.89566741233, 9.50303995012e-05, 91.7152618732
1.45996596804e-05, -0.872510592709, 1.53976950191, 0.120773734233, -3.34964385817, 4.06918154751, -1.27542326312, -3.37005572779, -2.02447988243, 0.896833626581, 1.45996596804e-05, 125.371372472
1.45996596804e-05, -0.872510592709, 1.53976950191, 0.120773734233, -3.34964385817, 4.06918154751, -1.27542326312, -3.37005572779, -2.02447988243, 0.896833626581, 1.45996596804e-05, 125.371372472
0.00142173864989, -2.03775539101, -0.527654006287, 2.47256738984, -0.527473849104, 0.866248529088, 0.715091739987, -1.47407284956, 2.88608850258, -0.977463242293, 0.00142173864989, 67.1091996502
0.00142173864989, -2.03775539101, -0.527654006287, 2.47256738984, -0.527473849104, 0.866248529088, 0.715091739987, -1.47407284956, 2.88608850258, -0.977463242293, 0.00142173864989, 67.1091996502
0.000650249007898, -1.5618791586, -0.9418582024, 0.226563273239, -1.44278276181, -1.10069739291, -0.0121040070806, 0.126427494456, -1.5703290833, 2.57412070011, 0.000650249007898, 69.2294491863
0.000650249007898, -1.5618791586, -0.9418582024, 0.226563273239, -1.44278276181, -1.10069739291, -0.0121040070806, 0.126427494456, -1.5703290833, 2.57412070011, 0.000650249007898, 69.2294491863
7.38671479015e-05, -0.872510592709, -4.44875360632, 0.120773734233, 0.0180459480954, 2.48087399027, 2.04884340595, -3.37005572779, 2.88608850258, 1.3026281141, 7.38671479015e-05, 114.580928927
7.38671479015e-05, -0.872510592709, -4.44875360632, 0.120773734233, 0.0180459480954, 2.48087399027, 2.04884340595, -3.37005572779, 2.88608850258, 1.3026281141, 7.38671479015e-05, 114.580928927
0.000165351323738, 1.5215236277, 1.07336460275, -1.99257097597, 1.53854316634, 1.27456000669, 0.479959661705, 1.07638805613, 3.53744290711, -1.78359124005, 0.000165351323738, 79.3432174917
0.000165351323738, 1.5215236277, 1.07336460275, -1.99257097597, 1.53854316634, 1.27456000669, 0.479959661705, 1.07638805613, 3.53744290711, -1.78359124005, 0.000165351323738, 79.3432174917
9.50303995012e-05, -2.35899519372, 1.07366807009, -1.99257097597, 1.53854316634, -1.56887682965, 1.99365173124, -0.291095841508, 2.21411096649, 1.89566741233, 9.50303995012e-05, 94.9281332247
9.50303995012e-05, -2.35899519372, 1.07366807009, -1.99257097597, 1.53854316634, -1.56887682965, 1.99365173124, -0.291095841508, 2.21411096649, 1.89566741233, 9.50303995012e-05, 94.9281332247
9.50303995012e-05, -2.35899519372, 1.07366807009, -1.99257097597, 1.53854316634, -1.56887682965, 1.99365173124, -0.291095841508, 2.21411096649, 1.89566741233, 9.50303995012e-05, 94.9281332247
9.50303995012e-05, -2.35899519372, 1.07366807009, -1.99257097597, 1.53854316634, -1.56887682965, 1.99365173124, -0.291095841508, 2.21411096649, 1.89566741233, 9.50303995012e-05, 94.9281332247
9.50303995012e-05, -2.35899519372, 1.07366807009, -1.99257097597, 1.53854316634, -1.56887682965, 1.99365173124, -0.291095841508, 2.21411096649, 1.89566741233, 9.50303995012e-05, 94.9281332247
9.50303995012e-05, -2.35899519372, 1.07366807009, -1.99257097597, 1.53854316634, -1.56887682965, 1.99365173124, -0.291095841508, 2.21411096649, 1.89566741233, 9.50303995012e-05, 94.9281332247
1.45996596804e-05, -0.872510592709, 1.53976950191, 0.120773734233, -3.34964385817, 0.410920339016, 3.9361016114, -3.37005572779, -2.02447988243, 4.75710992327, 1.45996596804e-05, 142.994755556
1.45996596804e-05, -0.872510592709, 1.53976950191, 0.120773734233, -3.34964385817, 0.410920339016, 3.9361016114, -3.37005572779, -2.02447988243, 4.75710992327, 1.45996596804e-05, 142.994755556
0.0768940515422, -0.4883420523, -3.49374757885, -1.59200701141, -1.82759489507, 3.97807557695, -1.08754177991, 0.990918021978, -1.00807119713, 1.51328769039, 0.0768940515422, 68.4333676403
0.0768940515422, -0.4883420523, -3.49374757885, -1.59200701141, -1.82759489507, 3.97807557695, -1.08754177991, 0.990918021978, -1.00807119713, 1.51328769039, 0.0768940515422, 68.4333676403
0.354288213559, -1.3361755036, 3.4238211894, -0.462506839506, -1.02259726586, 0.492483051203, 1.56751057365, -1.13259226867, -0.118649482961, 0.565327618724, 0.354288213559, 67.2744614222
0.354288213559, -1.3361755036, 3.4238211894, -0.462506839506, -1.02259726586, 0.492483051203, 1.56751057365, -1.13259226867, -0.118649482961, 0.565327618724, 0.354288213559, 67.2744614222
0.354288213559, -1.3361755036, 3.4238211894, -0.462506839506, -1.02259726586, 0.492483051203, 1.56751057365, -1.13259226867, -0.118649482961, 0.565327618724, 0.354288213559, 67.2744614222
0.354288213559, -1.3361755036, 3.4238211894, -0.462506839506, -1.02259726586, 0.492483051203, 1.56751057365, -1.13259226867, -0.118649482961, 0.565327618724, 0.354288213559, 67.2744614222
0.354288213559, -1.3361755036, 3.4238211894, -0.462506839506, -1.02259726586, 0.492483051203, 1.56751057365, -1.13259226867, -0.118649482961, 0.565327618724, 0.354288213559, 67.2744614222
0.354288213559, -1.3361755036, 3.4238211894, -0.462506839506, -1.02259726586, 0.492483051203, 1.56751057365, -1.13259226867, -0.118649482961, 0.565327618724, 0.354288213559, 67.2744614222
0.00142173864989, -2.03775539101, 0.067663051223, 2.08236732677, -0.527473849104, 3.95472787218, -1.34987667299, -1.47407284956, 2.88608850258, -0.977463242293, 0.00142173864989, 72.8990338606
0.00142173864989, -2.03775539101, 0.067663051223, 2.08236732677, -0.527473849104, 3.95472787218, -1.34987667299, -1.47407284956, 2.88608850258, -0.977463242293, 0.00142173864989, 72.8990338606
0.0145342402314, -0.4883420523, 4.98636107546, -0.912241976437, -1.44278276181, -2.9039475639, -0.461863115517, 0.60389081509, -1.5703290833, 1.51328769039, 0.0145342402314, 69.7447433153
0.0145342402314, -0.4883420523, 4.98636107546, -0.912241976437, -1.44278276181, -2.9039475639, -0.461863115517, 0.60389081509, -1.5703290833, 1.51328769039, 0.0145342402314, 69.7447433153
7.38671479015e-05, -0.872510592709, 2.0839877108, -4.36843072498, -3.95091066567, 2.48087399027, 0.698038378256, -1.47407284956, 4.92202301753, 0.513477897522, 7.38671479015e-05, 125.482139083
7.38671479015e-05, -0.872510592709, 2.0839877108, -4.36843072498, -3.95091066567, 2.48087399027, 0.698038378256, -1.47407284956, 4.92202301753, 0.513477897522, 7.38671479015e-05, 125.482139083
0.000650249007898, -1.5618791586, -0.9418582024, 0.226563273239, -1.44278276181, -1.10069739291, -0.0121040070806, 0.126427494456, -1.5703290833, -2.1800280826, 0.000650249007898, 79.6997179547
0.000650249007898, -1.5618791586, -0.9418582024, 0.226563273239, -1.44278276181, -1.10069739291, -0.0121040070806, 0.126427494456, -1.5703290833, -2.1800280826, 0.000650249007898, 79.6997179547
0.000650249007898, -1.5618791586, -0.9418582024, 0.226563273239, -1.44278276181, -1.10069739291, -0.0121040070806, 0.126427494456, -1.5703290833, -2.1800280826, 0.000650249007898, 79.6997179547
0.000650249007898, -1.5618791586, -0.9418582024, 0.226563273239, -1.44278276181, -1.10069739291, -0.0121040070806, 0.126427494456, -1.5703290833, -2.1800280826, 0.000650249007898, 79.6997179547
0.000491251170265, -1.5618791586, -0.566123749374, -0.905474772136, 1.05746386208, -2.9039475639, 0.44332505628, 4.44290221405, -1.5703290833, 0.338199960371, 0.000491251170265, 80.9959477417
0.000491251170265, -1.5618791586, -0.566123749374, -0.905474772136, 1.05746386208, -2.9039475639, 0.44332505628, 4.44290221405, -1.5703290833, 0.338199960371, 0.000491251170265, 80.9959477417
0.000165351323738, 1.5215236277, 1.07366807009, -1.99257097597, 1.53854316634, 1.27456000669, -0.425499003529, 1.07638805613, 3.53744290711, -1.78359124005, 0.000165351323738, 83.0810880114
0.000165351323738, 1.5215236277, 1.07366807009, -1.99257097597, 1.53854316634, 1.27456000669, -0.425499003529, 1.07638805613, 3.53744290711, -1.78359124005, 0.000165351323738, 83.0810880114
9.50303995012e-05, -2.35899519372, 1.0308603513, -1.99257097597, 0.965927878168, -1.56887682965, 2.01114216979, -0.291095841508, 2.58556029972, 4.91201057369, 9.50303995012e-05, 96.6918445934
9.50303995012e-05, -2.35899519372, 1.0308603513, -1.99257097597, 0.965927878168, -1.56887682965, 2.01114216979, -0.291095841508, 2.58556029972, 4.91201057369, 9.50303995012e-05, 96.6918445934
1.45996596804e-05, -0.872510592709, -4.44875360632, 0.120773734233, -3.34964385817, 2.48087399027, 3.4312980226, 1.05846822139, 2.88608850258, 4.75710992327, 1.45996596804e-05, 152.652876292
1.45996596804e-05, -0.872510592709, -4.44875360632, 0.120773734233, -3.34964385817, 2.48087399027, 3.4312980226, 1.05846822139, 2.88608850258, 4.75710992327, 1.45996596804e-05, 152.652876292
0.354288213559, -1.3361755036, 4.04948699538, -0.462506839506, -1.02259726586, 0.492483051203, 1.56751057365, -1.13259226867, -0.118649482961, 0.565327618724, 0.354288213559, 69.579792174
0.354288213559, -1.3361755036, 4.04948699538, -0.462506839506, -1.02259726586, 0.492483051203, 1.56751057365, -1.13259226867, -0.118649482961, 0.565327618724, 0.354288213559, 69.579792174
0.00142173864989, -2.03775539101, 0.067663051223, 2.47256738984, -0.527473849104, 2.48087399027, -4.12257743555, -1.47407284956, 2.88608850258, -1.54758704218, 0.00142173864989, 74.1374403128
0.00142173864989, -2.03775539101, 0.067663051223, 2.47256738984, -0.527473849104, 2.48087399027, -4.12257743555, -1.47407284956, 2.88608850258, -1.54758704218, 0.00142173864989, 74.1374403128
0.156546334982, -0.4883420523, 3.4238211894, -1.59200701141, -0.559646987946, 3.97807557695, 1.39060951856, 0.990918021978, -1.13822729009, 1.51328769039, 0.156546334982, 71.4231115334
0.156546334982, -0.4883420523, 3.4238211894, -1.59200701141, -0.559646987946, 3.97807557695, 1.39060951856, 0.990918021978, -1.13822729009, 1.51328769039, 0.156546334982, 71.4231115334
0.276133275244, -0.4883420523, 3.4238211894, -1.59200701141, -0.559646987946, 0.179086249523, 1.39060951856, -1.13259226867, -1.00807119713, 1.51328769039, 0.276133275244, 70.8434857659
0.276133275244, -0.4883420523, 3.4238211894, -1.59200701141, -0.559646987946, 0.179086249523, 1.39060951856, -1.13259226867, -1.00807119713, 1.51328769039, 0.276133275244, 70.8434857659
0.276133275244, -0.4883420523, 3.4238211894, -1.59200701141, -0.559646987946, 0.179086249523, 1.39060951856, -1.13259226867, -1.00807119713, 1.51328769039, 0.276133275244, 70.8434857659
0.276133275244, -0.4883420523, 3.4238211894, -1.59200701141, -0.559646987946, 0.179086249523, 1.39060951856, -1.13259226867, -1.00807119713, 1.51328769039, 0.276133275244, 70.8434857659
0.276133275244, -0.4883420523, 3.4238211894, -1.59200701141, -0.559646987946, 0.179086249523, 1.39060951856, -1.13259226867, -1.00807119713, 1.51328769039, 0.276133275244, 70.8434857659
0.276133275244, -0.4883420523, 3.4238211894, -1.59200701141, -0.559646987946, 0.179086249523, 1.39060951856, -1.13259226867, -1.00807119713, 1.51328769039, 0.276133275244, 70.8434857659
1.45996596804e-05, -0.872510592709, 1.53976950191, 0.120773734233, -3.34964385817, 2.48087399027, 3.9361016114, -4.16987219096, -2.02447988243, 4.75710992327, 1.45996596804e-05, 154.38457046
1.45996596804e-05, -0.872510592709, 1.53976950191, 0.120773734233, -3.34964385817, 2.48087399027, 3.9361016114, -4.16987219096, -2.02447988243, 4.75710992327, 1.45996596804e-05, 154.38457046
0.373625448198, 0.711873142713, 3.4238211894, -0.462506839506, -1.02259726586, 0.492483051203, 1.56751057365, -1.13259226867, -0.118649482961, 0.565327618724, 0.373625448198, 70.1821939849
0.373625448198, 0.711873142713, 3.4238211894, -0.462506839506, -1.02259726586, 0.492483051203, 1.56751057365, -1.13259226867, -0.118649482961, 0.565327618724, 0.373625448198, 70.1821939849
0.00142173864989, -2.03775539101, 0.067663051223, 2.08236732677, -0.527473849104, 3.95472787218, 0.715091739987, -1.47407284956, 2.88608850258, -0.977463242293, 0.00142173864989, 77.5364906425
0.276133275244, -0.4883420523, 3.4238211894, -1.59200701141, 1.52968807307, 0.179086249523, 1.39060951856, -1.13259226867, -1.00807119713, 1.51328769039, 0.276133275244, 70.8780855487
9.50303995012e-05, -2.94536539046, 1.07366807009, 1.34618214655, 0.0180459480954, 4.8679910007, 2.01114216979, -0.291095841508, -0.395565654199, 2.49415755472, 9.50303995012e-05, 104.041185521
7.38671479015e-05, -0.872510592709, -4.44875360632, 0.120773734233, 0.0180459480954, 2.62450932072, 2.04884340595, -4.89493084032, 2.88608850258, 1.3026281141, 7.38671479015e-05, 134.468818694
0.276133275244, -0.4883420523, 3.4238211894, -1.59200701141, 1.52968807307, 0.179086249523, 1.39060951856, -1.13259226867, -1.00807119713, 1.51328769039, 0.276133275244, 70.8780855487
7.38671479015e-05, -0.872510592709, -4.44875360632, 0.120773734233, 0.0180459480954, 2.62450932072, 2.04884340595, -4.89493084032, 2.88608850258, 1.3026281141, 7.38671479015e-05, 134.468818694
