2.81427672718, 0.762293723995, 21.760247218, 7.6005993067, 7.88641776979, 3.89827079849, 5.3110831629, 4033.58898867, 696.337015031
2.90381347315, 0.704025831935, 17.0659282826, 8.29769078896, 7.55122681465, 3.50741680253, 5.26128754865, 2817.60845685, 960.187952043
2.81427672718, 0.757890574132, 17.2058537613, 7.98526375761, 7.56926784358, 3.60940552091, 5.17647632718, 2985.06028001, 879.618147532
2.81427672718, 0.757890574132, 17.0437126004, 7.98526375761, 8.26446732809, 3.60940552091, 5.17647632718, 2973.11543324, 879.720425494
3.04841018273, 0.710044725917, 17.0659282826, 7.69471432523, 8.28320695182, 3.89620529852, 5.26128754865, 3033.42163235, 699.63997596
2.80343164313, 0.704362986063, 19.1450728963, 7.89831191696, 7.49328188917, 2.9180112369, 5.04340887219, 2803.81992816, 1663.85422236
2.80343164313, 0.724007057283, 18.1381204467, 7.89831191696, 7.49328188917, 2.9180112369, 5.04340887219, 2732.51452738, 1664.35905908
2.81427672718, 0.762293723995, 21.760247218, 7.6005993067, 7.88641776979, 3.89827079849, 5.3110831629, 4033.58898867, 696.337015031
2.90381347315, 0.704025831935, 17.0659282826, 8.29769078896, 7.55122681465, 3.50741680253, 5.26128754865, 2817.60845685, 960.187952043
2.81427672718, 0.757890574132, 17.2058537613, 7.98526375761, 7.56926784358, 3.60940552091, 5.17647632718, 2985.06028001, 879.618147532
2.81427672718, 0.757890574132, 17.0437126004, 7.98526375761, 8.26446732809, 3.60940552091, 5.17647632718, 2973.11543324, 879.720425494
3.04841018273, 0.710044725917, 17.0659282826, 7.69471432523, 8.28320695182, 3.89620529852, 5.26128754865, 3033.42163235, 699.63997596
2.80343164313, 0.704362986063, 19.1450728963, 7.89831191696, 7.49328188917, 2.9180112369, 5.04340887219, 2803.81992816, 1663.85422236
2.80343164313, 0.724007057283, 18.1381204467, 7.89831191696, 7.49328188917, 2.9180112369, 5.04340887219, 2732.51452738, 1664.35905908
2.86568183684, 0.732975045256, 17.7966682889, 7.66338085751, 7.56926784358, 3.4363694746, 5.12799908973, 2920.24026878, 1018.80543648
2.86568183684, 0.732975045256, 17.7966682889, 7.66338085751, 7.56926784358, 3.4363694746, 5.12799908973, 2920.24026878, 1018.80543648
3.1010336638, 0.713746881564, 18.1381204467, 7.65499320976, 7.68203338859, 2.9180112369, 5.12799908973, 2884.35068892, 1664.03207423
3.1010336638, 0.713746881564, 18.1381204467, 7.65499320976, 7.68203338859, 2.9180112369, 5.12799908973, 2884.35068892, 1664.03207423
3.39332204335, 0.762293723995, 21.760247218, 7.6005993067, 7.88641776979, 3.89827079849, 5.20365658179, 4419.46518328, 696.337015031
3.39332204335, 0.762293723995, 21.760247218, 7.6005993067, 7.88641776979, 3.89827079849, 5.20365658179, 4419.46518328, 696.337015031
3.1010336638, 0.713746881564, 18.0635661868, 7.65499320976, 7.39617807114, 3.22649308665, 5.12799908973, 2933.80172687, 1230.97928905
3.1010336638, 0.713746881564, 18.0635661868, 7.65499320976, 7.39617807114, 3.22649308665, 5.12799908973, 2933.80172687, 1230.97928905
3.39332204335, 0.757890574132, 23.5523756637, 7.98526375761, 8.26446732809, 3.89651297715, 5.3110831629, 4921.79991131, 697.168046289
3.39332204335, 0.762293723995, 21.760247218, 7.6005993067, 7.88641776979, 3.89651297715, 5.3110831629, 4486.67684338, 697.279849062
3.39332204335, 0.757890574132, 23.5523756637, 7.98526375761, 8.26446732809, 3.89651297715, 5.3110831629, 4921.79991131, 697.168046289
3.39332204335, 0.762293723995, 21.760247218, 7.6005993067, 7.88641776979, 3.89651297715, 5.3110831629, 4486.67684338, 697.279849062
2.85398720756, 0.786976762411, 17.3217973392, 7.34179250626, 7.45143136821, 3.04879323974, 5.13199519829, 2964.60649875, 1457.53245579
2.85398720756, 0.786976762411, 17.3217973392, 7.34179250626, 7.45143136821, 3.04879323974, 5.13199519829, 2964.60649875, 1457.53245579
3.51287743548, 0.799007381895, 21.7383446646, 8.00684262804, 7.57118184364, 3.89423393723, 5.15189471464, 4766.62913059, 698.533839778
3.51287743548, 0.799007381895, 21.7383446646, 8.00684262804, 7.57118184364, 3.89423393723, 5.15189471464, 4766.62913059, 698.533839778
2.86568183684, 0.732975045256, 17.7966682889, 7.66338085751, 7.56926784358, 3.4363694746, 5.30033573307, 3028.26590842, 1018.80543648
2.86568183684, 0.732975045256, 17.7966682889, 7.66338085751, 7.56926784358, 3.4363694746, 5.30033573307, 3028.26590842, 1018.80543648
3.17197446855, 0.728514282786, 17.2058537613, 7.5925309704, 8.15522331243, 3.88966399461, 5.30033573307, 3204.28068895, 702.76152633
3.23327157023, 0.736241819183, 17.1811112901, 7.58844312388, 7.8729867388, 3.6953719515, 5.20365658179, 3129.34204802, 819.445989501
2.73500104122, 0.745555372553, 17.6786702463, 7.93893817488, 7.95879511361, 3.67890857929, 5.34518188353, 3111.1433374, 830.535820256
3.04841018273, 0.775567772524, 18.7311766879, 7.69471432523, 8.28320695182, 3.89205086578, 5.19650242562, 3588.51602028, 700.485953715
3.23327157023, 0.753195220822, 17.1811112901, 7.58844312388, 7.8729867388, 3.88966399461, 5.20365658179, 3270.42104895, 702.498847945
2.73500104122, 0.745555372553, 17.6786702463, 7.93893817488, 7.95879511361, 3.67890857929, 5.34518188353, 3111.1433374, 830.535820256
3.23327157023, 0.736241819183, 17.1811112901, 7.58844312388, 7.8729867388, 3.6953719515, 5.20365658179, 3129.34204802, 819.445989501
3.17197446855, 0.728514282786, 17.2058537613, 7.5925309704, 8.15522331243, 3.88966399461, 5.30033573307, 3204.28068895, 702.76152633
2.73500104122, 0.745555372553, 17.6786702463, 7.93893817488, 7.95879511361, 3.67890857929, 5.34518188353, 3111.1433374, 830.535820256
3.04841018273, 0.775567772524, 18.7311766879, 7.69471432523, 8.28320695182, 3.89205086578, 5.19650242562, 3588.51602028, 700.485953715
3.23327157023, 0.753195220822, 17.1811112901, 7.58844312388, 7.8729867388, 3.88966399461, 5.20365658179, 3270.42104895, 702.498847945
2.73500104122, 0.745555372553, 17.6786702463, 7.93893817488, 7.95879511361, 3.67890857929, 5.34518188353, 3111.1433374, 830.535820256
2.68957699454, 0.763937453815, 17.7437615154, 7.69756984092, 8.26446732809, 3.4363694746, 5.30033573307, 3075.98387765, 1018.43062647
2.68957699454, 0.763937453815, 17.7437615154, 7.69756984092, 8.26446732809, 3.4363694746, 5.30033573307, 3075.98387765, 1018.43062647
3.17197446855, 0.728514282786, 17.3935578125, 7.5925309704, 8.10904626132, 3.6953719515, 5.36961082793, 3216.55416383, 819.434522873
3.17197446855, 0.728514282786, 17.3935578125, 7.5925309704, 8.10904626132, 3.6953719515, 5.36961082793, 3216.55416383, 819.434522873
3.23327157023, 0.753195220822, 17.1811112901, 7.58844312388, 7.8729867388, 3.62367493615, 5.20365658179, 3184.01793708, 868.828743667
3.23327157023, 0.753195220822, 17.1811112901, 7.58844312388, 7.8729867388, 3.62367493615, 5.20365658179, 3184.01793708, 868.828743667
2.80343164313, 0.702760112079, 20.4474154561, 7.5384601167, 7.49328188917, 3.13882601705, 5.04340887219, 3049.90023638, 1335.35121626
2.80343164313, 0.702760112079, 20.4474154561, 7.5384601167, 7.49328188917, 3.13882601705, 5.04340887219, 3049.90023638, 1335.35121626
2.80343164313, 0.702760112079, 20.4474154561, 7.5384601167, 7.49328188917, 3.13882601705, 5.04340887219, 3049.90023638, 1335.35121626
2.80343164313, 0.702760112079, 20.4474154561, 7.5384601167, 7.49328188917, 3.13882601705, 5.04340887219, 3049.90023638, 1335.35121626
2.86568183684, 0.732975045256, 17.7437615154, 7.69756984092, 8.27835483545, 3.4363694746, 5.36961082793, 3081.53402361, 1018.89089038
2.86568183684, 0.732975045256, 17.7437615154, 7.69756984092, 8.27835483545, 3.4363694746, 5.36961082793, 3081.53402361, 1018.89089038
2.94390848777, 0.728190121184, 19.1450728963, 7.65499320976, 7.78780214672, 3.13882601705, 5.09531599027, 3074.99434431, 1335.92224943
3.20395143889, 0.735138403473, 19.3464818509, 8.00684262804, 7.948949648, 3.8767078347, 5.03586255201, 3479.15478142, 709.255520777
3.20395143889, 0.735138403473, 19.3464818509, 8.00684262804, 7.948949648, 3.8767078347, 5.03586255201, 3479.15478142, 709.255520777
2.94390848777, 0.728190121184, 19.1450728963, 7.65499320976, 7.78780214672, 3.13882601705, 5.09531599027, 3074.99434431, 1335.92224943
3.20395143889, 0.735138403473, 19.3464818509, 8.00684262804, 7.948949648, 3.8767078347, 5.03586255201, 3479.15478142, 709.255520777
3.20395143889, 0.735138403473, 19.3464818509, 8.00684262804, 7.948949648, 3.8767078347, 5.03586255201, 3479.15478142, 709.255520777
3.43821503338, 0.728514282786, 17.3935578125, 7.5925309704, 8.10904626132, 3.6953719515, 5.36961082793, 3335.45565773, 819.434522873
3.43821503338, 0.728514282786, 17.3935578125, 7.5925309704, 8.10904626132, 3.6953719515, 5.36961082793, 3335.45565773, 819.434522873
2.85398720756, 0.786976762411, 17.3217973392, 7.31748522116, 7.60489927732, 3.08353200459, 5.30199213157, 3081.99059379, 1408.78015487
2.85398720756, 0.786976762411, 17.3217973392, 7.31748522116, 7.60489927732, 3.08353200459, 5.30199213157, 3081.99059379, 1408.78015487
2.69649570562, 0.717781534766, 20.4018048753, 7.35454281673, 7.70203382306, 3.66874874114, 5.10288082388, 3236.65906709, 835.950920293
2.69649570562, 0.717781534766, 20.4018048753, 7.35454281673, 7.70203382306, 3.66874874114, 5.10288082388, 3236.65906709, 835.950920293
3.07374683417, 0.762293723995, 17.7437615154, 7.6005993067, 7.88641776979, 3.60940552091, 5.17647632718, 3231.33735309, 878.772733237
3.07374683417, 0.762293723995, 17.7437615154, 7.6005993067, 7.88641776979, 3.60940552091, 5.17647632718, 3231.33735309, 878.772733237
3.45096442195, 0.765002347658, 19.3994917835, 7.68422501482, 7.31551241858, 3.88723602767, 5.01643345495, 3790.23180449, 702.949602685
3.45096442195, 0.765002347658, 19.3994917835, 7.68422501482, 7.31551241858, 3.88723602767, 5.01643345495, 3790.23180449, 702.949602685
3.17197446855, 0.728514282786, 17.7437615154, 7.5925309704, 8.15522331243, 3.35760502548, 5.30033573307, 3136.21654508, 1092.19702049
3.17197446855, 0.728514282786, 17.7437615154, 7.5925309704, 8.15522331243, 3.35760502548, 5.30033573307, 3136.21654508, 1092.19702049
3.20395143889, 0.735138403473, 21.1495605901, 8.00997746676, 7.948949648, 3.8767078347, 5.08474453175, 3875.57852295, 708.661308998
3.20395143889, 0.735138403473, 21.1495605901, 8.00997746676, 7.948949648, 3.8767078347, 5.08474453175, 3875.57852295, 708.661308998
3.37321153247, 0.709427262134, 20.1079538949, 7.66387501973, 7.30089080773, 3.87223085359, 5.03586255201, 3559.38111204, 711.390914153
3.45096442195, 0.765002347658, 18.4078982865, 7.68422501482, 7.32189144215, 3.85398328355, 5.01643345495, 3557.26230248, 721.650684958
3.37321153247, 0.709427262134, 20.1079538949, 7.66387501973, 7.30089080773, 3.87223085359, 5.03586255201, 3559.38111204, 711.390914153
3.45096442195, 0.765002347658, 18.4078982865, 7.68422501482, 7.32189144215, 3.85398328355, 5.01643345495, 3557.26230248, 721.650684958
3.50435588045, 0.708333854225, 17.8943832738, 8.27412008212, 7.67219735311, 3.27271064147, 5.27183406733, 3174.65786485, 1180.96858273
3.50435588045, 0.708333854225, 17.8943832738, 8.27412008212, 7.67219735311, 3.27271064147, 5.27183406733, 3174.65786485, 1180.96858273
3.50435588045, 0.708333854225, 17.8943832738, 8.27412008212, 7.67219735311, 3.27271064147, 5.27183406733, 3174.65786485, 1180.96858273
3.50435588045, 0.708333854225, 17.8943832738, 8.27412008212, 7.67219735311, 3.27271064147, 5.27183406733, 3174.65786485, 1180.96858273
3.50435588045, 0.708333854225, 17.8943832738, 8.27412008212, 7.67219735311, 3.27271064147, 5.27183406733, 3174.65786485, 1180.96858273
3.50435588045, 0.708333854225, 17.8943832738, 8.27412008212, 7.67219735311, 3.27271064147, 5.27183406733, 3174.65786485, 1180.96858273
3.50435588045, 0.708333854225, 17.8943832738, 8.27412008212, 7.67219735311, 3.27271064147, 5.27183406733, 3174.65786485, 1180.96858273
3.50435588045, 0.708333854225, 17.8943832738, 8.27412008212, 7.67219735311, 3.27271064147, 5.27183406733, 3174.65786485, 1180.96858273
3.09671992727, 0.745555372553, 17.6786702463, 7.93893817488, 7.96676357525, 3.67890857929, 5.34518188353, 3287.75135857, 830.535820256
3.09671992727, 0.745555372553, 17.6786702463, 7.93893817488, 7.96676357525, 3.67890857929, 5.34518188353, 3287.75135857, 830.535820256
3.39332204335, 0.757890574132, 17.2058537613, 7.98526375761, 7.56926784358, 3.56818890651, 5.17647632718, 3251.67714775, 910.453352987
3.39332204335, 0.757890574132, 17.2058537613, 7.98526375761, 7.56926784358, 3.56818890651, 5.17647632718, 3251.67714775, 910.453352987
