2.81427672718, 0.762293723995, 21.760247218, 7.59502436708, 8.28320695182, 3.89827079849, 5.26128754865, 4009.90988783, 696.333518653
2.81427672718, 0.762293723995, 21.760247218, 7.411460404, 7.88641776979, 3.89827079849, 5.3110831629, 4031.33155098, 696.219818057
2.90381347315, 0.704025831935, 17.0659282826, 7.98526375761, 8.19600253772, 3.89620529852, 5.17647632718, 2900.03345898, 700.076186435
2.81427672718, 0.703504829923, 17.0437126004, 8.29769078896, 8.26446732809, 3.53269383792, 5.17647632718, 2745.87613131, 939.7538102
2.81427672718, 0.710044725917, 17.0659282826, 7.54950015758, 7.72291410066, 3.89827079849, 5.26128754865, 2925.73716409, 698.357764024
2.90381347315, 0.703504829923, 17.0659282826, 7.98526375761, 8.19600253772, 3.60940552091, 5.17647632718, 2803.33500023, 880.579090348
2.81427672718, 0.704025831935, 17.0437126004, 8.29769078896, 8.26446732809, 3.89620529852, 5.17647632718, 2866.51735166, 700.489492082
3.39332204335, 0.762293723995, 17.8435259055, 8.12818789869, 7.88641776979, 3.89827079849, 5.20365658179, 3534.42940535, 698.00595262
2.6281595868, 0.704025831935, 17.0659282826, 8.29769078896, 7.55122681465, 3.50741680253, 5.04046464037, 2571.41555259, 960.187952043
2.81427672718, 0.762293723995, 21.760247218, 7.59502436708, 8.28320695182, 3.89827079849, 5.26128754865, 4009.90988783, 696.333518653
2.81427672718, 0.762293723995, 21.760247218, 7.411460404, 7.88641776979, 3.89827079849, 5.3110831629, 4031.33155098, 696.219818057
2.90381347315, 0.704025831935, 17.0659282826, 7.98526375761, 8.19600253772, 3.89620529852, 5.17647632718, 2900.03345898, 700.076186435
2.81427672718, 0.703504829923, 17.0437126004, 8.29769078896, 8.26446732809, 3.53269383792, 5.17647632718, 2745.87613131, 939.7538102
2.81427672718, 0.710044725917, 17.0659282826, 7.54950015758, 7.72291410066, 3.89827079849, 5.26128754865, 2925.73716409, 698.357764024
2.90381347315, 0.703504829923, 17.0659282826, 7.98526375761, 8.19600253772, 3.60940552091, 5.17647632718, 2803.33500023, 880.579090348
2.81427672718, 0.704025831935, 17.0437126004, 8.29769078896, 8.26446732809, 3.89620529852, 5.17647632718, 2866.51735166, 700.489492082
3.39332204335, 0.762293723995, 17.8435259055, 8.12818789869, 7.88641776979, 3.89827079849, 5.20365658179, 3534.42940535, 698.00595262
2.6281595868, 0.704025831935, 17.0659282826, 8.29769078896, 7.55122681465, 3.50741680253, 5.04046464037, 2571.41555259, 960.187952043
2.80343164313, 0.700063495636, 18.1381204467, 7.88974780493, 7.49328188917, 3.22649308665, 5.04340887219, 2702.12546948, 1231.64936023
2.80343164313, 0.700063495636, 18.1381204467, 7.60624597058, 7.49328188917, 2.9180112369, 5.04340887219, 2631.13058717, 1664.28025204
2.80343164313, 0.700063495636, 18.1381204467, 7.88974780493, 7.49328188917, 3.22649308665, 5.04340887219, 2702.12546948, 1231.64936023
2.80343164313, 0.700063495636, 18.1381204467, 7.60624597058, 7.49328188917, 2.9180112369, 5.04340887219, 2631.13058717, 1664.28025204
2.83771590768, 0.713746881564, 18.0635661868, 7.65499320976, 7.39617807114, 2.9180112369, 5.07288547564, 2708.23645007, 1664.11020099
2.83771590768, 0.713746881564, 18.0635661868, 7.65499320976, 7.39617807114, 2.9180112369, 5.07288547564, 2708.23645007, 1664.11020099
2.81427672718, 0.760101283522, 21.760247218, 7.69591427833, 7.88641776979, 3.89827079849, 5.35501561274, 4049.9442579, 696.411307382
3.39332204335, 0.762293723995, 21.760247218, 7.6005993067, 7.88641776979, 3.89827079849, 5.20365658179, 4419.46518328, 696.337015031
3.39332204335, 0.762293723995, 21.760247218, 7.6005993067, 7.88641776979, 3.89827079849, 5.20365658179, 4419.46518328, 696.337015031
2.81427672718, 0.760101283522, 21.760247218, 7.69591427833, 7.88641776979, 3.89827079849, 5.35501561274, 4049.9442579, 696.411307382
3.39332204335, 0.762293723995, 21.760247218, 7.6005993067, 7.88641776979, 3.89827079849, 5.20365658179, 4419.46518328, 696.337015031
3.39332204335, 0.762293723995, 21.760247218, 7.6005993067, 7.88641776979, 3.89827079849, 5.20365658179, 4419.46518328, 696.337015031
2.83771590768, 0.713746881564, 18.0635661868, 7.88974780493, 7.39617807114, 3.22649308665, 5.07288547564, 2778.80733748, 1231.41789262
2.83771590768, 0.713746881564, 18.0635661868, 7.88974780493, 7.39617807114, 3.22649308665, 5.07288547564, 2778.80733748, 1231.41789262
2.80343164313, 0.724007057283, 18.1381204467, 7.89831191696, 7.49328188917, 3.06779282884, 5.04340887219, 2764.38704461, 1432.28624232
2.80343164313, 0.724007057283, 18.1381204467, 7.89831191696, 7.49328188917, 3.06779282884, 5.04340887219, 2764.38704461, 1432.28624232
2.94943782532, 0.762293723995, 21.760247218, 7.6005993067, 7.88641776979, 3.89620529852, 5.3110831629, 4138.76334961, 697.445052151
2.94943782532, 0.762293723995, 21.760247218, 7.6005993067, 7.88641776979, 3.89620529852, 5.3110831629, 4138.76334961, 697.445052151
2.90381347315, 0.704025831935, 17.0659282826, 8.29769078896, 7.55122681465, 3.50741680253, 5.25076816414, 2810.91825873, 960.187952043
2.74475356282, 0.732975045256, 17.4373694431, 7.48805255511, 7.56926784358, 3.4363694746, 5.12799908973, 2805.24328372, 1018.77413506
2.90381347315, 0.704025831935, 17.0659282826, 8.29769078896, 7.55122681465, 3.50741680253, 5.25076816414, 2810.91825873, 960.187952043
2.74475356282, 0.732975045256, 17.4373694431, 7.48805255511, 7.56926784358, 3.4363694746, 5.12799908973, 2805.24328372, 1018.77413506
2.94943782532, 0.710044725917, 17.0659282826, 7.54950015758, 7.88641776979, 3.89620529852, 5.3110831629, 3015.24755585, 699.469016633
2.94943782532, 0.710044725917, 17.0659282826, 7.54950015758, 7.88641776979, 3.89620529852, 5.3110831629, 3015.24755585, 699.469016633
3.58245739409, 0.762293723995, 21.760247218, 7.6005993067, 7.88641776979, 3.89827079849, 5.20365658179, 4567.98027392, 696.337015031
3.58245739409, 0.762293723995, 21.760247218, 7.6005993067, 7.88641776979, 3.89827079849, 5.20365658179, 4567.98027392, 696.337015031
3.39332204335, 0.757890574132, 22.0730650874, 7.6005993067, 7.88641776979, 3.89651297715, 5.3110831629, 4530.61177448, 697.239695707
3.39332204335, 0.757890574132, 21.760247218, 7.6005993067, 7.88641776979, 3.89651297715, 5.3110831629, 4453.49209778, 697.30767053
3.39332204335, 0.757890574132, 22.0730650874, 7.6005993067, 7.88641776979, 3.89651297715, 5.3110831629, 4530.61177448, 697.239695707
3.39332204335, 0.757890574132, 21.760247218, 7.6005993067, 7.88641776979, 3.89651297715, 5.3110831629, 4453.49209778, 697.30767053
2.67306641811, 0.756931170545, 18.1381204467, 7.89831191696, 7.49328188917, 2.9180112369, 5.04340887219, 2803.6796183, 1663.52737394
2.67306641811, 0.756931170545, 18.1381204467, 7.89831191696, 7.49328188917, 2.9180112369, 5.04340887219, 2803.6796183, 1663.52737394
3.39332204335, 0.762293723995, 23.5523756637, 7.46039120062, 7.88641776979, 3.89651297715, 5.3110831629, 4945.65661573, 696.855713321
3.39332204335, 0.762293723995, 23.5523756637, 7.46039120062, 7.88641776979, 3.89651297715, 5.3110831629, 4945.65661573, 696.855713321
2.80343164313, 0.704362986063, 19.1450728963, 7.89831191696, 7.49328188917, 2.9180112369, 5.04340887219, 2803.81992816, 1663.85422236
2.80343164313, 0.704362986063, 19.1450728963, 7.89831191696, 7.49328188917, 2.9180112369, 5.04340887219, 2803.81992816, 1663.85422236
3.39332204335, 0.762293723995, 23.5523756637, 7.6005993067, 7.88641776979, 3.89651297715, 5.3110831629, 4947.32853874, 696.930250376
3.39332204335, 0.762293723995, 23.5523756637, 7.6005993067, 7.88641776979, 3.89651297715, 5.3110831629, 4947.32853874, 696.930250376
3.39332204335, 0.762293723995, 23.5523756637, 7.98526375761, 8.26446732809, 3.89651297715, 5.3110831629, 4960.29090674, 697.141827805
3.39332204335, 0.762293723995, 23.5523756637, 7.98526375761, 8.26446732809, 3.89651297715, 5.3110831629, 4960.29090674, 697.141827805
3.39332204335, 0.762293723995, 23.5523756637, 7.98526375761, 8.26446732809, 3.89651297715, 5.3110831629, 4960.29090674, 697.141827805
3.39332204335, 0.762293723995, 23.5523756637, 7.98526375761, 8.26446732809, 3.89651297715, 5.3110831629, 4960.29090674, 697.141827805
3.39332204335, 0.757890574132, 21.760247218, 7.98526375761, 8.26446732809, 3.89651297715, 5.3110831629, 4466.45446579, 697.558278892
3.39332204335, 0.757890574132, 21.760247218, 7.98526375761, 8.26446732809, 3.89651297715, 5.3110831629, 4466.45446579, 697.558278892
2.64256223829, 0.724007057283, 19.1450728963, 7.89831191696, 7.9442323439, 2.9180112369, 5.02862726708, 2805.80502701, 1663.35802052
2.64256223829, 0.724007057283, 19.1450728963, 7.89831191696, 7.9442323439, 2.9180112369, 5.02862726708, 2805.80502701, 1663.35802052
3.39332204335, 0.757890574132, 21.760247218, 8.04529559217, 8.27854868204, 3.89651297715, 5.3110831629, 4467.48228217, 697.598497071
3.39332204335, 0.757890574132, 21.760247218, 8.04529559217, 8.27854868204, 3.89651297715, 5.3110831629, 4467.48228217, 697.598497071
2.64659402677, 0.757890574132, 17.2058537613, 7.98526375761, 7.56926784358, 3.60940552091, 5.17647632718, 2904.30493821, 879.618147532
2.64659402677, 0.757890574132, 17.2058537613, 7.98526375761, 7.56926784358, 3.60940552091, 5.17647632718, 2904.30493821, 879.618147532
2.67782264349, 0.724007057283, 19.1450728963, 7.89831191696, 7.49328188917, 2.9180112369, 5.04340887219, 2824.99626211, 1663.35802052
2.67782264349, 0.724007057283, 19.1450728963, 7.89831191696, 7.49328188917, 2.9180112369, 5.04340887219, 2824.99626211, 1663.35802052
3.04841018273, 0.775567772524, 20.5259813625, 7.66206255541, 8.28320695182, 3.89205086578, 5.19650242562, 3964.96088768, 699.928424586
3.04841018273, 0.775567772524, 20.5259813625, 7.66206255541, 8.28320695182, 3.89205086578, 5.19650242562, 3964.96088768, 699.928424586
2.86568183684, 0.732975045256, 17.6264726851, 7.66338085751, 7.56926784358, 3.60971429969, 5.12799908973, 2943.21054654, 879.06207087
2.86568183684, 0.732975045256, 17.6264726851, 7.66338085751, 7.56926784358, 3.60971429969, 5.12799908973, 2943.21054654, 879.06207087
3.1010336638, 0.713746881564, 18.1381204467, 7.65499320976, 7.68203338859, 2.9180112369, 5.12799908973, 2884.35068892, 1664.03207423
3.1010336638, 0.713746881564, 18.1381204467, 7.65499320976, 7.68203338859, 2.9180112369, 5.12799908973, 2884.35068892, 1664.03207423
3.51287743548, 0.799007381895, 21.7383446646, 8.00684262804, 7.57118184364, 3.89423393723, 5.15189471464, 4766.62913059, 698.533839778
3.51287743548, 0.799331966544, 21.7383446646, 8.00684262804, 7.57118184364, 3.89423393723, 5.15189471464, 4769.28676422, 698.531874273
3.51287743548, 0.799007381895, 21.7383446646, 8.00684262804, 7.57118184364, 3.89423393723, 5.15189471464, 4766.62913059, 698.533839778
3.51287743548, 0.799331966544, 21.7383446646, 8.00684262804, 7.57118184364, 3.89423393723, 5.15189471464, 4769.28676422, 698.531874273
3.51287743548, 0.799007381895, 21.7383446646, 8.00684262804, 7.69911350289, 3.89423393723, 5.15189471464, 4769.29600699, 698.533839778
2.81427672718, 0.757890574132, 17.0278519034, 7.98526375761, 8.29087329252, 3.60940552091, 5.17647632718, 2971.083468, 879.730586882
2.81427672718, 0.757890574132, 17.0437126004, 7.98526375761, 8.26446732809, 3.60940552091, 5.17647632718, 2973.11543324, 879.720425494
3.51287743548, 0.799007381895, 21.7383446646, 8.00684262804, 7.69911350289, 3.89423393723, 5.15189471464, 4769.29600699, 698.533839778
2.81427672718, 0.757890574132, 17.0278519034, 7.98526375761, 8.29087329252, 3.60940552091, 5.17647632718, 2971.083468, 879.730586882
2.81427672718, 0.757890574132, 17.0437126004, 7.98526375761, 8.26446732809, 3.60940552091, 5.17647632718, 2973.11543324, 879.720425494
3.23327157023, 0.736241819183, 17.0232325268, 7.58844312388, 7.8729867388, 3.6953719515, 5.20365658179, 3101.31930672, 819.535170525
3.23327157023, 0.753195220822, 17.1811112901, 7.58844312388, 7.8729867388, 3.89205086578, 5.05024995806, 3178.73737617, 701.207179717
3.17197446855, 0.728514282786, 17.1990326166, 7.5925309704, 8.15522331243, 3.88966399461, 5.20365658179, 3141.64528905, 702.764845388
3.37223248881, 0.728514282786, 18.7311766879, 7.66206255541, 8.28320695182, 3.89205086578, 5.19650242562, 3519.08367342, 700.881548422
2.60568748253, 0.745555372553, 17.6786702463, 8.25499390957, 7.95879511361, 3.67890857929, 5.34518188353, 3051.42999278, 830.932795494
3.23327157023, 0.736241819183, 17.0232325268, 7.58844312388, 7.8729867388, 3.6953719515, 5.20365658179, 3101.31930672, 819.535170525
