2.81427672718, 0.710044725917, 17.0659282826, 7.54950015758, 7.45445615721, 3.50741680253, 5.04046464037, 2659.59978758, 958.80843337
3.39332204335, 0.762293723995, 27.5679020559, 7.6005993067, 7.96868373793, 3.89889714951, 5.06416275241, 5950.51884383, 695.102567994
2.60225375859, 0.757890574132, 18.1381204467, 7.59483389825, 7.56926784358, 3.89889714951, 5.12799908973, 3090.36379862, 697.082179287
2.83771590768, 0.713746881564, 17.0659282826, 7.65499320976, 7.44249456914, 2.90251465333, 5.07288547564, 2556.51814856, 1692.07089532
2.90381347315, 0.72351863929, 17.0659282826, 7.33492833861, 7.72291410066, 3.89827079849, 5.07288547564, 2895.28208899, 697.958271015
2.63169896575, 0.71122324598, 17.6264726851, 7.66338085751, 7.91169884013, 3.60971429969, 5.12799908973, 2758.63868846, 879.373809609
2.83771590768, 0.713746881564, 17.0659282826, 7.3268659919, 8.10415579452, 3.89899147475, 5.2163556161, 2926.33203755, 697.672451555
2.81427672718, 0.762293723995, 21.760247218, 7.411460404, 7.88641776979, 3.89954654712, 5.3110831629, 4031.78225002, 695.536730223
2.81427672718, 0.762293723995, 25.386675453, 7.59502436708, 8.28320695182, 3.89912846944, 5.26128754865, 4811.77304154, 695.242646429
2.67488105511, 0.760101283522, 18.1381204467, 7.31664152799, 7.88641776979, 3.89994012077, 5.35501561274, 3287.21103625, 696.255796108
2.6281595868, 0.762293723995, 25.7826174592, 7.50325473433, 8.28320695182, 3.89894809115, 5.26128754865, 4699.72546902, 695.245054834
2.81427672718, 0.707966187753, 17.0659282826, 7.54950015758, 7.72291410066, 3.89862929938, 5.12856017982, 2835.29692212, 698.190966173
2.63169896575, 0.700063495636, 18.1381204467, 7.54950015758, 7.91169884013, 2.9180112369, 5.04340887219, 2560.35591878, 1664.13617166
2.81427672718, 0.762293723995, 21.760247218, 7.39989405763, 7.55122681465, 3.89925735249, 5.01818695859, 3843.72240645, 695.684432119
2.74475356282, 0.757890574132, 17.0096140766, 7.48805255511, 8.05945553599, 3.89889714951, 5.25076816414, 3067.8095791, 697.446494103
2.72927617964, 0.710044725917, 17.0659282826, 7.59502436708, 7.72291410066, 3.89869276285, 5.26128754865, 2892.12393168, 698.184181407
2.72927617964, 0.710044725917, 17.0659282826, 7.59502436708, 7.72291410066, 3.00821244127, 5.26128754865, 2641.20851252, 1519.85281197
2.84448273232, 0.705666835311, 17.3115714539, 7.66338085751, 7.56926784358, 3.60971429969, 5.01494108405, 2709.86127308, 879.656824079
2.81427672718, 0.703504829923, 17.0659282826, 8.29769078896, 7.72291410066, 3.81590091127, 5.17647632718, 2828.14134814, 745.644953337
2.81427672718, 0.710044725917, 17.0659282826, 7.54950015758, 7.45445615721, 3.50741680253, 5.04046464037, 2659.59978758, 958.80843337
3.39332204335, 0.762293723995, 27.5679020559, 7.6005993067, 7.96868373793, 3.89889714951, 5.06416275241, 5950.51884383, 695.102567994
2.60225375859, 0.757890574132, 18.1381204467, 7.59483389825, 7.56926784358, 3.89889714951, 5.12799908973, 3090.36379862, 697.082179287
2.83771590768, 0.713746881564, 17.0659282826, 7.65499320976, 7.44249456914, 2.90251465333, 5.07288547564, 2556.51814856, 1692.07089532
2.90381347315, 0.72351863929, 17.0659282826, 7.33492833861, 7.72291410066, 3.89827079849, 5.07288547564, 2895.28208899, 697.958271015
2.63169896575, 0.71122324598, 17.6264726851, 7.66338085751, 7.91169884013, 3.60971429969, 5.12799908973, 2758.63868846, 879.373809609
2.83771590768, 0.713746881564, 17.0659282826, 7.3268659919, 8.10415579452, 3.89899147475, 5.2163556161, 2926.33203755, 697.672451555
2.81427672718, 0.762293723995, 21.760247218, 7.411460404, 7.88641776979, 3.89954654712, 5.3110831629, 4031.78225002, 695.536730223
2.81427672718, 0.762293723995, 25.386675453, 7.59502436708, 8.28320695182, 3.89912846944, 5.26128754865, 4811.77304154, 695.242646429
2.67488105511, 0.760101283522, 18.1381204467, 7.31664152799, 7.88641776979, 3.89994012077, 5.35501561274, 3287.21103625, 696.255796108
2.6281595868, 0.762293723995, 25.7826174592, 7.50325473433, 8.28320695182, 3.89894809115, 5.26128754865, 4699.72546902, 695.245054834
2.81427672718, 0.707966187753, 17.0659282826, 7.54950015758, 7.72291410066, 3.89862929938, 5.12856017982, 2835.29692212, 698.190966173
2.63169896575, 0.700063495636, 18.1381204467, 7.54950015758, 7.91169884013, 2.9180112369, 5.04340887219, 2560.35591878, 1664.13617166
2.81427672718, 0.762293723995, 21.760247218, 7.39989405763, 7.55122681465, 3.89925735249, 5.01818695859, 3843.72240645, 695.684432119
2.74475356282, 0.757890574132, 17.0096140766, 7.48805255511, 8.05945553599, 3.89889714951, 5.25076816414, 3067.8095791, 697.446494103
2.72927617964, 0.710044725917, 17.0659282826, 7.59502436708, 7.72291410066, 3.89869276285, 5.26128754865, 2892.12393168, 698.184181407
2.72927617964, 0.710044725917, 17.0659282826, 7.59502436708, 7.72291410066, 3.00821244127, 5.26128754865, 2641.20851252, 1519.85281197
2.84448273232, 0.705666835311, 17.3115714539, 7.66338085751, 7.56926784358, 3.60971429969, 5.01494108405, 2709.86127308, 879.656824079
2.81427672718, 0.703504829923, 17.0659282826, 8.29769078896, 7.72291410066, 3.81590091127, 5.17647632718, 2828.14134814, 745.644953337
2.80343164313, 0.700063495636, 18.1165183214, 7.60624597058, 7.49328188917, 2.9180112369, 5.04340887219, 2627.96544107, 1664.30337925
2.80343164313, 0.700063495636, 18.1381204467, 7.60624597058, 7.49328188917, 2.9180112369, 5.04340887219, 2631.13058717, 1664.28025204
2.80343164313, 0.700063495636, 18.1165183214, 7.60624597058, 7.49328188917, 2.9180112369, 5.04340887219, 2627.96544107, 1664.30337925
2.80343164313, 0.700063495636, 18.1381204467, 7.60624597058, 7.49328188917, 2.9180112369, 5.04340887219, 2631.13058717, 1664.28025204
2.73362307527, 0.713746881564, 18.0635661868, 7.65499320976, 7.39617807114, 2.9180112369, 5.04340887219, 2641.45477736, 1664.11020099
2.73362307527, 0.713746881564, 18.0635661868, 7.65499320976, 7.39617807114, 2.9180112369, 5.04340887219, 2641.45477736, 1664.11020099
3.39332204335, 0.762293723995, 27.1837877684, 7.90649539428, 7.96868373793, 3.89889714951, 5.06416275241, 5836.72092729, 695.270411564
3.39332204335, 0.762293723995, 27.1837877684, 7.90649539428, 7.96868373793, 3.89889714951, 5.06416275241, 5836.72092729, 695.270411564
2.73362307527, 0.713746881564, 18.0635661868, 7.65499320976, 7.39617807114, 2.9180112369, 5.07288547564, 2658.87421649, 1664.11020099
2.73362307527, 0.713746881564, 18.0635661868, 7.65499320976, 7.39617807114, 2.9180112369, 5.07288547564, 2658.87421649, 1664.11020099
2.81427672718, 0.710044725917, 17.0659282826, 7.68021206309, 7.72291410066, 3.50741680253, 5.04046464037, 2666.21955738, 959.019176928
2.80343164313, 0.700063495636, 18.1381204467, 8.23632511664, 7.49328188917, 2.9180112369, 5.04340887219, 2635.34425138, 1665.95164148
2.81427672718, 0.710044725917, 17.0659282826, 7.68021206309, 7.72291410066, 3.50741680253, 5.04046464037, 2666.21955738, 959.019176928
2.80343164313, 0.700063495636, 18.1381204467, 8.23632511664, 7.49328188917, 2.9180112369, 5.04340887219, 2635.34425138, 1665.95164148
2.84448273232, 0.705666835311, 17.344799351, 7.66338085751, 7.56926784358, 3.60971429969, 5.12799908973, 2781.81016124, 879.635343133
2.84448273232, 0.705666835311, 17.6264726851, 7.66338085751, 7.35369452168, 3.60971429969, 5.12799908973, 2818.56555285, 879.458081052
2.81427672718, 0.703504829923, 17.0659282826, 7.98526375761, 7.72291410066, 3.53269383792, 5.17647632718, 2734.5426218, 939.198523759
2.81427672718, 0.703504829923, 17.0437126004, 7.98526375761, 7.72291410066, 3.60940552091, 5.17647632718, 2754.47162618, 880.595537435
2.84448273232, 0.705666835311, 17.344799351, 7.66338085751, 7.56926784358, 3.60971429969, 5.12799908973, 2781.81016124, 879.635343133
2.84448273232, 0.705666835311, 17.6264726851, 7.66338085751, 7.35369452168, 3.60971429969, 5.12799908973, 2818.56555285, 879.458081052
2.81427672718, 0.703504829923, 17.0659282826, 7.98526375761, 7.72291410066, 3.53269383792, 5.17647632718, 2734.5426218, 939.198523759
2.81427672718, 0.703504829923, 17.0437126004, 7.98526375761, 7.72291410066, 3.60940552091, 5.17647632718, 2754.47162618, 880.595537435
2.67488105511, 0.760101283522, 17.6264726851, 7.31664152799, 7.63768973517, 3.89867787474, 5.35501561274, 3197.85224675, 697.120349523
2.6281595868, 0.762293723995, 21.760247218, 7.76542105033, 8.28320695182, 3.89862929938, 5.26128754865, 3866.09598921, 696.249428177
2.83771590768, 0.777375926698, 17.6264726851, 7.59483389825, 7.39617807114, 3.89889714951, 5.12799908973, 3208.59627718, 697.104590516
2.67488105511, 0.760101283522, 17.6264726851, 7.31664152799, 7.63768973517, 3.89867787474, 5.35501561274, 3197.85224675, 697.120349523
2.6281595868, 0.762293723995, 21.760247218, 7.76542105033, 8.28320695182, 3.89862929938, 5.26128754865, 3866.09598921, 696.249428177
2.83771590768, 0.777375926698, 17.6264726851, 7.59483389825, 7.39617807114, 3.89889714951, 5.12799908973, 3208.59627718, 697.104590516
2.90381347315, 0.72351863929, 17.0659282826, 7.36119808731, 7.72291410066, 3.89827079849, 5.07288547564, 2895.59562745, 697.986959767
2.90381347315, 0.72351863929, 17.0659282826, 7.36119808731, 7.72291410066, 3.89827079849, 5.07288547564, 2895.59562745, 697.986959767
2.73362307527, 0.713746881564, 17.141022261, 7.65499320976, 7.39617807114, 3.89827079849, 5.22271397702, 2886.857642, 698.395598564
2.67488105511, 0.760101283522, 18.1381204467, 7.31664152799, 8.15707958935, 3.89867787474, 5.35501561274, 3292.85960294, 696.932279811
2.67488105511, 0.760101283522, 18.1381204467, 7.31664152799, 8.15707958935, 3.89867787474, 5.35501561274, 3292.85960294, 696.932279811
2.6281595868, 0.704025831935, 17.8435259055, 8.29769078896, 7.49328188917, 3.89827079849, 5.12856017982, 2855.23572872, 698.902606186
2.6281595868, 0.704025831935, 17.8435259055, 8.29769078896, 7.49328188917, 3.89827079849, 5.12856017982, 2855.23572872, 698.902606186
2.81427672718, 0.710044725917, 21.760247218, 7.79846861676, 7.88641776979, 3.89827079849, 5.35501561274, 3748.58707054, 696.845579792
2.73362307527, 0.713746881564, 17.141022261, 7.65499320976, 7.39617807114, 3.89827079849, 5.22271397702, 2886.857642, 698.395598564
2.67488105511, 0.760101283522, 18.1381204467, 7.31664152799, 8.15707958935, 3.89867787474, 5.35501561274, 3292.85960294, 696.932279811
2.67488105511, 0.760101283522, 18.1381204467, 7.31664152799, 8.15707958935, 3.89867787474, 5.35501561274, 3292.85960294, 696.932279811
2.6281595868, 0.704025831935, 17.8435259055, 8.29769078896, 7.49328188917, 3.89827079849, 5.12856017982, 2855.23572872, 698.902606186
2.6281595868, 0.704025831935, 17.8435259055, 8.29769078896, 7.49328188917, 3.89827079849, 5.12856017982, 2855.23572872, 698.902606186
2.81427672718, 0.710044725917, 21.760247218, 7.79846861676, 7.88641776979, 3.89827079849, 5.35501561274, 3748.58707054, 696.845579792
2.6281595868, 0.704025831935, 17.8435259055, 8.29769078896, 7.49328188917, 3.50741680253, 5.04046464037, 2674.71506328, 959.556472966
2.6281595868, 0.704025831935, 17.8435259055, 8.29769078896, 7.49328188917, 3.50741680253, 5.04046464037, 2674.71506328, 959.556472966
2.6281595868, 0.704025831935, 17.8435259055, 8.29769078896, 7.49328188917, 3.50741680253, 5.04046464037, 2674.71506328, 959.556472966
2.6281595868, 0.704025831935, 17.8435259055, 8.29769078896, 7.49328188917, 3.50741680253, 5.04046464037, 2674.71506328, 959.556472966
3.45118592217, 0.703504829923, 25.386675453, 7.59502436708, 8.28320695182, 3.89912846944, 5.26128754865, 4912.44267518, 695.547213654
2.80343164313, 0.700063495636, 18.1381204467, 7.7657858936, 7.49328188917, 2.9180112369, 5.07288547564, 2649.60830264, 1664.69104403
3.45118592217, 0.703504829923, 25.386675453, 7.59502436708, 8.28320695182, 3.89912846944, 5.26128754865, 4912.44267518, 695.547213654
2.80343164313, 0.700063495636, 18.1381204467, 7.7657858936, 7.49328188917, 2.9180112369, 5.07288547564, 2649.60830264, 1664.69104403
2.84448273232, 0.705666835311, 17.6264726851, 7.66338085751, 7.56926784358, 3.60971429969, 5.12799908973, 2823.01782589, 879.458081052
2.84448273232, 0.705666835311, 17.6264726851, 7.66338085751, 7.56926784358, 3.60971429969, 5.12799908973, 2823.01782589, 879.458081052
2.71285538714, 0.700063495636, 17.0659282826, 7.50653338053, 7.56926784358, 3.50741680253, 5.25076816414, 2713.21943848, 958.911266958
2.71285538714, 0.700063495636, 17.0659282826, 7.50653338053, 7.56926784358, 3.50741680253, 5.25076816414, 2713.21943848, 958.911266958
