2.63197450565, 0.700370840907, 18.9004907334, 7.38038318992, 7.31773369052, 3.89965402516, 5.00426608339, 2902.65278719, 696.739968563
2.61345577754, 0.700152093742, 17.2071782913, 7.95714094324, 7.38732477146, 3.51939129834, 5.04990493366, 2573.15506141, 949.794259506
2.63197450565, 0.700370840907, 17.2071782913, 7.95714094324, 7.31599152421, 3.15150753462, 5.03683852033, 2474.80625652, 1322.74230368
2.63197450565, 0.71213797803, 25.9981783573, 7.33412311643, 7.32256124093, 3.89994142999, 5.00426608339, 4176.14174928, 694.840793462
2.65013627048, 0.706873660552, 21.6375366828, 7.48948396574, 7.97356529761, 3.8995019392, 5.08261772972, 3426.59400244, 696.015943447
2.60810763132, 0.700370840907, 25.9981783573, 7.95714094324, 8.28256617204, 3.89999948411, 5.06231847326, 4125.26997129, 695.196172954
2.63197450565, 0.72973933854, 17.5155847951, 7.57338645216, 7.32256124093, 3.89998736721, 5.00426608339, 2821.49751952, 697.016549061
2.63197450565, 0.700370840907, 17.2071782913, 7.95714094324, 7.47068403873, 3.33001835584, 5.03683852033, 2522.59185217, 1121.21890094
2.6113184596, 0.700215933905, 17.0892038735, 7.48948396574, 7.65617436967, 3.42518081849, 5.04545759289, 2528.62346467, 1029.60039886
2.65013627048, 0.700785650633, 17.0866117631, 7.95714094324, 7.32698554027, 3.21882996666, 5.06231847326, 2499.29788143, 1241.58343887
2.60770968746, 0.701950331669, 25.9981783573, 7.95714094324, 8.28256617204, 3.89998736721, 5.04990493366, 4129.23689274, 695.192913604
2.60225261221, 0.700370840907, 17.2071782913, 7.38038318992, 7.80404733145, 3.89965402516, 5.00426608339, 2667.97817405, 697.466579182
2.63197450565, 0.700370840907, 17.0743300628, 7.84576063216, 7.32256124093, 3.89998736721, 5.00426608339, 2658.72721563, 697.914195999
2.61427227607, 0.706873660552, 25.9981783573, 7.34866086746, 7.97356529761, 3.8995019392, 5.07305626362, 4172.65163659, 695.109569919
2.61461848474, 0.700295182928, 17.183246776, 7.49170517709, 7.38732477146, 3.15150753462, 5.05871360249, 2475.02077565, 1321.70658273
2.60068325211, 0.700370840907, 23.2996184159, 7.37262256578, 7.38732477146, 3.89997206702, 5.00035893677, 3572.25794611, 695.359993281
2.61345577754, 0.700370840907, 17.2071782913, 7.95714094324, 7.32256124093, 3.11254504117, 5.06231847326, 2473.25818509, 1373.04053384
2.60770968746, 0.700295182928, 25.9981783573, 8.05130491307, 8.29462986487, 3.89998736721, 5.05871360249, 4123.53061897, 695.254710365
2.60810763132, 0.738906978223, 24.5886506985, 7.84576063216, 7.71838023331, 3.89994142999, 5.11594906264, 4150.70752354, 695.176189096
2.61427227607, 0.706873660552, 21.6375366828, 7.65055737918, 8.14276524993, 3.8995019392, 5.00426608339, 3361.62015706, 696.13414504
2.63197450565, 0.701013020694, 17.0097966806, 7.84576063216, 7.98043499741, 3.10985384674, 5.05871360249, 2466.8277769, 1376.54090527
2.60712857744, 0.794267081042, 27.111484342, 7.96512752, 7.33824257474, 3.89990207887, 5.11100338185, 5157.265093, 694.633589963
2.6113184596, 0.716339707299, 17.2071782913, 7.65055737918, 7.41273781474, 3.42518081849, 5.00426300296, 2572.7135825, 1029.49188233
2.63197450565, 0.700370840907, 18.9004907334, 7.38038318992, 7.31773369052, 3.89965402516, 5.00426608339, 2902.65278719, 696.739968563
2.61345577754, 0.700152093742, 17.2071782913, 7.95714094324, 7.38732477146, 3.51939129834, 5.04990493366, 2573.15506141, 949.794259506
2.63197450565, 0.700370840907, 17.2071782913, 7.95714094324, 7.31599152421, 3.15150753462, 5.03683852033, 2474.80625652, 1322.74230368
2.63197450565, 0.71213797803, 25.9981783573, 7.33412311643, 7.32256124093, 3.89994142999, 5.00426608339, 4176.14174928, 694.840793462
2.65013627048, 0.706873660552, 21.6375366828, 7.48948396574, 7.97356529761, 3.8995019392, 5.08261772972, 3426.59400244, 696.015943447
2.60810763132, 0.700370840907, 25.9981783573, 7.95714094324, 8.28256617204, 3.89999948411, 5.06231847326, 4125.26997129, 695.196172954
2.63197450565, 0.72973933854, 17.5155847951, 7.57338645216, 7.32256124093, 3.89998736721, 5.00426608339, 2821.49751952, 697.016549061
2.63197450565, 0.700370840907, 17.2071782913, 7.95714094324, 7.47068403873, 3.33001835584, 5.03683852033, 2522.59185217, 1121.21890094
2.6113184596, 0.700215933905, 17.0892038735, 7.48948396574, 7.65617436967, 3.42518081849, 5.04545759289, 2528.62346467, 1029.60039886
2.65013627048, 0.700785650633, 17.0866117631, 7.95714094324, 7.32698554027, 3.21882996666, 5.06231847326, 2499.29788143, 1241.58343887
2.60770968746, 0.701950331669, 25.9981783573, 7.95714094324, 8.28256617204, 3.89998736721, 5.04990493366, 4129.23689274, 695.192913604
2.60225261221, 0.700370840907, 17.2071782913, 7.38038318992, 7.80404733145, 3.89965402516, 5.00426608339, 2667.97817405, 697.466579182
2.63197450565, 0.700370840907, 17.0743300628, 7.84576063216, 7.32256124093, 3.89998736721, 5.00426608339, 2658.72721563, 697.914195999
2.61427227607, 0.706873660552, 25.9981783573, 7.34866086746, 7.97356529761, 3.8995019392, 5.07305626362, 4172.65163659, 695.109569919
2.61461848474, 0.700295182928, 17.183246776, 7.49170517709, 7.38732477146, 3.15150753462, 5.05871360249, 2475.02077565, 1321.70658273
2.60068325211, 0.700370840907, 23.2996184159, 7.37262256578, 7.38732477146, 3.89997206702, 5.00035893677, 3572.25794611, 695.359993281
2.61345577754, 0.700370840907, 17.2071782913, 7.95714094324, 7.32256124093, 3.11254504117, 5.06231847326, 2473.25818509, 1373.04053384
2.60770968746, 0.700295182928, 25.9981783573, 8.05130491307, 8.29462986487, 3.89998736721, 5.05871360249, 4123.53061897, 695.254710365
2.60810763132, 0.738906978223, 24.5886506985, 7.84576063216, 7.71838023331, 3.89994142999, 5.11594906264, 4150.70752354, 695.176189096
2.61427227607, 0.706873660552, 21.6375366828, 7.65055737918, 8.14276524993, 3.8995019392, 5.00426608339, 3361.62015706, 696.13414504
2.63197450565, 0.701013020694, 17.0097966806, 7.84576063216, 7.98043499741, 3.10985384674, 5.05871360249, 2466.8277769, 1376.54090527
2.60712857744, 0.794267081042, 27.111484342, 7.96512752, 7.33824257474, 3.89990207887, 5.11100338185, 5157.265093, 694.633589963
2.6113184596, 0.716339707299, 17.2071782913, 7.65055737918, 7.41273781474, 3.42518081849, 5.00426300296, 2572.7135825, 1029.49188233
2.60810763132, 0.794267081042, 27.2494110778, 8.2382802587, 7.30721396529, 3.89994142999, 5.11594906264, 5199.1593917, 694.704158731
2.60810763132, 0.794267081042, 27.2494110778, 8.2382802587, 7.30721396529, 3.89994142999, 5.11594906264, 5199.1593917, 694.704158731
2.60770968746, 0.700295182928, 22.2585812567, 8.07546702801, 8.29462986487, 3.89998736721, 5.05871360249, 3463.53857179, 696.080450307
2.60770968746, 0.700295182928, 22.2585812567, 8.07546702801, 8.29462986487, 3.89998736721, 5.05871360249, 3463.53857179, 696.080450307
2.63197450565, 0.700370840907, 17.2071782913, 7.39273094192, 7.32256124093, 3.42026136051, 5.06231847326, 2553.93655701, 1033.79065725
2.63197450565, 0.700370840907, 17.1835719598, 7.39273094192, 7.32256124093, 3.42026136051, 5.06231847326, 2550.83515732, 1033.808006
2.65013627048, 0.700785650633, 17.2071782913, 7.36708318303, 7.32698554027, 3.27658435888, 5.06231847326, 2524.76077664, 1175.77696134
2.63197450565, 0.700370840907, 17.2071782913, 7.39273094192, 7.32256124093, 3.42026136051, 5.06231847326, 2553.93655701, 1033.79065725
2.63197450565, 0.700370840907, 17.1835719598, 7.39273094192, 7.32256124093, 3.42026136051, 5.06231847326, 2550.83515732, 1033.808006
2.65013627048, 0.700785650633, 17.2071782913, 7.36708318303, 7.32698554027, 3.27658435888, 5.06231847326, 2524.76077664, 1175.77696134
2.61427227607, 0.702133008892, 17.5155847951, 7.84576063216, 8.03102787533, 3.48001224722, 5.00426608339, 2594.55084038, 981.938395602
2.60707264809, 0.71213797803, 17.2071782913, 7.33412311643, 7.32256124093, 3.42518081849, 5.04545759289, 2575.53173491, 1029.04073736
2.61427227607, 0.702133008892, 17.5155847951, 7.84576063216, 8.03102787533, 3.48001224722, 5.00426608339, 2594.55084038, 981.938395602
2.60707264809, 0.71213797803, 17.2071782913, 7.33412311643, 7.32256124093, 3.42518081849, 5.04545759289, 2575.53173491, 1029.04073736
2.63197450565, 0.700370840907, 17.2071782913, 7.95714094324, 7.31726087627, 3.20706570567, 5.06231847326, 2503.26501905, 1255.18204841
2.63197450565, 0.700370840907, 17.2061754006, 7.95714094324, 7.32256124093, 3.20706570567, 5.06231847326, 2503.23986575, 1255.18308112
2.63197450565, 0.700370840907, 17.2071782913, 7.95714094324, 7.31726087627, 3.20706570567, 5.06231847326, 2503.26501905, 1255.18204841
2.63197450565, 0.700370840907, 17.2061754006, 7.95714094324, 7.32256124093, 3.20706570567, 5.06231847326, 2503.23986575, 1255.18308112
2.60707264809, 0.71213797803, 17.6760675148, 7.33412311643, 7.32256124093, 3.89994142999, 5.46107539252, 3054.19017972, 696.909850549
2.60707264809, 0.71213797803, 17.6760675148, 7.33412311643, 7.32256124093, 3.89994142999, 5.46107539252, 3054.19017972, 696.909850549
2.60770968746, 0.700370840907, 18.5104350498, 7.95714094324, 8.28256617204, 3.89998736721, 5.04990493366, 2889.07769524, 697.306765968
2.63197450565, 0.72973933854, 17.5155847951, 7.84576063216, 7.32256124093, 3.89998736721, 5.00426608339, 2824.75126241, 697.307360279
2.60770968746, 0.700370840907, 18.5104350498, 7.95714094324, 8.28256617204, 3.89998736721, 5.04990493366, 2889.07769524, 697.306765968
2.63197450565, 0.72973933854, 17.5155847951, 7.84576063216, 7.32256124093, 3.89998736721, 5.00426608339, 2824.75126241, 697.307360279
2.63197450565, 0.700370840907, 17.2071782913, 7.95714094324, 7.93872142151, 3.33001835584, 5.03683852033, 2531.91768218, 1121.21890094
2.61427227607, 0.701950331669, 17.5155847951, 7.99045543659, 7.78996252343, 3.48001224722, 5.06231847326, 2624.79332824, 982.182924323
2.63197450565, 0.700370840907, 17.2071782913, 7.95714094324, 7.93872142151, 3.33001835584, 5.03683852033, 2531.91768218, 1121.21890094
2.61427227607, 0.701950331669, 17.5155847951, 7.99045543659, 7.78996252343, 3.48001224722, 5.06231847326, 2624.79332824, 982.182924323
2.63197450565, 0.700295182928, 17.183246776, 7.95188250114, 7.38732477146, 3.15150753462, 5.05871360249, 2485.6874786, 1322.75797644
2.60113517484, 0.700179043464, 23.2996184159, 8.07546702801, 7.93872142151, 3.89997206702, 5.19939371975, 3711.4893446, 695.823831179
2.65013627048, 0.701013020694, 23.2996184159, 7.84576063216, 7.98043499741, 3.8999794789, 5.46107539252, 3924.6873978, 695.657854823
2.65617786578, 0.701013020694, 22.9926427366, 7.84576063216, 7.98043499741, 3.89978862341, 5.11177931604, 3648.4827254, 695.830321206
2.63197450565, 0.700295182928, 17.183246776, 7.95188250114, 7.38732477146, 3.15150753462, 5.05871360249, 2485.6874786, 1322.75797644
2.60113517484, 0.700179043464, 23.2996184159, 8.07546702801, 7.93872142151, 3.89997206702, 5.19939371975, 3711.4893446, 695.823831179
2.65013627048, 0.701013020694, 23.2996184159, 7.84576063216, 7.98043499741, 3.8999794789, 5.46107539252, 3924.6873978, 695.657854823
2.65617786578, 0.701013020694, 22.9926427366, 7.84576063216, 7.98043499741, 3.89978862341, 5.11177931604, 3648.4827254, 695.830321206
2.60707264809, 0.706873660552, 25.9981783573, 7.33412311643, 7.32256124093, 3.89998736721, 5.46107539252, 4401.59912677, 694.842869363
2.6113184596, 0.738906978223, 25.9981783573, 7.93794281222, 7.32256124093, 3.89999529649, 5.04293373366, 4392.82544842, 694.968906391
2.60707264809, 0.706873660552, 25.9981783573, 7.33412311643, 7.32256124093, 3.89998736721, 5.46107539252, 4401.59912677, 694.842869363
2.6113184596, 0.738906978223, 25.9981783573, 7.93794281222, 7.32256124093, 3.89999529649, 5.04293373366, 4392.82544842, 694.968906391
2.65013627048, 0.706873660552, 23.2996184159, 7.84576063216, 7.9329683122, 3.8996272021, 5.46107539252, 3959.76242244, 695.803189815
2.60810763132, 0.794267081042, 27.6692887757, 7.96512752, 7.33824257474, 3.89939692979, 5.13067861868, 5312.71776604, 694.841547516
2.65013627048, 0.706873660552, 23.2996184159, 7.84576063216, 7.9329683122, 3.8996272021, 5.46107539252, 3959.76242244, 695.803189815
2.60810763132, 0.794267081042, 27.6692887757, 7.96512752, 7.33824257474, 3.89939692979, 5.13067861868, 5312.71776604, 694.841547516
2.61427227607, 0.700370840907, 25.9981783573, 7.84576063216, 8.28256617204, 3.89998736721, 5.20400726174, 4217.20328055, 695.142422542
2.61427227607, 0.700370840907, 25.9981783573, 7.84576063216, 8.28256617204, 3.89998736721, 5.20400726174, 4217.20328055, 695.142422542
