3.15803797344, 0.738906978223, 17.4800053902, 7.96512752, 7.98043499741, 3.89822169733, 5.44116852018, 3389.08445048, 698.295165415
2.65013627048, 0.706873660552, 17.2071782913, 7.84576063216, 7.32256124093, 3.86343878705, 5.04545759289, 2717.3920855, 717.741997931
2.63197450565, 0.732948111499, 17.4800053902, 7.96512752, 7.41273781474, 3.89822169733, 5.00426608339, 2834.15956735, 698.365477101
2.65013627048, 0.706873660552, 23.2996184159, 7.84576063216, 7.32256124093, 3.89740376286, 5.46107539252, 3944.6691522, 696.99472062
3.42173885424, 0.738906978223, 25.9981783573, 7.96512752, 7.98043499741, 3.89957052887, 5.08760580527, 5285.59737889, 695.209332029
2.60810763132, 0.732948111499, 17.1889891134, 7.96241375403, 7.41273781474, 3.15150753462, 5.00620304285, 2561.35683851, 1321.96002424
2.65953740009, 0.700370840907, 17.2071782913, 7.84576063216, 7.92524260045, 3.8671743188, 5.20419275073, 2808.78452685, 715.754062548
2.67048368558, 0.732948111499, 17.2071782913, 8.25807206331, 7.92524260045, 3.21974007496, 5.09871129439, 2676.28429854, 1240.27252751
3.15803797344, 0.738906978223, 17.4800053902, 7.96512752, 7.98043499741, 3.89822169733, 5.44116852018, 3389.08445048, 698.295165415
2.65013627048, 0.706873660552, 17.2071782913, 7.84576063216, 7.32256124093, 3.86343878705, 5.04545759289, 2717.3920855, 717.741997931
2.63197450565, 0.732948111499, 17.4800053902, 7.96512752, 7.41273781474, 3.89822169733, 5.00426608339, 2834.15956735, 698.365477101
2.65013627048, 0.706873660552, 23.2996184159, 7.84576063216, 7.32256124093, 3.89740376286, 5.46107539252, 3944.6691522, 696.99472062
3.42173885424, 0.738906978223, 25.9981783573, 7.96512752, 7.98043499741, 3.89957052887, 5.08760580527, 5285.59737889, 695.209332029
2.60810763132, 0.732948111499, 17.1889891134, 7.96241375403, 7.41273781474, 3.15150753462, 5.00620304285, 2561.35683851, 1321.96002424
2.65953740009, 0.700370840907, 17.2071782913, 7.84576063216, 7.92524260045, 3.8671743188, 5.20419275073, 2808.78452685, 715.754062548
2.67048368558, 0.732948111499, 17.2071782913, 8.25807206331, 7.92524260045, 3.21974007496, 5.09871129439, 2676.28429854, 1240.27252751
3.20972524195, 0.733202383156, 23.2996184159, 8.25807206331, 7.92524260045, 3.89740376286, 5.46107539252, 4592.15631887, 697.071359844
3.20972524195, 0.733202383156, 23.2996184159, 8.25807206331, 7.92524260045, 3.89740376286, 5.46107539252, 4592.15631887, 697.071359844
2.67048368558, 0.716339707299, 17.2071782913, 8.25807206331, 7.92524260045, 3.10519354231, 5.11527849773, 2598.24383184, 1383.10427978
2.67048368558, 0.716339707299, 17.2071782913, 8.25807206331, 7.92524260045, 3.10519354231, 5.11527849773, 2598.24383184, 1383.10427978
2.85284926519, 0.727960112533, 17.3706764749, 7.95714094324, 7.46474771104, 3.1361754516, 5.06231847326, 2710.88252844, 1341.36809229
2.85284926519, 0.727960112533, 17.3706764749, 7.95714094324, 7.46474771104, 3.1361754516, 5.06231847326, 2710.88252844, 1341.36809229
2.61489457638, 0.732948111499, 17.4800053902, 7.96241375403, 7.41273781474, 3.15150753462, 5.31091393378, 2794.17246797, 1321.67739421
3.01120026559, 0.74414095022, 17.1889891134, 7.96241375403, 7.41273781474, 3.15150753462, 5.00620304285, 2790.77417281, 1321.70447478
2.61489457638, 0.732948111499, 17.4800053902, 7.96241375403, 7.41273781474, 3.15150753462, 5.31091393378, 2794.17246797, 1321.67739421
3.01120026559, 0.74414095022, 17.1889891134, 7.96241375403, 7.41273781474, 3.15150753462, 5.00620304285, 2790.77417281, 1321.70447478
2.67756592053, 0.732948111499, 17.2845100455, 7.9030749663, 7.32256124093, 3.88869364345, 5.03351726319, 2837.40157265, 703.541771071
2.9344745315, 0.716172488431, 19.5709657815, 7.53318644119, 7.39774036158, 3.88957674146, 5.01741071616, 3245.61175948, 701.918450751
2.67756592053, 0.732948111499, 17.2845100455, 7.9030749663, 7.32256124093, 3.88869364345, 5.03351726319, 2837.40157265, 703.541771071
2.9344745315, 0.716172488431, 19.5709657815, 7.53318644119, 7.39774036158, 3.88957674146, 5.01741071616, 3245.61175948, 701.918450751
2.65953740009, 0.733202383156, 17.2071782913, 8.25807206331, 7.92524260045, 3.86343878705, 5.04545759289, 2833.23514207, 717.885804618
2.67048368558, 0.716339707299, 17.2071782913, 7.90376725483, 7.59279277469, 3.21974007496, 5.44116852018, 2826.38924901, 1239.91945802
2.65953740009, 0.733202383156, 17.2071782913, 8.25807206331, 7.92524260045, 3.86343878705, 5.04545759289, 2833.23514207, 717.885804618
2.67048368558, 0.716339707299, 17.2071782913, 7.90376725483, 7.59279277469, 3.21974007496, 5.44116852018, 2826.38924901, 1239.91945802
2.62717938819, 0.716339707299, 17.2071782913, 7.96241375403, 7.92524260045, 2.96147884956, 5.44116852018, 2757.22468588, 1593.57716567
2.62717938819, 0.716339707299, 17.2071782913, 7.96241375403, 7.92524260045, 2.96147884956, 5.44116852018, 2757.22468588, 1593.57716567
2.9344745315, 0.716172488431, 19.5709657815, 7.57222655796, 8.1452853376, 3.89461837701, 5.40277099396, 3505.29723179, 699.230189834
2.9344745315, 0.716172488431, 19.5709657815, 7.57222655796, 8.1452853376, 3.89461837701, 5.40277099396, 3505.29723179, 699.230189834
3.01147623262, 0.71330662056, 17.8433426743, 7.95714094324, 7.46474771104, 3.1361754516, 5.06231847326, 2797.3000418, 1341.25667825
3.01147623262, 0.71330662056, 17.8433426743, 7.95714094324, 7.46474771104, 3.1361754516, 5.06231847326, 2797.3000418, 1341.25667825
2.99750068067, 0.732948111499, 17.2845100455, 7.9030749663, 7.32256124093, 3.874788684, 5.03351726319, 2976.45365896, 711.143115499
2.91388166011, 0.760673030806, 17.7522440148, 7.53318644119, 7.39774036158, 3.88447153877, 5.01741071616, 3126.32572119, 704.945679307
2.65953740009, 0.716339707299, 17.2071782913, 7.84576063216, 7.92524260045, 3.8671743188, 5.20419275073, 2865.52976281, 715.537424963
2.99750068067, 0.732948111499, 17.2845100455, 7.9030749663, 7.32256124093, 3.874788684, 5.03351726319, 2976.45365896, 711.143115499
2.91388166011, 0.760673030806, 17.7522440148, 7.53318644119, 7.39774036158, 3.88447153877, 5.01741071616, 3126.32572119, 704.945679307
2.65953740009, 0.716339707299, 17.2071782913, 7.84576063216, 7.92524260045, 3.8671743188, 5.20419275073, 2865.52976281, 715.537424963
2.65953740009, 0.770835572807, 23.2996184159, 7.90376725483, 7.59279277469, 3.88869364345, 5.44116852018, 4359.49438182, 701.308164985
2.91388166011, 0.760673030806, 23.2996184159, 7.90376725483, 7.93220690847, 3.88869364345, 5.00783292048, 4252.10989774, 701.367773149
2.91388166011, 0.760673030806, 24.5405703229, 7.90376725483, 7.93220690847, 3.88869364345, 5.01741071616, 4544.27430071, 701.143417509
2.65953740009, 0.770835572807, 23.2996184159, 7.90376725483, 7.59279277469, 3.88869364345, 5.44116852018, 4359.49438182, 701.308164985
2.91388166011, 0.760673030806, 23.2996184159, 7.90376725483, 7.93220690847, 3.88869364345, 5.00783292048, 4252.10989774, 701.367773149
2.91388166011, 0.760673030806, 24.5405703229, 7.90376725483, 7.93220690847, 3.88869364345, 5.01741071616, 4544.27430071, 701.143417509
2.91388166011, 0.760673030806, 25.359782494, 7.99893378676, 7.93220690847, 3.88869364345, 5.01741071616, 4742.04608533, 701.059536358
3.42173885424, 0.738906978223, 25.9981783573, 7.96512752, 7.98043499741, 3.88869364345, 5.08760580527, 5281.8047781, 701.059277934
2.91388166011, 0.760673030806, 25.359782494, 7.99893378676, 7.93220690847, 3.88869364345, 5.01741071616, 4742.04608533, 701.059536358
3.42173885424, 0.738906978223, 25.9981783573, 7.96512752, 7.98043499741, 3.88869364345, 5.08760580527, 5281.8047781, 701.059277934
2.91388166011, 0.760673030806, 23.2996184159, 7.90376725483, 7.93220690847, 3.88869364345, 5.01741071616, 4257.68431376, 701.367773149
2.91388166011, 0.760673030806, 23.2996184159, 7.90376725483, 7.93220690847, 3.88869364345, 5.01741071616, 4257.68431376, 701.367773149
2.63197450565, 0.715990955937, 17.4800053902, 7.96241375403, 7.41273781474, 3.15150753462, 5.44116852018, 2826.34505787, 1322.07406459
2.63197450565, 0.715990955937, 17.4800053902, 7.96241375403, 7.41273781474, 3.15150753462, 5.44116852018, 2826.34505787, 1322.07406459
2.81807750544, 0.732948111499, 18.1638149848, 7.57222655796, 7.72198832158, 3.87332419152, 5.04545759289, 3045.41141308, 711.191797809
2.91388166011, 0.760673030806, 17.2071782913, 8.18244187732, 7.92524260045, 3.8671743188, 5.01741071616, 3043.45984214, 715.37100215
2.81807750544, 0.732948111499, 18.1638149848, 7.57222655796, 7.72198832158, 3.87332419152, 5.04545759289, 3045.41141308, 711.191797809
2.91388166011, 0.760673030806, 17.2071782913, 8.18244187732, 7.92524260045, 3.8671743188, 5.01741071616, 3043.45984214, 715.37100215
2.81807750544, 0.732948111499, 18.8875173801, 7.57222655796, 7.72198832158, 3.87332419152, 5.04545759289, 3164.53667379, 710.910750632
2.81807750544, 0.732948111499, 18.8875173801, 7.57222655796, 7.72198832158, 3.87332419152, 5.04545759289, 3164.53667379, 710.910750632
2.67048368558, 0.716339707299, 17.2071782913, 8.25807206331, 7.92524260045, 3.10519354231, 5.44116852018, 2809.52318253, 1383.10427978
2.67048368558, 0.716339707299, 17.2071782913, 8.25807206331, 7.92524260045, 3.10519354231, 5.44116852018, 2809.52318253, 1383.10427978
2.63197450565, 0.716339707299, 17.4800053902, 7.96241375403, 7.41273781474, 3.15150753462, 5.44116852018, 2827.6218022, 1322.06562288
2.63197450565, 0.716339707299, 17.4800053902, 7.96241375403, 7.41273781474, 3.15150753462, 5.44116852018, 2827.6218022, 1322.06562288
2.63197450565, 0.716339707299, 17.4721183844, 7.96241375403, 7.41273781474, 3.15150753462, 5.44116852018, 2826.52216203, 1322.07344602
3.01147623262, 0.727960112533, 17.8433426743, 7.95714094324, 7.46474771104, 2.94017321235, 5.06231847326, 2818.84033084, 1627.3632161
2.63197450565, 0.716339707299, 17.4800053902, 7.96241375403, 7.41273781474, 3.15150753462, 5.44116852018, 2827.6218022, 1322.06562288
2.63197450565, 0.716339707299, 17.4800053902, 7.96241375403, 7.41273781474, 3.15150753462, 5.44116852018, 2827.6218022, 1322.06562288
2.63197450565, 0.716339707299, 17.4721183844, 7.96241375403, 7.41273781474, 3.15150753462, 5.44116852018, 2826.52216203, 1322.07344602
3.01147623262, 0.727960112533, 17.8433426743, 7.95714094324, 7.46474771104, 2.94017321235, 5.06231847326, 2818.84033084, 1627.3632161
2.81807750544, 0.742261655786, 19.7064460873, 7.56317020438, 8.19160563313, 3.87332419152, 5.04545759289, 3360.62953646, 710.542526035
2.67695064026, 0.727893410459, 19.7064460873, 7.57222655796, 7.72198832158, 3.87332419152, 5.29993862468, 3355.02587628, 710.673500631
2.81807750544, 0.74438096373, 17.2643154114, 7.9030749663, 7.32256124093, 3.86343878705, 5.04545759289, 2940.74802955, 717.301349112
2.81807750544, 0.742261655786, 19.7064460873, 7.56317020438, 8.19160563313, 3.87332419152, 5.04545759289, 3360.62953646, 710.542526035
2.67695064026, 0.727893410459, 19.7064460873, 7.57222655796, 7.72198832158, 3.87332419152, 5.29993862468, 3355.02587628, 710.673500631
2.81807750544, 0.74438096373, 17.2643154114, 7.9030749663, 7.32256124093, 3.86343878705, 5.04545759289, 2940.74802955, 717.301349112
2.83005597057, 0.723454655532, 17.8433426743, 7.95714094324, 7.46474771104, 3.1361754516, 5.18805762561, 2831.64597184, 1341.01989009
2.83005597057, 0.723454655532, 17.8433426743, 7.95714094324, 7.46474771104, 3.1361754516, 5.18805762561, 2831.64597184, 1341.01989009
3.01147623262, 0.727960112533, 17.8433426743, 7.95714094324, 7.46474771104, 2.9788951759, 5.06231847326, 2826.83965139, 1564.72341385
2.83005597057, 0.723454655532, 17.8433426743, 7.95714094324, 7.46474771104, 3.1361754516, 5.18805762561, 2831.64597184, 1341.01989009
2.83005597057, 0.723454655532, 17.8433426743, 7.95714094324, 7.46474771104, 3.1361754516, 5.18805762561, 2831.64597184, 1341.01989009
3.01147623262, 0.727960112533, 17.8433426743, 7.95714094324, 7.46474771104, 2.9788951759, 5.06231847326, 2826.83965139, 1564.72341385
2.75874973999, 0.742261655786, 17.2643154114, 7.9030749663, 7.32256124093, 3.86343878705, 5.11959637542, 2949.07600145, 717.326509575
2.75874973999, 0.742261655786, 17.2643154114, 7.9030749663, 7.32256124093, 3.86343878705, 5.11959637542, 2949.07600145, 717.326509575
2.67756592053, 0.74414095022, 21.29318105, 7.90376725483, 7.72198832158, 3.8834352845, 5.29993862468, 3720.72884156, 704.794241545
2.67756592053, 0.74414095022, 21.29318105, 7.90376725483, 7.72198832158, 3.8834352845, 5.29993862468, 3720.72884156, 704.794241545
