3.15803797344, 0.738906978223, 17.4800053902, 7.63935759173, 7.98043499741, 3.89822169733, 5.44116852018, 3385.19637258, 697.949982385
2.65013627048, 0.706873660552, 23.2996184159, 7.84576063216, 7.32256124093, 3.89740376286, 5.46107539252, 3944.6691522, 696.99472062
2.60810763132, 0.738906978223, 25.9981783573, 7.96512752, 7.98043499741, 3.89994142999, 5.11594906264, 4446.8796696, 695.010998744
2.65953740009, 0.700370840907, 17.2071782913, 7.84576063216, 7.92524260045, 3.8671743188, 5.20419275073, 2808.78452685, 715.754062548
2.61427227607, 0.732948111499, 17.4800053902, 7.96512752, 7.32256124093, 3.89882360424, 5.00426608339, 2824.4411464, 698.04208254
2.63197450565, 0.706873660552, 23.2996184159, 7.84576063216, 8.03102787533, 3.89822169733, 5.46107539252, 3947.71897028, 696.556077228
2.6113184596, 0.700370840907, 17.2071782913, 8.25807206331, 7.92524260045, 3.8671743188, 5.06475817674, 2708.64411073, 716.283817154
2.65953740009, 0.733202383156, 17.2071782913, 8.25807206331, 7.92524260045, 3.21974007496, 5.04545759289, 2640.34672826, 1240.2665563
2.63197450565, 0.700785650633, 17.4721183844, 7.95714094324, 7.46474771104, 3.15150753462, 5.06231847326, 2529.38141871, 1322.4505838
3.15803797344, 0.738906978223, 17.4800053902, 7.63935759173, 7.98043499741, 3.89822169733, 5.44116852018, 3385.19637258, 697.949982385
2.65013627048, 0.706873660552, 23.2996184159, 7.84576063216, 7.32256124093, 3.89740376286, 5.46107539252, 3944.6691522, 696.99472062
2.60810763132, 0.738906978223, 25.9981783573, 7.96512752, 7.98043499741, 3.89994142999, 5.11594906264, 4446.8796696, 695.010998744
2.65953740009, 0.700370840907, 17.2071782913, 7.84576063216, 7.92524260045, 3.8671743188, 5.20419275073, 2808.78452685, 715.754062548
2.61427227607, 0.732948111499, 17.4800053902, 7.96512752, 7.32256124093, 3.89882360424, 5.00426608339, 2824.4411464, 698.04208254
2.63197450565, 0.706873660552, 23.2996184159, 7.84576063216, 8.03102787533, 3.89822169733, 5.46107539252, 3947.71897028, 696.556077228
2.6113184596, 0.700370840907, 17.2071782913, 8.25807206331, 7.92524260045, 3.8671743188, 5.06475817674, 2708.64411073, 716.283817154
2.65953740009, 0.733202383156, 17.2071782913, 8.25807206331, 7.92524260045, 3.21974007496, 5.04545759289, 2640.34672826, 1240.2665563
2.63197450565, 0.700785650633, 17.4721183844, 7.95714094324, 7.46474771104, 3.15150753462, 5.06231847326, 2529.38141871, 1322.4505838
3.56815471993, 0.732948111499, 25.9981783573, 7.96512752, 7.39569733627, 3.89957052887, 5.08760580527, 5363.90388931, 695.241192977
3.56815471993, 0.732948111499, 25.9981783573, 7.96512752, 7.39569733627, 3.89957052887, 5.08760580527, 5363.90388931, 695.241192977
3.42173885424, 0.758543442072, 25.9981783573, 7.96512752, 8.15640563928, 3.8973036253, 5.06182574816, 5478.4783648, 696.323248241
3.42173885424, 0.758543442072, 25.9981783573, 7.96512752, 8.15640563928, 3.8973036253, 5.06182574816, 5478.4783648, 696.323248241
2.67048368558, 0.716339707299, 17.2071782913, 8.25807206331, 7.92524260045, 3.10519354231, 5.05499800133, 2561.93147138, 1383.10427978
2.67048368558, 0.716339707299, 17.2071782913, 8.25807206331, 7.92524260045, 3.10519354231, 5.05499800133, 2561.93147138, 1383.10427978
2.67048368558, 0.716339707299, 17.2071782913, 8.25807206331, 7.92524260045, 3.10519354231, 5.11527849773, 2598.24383184, 1383.10427978
2.63197450565, 0.716339707299, 17.8433426743, 7.95714094324, 7.46474771104, 2.94017321235, 5.06231847326, 2590.97487304, 1627.68718581
2.67048368558, 0.716339707299, 17.2071782913, 8.25807206331, 7.92524260045, 3.10519354231, 5.11527849773, 2598.24383184, 1383.10427978
2.63197450565, 0.716339707299, 17.8433426743, 7.95714094324, 7.46474771104, 2.94017321235, 5.06231847326, 2590.97487304, 1627.68718581
2.67048368558, 0.732948111499, 17.2071782913, 8.25807206331, 7.92524260045, 3.21974007496, 5.09871129439, 2676.28429854, 1240.27252751
2.67048368558, 0.732948111499, 17.2071782913, 8.25807206331, 7.92524260045, 3.21974007496, 5.09871129439, 2676.28429854, 1240.27252751
3.20972524195, 0.733202383156, 23.2996184159, 8.25807206331, 7.92524260045, 3.89740376286, 5.46107539252, 4592.15631887, 697.071359844
3.20972524195, 0.718185524761, 23.2996184159, 8.25807206331, 7.92524260045, 3.89740376286, 5.46107539252, 4475.98167814, 697.183515001
3.20972524195, 0.733202383156, 23.2996184159, 8.25807206331, 7.92524260045, 3.89740376286, 5.46107539252, 4592.15631887, 697.071359844
3.20972524195, 0.718185524761, 23.2996184159, 8.25807206331, 7.92524260045, 3.89740376286, 5.46107539252, 4475.98167814, 697.183515001
2.65013627048, 0.706873660552, 17.2071782913, 7.96512752, 7.32256124093, 3.86343878705, 5.04545759289, 2718.79142418, 717.890305164
2.65013627048, 0.706873660552, 17.2071782913, 7.96512752, 7.32256124093, 3.86343878705, 5.04545759289, 2718.79142418, 717.890305164
2.85284926519, 0.727960112533, 17.0664986292, 7.95714094324, 7.46474771104, 3.1361754516, 5.06231847326, 2664.03017541, 1341.67770163
2.85284926519, 0.727960112533, 17.0664986292, 7.95714094324, 7.46474771104, 3.1361754516, 5.06231847326, 2664.03017541, 1341.67770163
2.63197450565, 0.732948111499, 17.4800053902, 7.96512752, 7.41273781474, 3.89822169733, 5.00426608339, 2834.15956735, 698.365477101
2.63197450565, 0.732948111499, 17.4800053902, 7.96512752, 7.41273781474, 3.89822169733, 5.00426608339, 2834.15956735, 698.365477101
2.67048368558, 0.732948111499, 17.2071782913, 7.84576063216, 7.92524260045, 3.21974007496, 5.20419275073, 2738.1065686, 1239.4338862
2.67695064026, 0.727893410459, 17.2643154114, 7.57222655796, 7.72198832158, 3.86343878705, 5.04545759289, 2817.57953664, 717.125709328
2.67048368558, 0.732948111499, 17.2071782913, 7.84576063216, 7.92524260045, 3.21974007496, 5.20419275073, 2738.1065686, 1239.4338862
2.67695064026, 0.727893410459, 17.2643154114, 7.57222655796, 7.72198832158, 3.86343878705, 5.04545759289, 2817.57953664, 717.125709328
3.15803797344, 0.706873660552, 17.4800053902, 7.96512752, 7.98043499741, 3.89822169733, 5.44116852018, 3247.05293142, 698.6942489
2.67756592053, 0.732948111499, 17.2845100455, 7.9030749663, 7.32256124093, 3.88869364345, 5.03351726319, 2837.40157265, 703.541771071
2.67756592053, 0.732948111499, 17.2845100455, 7.9030749663, 7.32256124093, 3.88957674146, 5.03351726319, 2837.71608861, 703.062678874
2.64680696584, 0.716339707299, 17.2071782913, 7.90376725483, 7.59279277469, 3.89676502392, 5.44116852018, 3019.89275192, 699.42839462
2.99750068067, 0.716339707299, 17.2845100455, 7.9030749663, 7.32256124093, 3.89147679172, 5.03351726319, 2913.70030442, 702.241104934
3.15803797344, 0.706873660552, 17.4800053902, 7.96512752, 7.98043499741, 3.89822169733, 5.44116852018, 3247.05293142, 698.6942489
2.67756592053, 0.732948111499, 17.2845100455, 7.9030749663, 7.32256124093, 3.88869364345, 5.03351726319, 2837.40157265, 703.541771071
2.67756592053, 0.732948111499, 17.2845100455, 7.9030749663, 7.32256124093, 3.88957674146, 5.03351726319, 2837.71608861, 703.062678874
2.64680696584, 0.716339707299, 17.2071782913, 7.90376725483, 7.59279277469, 3.89676502392, 5.44116852018, 3019.89275192, 699.42839462
2.99750068067, 0.716339707299, 17.2845100455, 7.9030749663, 7.32256124093, 3.89147679172, 5.03351726319, 2913.70030442, 702.241104934
2.85284926519, 0.727960112533, 17.3706764749, 7.95714094324, 7.46474771104, 3.13935770807, 5.06231847326, 2711.62420881, 1337.29313277
2.85284926519, 0.727960112533, 17.3706764749, 7.95714094324, 7.46474771104, 3.13935770807, 5.06231847326, 2711.62420881, 1337.29313277
2.9344745315, 0.716172488431, 18.0323393379, 7.53318644119, 7.39774036158, 3.88957674146, 5.01741071616, 2990.47252081, 702.505065668
2.9344745315, 0.716172488431, 18.0323393379, 7.53318644119, 7.39774036158, 3.88957674146, 5.01741071616, 2990.47252081, 702.505065668
2.75986475525, 0.716172488431, 19.5709657815, 7.57222655796, 8.04266159031, 3.89461837701, 5.40277099396, 3407.29440321, 699.230189834
2.75986475525, 0.716172488431, 19.5709657815, 7.57222655796, 8.04266159031, 3.89461837701, 5.40277099396, 3407.29440321, 699.230189834
2.61489457638, 0.732948111499, 17.4800053902, 7.96241375403, 7.41273781474, 3.15150753462, 5.31091393378, 2794.17246797, 1321.67739421
3.01120026559, 0.74414095022, 17.1889891134, 8.05069761427, 7.41273781474, 3.15150753462, 5.00620304285, 2791.46283924, 1321.88963753
2.61489457638, 0.732948111499, 17.4800053902, 7.96241375403, 7.41273781474, 3.15150753462, 5.31091393378, 2794.17246797, 1321.67739421
3.01120026559, 0.74414095022, 17.1889891134, 8.05069761427, 7.41273781474, 3.15150753462, 5.00620304285, 2791.46283924, 1321.88963753
2.65013627048, 0.738906978223, 17.2071782913, 7.84576063216, 7.32256124093, 3.86343878705, 5.04545759289, 2833.1473151, 717.331523451
2.65953740009, 0.733202383156, 17.2071782913, 7.90376725483, 7.92524260045, 3.86343878705, 5.04545759289, 2829.08162486, 717.467483007
2.65013627048, 0.738906978223, 17.2071782913, 7.84576063216, 7.32256124093, 3.86343878705, 5.04545759289, 2833.1473151, 717.331523451
2.65953740009, 0.733202383156, 17.2071782913, 7.90376725483, 7.92524260045, 3.86343878705, 5.04545759289, 2829.08162486, 717.467483007
2.9344745315, 0.716172488431, 19.5709657815, 7.53318644119, 7.39774036158, 3.88869364345, 5.01741071616, 3245.3019002, 702.396763229
2.9344745315, 0.716172488431, 19.5709657815, 7.57222655796, 8.1452853376, 3.89461837701, 5.40277099396, 3505.29723179, 699.230189834
2.9344745315, 0.716172488431, 19.5709657815, 7.53318644119, 7.39774036158, 3.88869364345, 5.01741071616, 3245.3019002, 702.396763229
2.9344745315, 0.716172488431, 19.5709657815, 7.57222655796, 8.1452853376, 3.89461837701, 5.40277099396, 3505.29723179, 699.230189834
2.83005597057, 0.723454655532, 17.1573589881, 7.95714094324, 7.46474771104, 3.1361754516, 5.26160988503, 2772.88868156, 1341.69374256
2.83005597057, 0.723454655532, 17.1573589881, 7.95714094324, 7.46474771104, 3.1361754516, 5.26160988503, 2772.88868156, 1341.69374256
2.91388166011, 0.732948111499, 17.2845100455, 7.9030749663, 7.32256124093, 3.874788684, 5.01741071616, 2929.47702099, 711.143115499
2.65953740009, 0.732948111499, 17.2071782913, 7.84576063216, 7.92524260045, 3.8671743188, 5.20419275073, 2925.90470659, 715.32690154
2.91388166011, 0.732948111499, 17.2845100455, 7.9030749663, 7.32256124093, 3.874788684, 5.01741071616, 2929.47702099, 711.143115499
2.65953740009, 0.732948111499, 17.2071782913, 7.84576063216, 7.92524260045, 3.8671743188, 5.20419275073, 2925.90470659, 715.32690154
2.6883772387, 0.760673030806, 17.2071782913, 8.18244187732, 7.92524260045, 3.86905682636, 5.01741071616, 2934.71200084, 714.327308884
2.6883772387, 0.760673030806, 17.2071782913, 8.18244187732, 7.92524260045, 3.86905682636, 5.01741071616, 2934.71200084, 714.327308884
2.62717938819, 0.716339707299, 17.2071782913, 7.96241375403, 7.92524260045, 2.96147884956, 5.44116852018, 2757.22468588, 1593.57716567
2.62717938819, 0.716339707299, 17.2071782913, 7.96241375403, 7.92524260045, 2.96147884956, 5.44116852018, 2757.22468588, 1593.57716567
2.60810763132, 0.799495240946, 17.1889891134, 7.96241375403, 7.98043499741, 3.15150753462, 5.00166317907, 2820.22903472, 1320.59385994
2.60810763132, 0.799495240946, 17.1889891134, 7.96241375403, 7.98043499741, 3.15150753462, 5.00166317907, 2820.22903472, 1320.59385994
2.91388166011, 0.757897119224, 19.4964565557, 7.99893378676, 7.93220690847, 3.88869364345, 5.00448923392, 3443.04381577, 702.444484358
2.91388166011, 0.757897119224, 19.4964565557, 7.99893378676, 7.93220690847, 3.88869364345, 5.00448923392, 3443.04381577, 702.444484358
3.01147623262, 0.71330662056, 17.8433426743, 7.95714094324, 7.46474771104, 3.1361754516, 5.06231847326, 2797.3000418, 1341.25667825
3.01147623262, 0.71330662056, 17.8433426743, 7.95714094324, 7.46474771104, 3.1361754516, 5.06231847326, 2797.3000418, 1341.25667825
2.84367709424, 0.732948111499, 17.2071782913, 8.18244187732, 7.92524260045, 3.8671743188, 5.13826638402, 2970.61554646, 715.720301273
2.84367709424, 0.732948111499, 17.2071782913, 8.18244187732, 7.92524260045, 3.8671743188, 5.13826638402, 2970.61554646, 715.720301273
2.65953740009, 0.737897348241, 23.2996184159, 7.90376725483, 7.59279277469, 3.88869364345, 5.44116852018, 4140.01205811, 701.510400062
2.91388166011, 0.760673030806, 23.2996184159, 7.90376725483, 7.93220690847, 3.88869364345, 5.00783292048, 4252.10989774, 701.367773149
