0.147556957498, 0.394972538118, 0.00244784428843, 0.0422749176668, 0.996596897783, 0.00605900154949, 0.117295113032, 0.163631640124, 0.0930989304848, 0.013166628992, 0.867731123319, 0.455760064081, 0.711694726313, 0.131915607581, 0.824712131076, 0.0469964874534, 0.366828525323, 0.000166341081617, 0.0861035639793, 0.134161116572, 0.437525739312, 0.0861187094702, 0.10513130435, 0.00523415878807, 0.138620354483, 0.056178557684, 0.150116503468, 0.24750712258, 0.618366459225, 0.276878003832, 0.147556957498, 2.6483318075
0.147556957498, 0.394972538118, 0.00244784428843, 0.0422749176668, 0.996596897783, 0.00605900154949, 0.117295113032, 0.163631640124, 0.0930989304848, 0.013166628992, 0.867731123319, 0.455760064081, 0.711694726313, 0.131915607581, 0.824712131076, 0.0469964874534, 0.366828525323, 0.000166341081617, 0.0861035639793, 0.134161116572, 0.437525739312, 0.0861187094702, 0.10513130435, 0.00523415878807, 0.138620354483, 0.056178557684, 0.150116503468, 0.24750712258, 0.618366459225, 0.276878003832, 0.147556957498, 2.6483318075
0.568403082682, 0.153424586014, 0.135244265661, 0.0107620122332, 0.051180134817, 0.233175258491, 0.889543053622, 0.237434402967, 0.0253293344051, 0.656061150996, 0.0175306726955, 0.394710040127, 0.210870060933, 0.0526126047364, 0.275376633069, 0.556389378566, 0.016747155913, 0.0169118964858, 0.261381290129, 0.221127037992, 0.859806698437, 0.583373658802, 0.366780016193, 0.41451555094, 0.0477983004478, 0.351908566613, 0.0756710713965, 0.994824465962, 0.410974129277, 0.00967752137576, 0.568403082682, 2.20769807213
0.568403082682, 0.153424586014, 0.135244265661, 0.0107620122332, 0.051180134817, 0.233175258491, 0.889543053622, 0.237434402967, 0.0253293344051, 0.656061150996, 0.0175306726955, 0.394710040127, 0.210870060933, 0.0526126047364, 0.275376633069, 0.556389378566, 0.016747155913, 0.0169118964858, 0.261381290129, 0.221127037992, 0.859806698437, 0.583373658802, 0.366780016193, 0.41451555094, 0.0477983004478, 0.351908566613, 0.0756710713965, 0.994824465962, 0.410974129277, 0.00967752137576, 0.568403082682, 2.20769807213
0.0252123340548, 0.288644459752, 0.416900026886, 0.120266245445, 0.897224465684, 0.633716226777, 0.0353223952537, 0.163631640124, 0.0203866675846, 0.00296183429729, 0.88763535001, 0.0796723232818, 0.3917219764, 0.131915607581, 0.167934043465, 0.0170896749739, 0.512060663142, 0.542862025557, 0.275058963466, 0.947998965334, 0.037325477275, 0.143801646484, 0.186390956502, 0.000112156193871, 0.138620354483, 0.056178557684, 0.189002038825, 0.137508280603, 0.319378823143, 0.276878003832, 0.0252123340548, 3.19184171581
0.0252123340548, 0.288644459752, 0.416900026886, 0.120266245445, 0.897224465684, 0.633716226777, 0.0353223952537, 0.163631640124, 0.0203866675846, 0.00296183429729, 0.88763535001, 0.0796723232818, 0.3917219764, 0.131915607581, 0.167934043465, 0.0170896749739, 0.512060663142, 0.542862025557, 0.275058963466, 0.947998965334, 0.037325477275, 0.143801646484, 0.186390956502, 0.000112156193871, 0.138620354483, 0.056178557684, 0.189002038825, 0.137508280603, 0.319378823143, 0.276878003832, 0.0252123340548, 3.19184171581
0.266494186471, 0.279485930908, 0.229763310808, 0.0048304726338, 0.990831195034, 0.00605900154949, 0.117295113032, 0.163631640124, 0.0930989304848, 0.0197273007, 0.000950472564585, 0.561132714236, 0.641414714665, 0.131915607581, 0.816379118879, 0.0469964874534, 0.631760695536, 3.01035833886e-05, 0.411588692113, 0.81110044031, 0.72486955328, 0.0861187094702, 0.269942661151, 0.0331050079062, 0.138620354483, 0.0500918123877, 0.150116503468, 0.337380119347, 0.418623965276, 0.246274293398, 0.266494186471, 2.63000232267
0.266494186471, 0.279485930908, 0.229763310808, 0.0048304726338, 0.990831195034, 0.00605900154949, 0.117295113032, 0.163631640124, 0.0930989304848, 0.0197273007, 0.000950472564585, 0.561132714236, 0.641414714665, 0.131915607581, 0.816379118879, 0.0469964874534, 0.631760695536, 3.01035833886e-05, 0.411588692113, 0.81110044031, 0.72486955328, 0.0861187094702, 0.269942661151, 0.0331050079062, 0.138620354483, 0.0500918123877, 0.150116503468, 0.337380119347, 0.418623965276, 0.246274293398, 0.266494186471, 2.63000232267
5.38010587359e-06, 0.0698029087759, 0.0635928043645, 0.994326263244, 0.0039911106644, 0.420510921793, 0.697309417414, 0.662226203454, 0.0916427261047, 0.0602208918439, 0.172390679737, 0.453565889783, 0.0349376292422, 0.32003980917, 0.767927937697, 0.631798473536, 0.417802114599, 0.413413971314, 0.104922474688, 0.0915840775619, 0.0694969157554, 0.102476349077, 0.654118912702, 0.275761399479, 0.474844313918, 0.0456751681268, 0.648201652094, 0.850788852946, 0.122412220356, 0.272811414099, 5.38010587359e-06, 4.09521174047
5.38010587359e-06, 0.0698029087759, 0.0635928043645, 0.994326263244, 0.0039911106644, 0.420510921793, 0.697309417414, 0.662226203454, 0.0916427261047, 0.0602208918439, 0.172390679737, 0.453565889783, 0.0349376292422, 0.32003980917, 0.767927937697, 0.631798473536, 0.417802114599, 0.413413971314, 0.104922474688, 0.0915840775619, 0.0694969157554, 0.102476349077, 0.654118912702, 0.275761399479, 0.474844313918, 0.0456751681268, 0.648201652094, 0.850788852946, 0.122412220356, 0.272811414099, 5.38010587359e-06, 4.09521174047
2.4716878656e-06, 0.147733634438, 0.0308873627642, 0.782748883129, 0.00215962661584, 0.420510921793, 0.221114593203, 0.374468284404, 0.273779482916, 0.386625775871, 0.0225157817396, 0.453565889783, 0.0541907785968, 0.7725614336, 0.767927937697, 0.68381750796, 0.417802114599, 0.27995421575, 0.0519607871744, 0.0915840775619, 0.0694969157554, 0.00428256276144, 0.857436362044, 0.409923941473, 0.474844313918, 0.427848400178, 0.930077829963, 0.0701219331873, 0.998862562294, 0.272811414099, 2.4716878656e-06, 4.33343421767
2.4716878656e-06, 0.147733634438, 0.0308873627642, 0.782748883129, 0.00215962661584, 0.420510921793, 0.221114593203, 0.374468284404, 0.273779482916, 0.386625775871, 0.0225157817396, 0.453565889783, 0.0541907785968, 0.7725614336, 0.767927937697, 0.68381750796, 0.417802114599, 0.27995421575, 0.0519607871744, 0.0915840775619, 0.0694969157554, 0.00428256276144, 0.857436362044, 0.409923941473, 0.474844313918, 0.427848400178, 0.930077829963, 0.0701219331873, 0.998862562294, 0.272811414099, 2.4716878656e-06, 4.33343421767
0.067555666843, 0.279485930908, 0.609047728264, 0.0422749176668, 0.00305037629229, 0.00605900154949, 0.289318092493, 0.163631640124, 0.0930989304848, 0.0197273007, 0.905978978694, 0.455760064081, 0.641414714665, 0.131915607581, 0.426206834702, 0.0469964874534, 0.631760695536, 0.0025115958625, 0.341111302563, 0.841433231423, 0.437525739312, 0.02998502382, 0.269942661151, 0.585120337082, 0.138620354483, 0.056178557684, 0.150116503468, 0.337380119347, 0.418623965276, 0.246274293398, 0.067555666843, 3.17127010125
0.067555666843, 0.279485930908, 0.609047728264, 0.0422749176668, 0.00305037629229, 0.00605900154949, 0.289318092493, 0.163631640124, 0.0930989304848, 0.0197273007, 0.905978978694, 0.455760064081, 0.641414714665, 0.131915607581, 0.426206834702, 0.0469964874534, 0.631760695536, 0.0025115958625, 0.341111302563, 0.841433231423, 0.437525739312, 0.02998502382, 0.269942661151, 0.585120337082, 0.138620354483, 0.056178557684, 0.150116503468, 0.337380119347, 0.418623965276, 0.246274293398, 0.067555666843, 3.17127010125
7.71270123434e-07, 0.147733634438, 0.315628657821, 0.571597916779, 0.0039911106644, 0.381789480363, 0.0269169768247, 0.662226203454, 0.129328898364, 0.956576872099, 0.951940156489, 0.294329402063, 0.0265872784324, 0.819584426651, 0.914919644668, 0.514880761254, 0.562215334248, 0.390768108768, 0.156692050594, 0.0915840775619, 0.0694969157554, 0.0974597697157, 0.857436362044, 0.409923941473, 0.474844313918, 0.0226281060993, 0.980938295681, 0.926915529517, 0.82048909756, 0.848945365055, 7.71270123434e-07, 5.16542839857
7.71270123434e-07, 0.147733634438, 0.315628657821, 0.571597916779, 0.0039911106644, 0.381789480363, 0.0269169768247, 0.662226203454, 0.129328898364, 0.956576872099, 0.951940156489, 0.294329402063, 0.0265872784324, 0.819584426651, 0.914919644668, 0.514880761254, 0.562215334248, 0.390768108768, 0.156692050594, 0.0915840775619, 0.0694969157554, 0.0974597697157, 0.857436362044, 0.409923941473, 0.474844313918, 0.0226281060993, 0.980938295681, 0.926915529517, 0.82048909756, 0.848945365055, 7.71270123434e-07, 5.16542839857
0.606260973979, 0.319243179336, 0.0382626904589, 0.231880667068, 0.86079614726, 0.746782186731, 0.0122942922872, 0.00769860873499, 0.118337842445, 0.0273888732773, 0.582386404394, 0.570342668002, 0.3917219764, 0.131915607581, 0.640927733256, 0.0398589091783, 0.77034574123, 0.209943583572, 0.0951430201717, 0.0728302357478, 0.437525739312, 0.0861187094702, 0.269942661151, 0.00485634114417, 0.185156308801, 0.564712663891, 0.11706760715, 0.0268286623209, 0.418623965276, 0.00306939254582, 0.606260973979, 2.02525223348
0.606260973979, 0.319243179336, 0.0382626904589, 0.231880667068, 0.86079614726, 0.746782186731, 0.0122942922872, 0.00769860873499, 0.118337842445, 0.0273888732773, 0.582386404394, 0.570342668002, 0.3917219764, 0.131915607581, 0.640927733256, 0.0398589091783, 0.77034574123, 0.209943583572, 0.0951430201717, 0.0728302357478, 0.437525739312, 0.0861187094702, 0.269942661151, 0.00485634114417, 0.185156308801, 0.564712663891, 0.11706760715, 0.0268286623209, 0.418623965276, 0.00306939254582, 0.606260973979, 2.02525223348
0.121184415885, 0.448368633213, 0.398947924226, 0.0422749176668, 0.996596897783, 0.00605900154949, 0.117295113032, 0.628496574662, 0.0319494585203, 0.0197273007, 0.690074062608, 0.229727319512, 0.674514279692, 0.131915607581, 0.236053653237, 0.0469964874534, 0.572188883175, 0.0019694059632, 0.176939536926, 0.935487053426, 0.437525739312, 0.0861187094702, 0.949144474724, 0.0505180475681, 0.161657430153, 0.056178557684, 0.150116503468, 0.322441163809, 0.0509275340216, 0.0565321192509, 0.121184415885, 3.03228957479
0.121184415885, 0.448368633213, 0.398947924226, 0.0422749176668, 0.996596897783, 0.00605900154949, 0.117295113032, 0.628496574662, 0.0319494585203, 0.0197273007, 0.690074062608, 0.229727319512, 0.674514279692, 0.131915607581, 0.236053653237, 0.0469964874534, 0.572188883175, 0.0019694059632, 0.176939536926, 0.935487053426, 0.437525739312, 0.0861187094702, 0.949144474724, 0.0505180475681, 0.161657430153, 0.056178557684, 0.150116503468, 0.322441163809, 0.0509275340216, 0.0565321192509, 0.121184415885, 3.03228957479
0.659770186311, 0.160690722283, 0.330680465341, 0.120266245445, 0.247301137917, 0.746782186731, 0.117295113032, 0.163631640124, 0.079398583741, 0.0197273007, 0.991906932668, 0.013428114417, 0.319059065006, 0.131915607581, 0.272299408059, 0.126067908499, 0.631760695536, 0.171834260161, 0.176939536926, 0.696796848919, 0.0130444835352, 0.0861187094702, 0.0948859431975, 0.00336690758614, 0.329799318585, 0.00531946446603, 0.150116503468, 0.589566753456, 0.418623965276, 0.276878003832, 0.659770186311, 1.8423864056
0.659770186311, 0.160690722283, 0.330680465341, 0.120266245445, 0.247301137917, 0.746782186731, 0.117295113032, 0.163631640124, 0.079398583741, 0.0197273007, 0.991906932668, 0.013428114417, 0.319059065006, 0.131915607581, 0.272299408059, 0.126067908499, 0.631760695536, 0.171834260161, 0.176939536926, 0.696796848919, 0.0130444835352, 0.0861187094702, 0.0948859431975, 0.00336690758614, 0.329799318585, 0.00531946446603, 0.150116503468, 0.589566753456, 0.418623965276, 0.276878003832, 0.659770186311, 1.8423864056
8.75207771922e-07, 0.147733634438, 0.216292178467, 0.571597916779, 0.0039911106644, 0.420510921793, 0.319339136018, 0.662226203454, 0.129328898364, 0.98222622058, 0.951940156489, 0.294329402063, 0.0541907785968, 0.00726951664341, 0.767927937697, 0.68381750796, 0.417802114599, 0.390768108768, 0.230084221446, 0.0915840775619, 0.0694969157554, 0.0974597697157, 0.214085938913, 0.409923941473, 0.474844313918, 0.0226281060993, 0.735337222053, 0.953742565164, 0.998862562294, 0.272811414099, 8.75207771922e-07, 4.59555871231
8.75207771922e-07, 0.147733634438, 0.216292178467, 0.571597916779, 0.0039911106644, 0.420510921793, 0.319339136018, 0.662226203454, 0.129328898364, 0.98222622058, 0.951940156489, 0.294329402063, 0.0541907785968, 0.00726951664341, 0.767927937697, 0.68381750796, 0.417802114599, 0.390768108768, 0.230084221446, 0.0915840775619, 0.0694969157554, 0.0974597697157, 0.214085938913, 0.409923941473, 0.474844313918, 0.0226281060993, 0.735337222053, 0.953742565164, 0.998862562294, 0.272811414099, 8.75207771922e-07, 4.59555871231
0.364298957127, 0.905362139339, 0.609047728264, 0.00355977362148, 0.996596897783, 0.0926548866917, 0.25563580011, 0.266565809016, 7.59195213262e-06, 0.0415045678506, 0.0515532982333, 0.427745709335, 0.3917219764, 0.546738816101, 0.671003351108, 0.0469964874534, 0.0504213779588, 0.0025115958625, 0.176939536926, 0.595829902449, 0.437525739312, 0.057664416272, 0.114262557132, 0.41263610905, 0.138620354483, 0.17025664799, 0.150116503468, 0.337380119347, 0.418623965276, 0.144839831862, 0.364298957127, 2.49045877976
0.364298957127, 0.905362139339, 0.609047728264, 0.00355977362148, 0.996596897783, 0.0926548866917, 0.25563580011, 0.266565809016, 7.59195213262e-06, 0.0415045678506, 0.0515532982333, 0.427745709335, 0.3917219764, 0.546738816101, 0.671003351108, 0.0469964874534, 0.0504213779588, 0.0025115958625, 0.176939536926, 0.595829902449, 0.437525739312, 0.057664416272, 0.114262557132, 0.41263610905, 0.138620354483, 0.17025664799, 0.150116503468, 0.337380119347, 0.418623965276, 0.144839831862, 0.364298957127, 2.49045877976
0.452656504444, 0.319243179336, 0.0382626904589, 0.231880667068, 0.86079614726, 0.746782186731, 0.0122942922872, 0.00769860873499, 0.118337842445, 0.0273888732773, 0.582386404394, 0.570342668002, 0.3917219764, 0.131915607581, 0.640927733256, 0.0398589091783, 0.77034574123, 0.209943583572, 0.161102140736, 0.0728302357478, 0.437525739312, 0.0861187094702, 0.269942661151, 0.00485634114417, 0.185156308801, 0.564712663891, 0.11706760715, 0.0268286623209, 0.418623965276, 0.0010383475393, 0.452656504444, 2.23886123551
0.452656504444, 0.319243179336, 0.0382626904589, 0.231880667068, 0.86079614726, 0.746782186731, 0.0122942922872, 0.00769860873499, 0.118337842445, 0.0273888732773, 0.582386404394, 0.570342668002, 0.3917219764, 0.131915607581, 0.640927733256, 0.0398589091783, 0.77034574123, 0.209943583572, 0.161102140736, 0.0728302357478, 0.437525739312, 0.0861187094702, 0.269942661151, 0.00485634114417, 0.185156308801, 0.564712663891, 0.11706760715, 0.0268286623209, 0.418623965276, 0.0010383475393, 0.452656504444, 2.23886123551
0.00975215276611, 0.298463046079, 0.405936951253, 0.0159767034795, 0.0869926946307, 0.599194947729, 0.174205674017, 0.449049166579, 0.079398583741, 0.550538038438, 0.609180227824, 0.927883776352, 0.261077355386, 0.0549340625739, 0.615076286097, 0.0678313094018, 0.174992491336, 0.0438085195613, 0.404978795811, 0.232559269958, 0.300146191635, 0.0515477264843, 0.90600439549, 0.372517809825, 0.015415393538, 0.548231125256, 0.0281787434627, 0.398287423027, 0.0697776338666, 0.0675475266469, 0.00975215276611, 3.54322738242
0.00975215276611, 0.298463046079, 0.405936951253, 0.0159767034795, 0.0869926946307, 0.599194947729, 0.174205674017, 0.449049166579, 0.079398583741, 0.550538038438, 0.609180227824, 0.927883776352, 0.261077355386, 0.0549340625739, 0.615076286097, 0.0678313094018, 0.174992491336, 0.0438085195613, 0.404978795811, 0.232559269958, 0.300146191635, 0.0515477264843, 0.90600439549, 0.372517809825, 0.015415393538, 0.548231125256, 0.0281787434627, 0.398287423027, 0.0697776338666, 0.0675475266469, 0.00975215276611, 3.54322738242
0.00924371871614, 0.327728072585, 0.131542974051, 0.0159767034795, 0.0869926946307, 0.599194947729, 0.0456964052396, 0.449049166579, 0.0687157245111, 0.728504565339, 0.849869980951, 0.797290968692, 0.314225741892, 0.035448217997, 0.519101050494, 0.723892996091, 0.174992491336, 0.0438085195613, 0.404978795811, 0.232559269958, 0.0111041609311, 0.432769641812, 0.770050646646, 0.35006799358, 0.015415393538, 0.466674067575, 0.150116503468, 0.398287423027, 0.0423583377072, 0.0675475266469, 0.00924371871614, 3.68273401734
0.00924371871614, 0.327728072585, 0.131542974051, 0.0159767034795, 0.0869926946307, 0.599194947729, 0.0456964052396, 0.449049166579, 0.0687157245111, 0.728504565339, 0.849869980951, 0.797290968692, 0.314225741892, 0.035448217997, 0.519101050494, 0.723892996091, 0.174992491336, 0.0438085195613, 0.404978795811, 0.232559269958, 0.0111041609311, 0.432769641812, 0.770050646646, 0.35006799358, 0.015415393538, 0.466674067575, 0.150116503468, 0.398287423027, 0.0423583377072, 0.0675475266469, 0.00924371871614, 3.68273401734
0.877475338486, 0.0308313215683, 0.231278987108, 0.212506725032, 0.332249941494, 0.300696956044, 0.233830462603, 0.163631640124, 0.607420909529, 0.0294061819446, 0.575670675772, 0.996814192955, 0.3917219764, 0.0275620844932, 0.0658172026043, 0.557030506489, 0.49152453703, 0.209943583572, 0.543188571889, 0.564971532288, 0.231159394253, 0.028293073361, 0.269942661151, 0.00485634114417, 0.138620354483, 0.0815956360925, 0.0519471421558, 0.0260996028073, 0.434374039192, 0.00827433570689, 0.877475338486, 1.69775075883
0.877475338486, 0.0308313215683, 0.231278987108, 0.212506725032, 0.332249941494, 0.300696956044, 0.233830462603, 0.163631640124, 0.607420909529, 0.0294061819446, 0.575670675772, 0.996814192955, 0.3917219764, 0.0275620844932, 0.0658172026043, 0.557030506489, 0.49152453703, 0.209943583572, 0.543188571889, 0.564971532288, 0.231159394253, 0.028293073361, 0.269942661151, 0.00485634114417, 0.138620354483, 0.0815956360925, 0.0519471421558, 0.0260996028073, 0.434374039192, 0.00827433570689, 0.877475338486, 1.69775075883
0.147556957498, 0.394972538118, 0.00244784428843, 0.0172994116307, 0.996596897783, 0.00605900154949, 0.117295113032, 0.163631640124, 0.0930989304848, 0.013166628992, 0.867731123319, 0.455760064081, 0.641414714665, 0.131915607581, 0.816379118879, 0.0469964874534, 0.366828525323, 0.000646920490016, 0.0861035639793, 0.134161116572, 0.437525739312, 0.0861187094702, 0.269942661151, 0.0331050079062, 0.138620354483, 0.191551459132, 0.0318941822407, 0.24750712258, 0.618366459225, 0.276878003832, 0.147556957498, 2.67798700527
0.147556957498, 0.394972538118, 0.00244784428843, 0.0172994116307, 0.996596897783, 0.00605900154949, 0.117295113032, 0.163631640124, 0.0930989304848, 0.013166628992, 0.867731123319, 0.455760064081, 0.641414714665, 0.131915607581, 0.816379118879, 0.0469964874534, 0.366828525323, 0.000646920490016, 0.0861035639793, 0.134161116572, 0.437525739312, 0.0861187094702, 0.269942661151, 0.0331050079062, 0.138620354483, 0.191551459132, 0.0318941822407, 0.24750712258, 0.618366459225, 0.276878003832, 0.147556957498, 2.67798700527
0.595838941863, 0.0776770445835, 0.765205031412, 0.0422749176668, 0.996596897783, 0.00605900154949, 0.117295113032, 0.628496574662, 0.0529539670646, 0.00959659460931, 0.723451824193, 0.252471545766, 0.641414714665, 0.131915607581, 0.997450806043, 0.0415609680719, 0.631760695536, 0.0019694059632, 0.176939536926, 0.935487053426, 0.037325477275, 0.0861187094702, 0.269942661151, 0.0505180475681, 0.138620354483, 0.056178557684, 0.150116503468, 0.337380119347, 0.0509275340216, 0.276878003832, 0.595838941863, 2.21138488296
0.595838941863, 0.0776770445835, 0.765205031412, 0.0422749176668, 0.996596897783, 0.00605900154949, 0.117295113032, 0.628496574662, 0.0529539670646, 0.00959659460931, 0.723451824193, 0.252471545766, 0.641414714665, 0.131915607581, 0.997450806043, 0.0415609680719, 0.631760695536, 0.0019694059632, 0.176939536926, 0.935487053426, 0.037325477275, 0.0861187094702, 0.269942661151, 0.0505180475681, 0.138620354483, 0.056178557684, 0.150116503468, 0.337380119347, 0.0509275340216, 0.276878003832, 0.595838941863, 2.21138488296
0.0252123340548, 0.288644459752, 0.40450875543, 0.120266245445, 0.897224465684, 0.633716226777, 0.0353223952537, 0.163631640124, 0.0510770670905, 0.00296183429729, 0.774525198234, 0.0796723232818, 0.3917219764, 0.131915607581, 0.167934043465, 0.0170896749739, 0.512060663142, 0.542862025557, 0.275058963466, 0.947998965334, 0.037325477275, 0.0861187094702, 0.0867580457865, 0.00485634114417, 0.38603501978, 0.056178557684, 0.189002038825, 0.137508280603, 0.833041696566, 0.276878003832, 0.0252123340548, 3.34456334681
0.0252123340548, 0.288644459752, 0.40450875543, 0.120266245445, 0.897224465684, 0.633716226777, 0.0353223952537, 0.163631640124, 0.0510770670905, 0.00296183429729, 0.774525198234, 0.0796723232818, 0.3917219764, 0.131915607581, 0.167934043465, 0.0170896749739, 0.512060663142, 0.542862025557, 0.275058963466, 0.947998965334, 0.037325477275, 0.0861187094702, 0.0867580457865, 0.00485634114417, 0.38603501978, 0.056178557684, 0.189002038825, 0.137508280603, 0.833041696566, 0.276878003832, 0.0252123340548, 3.34456334681
1.13528768171e-05, 0.0698029087759, 0.0635928043645, 0.571597916779, 0.0119961809464, 0.420510921793, 0.697309417414, 0.454746576821, 0.0916427261047, 0.0602208918439, 0.172390679737, 0.453565889783, 0.0541907785968, 0.819584426651, 0.767927937697, 0.631798473536, 0.417802114599, 0.413413971314, 0.104922474688, 0.457320570054, 0.00303829200053, 0.102476349077, 0.654118912702, 0.156235248714, 0.474844313918, 0.0456751681268, 0.648201652094, 0.850788852946, 0.122412220356, 0.272811414099, 1.13528768171e-05, 4.11675996524
1.13528768171e-05, 0.0698029087759, 0.0635928043645, 0.571597916779, 0.0119961809464, 0.420510921793, 0.697309417414, 0.454746576821, 0.0916427261047, 0.0602208918439, 0.172390679737, 0.453565889783, 0.0541907785968, 0.819584426651, 0.767927937697, 0.631798473536, 0.417802114599, 0.413413971314, 0.104922474688, 0.457320570054, 0.00303829200053, 0.102476349077, 0.654118912702, 0.156235248714, 0.474844313918, 0.0456751681268, 0.648201652094, 0.850788852946, 0.122412220356, 0.272811414099, 1.13528768171e-05, 4.11675996524
0.00358254221072, 0.0995050311131, 0.652442892387, 0.78484267626, 0.323009442064, 0.00767752502147, 0.0130151261948, 0.112867995102, 0.802785117108, 0.767251698755, 0.0753076756953, 0.506059181711, 0.213204109204, 0.0508699544628, 0.2924672389, 0.155265052893, 0.251139272964, 0.345645950702, 0.809934402882, 0.662892466298, 0.390846131426, 0.201500879272, 0.693345008051, 0.768494795822, 0.147109766797, 0.169544894577, 0.459271868896, 0.143685652343, 0.467167826131, 0.0221320027061, 0.00358254221072, 4.1012411645
0.00358254221072, 0.0995050311131, 0.652442892387, 0.78484267626, 0.323009442064, 0.00767752502147, 0.0130151261948, 0.112867995102, 0.802785117108, 0.767251698755, 0.0753076756953, 0.506059181711, 0.213204109204, 0.0508699544628, 0.2924672389, 0.155265052893, 0.251139272964, 0.345645950702, 0.809934402882, 0.662892466298, 0.390846131426, 0.201500879272, 0.693345008051, 0.768494795822, 0.147109766797, 0.169544894577, 0.459271868896, 0.143685652343, 0.467167826131, 0.0221320027061, 0.00358254221072, 4.1012411645
2.4716878656e-06, 0.21583411463, 0.0308873627642, 0.230896509487, 0.0039911106644, 0.420510921793, 0.221114593203, 0.486153331857, 0.273779482916, 0.386625775871, 0.172390679737, 0.453565889783, 0.0541907785968, 0.819584426651, 0.767927937697, 0.830007812958, 0.417802114599, 0.0600072944408, 0.0519607871744, 0.0175218609632, 0.0694969157554, 0.102476349077, 0.816446704988, 0.409923941473, 0.474844313918, 0.661592995752, 0.904088264554, 0.850788852946, 0.418623965276, 0.272811414099, 2.4716878656e-06, 4.37817876498
2.4716878656e-06, 0.21583411463, 0.0308873627642, 0.230896509487, 0.0039911106644, 0.420510921793, 0.221114593203, 0.486153331857, 0.273779482916, 0.386625775871, 0.172390679737, 0.453565889783, 0.0541907785968, 0.819584426651, 0.767927937697, 0.830007812958, 0.417802114599, 0.0600072944408, 0.0519607871744, 0.0175218609632, 0.0694969157554, 0.102476349077, 0.816446704988, 0.409923941473, 0.474844313918, 0.661592995752, 0.904088264554, 0.850788852946, 0.418623965276, 0.272811414099, 2.4716878656e-06, 4.37817876498
0.121184415885, 0.448368633213, 0.398947924226, 0.0422749176668, 0.996596897783, 0.00605900154949, 0.117295113032, 0.628496574662, 0.0319494585203, 0.00699887500634, 0.905978978694, 0.229727319512, 0.674514279692, 0.49291998325, 0.816379118879, 0.0469964874534, 0.631760695536, 0.0019694059632, 0.176939536926, 0.935487053426, 0.437525739312, 0.0861187094702, 0.269942661151, 0.0505180475681, 0.161657430153, 0.056178557684, 0.150116503468, 0.322441163809, 0.0509275340216, 0.069675511741, 0.121184415885, 3.18432307757
0.121184415885, 0.448368633213, 0.398947924226, 0.0422749176668, 0.996596897783, 0.00605900154949, 0.117295113032, 0.628496574662, 0.0319494585203, 0.00699887500634, 0.905978978694, 0.229727319512, 0.674514279692, 0.49291998325, 0.816379118879, 0.0469964874534, 0.631760695536, 0.0019694059632, 0.176939536926, 0.935487053426, 0.437525739312, 0.0861187094702, 0.269942661151, 0.0505180475681, 0.161657430153, 0.056178557684, 0.150116503468, 0.322441163809, 0.0509275340216, 0.069675511741, 0.121184415885, 3.18432307757
0.783866095741, 0.319890234415, 0.0144480280486, 0.120266245445, 0.164763081638, 0.72960090093, 0.0739683421134, 0.161735309644, 0.079398583741, 0.00956430113147, 0.88763535001, 0.427745709335, 0.3917219764, 0.131915607581, 0.27201692733, 0.0864098986781, 0.341088023626, 0.209943583572, 0.113757822123, 0.947998965334, 0.037325477275, 0.0203917886142, 0.269942661151, 0.218164367193, 0.503695052556, 0.169286147409, 0.150116503468, 0.137508280603, 0.833041696566, 0.276878003832, 0.783866095741, 1.85422356048
0.783866095741, 0.319890234415, 0.0144480280486, 0.120266245445, 0.164763081638, 0.72960090093, 0.0739683421134, 0.161735309644, 0.079398583741, 0.00956430113147, 0.88763535001, 0.427745709335, 0.3917219764, 0.131915607581, 0.27201692733, 0.0864098986781, 0.341088023626, 0.209943583572, 0.113757822123, 0.947998965334, 0.037325477275, 0.0203917886142, 0.269942661151, 0.218164367193, 0.503695052556, 0.169286147409, 0.150116503468, 0.137508280603, 0.833041696566, 0.276878003832, 0.783866095741, 1.85422356048
0.659770186311, 0.448368633213, 0.170222780268, 0.0197188339397, 0.996596897783, 0.62815299798, 0.25563580011, 0.163631640124, 0.0035833393783, 0.0197273007, 0.361430168995, 0.427745709335, 0.3917219764, 0.131915607581, 0.314255541364, 0.0469964874534, 0.00173499231037, 0.0025115958625, 0.318453486931, 0.935487053426, 0.444618393514, 0.0412078409078, 0.269942661151, 0.389131112962, 0.138620354483, 0.148268208917, 0.150116503468, 0.137508280603, 0.418623965276, 0.276878003832, 0.659770186311, 1.97972820249
0.659770186311, 0.448368633213, 0.170222780268, 0.0197188339397, 0.996596897783, 0.62815299798, 0.25563580011, 0.163631640124, 0.0035833393783, 0.0197273007, 0.361430168995, 0.427745709335, 0.3917219764, 0.131915607581, 0.314255541364, 0.0469964874534, 0.00173499231037, 0.0025115958625, 0.318453486931, 0.935487053426, 0.444618393514, 0.0412078409078, 0.269942661151, 0.389131112962, 0.138620354483, 0.148268208917, 0.150116503468, 0.137508280603, 0.418623965276, 0.276878003832, 0.659770186311, 1.97972820249
8.75207771922e-07, 0.147733634438, 0.216292178467, 0.881826749158, 0.0039911106644, 0.420510921793, 0.319339136018, 0.662226203454, 0.129328898364, 0.98222622058, 0.951940156489, 0.177040837159, 0.0541907785968, 0.00726951664341, 0.767927937697, 0.68381750796, 0.417802114599, 0.390768108768, 0.230084221446, 0.0915840775619, 0.0455709026193, 0.0974597697157, 0.182017735842, 0.409923941473, 0.474844313918, 0.0226281060993, 0.980938295681, 0.953742565164, 0.998862562294, 0.272811414099, 8.75207771922e-07, 4.71425449942
8.75207771922e-07, 0.147733634438, 0.216292178467, 0.881826749158, 0.0039911106644, 0.420510921793, 0.319339136018, 0.662226203454, 0.129328898364, 0.98222622058, 0.951940156489, 0.177040837159, 0.0541907785968, 0.00726951664341, 0.767927937697, 0.68381750796, 0.417802114599, 0.390768108768, 0.230084221446, 0.0915840775619, 0.0455709026193, 0.0974597697157, 0.182017735842, 0.409923941473, 0.474844313918, 0.0226281060993, 0.980938295681, 0.953742565164, 0.998862562294, 0.272811414099, 8.75207771922e-07, 4.71425449942
0.364298957127, 0.905362139339, 0.710447879547, 0.00395047123601, 0.996681478287, 0.0558848401587, 0.25106433516, 0.163631640124, 0.0682706218024, 0.0655661388826, 0.0728554818336, 0.427745709335, 0.3917219764, 0.39801846777, 0.816379118879, 0.0469964874534, 0.0504213779588, 0.0025115958625, 0.176939536926, 0.595829902449, 0.437525739312, 0.0250562396284, 0.301523966098, 0.389131112962, 0.138620354483, 0.340142738305, 0.135495972285, 0.337380119347, 0.0950676323785, 0.276878003832, 0.364298957127, 2.53301532879
0.364298957127, 0.905362139339, 0.710447879547, 0.00395047123601, 0.996681478287, 0.0558848401587, 0.25106433516, 0.163631640124, 0.0682706218024, 0.0655661388826, 0.0728554818336, 0.427745709335, 0.3917219764, 0.39801846777, 0.816379118879, 0.0469964874534, 0.0504213779588, 0.0025115958625, 0.176939536926, 0.595829902449, 0.437525739312, 0.0250562396284, 0.301523966098, 0.389131112962, 0.138620354483, 0.340142738305, 0.135495972285, 0.337380119347, 0.0950676323785, 0.276878003832, 0.364298957127, 2.53301532879
0.452656504444, 0.319243179336, 0.0382626904589, 0.426473883895, 0.86079614726, 0.746782186731, 0.0122942922872, 0.395375355332, 0.118337842445, 0.0294061819446, 0.582386404394, 0.570342668002, 0.3917219764, 0.131915607581, 0.640927733256, 0.0398589091783, 0.77034574123, 0.209943583572, 0.0157463291795, 0.0728302357478, 0.437525739312, 0.0861187094702, 0.269942661151, 0.00485634114417, 0.164924234771, 0.564712663891, 0.11706760715, 0.0268286623209, 0.418623965276, 0.00306939254582, 0.452656504444, 2.34615955977
0.452656504444, 0.319243179336, 0.0382626904589, 0.426473883895, 0.86079614726, 0.746782186731, 0.0122942922872, 0.395375355332, 0.118337842445, 0.0294061819446, 0.582386404394, 0.570342668002, 0.3917219764, 0.131915607581, 0.640927733256, 0.0398589091783, 0.77034574123, 0.209943583572, 0.0157463291795, 0.0728302357478, 0.437525739312, 0.0861187094702, 0.269942661151, 0.00485634114417, 0.164924234771, 0.564712663891, 0.11706760715, 0.0268286623209, 0.418623965276, 0.00306939254582, 0.452656504444, 2.34615955977
0.0249513113504, 0.327728072585, 0.131542974051, 0.0159767034795, 0.0869926946307, 0.599194947729, 0.0456964052396, 0.449049166579, 0.0345823305397, 0.520501172673, 0.492530978412, 0.797290968692, 0.314225741892, 0.359939489271, 0.615076286097, 0.723892996091, 0.174992491336, 0.0438085195613, 0.404978795811, 0.232559269958, 0.0111041609311, 0.432769641812, 0.81254677131, 0.35006799358, 0.015415393538, 0.466674067575, 0.150116503468, 0.29623220653, 0.508622171084, 0.0675475266469, 0.0249513113504, 3.62893894089
0.0249513113504, 0.327728072585, 0.131542974051, 0.0159767034795, 0.0869926946307, 0.599194947729, 0.0456964052396, 0.449049166579, 0.0345823305397, 0.520501172673, 0.492530978412, 0.797290968692, 0.314225741892, 0.359939489271, 0.615076286097, 0.723892996091, 0.174992491336, 0.0438085195613, 0.404978795811, 0.232559269958, 0.0111041609311, 0.432769641812, 0.81254677131, 0.35006799358, 0.015415393538, 0.466674067575, 0.150116503468, 0.29623220653, 0.508622171084, 0.0675475266469, 0.0249513113504, 3.62893894089
0.00924371871614, 0.327728072585, 0.131542974051, 0.0159767034795, 0.0869926946307, 0.599194947729, 0.0456964052396, 0.449049166579, 0.0687157245111, 0.74800047375, 0.911974102788, 0.797290968692, 0.314225741892, 0.035448217997, 0.519101050494, 0.738332511492, 0.157339085943, 0.0438085195613, 0.404978795811, 0.376113864943, 0.0111041609311, 0.432769641812, 0.770050646646, 0.35006799358, 0.015415393538, 0.466674067575, 0.150116503468, 0.398287423027, 0.0423583377072, 0.0675475266469, 0.00924371871614, 3.7499368746
0.00924371871614, 0.327728072585, 0.131542974051, 0.0159767034795, 0.0869926946307, 0.599194947729, 0.0456964052396, 0.449049166579, 0.0687157245111, 0.74800047375, 0.911974102788, 0.797290968692, 0.314225741892, 0.035448217997, 0.519101050494, 0.738332511492, 0.157339085943, 0.0438085195613, 0.404978795811, 0.376113864943, 0.0111041609311, 0.432769641812, 0.770050646646, 0.35006799358, 0.015415393538, 0.466674067575, 0.150116503468, 0.398287423027, 0.0423583377072, 0.0675475266469, 0.00924371871614, 3.7499368746
0.00975215276611, 0.298463046079, 0.405936951253, 0.0159767034795, 0.0869926946307, 0.599194947729, 0.174205674017, 0.607893915432, 0.079398583741, 0.550538038438, 0.609180227824, 0.560534991733, 0.261077355386, 0.0549340625739, 0.615076286097, 0.805032105574, 0.174992491336, 0.0438085195613, 0.404978795811, 0.232559269958, 0.300146191635, 0.0515477264843, 0.850077249049, 0.372517809825, 0.015415393538, 0.548231125256, 0.0281787434627, 0.398287423027, 0.0697776338666, 0.223701407245, 0.00975215276611, 3.73348668264
0.00975215276611, 0.298463046079, 0.405936951253, 0.0159767034795, 0.0869926946307, 0.599194947729, 0.174205674017, 0.607893915432, 0.079398583741, 0.550538038438, 0.609180227824, 0.560534991733, 0.261077355386, 0.0549340625739, 0.615076286097, 0.805032105574, 0.174992491336, 0.0438085195613, 0.404978795811, 0.232559269958, 0.300146191635, 0.0515477264843, 0.850077249049, 0.372517809825, 0.015415393538, 0.548231125256, 0.0281787434627, 0.398287423027, 0.0697776338666, 0.223701407245, 0.00975215276611, 3.73348668264
0.877475338486, 0.0308313215683, 0.231278987108, 0.236760145086, 0.0071648263078, 0.365688633753, 0.0196207589446, 0.156221045484, 0.332610454017, 0.0294061819446, 0.575670675772, 0.875898662771, 0.3917219764, 0.415967713134, 0.0658172026043, 0.557030506489, 0.49152453703, 0.0406140748733, 0.543188571889, 0.999374274226, 0.378156311559, 0.028293073361, 0.269942661151, 0.00485634114417, 0.0407517532946, 0.129043015378, 0.280217718458, 0.0260996028073, 0.434374039192, 0.00827433570689, 0.877475338486, 1.72679806851
0.877475338486, 0.0308313215683, 0.231278987108, 0.236760145086, 0.0071648263078, 0.365688633753, 0.0196207589446, 0.156221045484, 0.332610454017, 0.0294061819446, 0.575670675772, 0.875898662771, 0.3917219764, 0.415967713134, 0.0658172026043, 0.557030506489, 0.49152453703, 0.0406140748733, 0.543188571889, 0.999374274226, 0.378156311559, 0.028293073361, 0.269942661151, 0.00485634114417, 0.0407517532946, 0.129043015378, 0.280217718458, 0.0260996028073, 0.434374039192, 0.00827433570689, 0.877475338486, 1.72679806851
8.75207771922e-07, 0.147733634438, 0.315628657821, 0.840062709489, 0.0039911106644, 0.496886076688, 0.319339136018, 0.662226203454, 0.129328898364, 0.291781016206, 0.951940156489, 0.294329402063, 0.0541907785968, 0.819584426651, 0.780492002876, 0.68381750796, 0.417802114599, 0.289397703563, 0.230084221446, 0.0915840775619, 0.0694969157554, 0.0709883183984, 0.182017735842, 0.409923941473, 0.288154313791, 0.0226281060993, 0.995002357974, 0.926915529517, 0.998862562294, 0.272811414099, 8.75207771922e-07, 4.73979073027
8.75207771922e-07, 0.147733634438, 0.315628657821, 0.840062709489, 0.0039911106644, 0.496886076688, 0.319339136018, 0.662226203454, 0.129328898364, 0.291781016206, 0.951940156489, 0.294329402063, 0.0541907785968, 0.819584426651, 0.780492002876, 0.68381750796, 0.417802114599, 0.289397703563, 0.230084221446, 0.0915840775619, 0.0694969157554, 0.0709883183984, 0.182017735842, 0.409923941473, 0.288154313791, 0.0226281060993, 0.995002357974, 0.926915529517, 0.998862562294, 0.272811414099, 8.75207771922e-07, 4.73979073027
0.988519684524, 0.39200966123, 0.121176334208, 0.120266245445, 0.164763081638, 0.72960090093, 0.090697974432, 0.000144702789244, 0.079398583741, 0.0041568822417, 0.961545238184, 0.427745709335, 0.3917219764, 0.131915607581, 0.27201692733, 0.267522061702, 0.336449956758, 0.209943583572, 0.113757822123, 0.947998965334, 0.0257610576928, 0.113327806074, 0.00942236162061, 0.218164367193, 0.503695052556, 0.169286147409, 0.150116503468, 0.534026370922, 0.833041696566, 0.143272844441, 0.988519684524, 1.73307508695
0.988519684524, 0.39200966123, 0.121176334208, 0.120266245445, 0.164763081638, 0.72960090093, 0.090697974432, 0.000144702789244, 0.079398583741, 0.0041568822417, 0.961545238184, 0.427745709335, 0.3917219764, 0.131915607581, 0.27201692733, 0.267522061702, 0.336449956758, 0.209943583572, 0.113757822123, 0.947998965334, 0.0257610576928, 0.113327806074, 0.00942236162061, 0.218164367193, 0.503695052556, 0.169286147409, 0.150116503468, 0.534026370922, 0.833041696566, 0.143272844441, 0.988519684524, 1.73307508695
0.147556957498, 0.394972538118, 0.00244784428843, 0.0422749176668, 0.996596897783, 0.00605900154949, 0.117295113032, 0.163631640124, 0.0930989304848, 0.013166628992, 0.867731123319, 0.455760064081, 0.711694726313, 0.131915607581, 0.816379118879, 0.0469964874534, 0.366828525323, 0.000646920490016, 0.0861035639793, 0.134161116572, 0.437525739312, 0.0861187094702, 0.10513130435, 0.612999512607, 0.138620354483, 0.056178557684, 0.150116503468, 0.24750712258, 0.618366459225, 0.276878003832, 0.147556957498, 2.81524313629
0.595838941863, 0.0776770445835, 0.765205031412, 0.0422749176668, 0.996596897783, 0.00605900154949, 0.117295113032, 0.628496574662, 0.0319494585203, 0.0197273007, 0.723451824193, 0.252471545766, 0.641414714665, 0.131915607581, 0.997450806043, 0.0469964874534, 0.631760695536, 0.0019694059632, 0.176939536926, 0.935487053426, 0.506980136972, 0.0861187094702, 0.269942661151, 0.0505180475681, 0.185156308801, 0.056178557684, 0.150116503468, 0.337380119347, 0.0509275340216, 0.276878003832, 0.595838941863, 2.33840331382
0.659770186311, 0.160690722283, 0.330680465341, 0.120266245445, 0.247301137917, 0.746782186731, 0.117295113032, 0.163631640124, 0.145079606053, 0.0197273007, 0.991906932668, 0.013428114417, 0.319059065006, 0.108742143155, 0.640927733256, 0.126067908499, 0.631760695536, 0.171834260161, 0.176939536926, 0.696796848919, 0.0130444835352, 0.0861187094702, 0.0948859431975, 0.00336690758614, 0.138620354483, 0.00606692028983, 0.150116503468, 0.94529641206, 0.418623965276, 0.276878003832, 0.659770186311, 1.98194652253
0.0252123340548, 0.288644459752, 0.416900026886, 0.120266245445, 0.897224465684, 0.633716226777, 0.0353223952537, 0.163631640124, 0.0510770670905, 0.00296183429729, 0.88763535001, 0.0796723232818, 0.3917219764, 0.131915607581, 0.167934043465, 0.0170896749739, 0.512060663142, 0.542862025557, 0.275058963466, 0.947998965334, 0.037325477275, 0.143801646484, 0.186390956502, 0.000517734015301, 0.138620354483, 0.583610341486, 0.189002038825, 0.137508280603, 0.319378823143, 0.276878003832, 0.0252123340548, 3.35789919539
0.266494186471, 0.279485930908, 0.229763310808, 0.0048304726338, 0.990831195034, 0.00605900154949, 0.117295113032, 0.145084181532, 0.0930989304848, 0.403546900208, 0.905978978694, 0.42256951446, 0.681925583286, 0.131915607581, 0.816379118879, 0.0469964874534, 0.0959830356672, 3.01035833886e-05, 0.295366718573, 0.81110044031, 0.437525739312, 0.0861187094702, 0.269942661151, 0.0331050079062, 0.138620354483, 0.0500918123877, 0.150116503468, 0.337380119347, 0.418623965276, 0.246274293398, 0.266494186471, 2.69251374927
0.452656504444, 0.319243179336, 0.0382626904589, 0.426473883895, 0.86079614726, 0.746782186731, 0.0122942922872, 0.395375355332, 0.118337842445, 0.0294061819446, 0.582386404394, 0.570342668002, 0.363560180547, 0.131915607581, 0.640927733256, 0.0398589091783, 0.77034574123, 0.209943583572, 0.161102140736, 0.33142923, 0.437525739312, 0.0861187094702, 0.269942661151, 0.00485634114417, 0.185156308801, 0.564712663891, 0.11706760715, 0.0268286623209, 0.418623965276, 0.00306939254582, 0.452656504444, 2.44753706141
0.452656504444, 0.319243179336, 0.0382626904589, 0.426473883895, 0.86079614726, 0.746782186731, 0.0122942922872, 0.395375355332, 0.118337842445, 0.0294061819446, 0.582386404394, 0.570342668002, 0.363560180547, 0.131915607581, 0.640927733256, 0.0398589091783, 0.77034574123, 0.209943583572, 0.161102140736, 0.33142923, 0.437525739312, 0.0861187094702, 0.269942661151, 0.00485634114417, 0.185156308801, 0.564712663891, 0.11706760715, 0.0268286623209, 0.418623965276, 0.00306939254582, 0.452656504444, 2.44753706141
0.266494186471, 0.279485930908, 0.229763310808, 0.0048304726338, 0.990831195034, 0.00605900154949, 0.117295113032, 0.145084181532, 0.0930989304848, 0.403546900208, 0.905978978694, 0.42256951446, 0.681925583286, 0.131915607581, 0.816379118879, 0.0469964874534, 0.0959830356672, 3.01035833886e-05, 0.295366718573, 0.81110044031, 0.437525739312, 0.0861187094702, 0.269942661151, 0.0331050079062, 0.138620354483, 0.0500918123877, 0.150116503468, 0.337380119347, 0.418623965276, 0.246274293398, 0.266494186471, 2.69251374927
0.0252123340548, 0.288644459752, 0.416900026886, 0.120266245445, 0.897224465684, 0.633716226777, 0.0353223952537, 0.163631640124, 0.0510770670905, 0.00296183429729, 0.88763535001, 0.0796723232818, 0.3917219764, 0.131915607581, 0.167934043465, 0.0170896749739, 0.512060663142, 0.542862025557, 0.275058963466, 0.947998965334, 0.037325477275, 0.143801646484, 0.186390956502, 0.000517734015301, 0.138620354483, 0.583610341486, 0.189002038825, 0.137508280603, 0.319378823143, 0.276878003832, 0.0252123340548, 3.35789919539
0.147556957498, 0.394972538118, 0.00244784428843, 0.0422749176668, 0.996596897783, 0.00605900154949, 0.117295113032, 0.163631640124, 0.0930989304848, 0.013166628992, 0.867731123319, 0.455760064081, 0.711694726313, 0.131915607581, 0.816379118879, 0.0469964874534, 0.366828525323, 0.000646920490016, 0.0861035639793, 0.134161116572, 0.437525739312, 0.0861187094702, 0.10513130435, 0.612999512607, 0.138620354483, 0.056178557684, 0.150116503468, 0.24750712258, 0.618366459225, 0.276878003832, 0.147556957498, 2.81524313629
0.783866095741, 0.319890234415, 0.0144480280486, 0.120266245445, 0.164763081638, 0.72960090093, 0.0739683421134, 0.161735309644, 0.079398583741, 0.00075806360253, 0.908114952554, 0.427745709335, 0.3917219764, 0.131915607581, 0.27201692733, 0.0394189624552, 0.631760695536, 0.0902147506096, 0.113757822123, 0.947998965334, 0.037325477275, 0.0611348535169, 0.269942661151, 0.218164367193, 0.503695052556, 0.0196582912064, 0.150116503468, 0.137508280603, 0.833041696566, 0.276878003832, 0.783866095741, 1.86056391944
0.877475338486, 0.0308313215683, 0.231278987108, 0.0144286371431, 0.332249941494, 0.300696956044, 0.833672565479, 0.163631640124, 0.607420909529, 0.0294061819446, 0.575670675772, 0.996814192955, 0.3917219764, 0.0275620844932, 0.0658172026043, 0.557030506489, 0.49152453703, 0.209943583572, 0.543188571889, 0.564971532288, 0.231159394253, 0.028293073361, 0.269942661151, 0.00485634114417, 0.0085161938195, 0.0616657031874, 0.0519471421558, 0.0260996028073, 0.434374039192, 0.00827433570689, 0.877475338486, 1.75623801783
0.783866095741, 0.319890234415, 0.0144480280486, 0.120266245445, 0.164763081638, 0.72960090093, 0.0739683421134, 0.161735309644, 0.079398583741, 0.00075806360253, 0.908114952554, 0.427745709335, 0.3917219764, 0.131915607581, 0.27201692733, 0.0394189624552, 0.631760695536, 0.0902147506096, 0.113757822123, 0.947998965334, 0.037325477275, 0.0611348535169, 0.269942661151, 0.218164367193, 0.503695052556, 0.0196582912064, 0.150116503468, 0.137508280603, 0.833041696566, 0.276878003832, 0.783866095741, 1.86056391944
0.0249513113504, 0.327728072585, 0.131542974051, 0.0159767034795, 0.0869926946307, 0.599194947729, 0.0456964052396, 0.38568291309, 0.531862101548, 0.520501172673, 0.492530978412, 0.797290968692, 0.314225741892, 0.0403095384741, 0.615076286097, 0.723892996091, 0.174992491336, 0.0438085195613, 0.404978795811, 0.232559269958, 0.0111041609311, 0.432769641812, 0.847020201967, 0.35006799358, 0.015415393538, 0.466674067575, 0.150116503468, 0.398287423027, 0.508622171084, 0.0675475266469, 0.0249513113504, 3.7036962149
2.4716878656e-06, 0.147733634438, 0.0308873627642, 0.782748883129, 0.00215962661584, 0.420510921793, 0.221114593203, 0.15387442154, 0.273779482916, 0.386625775871, 0.0225157817396, 0.988393244998, 0.0541907785968, 0.7725614336, 0.767927937697, 0.106055167542, 0.417802114599, 0.27995421575, 0.0519607871744, 0.0915840775619, 0.0694969157554, 0.00428256276144, 0.857436362044, 0.409923941473, 0.474844313918, 0.109690952147, 0.930077829963, 0.850788852946, 0.998862562294, 0.272811414099, 2.4716878656e-06, 4.39516359743
0.659770186311, 0.160690722283, 0.330680465341, 0.120266245445, 0.247301137917, 0.746782186731, 0.117295113032, 0.163631640124, 0.145079606053, 0.0197273007, 0.991906932668, 0.013428114417, 0.319059065006, 0.108742143155, 0.640927733256, 0.126067908499, 0.631760695536, 0.171834260161, 0.176939536926, 0.696796848919, 0.0130444835352, 0.0861187094702, 0.0948859431975, 0.00336690758614, 0.138620354483, 0.00606692028983, 0.150116503468, 0.94529641206, 0.418623965276, 0.276878003832, 0.659770186311, 1.98194652253
0.0112925975827, 0.371134190426, 0.0723885590078, 0.175829646064, 0.7292245029, 0.256483599166, 0.672716165369, 0.135387615893, 0.0871670271012, 0.418783875624, 0.999856268375, 0.541058835991, 0.0173874369159, 0.207386895386, 0.351505695562, 0.141065174505, 0.156749837088, 0.462297148917, 0.369965016401, 0.0781874875156, 0.89267476629, 0.460226736539, 0.42154889573, 0.584682250095, 0.891214118934, 0.462446770161, 0.0479983362357, 0.0807347610135, 0.119923590453, 0.132307808854, 0.0112925975827, 3.99044746138
0.877475338486, 0.0308313215683, 0.231278987108, 0.0144286371431, 0.332249941494, 0.300696956044, 0.833672565479, 0.163631640124, 0.607420909529, 0.0294061819446, 0.575670675772, 0.996814192955, 0.3917219764, 0.0275620844932, 0.0658172026043, 0.557030506489, 0.49152453703, 0.209943583572, 0.543188571889, 0.564971532288, 0.231159394253, 0.028293073361, 0.269942661151, 0.00485634114417, 0.0085161938195, 0.0616657031874, 0.0519471421558, 0.0260996028073, 0.434374039192, 0.00827433570689, 0.877475338486, 1.75623801783
0.595838941863, 0.0776770445835, 0.765205031412, 0.0422749176668, 0.996596897783, 0.00605900154949, 0.117295113032, 0.628496574662, 0.0319494585203, 0.0197273007, 0.723451824193, 0.252471545766, 0.641414714665, 0.131915607581, 0.997450806043, 0.0469964874534, 0.631760695536, 0.0019694059632, 0.176939536926, 0.935487053426, 0.506980136972, 0.0861187094702, 0.269942661151, 0.0505180475681, 0.185156308801, 0.056178557684, 0.150116503468, 0.337380119347, 0.0509275340216, 0.276878003832, 0.595838941863, 2.33840331382
0.0249513113504, 0.327728072585, 0.131542974051, 0.0159767034795, 0.0869926946307, 0.599194947729, 0.0456964052396, 0.38568291309, 0.531862101548, 0.520501172673, 0.492530978412, 0.797290968692, 0.314225741892, 0.0403095384741, 0.615076286097, 0.723892996091, 0.174992491336, 0.0438085195613, 0.404978795811, 0.232559269958, 0.0111041609311, 0.432769641812, 0.847020201967, 0.35006799358, 0.015415393538, 0.466674067575, 0.150116503468, 0.398287423027, 0.508622171084, 0.0675475266469, 0.0249513113504, 3.7036962149
0.0112925975827, 0.371134190426, 0.0723885590078, 0.175829646064, 0.7292245029, 0.256483599166, 0.672716165369, 0.135387615893, 0.0871670271012, 0.418783875624, 0.999856268375, 0.541058835991, 0.0173874369159, 0.207386895386, 0.351505695562, 0.141065174505, 0.156749837088, 0.462297148917, 0.369965016401, 0.0781874875156, 0.89267476629, 0.460226736539, 0.42154889573, 0.584682250095, 0.891214118934, 0.462446770161, 0.0479983362357, 0.0807347610135, 0.119923590453, 0.132307808854, 0.0112925975827, 3.99044746138
0.00358254221072, 0.0995050311131, 0.652442892387, 0.78484267626, 0.323009442064, 0.00448399531942, 0.0130151261948, 0.112867995102, 0.273779482916, 0.767251698755, 0.0753076756953, 0.601606904077, 0.012718585707, 0.0508699544628, 0.2924672389, 0.155265052893, 0.17009103463, 0.345645950702, 0.809934402882, 0.662892466298, 0.390846131426, 0.201500879272, 0.617405629461, 0.985843684034, 0.147109766797, 0.169544894577, 0.459271868896, 0.143685652343, 0.467167826131, 0.627284758056, 0.00358254221072, 4.10991967182
