0.0252123340548, 0.288644459752, 0.40450875543, 0.0972608580375, 0.897224465684, 0.599672131762, 0.0353223952537, 0.163631640124, 0.0510770670905, 0.00296183429729, 0.774525198234, 0.0796723232818, 0.3917219764, 0.10683511135, 0.167934043465, 0.0170896749739, 0.512060663142, 0.542862025557, 0.275058963466, 0.947998965334, 0.037325477275, 0.0861187094702, 0.0867580457865, 0.00485634114417, 0.38603501978, 0.056178557684, 0.203109112293, 0.137508280603, 0.388413317272, 0.175315241912, 0.0252123340548, 3.16197512128
0.0252123340548, 0.288644459752, 0.40450875543, 0.0972608580375, 0.897224465684, 0.599672131762, 0.0353223952537, 0.163631640124, 0.0510770670905, 0.00296183429729, 0.774525198234, 0.0796723232818, 0.3917219764, 0.10683511135, 0.167934043465, 0.0170896749739, 0.512060663142, 0.542862025557, 0.275058963466, 0.947998965334, 0.037325477275, 0.0861187094702, 0.0867580457865, 0.00485634114417, 0.38603501978, 0.056178557684, 0.203109112293, 0.137508280603, 0.388413317272, 0.175315241912, 0.0252123340548, 3.16197512128
5.38010587359e-06, 0.0698029087759, 0.0635928043645, 0.994326263244, 0.0039911106644, 0.420510921793, 0.697309417414, 0.662226203454, 0.0916427261047, 0.0602208918439, 0.172390679737, 0.453565889783, 0.0275475027699, 0.501333975061, 0.767927937697, 0.631798473536, 0.249681995471, 0.457899804428, 0.104922474688, 0.0915840775619, 0.0694969157554, 0.102476349077, 0.654118912702, 0.275761399479, 0.474844313918, 0.0456751681268, 0.648201652094, 0.873387424309, 0.122412220356, 0.180298193841, 5.38010587359e-06, 4.08911854205
5.38010587359e-06, 0.0698029087759, 0.0635928043645, 0.994326263244, 0.0039911106644, 0.420510921793, 0.697309417414, 0.662226203454, 0.0916427261047, 0.0602208918439, 0.172390679737, 0.453565889783, 0.0275475027699, 0.501333975061, 0.767927937697, 0.631798473536, 0.249681995471, 0.457899804428, 0.104922474688, 0.0915840775619, 0.0694969157554, 0.102476349077, 0.654118912702, 0.275761399479, 0.474844313918, 0.0456751681268, 0.648201652094, 0.873387424309, 0.122412220356, 0.180298193841, 5.38010587359e-06, 4.08911854205
0.0497287099204, 0.279485930908, 0.609047728264, 0.411141045971, 0.00305037629229, 0.00605900154949, 0.289318092493, 0.103571677949, 0.0930989304848, 0.0197273007, 0.597046167802, 0.455760064081, 0.00554451415368, 0.131915607581, 0.426206834702, 0.0469964874534, 0.631760695536, 0.0025115958625, 0.341111302563, 0.941746815827, 0.437525739312, 0.02998502382, 0.269942661151, 0.585120337082, 0.138620354483, 0.056178557684, 0.150116503468, 0.337380119347, 0.418623965276, 0.246274293398, 0.0497287099204, 3.08552419701
0.0497287099204, 0.279485930908, 0.609047728264, 0.411141045971, 0.00305037629229, 0.00605900154949, 0.289318092493, 0.103571677949, 0.0930989304848, 0.0197273007, 0.597046167802, 0.455760064081, 0.00554451415368, 0.131915607581, 0.426206834702, 0.0469964874534, 0.631760695536, 0.0025115958625, 0.341111302563, 0.941746815827, 0.437525739312, 0.02998502382, 0.269942661151, 0.585120337082, 0.138620354483, 0.056178557684, 0.150116503468, 0.337380119347, 0.418623965276, 0.246274293398, 0.0497287099204, 3.08552419701
7.71270123434e-07, 0.147733634438, 0.315628657821, 0.571597916779, 0.0039911106644, 0.381789480363, 0.0226093354666, 0.088631521385, 0.129328898364, 0.956576872099, 0.951940156489, 0.294329402063, 0.125679542832, 0.819584426651, 0.914919644668, 0.514880761254, 0.562215334248, 0.390768108768, 0.156692050594, 0.0915840775619, 0.0694969157554, 0.0974597697157, 0.857436362044, 0.409923941473, 0.474844313918, 0.00428516057645, 0.980938295681, 0.926915529517, 0.82048909756, 0.848945365055, 7.71270123434e-07, 5.01116956468
7.71270123434e-07, 0.147733634438, 0.315628657821, 0.571597916779, 0.0039911106644, 0.381789480363, 0.0226093354666, 0.088631521385, 0.129328898364, 0.956576872099, 0.951940156489, 0.294329402063, 0.125679542832, 0.819584426651, 0.914919644668, 0.514880761254, 0.562215334248, 0.390768108768, 0.156692050594, 0.0915840775619, 0.0694969157554, 0.0974597697157, 0.857436362044, 0.409923941473, 0.474844313918, 0.00428516057645, 0.980938295681, 0.926915529517, 0.82048909756, 0.848945365055, 7.71270123434e-07, 5.01116956468
0.00924371871614, 0.314474250641, 0.131542974051, 0.0159767034795, 0.0869926946307, 0.599194947729, 0.0125945421259, 0.449049166579, 0.0687157245111, 0.728504565339, 0.891516854032, 0.462951267759, 0.168948488557, 0.035448217997, 0.575594389756, 0.723994535377, 0.174992491336, 0.0438085195613, 0.404978795811, 0.232559269958, 0.0111041609311, 0.498392014933, 0.770050646646, 0.35006799358, 0.015415393538, 0.466674067575, 0.150116503468, 0.398287423027, 0.0423583377072, 0.0675475266469, 0.00924371871614, 3.5731211779
0.00924371871614, 0.314474250641, 0.131542974051, 0.0159767034795, 0.0869926946307, 0.599194947729, 0.0125945421259, 0.449049166579, 0.0687157245111, 0.728504565339, 0.891516854032, 0.462951267759, 0.168948488557, 0.035448217997, 0.575594389756, 0.723994535377, 0.174992491336, 0.0438085195613, 0.404978795811, 0.232559269958, 0.0111041609311, 0.498392014933, 0.770050646646, 0.35006799358, 0.015415393538, 0.466674067575, 0.150116503468, 0.398287423027, 0.0423583377072, 0.0675475266469, 0.00924371871614, 3.5731211779
0.147556957498, 0.394972538118, 0.00244784428843, 0.0172994116307, 0.99905550518, 0.00399138857527, 0.117295113032, 0.163631640124, 0.0930989304848, 0.013166628992, 0.867731123319, 0.240512218067, 0.641414714665, 0.0472038600542, 0.816379118879, 0.0469964874534, 0.366828525323, 0.000646920490016, 0.0556402629047, 0.134161116572, 0.437525739312, 0.0861187094702, 0.269942661151, 0.0331050079062, 0.138620354483, 0.191551459132, 0.0318941822407, 0.24750712258, 0.618366459225, 0.276878003832, 0.147556957498, 2.58633823098
0.147556957498, 0.394972538118, 0.00244784428843, 0.0172994116307, 0.99905550518, 0.00399138857527, 0.117295113032, 0.163631640124, 0.0930989304848, 0.013166628992, 0.867731123319, 0.240512218067, 0.641414714665, 0.0472038600542, 0.816379118879, 0.0469964874534, 0.366828525323, 0.000646920490016, 0.0556402629047, 0.134161116572, 0.437525739312, 0.0861187094702, 0.269942661151, 0.0331050079062, 0.138620354483, 0.191551459132, 0.0318941822407, 0.24750712258, 0.618366459225, 0.276878003832, 0.147556957498, 2.58633823098
3.39695772367e-06, 0.0698029087759, 0.0635928043645, 0.994326263244, 0.0039911106644, 0.420510921793, 0.697309417414, 0.662226203454, 0.0916427261047, 0.0602208918439, 0.146888633953, 0.453565889783, 0.0349376292422, 0.414528291743, 0.767927937697, 0.631798473536, 0.417802114599, 0.413413971314, 0.104922474688, 0.0915840775619, 0.0978101957547, 0.102476349077, 0.785775107294, 0.275761399479, 0.212011371075, 0.0456751681268, 0.773064198466, 0.850788852946, 0.0973133429974, 0.272811414099, 3.39695772367e-06, 4.11661469284
3.39695772367e-06, 0.0698029087759, 0.0635928043645, 0.994326263244, 0.0039911106644, 0.420510921793, 0.697309417414, 0.662226203454, 0.0916427261047, 0.0602208918439, 0.146888633953, 0.453565889783, 0.0349376292422, 0.414528291743, 0.767927937697, 0.631798473536, 0.417802114599, 0.413413971314, 0.104922474688, 0.0915840775619, 0.0978101957547, 0.102476349077, 0.785775107294, 0.275761399479, 0.212011371075, 0.0456751681268, 0.773064198466, 0.850788852946, 0.0973133429974, 0.272811414099, 3.39695772367e-06, 4.11661469284
0.00975215276611, 0.298463046079, 0.405936951253, 0.0159767034795, 0.0869926946307, 0.599194947729, 0.174205674017, 0.449049166579, 0.079398583741, 0.550538038438, 0.609180227824, 0.927883776352, 0.261077355386, 0.0549340625739, 0.615076286097, 0.0678313094018, 0.174992491336, 0.0438085195613, 0.404978795811, 0.232559269958, 0.0882808689051, 0.029910334637, 0.90600439549, 0.557066157912, 0.015415393538, 0.548231125256, 0.0281787434627, 0.398287423027, 0.0697776338666, 0.0120798845785, 0.00975215276611, 3.51165042555
0.00975215276611, 0.298463046079, 0.405936951253, 0.0159767034795, 0.0869926946307, 0.599194947729, 0.174205674017, 0.449049166579, 0.079398583741, 0.550538038438, 0.609180227824, 0.927883776352, 0.261077355386, 0.0549340625739, 0.615076286097, 0.0678313094018, 0.174992491336, 0.0438085195613, 0.404978795811, 0.232559269958, 0.0882808689051, 0.029910334637, 0.90600439549, 0.557066157912, 0.015415393538, 0.548231125256, 0.0281787434627, 0.398287423027, 0.0697776338666, 0.0120798845785, 0.00975215276611, 3.51165042555
0.452656504444, 0.105721992641, 0.0382626904589, 0.227746907967, 0.86079614726, 0.746782186731, 0.0122942922872, 0.00769860873499, 0.118337842445, 0.0273888732773, 0.139026850415, 0.570342668002, 0.3917219764, 0.131915607581, 0.276348063856, 0.0398589091783, 0.541502032986, 0.209943583572, 0.161102140736, 0.0728302357478, 0.437525739312, 0.0861187094702, 0.269942661151, 0.00485634114417, 0.185156308801, 0.564712663891, 0.11706760715, 0.0268286623209, 0.418623965276, 0.000906363580741, 0.452656504444, 1.92161804578
0.452656504444, 0.105721992641, 0.0382626904589, 0.227746907967, 0.86079614726, 0.746782186731, 0.0122942922872, 0.00769860873499, 0.118337842445, 0.0273888732773, 0.139026850415, 0.570342668002, 0.3917219764, 0.131915607581, 0.276348063856, 0.0398589091783, 0.541502032986, 0.209943583572, 0.161102140736, 0.0728302357478, 0.437525739312, 0.0861187094702, 0.269942661151, 0.00485634114417, 0.185156308801, 0.564712663891, 0.11706760715, 0.0268286623209, 0.418623965276, 0.000906363580741, 0.452656504444, 1.92161804578
0.659770186311, 0.136742973961, 0.45565522654, 0.120266245445, 0.247301137917, 0.746782186731, 0.117295113032, 0.163631640124, 0.079398583741, 0.0197273007, 0.997371899837, 0.00225309348162, 0.319059065006, 0.131915607581, 0.272299408059, 0.126067908499, 0.540332701417, 0.171834260161, 0.176939536926, 0.696796848919, 0.0130444835352, 0.0861187094702, 0.0948859431975, 0.00336690758614, 0.329799318585, 0.00531946446603, 0.150116503468, 0.589566753456, 0.418623965276, 0.276878003832, 0.659770186311, 1.84332446055
0.659770186311, 0.136742973961, 0.45565522654, 0.120266245445, 0.247301137917, 0.746782186731, 0.117295113032, 0.163631640124, 0.079398583741, 0.0197273007, 0.997371899837, 0.00225309348162, 0.319059065006, 0.131915607581, 0.272299408059, 0.126067908499, 0.540332701417, 0.171834260161, 0.176939536926, 0.696796848919, 0.0130444835352, 0.0861187094702, 0.0948859431975, 0.00336690758614, 0.329799318585, 0.00531946446603, 0.150116503468, 0.589566753456, 0.418623965276, 0.276878003832, 0.659770186311, 1.84332446055
0.067555666843, 0.279485930908, 0.609047728264, 0.0124075244121, 0.00305037629229, 0.00605900154949, 0.00724748977492, 0.163631640124, 0.0930989304848, 0.0197273007, 0.905978978694, 0.455760064081, 0.641414714665, 0.131915607581, 0.426206834702, 0.0517922539073, 0.631760695536, 0.00244900140058, 0.341111302563, 0.841433231423, 0.302763050304, 0.00207694447435, 0.269942661151, 0.585120337082, 0.0913314487879, 0.0308276167581, 0.150116503468, 0.337380119347, 0.547711059768, 0.246274293398, 0.067555666843, 3.05174711204
0.067555666843, 0.279485930908, 0.609047728264, 0.0124075244121, 0.00305037629229, 0.00605900154949, 0.00724748977492, 0.163631640124, 0.0930989304848, 0.0197273007, 0.905978978694, 0.455760064081, 0.641414714665, 0.131915607581, 0.426206834702, 0.0517922539073, 0.631760695536, 0.00244900140058, 0.341111302563, 0.841433231423, 0.302763050304, 0.00207694447435, 0.269942661151, 0.585120337082, 0.0913314487879, 0.0308276167581, 0.150116503468, 0.337380119347, 0.547711059768, 0.246274293398, 0.067555666843, 3.05174711204
1.13528768171e-05, 0.0698029087759, 0.0635928043645, 0.571597916779, 0.0119961809464, 0.420510921793, 0.945723829647, 0.454746576821, 0.0344240045622, 0.0602208918439, 0.172390679737, 0.453565889783, 0.139291054096, 0.819584426651, 0.310114391721, 0.631798473536, 0.258288550789, 0.413413971314, 0.104922474688, 0.457320570054, 0.00303829200053, 0.102476349077, 0.414500479197, 0.156235248714, 0.234723452679, 0.0456751681268, 0.648201652094, 0.850788852946, 0.122412220356, 0.272811414099, 1.13528768171e-05, 3.86225279837
1.13528768171e-05, 0.0698029087759, 0.0635928043645, 0.571597916779, 0.0119961809464, 0.420510921793, 0.945723829647, 0.454746576821, 0.0344240045622, 0.0602208918439, 0.172390679737, 0.453565889783, 0.139291054096, 0.819584426651, 0.310114391721, 0.631798473536, 0.258288550789, 0.413413971314, 0.104922474688, 0.457320570054, 0.00303829200053, 0.102476349077, 0.414500479197, 0.156235248714, 0.234723452679, 0.0456751681268, 0.648201652094, 0.850788852946, 0.122412220356, 0.272811414099, 1.13528768171e-05, 3.86225279837
0.783866095741, 0.319890234415, 0.0144480280486, 0.120266245445, 0.164763081638, 0.72960090093, 0.0739683421134, 0.161735309644, 0.079398583741, 0.00075806360253, 0.908114952554, 0.427745709335, 0.3917219764, 0.131915607581, 0.27201692733, 0.0394189624552, 0.631760695536, 0.274245412575, 0.142575970459, 0.947998965334, 0.037325477275, 0.028293073361, 0.269942661151, 0.218164367193, 0.156675324412, 0.376583401696, 0.0973929104287, 0.137508280603, 0.833041696566, 0.0362425592129, 0.783866095741, 1.83604976812
0.783866095741, 0.319890234415, 0.0144480280486, 0.120266245445, 0.164763081638, 0.72960090093, 0.0739683421134, 0.161735309644, 0.079398583741, 0.00075806360253, 0.908114952554, 0.427745709335, 0.3917219764, 0.131915607581, 0.27201692733, 0.0394189624552, 0.631760695536, 0.274245412575, 0.142575970459, 0.947998965334, 0.037325477275, 0.028293073361, 0.269942661151, 0.218164367193, 0.156675324412, 0.376583401696, 0.0973929104287, 0.137508280603, 0.833041696566, 0.0362425592129, 0.783866095741, 1.83604976812
0.121184415885, 0.448368633213, 0.398947924226, 0.0422749176668, 0.996596897783, 0.00605900154949, 0.117295113032, 0.628496574662, 0.0319494585203, 0.0197273007, 0.690074062608, 0.229727319512, 0.674514279692, 0.131915607581, 0.236053653237, 0.0469964874534, 0.161730575588, 0.0019694059632, 0.176939536926, 0.939293306529, 0.437525739312, 0.0861187094702, 0.949144474724, 0.0505180475681, 0.126502447313, 0.274485141698, 0.150116503468, 0.322441163809, 0.0509275340216, 0.0565321192509, 0.121184415885, 2.9692317302
0.121184415885, 0.448368633213, 0.398947924226, 0.0422749176668, 0.996596897783, 0.00605900154949, 0.117295113032, 0.628496574662, 0.0319494585203, 0.0197273007, 0.690074062608, 0.229727319512, 0.674514279692, 0.131915607581, 0.236053653237, 0.0469964874534, 0.161730575588, 0.0019694059632, 0.176939536926, 0.939293306529, 0.437525739312, 0.0861187094702, 0.949144474724, 0.0505180475681, 0.126502447313, 0.274485141698, 0.150116503468, 0.322441163809, 0.0509275340216, 0.0565321192509, 0.121184415885, 2.9692317302
0.860320911234, 0.319243179336, 0.0382626904589, 0.0906249045294, 0.905082358394, 0.746782186731, 0.0122942922872, 0.00769860873499, 0.118337842445, 0.0273888732773, 0.582386404394, 0.570342668002, 0.3917219764, 0.131915607581, 0.640927733256, 0.0192971253292, 0.77034574123, 0.207262729822, 0.0951430201717, 0.0609608591343, 0.713508235689, 0.0861187094702, 0.269942661151, 0.00485634114417, 0.185156308801, 0.564712663891, 0.11706760715, 0.0268286623209, 0.418623965276, 0.00253757001326, 0.860320911234, 1.78104535937
0.860320911234, 0.319243179336, 0.0382626904589, 0.0906249045294, 0.905082358394, 0.746782186731, 0.0122942922872, 0.00769860873499, 0.118337842445, 0.0273888732773, 0.582386404394, 0.570342668002, 0.3917219764, 0.131915607581, 0.640927733256, 0.0192971253292, 0.77034574123, 0.207262729822, 0.0951430201717, 0.0609608591343, 0.713508235689, 0.0861187094702, 0.269942661151, 0.00485634114417, 0.185156308801, 0.564712663891, 0.11706760715, 0.0268286623209, 0.418623965276, 0.00253757001326, 0.860320911234, 1.78104535937
0.228053032778, 0.288644459752, 0.416900026886, 0.120266245445, 0.897224465684, 0.436219001089, 0.0353223952537, 0.163631640124, 0.0203866675846, 0.000694333100098, 0.88763535001, 0.0796723232818, 0.3917219764, 0.131915607581, 0.167934043465, 0.0170896749739, 0.512060663142, 0.542862025557, 0.275058963466, 0.947998965334, 0.0336125057643, 0.143801646484, 0.186390956502, 0.000112156193871, 0.138620354483, 0.056178557684, 0.189002038825, 0.137508280603, 0.319378823143, 0.276878003832, 0.228053032778, 2.54143700395
0.228053032778, 0.288644459752, 0.416900026886, 0.120266245445, 0.897224465684, 0.436219001089, 0.0353223952537, 0.163631640124, 0.0203866675846, 0.000694333100098, 0.88763535001, 0.0796723232818, 0.3917219764, 0.131915607581, 0.167934043465, 0.0170896749739, 0.512060663142, 0.542862025557, 0.275058963466, 0.947998965334, 0.0336125057643, 0.143801646484, 0.186390956502, 0.000112156193871, 0.138620354483, 0.056178557684, 0.189002038825, 0.137508280603, 0.319378823143, 0.276878003832, 0.228053032778, 2.54143700395
8.75207771922e-07, 0.147733634438, 0.315628657821, 0.0871842641946, 0.0039911106644, 0.496886076688, 0.319339136018, 0.799576365411, 0.129328898364, 0.291781016206, 0.951940156489, 0.294329402063, 0.0541907785968, 0.341229009607, 0.780492002876, 0.68381750796, 0.43712543263, 0.289397703563, 0.230084221446, 0.0915840775619, 0.0694969157554, 0.0709883183984, 0.182017735842, 0.409923941473, 0.288154313791, 0.0226281060993, 0.995002357974, 0.770974682995, 0.46753736132, 0.272811414099, 8.75207771922e-07, 4.19313805896
8.75207771922e-07, 0.147733634438, 0.315628657821, 0.0871842641946, 0.0039911106644, 0.496886076688, 0.319339136018, 0.799576365411, 0.129328898364, 0.291781016206, 0.951940156489, 0.294329402063, 0.0541907785968, 0.341229009607, 0.780492002876, 0.68381750796, 0.43712543263, 0.289397703563, 0.230084221446, 0.0915840775619, 0.0694969157554, 0.0709883183984, 0.182017735842, 0.409923941473, 0.288154313791, 0.0226281060993, 0.995002357974, 0.770974682995, 0.46753736132, 0.272811414099, 8.75207771922e-07, 4.19313805896
0.86946388448, 0.319890234415, 0.0144480280486, 0.120266245445, 0.164763081638, 0.72960090093, 0.0739683421134, 0.161735309644, 0.079398583741, 0.0067007012072, 0.88763535001, 0.427745709335, 0.00287499963694, 0.131915607581, 0.27201692733, 0.0864098986781, 0.341088023626, 0.209943583572, 0.113757822123, 0.947998965334, 0.037325477275, 0.0203917886142, 0.269942661151, 0.218164367193, 0.503695052556, 0.169286147409, 0.150116503468, 0.137508280603, 0.833041696566, 0.276878003832, 0.86946388448, 1.67489107231
0.86946388448, 0.319890234415, 0.0144480280486, 0.120266245445, 0.164763081638, 0.72960090093, 0.0739683421134, 0.161735309644, 0.079398583741, 0.0067007012072, 0.88763535001, 0.427745709335, 0.00287499963694, 0.131915607581, 0.27201692733, 0.0864098986781, 0.341088023626, 0.209943583572, 0.113757822123, 0.947998965334, 0.037325477275, 0.0203917886142, 0.269942661151, 0.218164367193, 0.503695052556, 0.169286147409, 0.150116503468, 0.137508280603, 0.833041696566, 0.276878003832, 0.86946388448, 1.67489107231
0.364298957127, 0.905362139339, 0.609047728264, 0.00355977362148, 0.996596897783, 0.0926548866917, 0.25563580011, 0.266565809016, 7.59195213262e-06, 0.0415045678506, 0.0515532982333, 0.427745709335, 0.3917219764, 0.546738816101, 0.661598287607, 0.0469964874534, 0.0504213779588, 0.0025115958625, 0.176939536926, 0.595829902449, 0.362887329447, 0.0138474958321, 0.114262557132, 0.598522573865, 0.138620354483, 0.17025664799, 0.150116503468, 0.337380119347, 0.418623965276, 0.144839831862, 0.364298957127, 2.50562281281
0.364298957127, 0.905362139339, 0.609047728264, 0.00355977362148, 0.996596897783, 0.0926548866917, 0.25563580011, 0.266565809016, 7.59195213262e-06, 0.0415045678506, 0.0515532982333, 0.427745709335, 0.3917219764, 0.546738816101, 0.661598287607, 0.0469964874534, 0.0504213779588, 0.0025115958625, 0.176939536926, 0.595829902449, 0.362887329447, 0.0138474958321, 0.114262557132, 0.598522573865, 0.138620354483, 0.17025664799, 0.150116503468, 0.337380119347, 0.418623965276, 0.144839831862, 0.364298957127, 2.50562281281
0.877475338486, 0.067063345218, 0.231278987108, 0.236760145086, 0.0071648263078, 0.365688633753, 0.00597780513792, 0.0655311441804, 0.332610454017, 0.0294061819446, 0.588432934506, 0.293103521532, 0.3917219764, 0.415967713134, 0.0658172026043, 0.651846029427, 0.098798737691, 0.0406140748733, 0.543188571889, 0.999374274226, 0.378156311559, 0.028293073361, 0.269942661151, 0.00485634114417, 0.0407517532946, 0.129043015378, 0.280217718458, 0.0260996028073, 0.434374039192, 0.00827433570689, 0.877475338486, 1.51091216252
0.877475338486, 0.067063345218, 0.231278987108, 0.236760145086, 0.0071648263078, 0.365688633753, 0.00597780513792, 0.0655311441804, 0.332610454017, 0.0294061819446, 0.588432934506, 0.293103521532, 0.3917219764, 0.415967713134, 0.0658172026043, 0.651846029427, 0.098798737691, 0.0406140748733, 0.543188571889, 0.999374274226, 0.378156311559, 0.028293073361, 0.269942661151, 0.00485634114417, 0.0407517532946, 0.129043015378, 0.280217718458, 0.0260996028073, 0.434374039192, 0.00827433570689, 0.877475338486, 1.51091216252
0.446306497079, 0.394972538118, 0.00244784428843, 0.0422749176668, 0.996596897783, 0.14650629804, 0.117295113032, 0.163631640124, 0.0930989304848, 0.013166628992, 0.867731123319, 0.319636826461, 0.753645668783, 0.131915607581, 0.824712131076, 0.0441051336041, 0.366828525323, 0.000166341081617, 0.349595652941, 0.134161116572, 0.437525739312, 0.0861187094702, 0.10513130435, 0.185432791855, 0.138620354483, 0.056178557684, 0.150116503468, 0.24750712258, 0.618366459225, 0.0392526781164, 0.446306497079, 2.19190287978
0.446306497079, 0.394972538118, 0.00244784428843, 0.0422749176668, 0.996596897783, 0.14650629804, 0.117295113032, 0.163631640124, 0.0930989304848, 0.013166628992, 0.867731123319, 0.319636826461, 0.753645668783, 0.131915607581, 0.824712131076, 0.0441051336041, 0.366828525323, 0.000166341081617, 0.349595652941, 0.134161116572, 0.437525739312, 0.0861187094702, 0.10513130435, 0.185432791855, 0.138620354483, 0.056178557684, 0.150116503468, 0.24750712258, 0.618366459225, 0.0392526781164, 0.446306497079, 2.19190287978
0.0252123340548, 0.288644459752, 0.416900026886, 0.120266245445, 0.897224465684, 0.298169204068, 0.0353223952537, 0.163631640124, 0.0510770670905, 0.00296183429729, 0.88763535001, 0.0796723232818, 0.3917219764, 0.131915607581, 0.167934043465, 0.0170896749739, 0.730809029579, 0.542862025557, 0.0122219477413, 0.947998965334, 0.0116722421825, 0.143801646484, 0.186390956502, 0.000517734015301, 0.124405462023, 0.583610341486, 0.130599469626, 0.137508280603, 0.319378823143, 0.206878539125, 0.0252123340548, 3.19499808577
0.0252123340548, 0.288644459752, 0.416900026886, 0.120266245445, 0.897224465684, 0.298169204068, 0.0353223952537, 0.163631640124, 0.0510770670905, 0.00296183429729, 0.88763535001, 0.0796723232818, 0.3917219764, 0.131915607581, 0.167934043465, 0.0170896749739, 0.730809029579, 0.542862025557, 0.0122219477413, 0.947998965334, 0.0116722421825, 0.143801646484, 0.186390956502, 0.000517734015301, 0.124405462023, 0.583610341486, 0.130599469626, 0.137508280603, 0.319378823143, 0.206878539125, 0.0252123340548, 3.19499808577
7.71270123434e-07, 0.147733634438, 0.315628657821, 0.571597916779, 0.159880421393, 0.227319161846, 0.0226093354666, 0.088631521385, 0.129328898364, 0.956576872099, 0.951940156489, 0.294329402063, 0.125679542832, 0.819584426651, 0.914919644668, 0.514880761254, 0.562215334248, 0.390768108768, 0.156692050594, 0.0915840775619, 0.0694969157554, 0.0974597697157, 0.857436362044, 0.409923941473, 0.474844313918, 0.00428516057645, 0.980938295681, 0.926915529517, 0.82048909756, 0.848945365055, 7.71270123434e-07, 5.01160985521
7.71270123434e-07, 0.147733634438, 0.315628657821, 0.571597916779, 0.159880421393, 0.227319161846, 0.0226093354666, 0.088631521385, 0.129328898364, 0.956576872099, 0.951940156489, 0.294329402063, 0.125679542832, 0.819584426651, 0.914919644668, 0.514880761254, 0.562215334248, 0.390768108768, 0.156692050594, 0.0915840775619, 0.0694969157554, 0.0974597697157, 0.857436362044, 0.409923941473, 0.474844313918, 0.00428516057645, 0.980938295681, 0.926915529517, 0.82048909756, 0.848945365055, 7.71270123434e-07, 5.01160985521
0.00924371871614, 0.00140407801562, 0.131542974051, 0.0159767034795, 0.0869926946307, 0.599194947729, 0.0456964052396, 0.449049166579, 0.0687157245111, 0.728504565339, 0.849869980951, 0.797290968692, 0.314225741892, 0.035448217997, 0.519101050494, 0.723892996091, 0.174992491336, 0.0438085195613, 0.404978795811, 0.275111769409, 0.00208436571876, 0.432769641812, 0.770050646646, 0.35006799358, 0.00496998111066, 0.466674067575, 0.150116503468, 0.398287423027, 0.0423583377072, 0.0675475266469, 0.00924371871614, 3.59093931038
0.00924371871614, 0.00140407801562, 0.131542974051, 0.0159767034795, 0.0869926946307, 0.599194947729, 0.0456964052396, 0.449049166579, 0.0687157245111, 0.728504565339, 0.849869980951, 0.797290968692, 0.314225741892, 0.035448217997, 0.519101050494, 0.723892996091, 0.174992491336, 0.0438085195613, 0.404978795811, 0.275111769409, 0.00208436571876, 0.432769641812, 0.770050646646, 0.35006799358, 0.00496998111066, 0.466674067575, 0.150116503468, 0.398287423027, 0.0423583377072, 0.0675475266469, 0.00924371871614, 3.59093931038
0.147556957498, 0.394972538118, 0.00244784428843, 0.0172994116307, 0.99905550518, 0.00399138857527, 0.117295113032, 0.163631640124, 0.0930989304848, 0.013166628992, 0.867731123319, 0.240512218067, 0.641414714665, 0.131915607581, 0.816379118879, 0.0469964874534, 0.366828525323, 0.000646920490016, 0.0556402629047, 0.134161116572, 0.437525739312, 0.0861187094702, 0.269942661151, 0.0331050079062, 0.138620354483, 0.191551459132, 0.0318941822407, 0.24750712258, 0.618366459225, 0.276878003832, 0.147556957498, 2.60984655349
0.147556957498, 0.394972538118, 0.00244784428843, 0.0172994116307, 0.99905550518, 0.00399138857527, 0.117295113032, 0.163631640124, 0.0930989304848, 0.013166628992, 0.867731123319, 0.240512218067, 0.641414714665, 0.131915607581, 0.816379118879, 0.0469964874534, 0.366828525323, 0.000646920490016, 0.0556402629047, 0.134161116572, 0.437525739312, 0.0861187094702, 0.269942661151, 0.0331050079062, 0.138620354483, 0.191551459132, 0.0318941822407, 0.24750712258, 0.618366459225, 0.276878003832, 0.147556957498, 2.60984655349
5.38010587359e-06, 0.0698029087759, 0.0635928043645, 0.99704648856, 0.0039911106644, 0.420510921793, 0.697309417414, 0.662226203454, 0.0916427261047, 0.0602208918439, 0.172390679737, 0.453565889783, 0.0275475027699, 0.366052477752, 0.767927937697, 0.631798473536, 0.608392230497, 0.457899804428, 0.104922474688, 0.0915840775619, 0.0694969157554, 0.102476349077, 0.654118912702, 0.275761399479, 0.474844313918, 0.0456751681268, 0.648201652094, 0.873387424309, 0.122412220356, 0.180298193841, 5.38010587359e-06, 4.15926264482
5.38010587359e-06, 0.0698029087759, 0.0635928043645, 0.99704648856, 0.0039911106644, 0.420510921793, 0.697309417414, 0.662226203454, 0.0916427261047, 0.0602208918439, 0.172390679737, 0.453565889783, 0.0275475027699, 0.366052477752, 0.767927937697, 0.631798473536, 0.608392230497, 0.457899804428, 0.104922474688, 0.0915840775619, 0.0694969157554, 0.102476349077, 0.654118912702, 0.275761399479, 0.474844313918, 0.0456751681268, 0.648201652094, 0.873387424309, 0.122412220356, 0.180298193841, 5.38010587359e-06, 4.15926264482
0.00975215276611, 0.298463046079, 0.405936951253, 0.00713134235833, 0.593309781609, 0.015550340589, 0.174205674017, 0.607893915432, 0.125151785228, 0.550538038438, 0.609180227824, 0.560534991733, 0.261077355386, 0.0549340625739, 0.615076286097, 0.805032105574, 0.0552861384838, 0.0438085195613, 0.140441672577, 0.232559269958, 0.241301615379, 0.0386532936025, 0.850077249049, 0.372517809825, 0.015415393538, 0.548231125256, 0.0281787434627, 0.398287423027, 0.0269140193939, 0.195611300051, 0.00975215276611, 3.56184696153
0.00975215276611, 0.298463046079, 0.405936951253, 0.00713134235833, 0.593309781609, 0.015550340589, 0.174205674017, 0.607893915432, 0.125151785228, 0.550538038438, 0.609180227824, 0.560534991733, 0.261077355386, 0.0549340625739, 0.615076286097, 0.805032105574, 0.0552861384838, 0.0438085195613, 0.140441672577, 0.232559269958, 0.241301615379, 0.0386532936025, 0.850077249049, 0.372517809825, 0.015415393538, 0.548231125256, 0.0281787434627, 0.398287423027, 0.0269140193939, 0.195611300051, 0.00975215276611, 3.56184696153
0.595838941863, 0.0776770445835, 0.0148529204626, 0.0422749176668, 0.996596897783, 0.328173026664, 0.117295113032, 0.628496574662, 0.0319494585203, 0.10934640235, 0.120849424942, 0.252471545766, 0.641414714665, 0.131915607581, 0.997450806043, 0.0469964874534, 0.631760695536, 0.0019694059632, 0.176939536926, 0.134161116572, 0.506980136972, 0.0861187094702, 0.349901257776, 0.0505180475681, 0.118753447167, 0.056178557684, 0.458782842931, 0.337380119347, 0.0509275340216, 0.276878003832, 0.595838941863, 1.98690509981
0.595838941863, 0.0776770445835, 0.0148529204626, 0.0422749176668, 0.996596897783, 0.328173026664, 0.117295113032, 0.628496574662, 0.0319494585203, 0.10934640235, 0.120849424942, 0.252471545766, 0.641414714665, 0.131915607581, 0.997450806043, 0.0469964874534, 0.631760695536, 0.0019694059632, 0.176939536926, 0.134161116572, 0.506980136972, 0.0861187094702, 0.349901257776, 0.0505180475681, 0.118753447167, 0.056178557684, 0.458782842931, 0.337380119347, 0.0509275340216, 0.276878003832, 0.595838941863, 1.98690509981
0.452656504444, 0.319243179336, 0.0382626904589, 0.227746907967, 0.86079614726, 0.746782186731, 0.0122942922872, 0.00769860873499, 0.118337842445, 0.0273888732773, 0.424806635861, 0.570342668002, 0.3917219764, 0.131915607581, 0.240408358595, 0.0398589091783, 0.357794436624, 0.209943583572, 0.161102140736, 0.0728302357478, 0.437525739312, 0.0861187094702, 0.269942661151, 0.336480693438, 0.00450533083184, 0.564712663891, 0.11706760715, 0.0268286623209, 0.418623965276, 0.000906363580741, 0.452656504444, 2.03002683382
0.452656504444, 0.319243179336, 0.0382626904589, 0.227746907967, 0.86079614726, 0.746782186731, 0.0122942922872, 0.00769860873499, 0.118337842445, 0.0273888732773, 0.424806635861, 0.570342668002, 0.3917219764, 0.131915607581, 0.240408358595, 0.0398589091783, 0.357794436624, 0.209943583572, 0.161102140736, 0.0728302357478, 0.437525739312, 0.0861187094702, 0.269942661151, 0.336480693438, 0.00450533083184, 0.564712663891, 0.11706760715, 0.0268286623209, 0.418623965276, 0.000906363580741, 0.452656504444, 2.03002683382
0.606260973979, 0.319243179336, 0.0382626904589, 0.198349041623, 0.86079614726, 0.746782186731, 0.00948395678514, 0.00769860873499, 0.118337842445, 0.0273888732773, 0.582386404394, 0.570342668002, 0.3917219764, 0.131915607581, 0.640927733256, 0.0398589091783, 0.119235857546, 0.626144547039, 0.0951430201717, 0.0728302357478, 0.437525739312, 0.0861187094702, 0.269942661151, 0.00485634114417, 0.185156308801, 0.564712663891, 0.11706760715, 0.0268286623209, 0.418623965276, 0.00306939254582, 0.606260973979, 1.95875388879
0.606260973979, 0.319243179336, 0.0382626904589, 0.198349041623, 0.86079614726, 0.746782186731, 0.00948395678514, 0.00769860873499, 0.118337842445, 0.0273888732773, 0.582386404394, 0.570342668002, 0.3917219764, 0.131915607581, 0.640927733256, 0.0398589091783, 0.119235857546, 0.626144547039, 0.0951430201717, 0.0728302357478, 0.437525739312, 0.0861187094702, 0.269942661151, 0.00485634114417, 0.185156308801, 0.564712663891, 0.11706760715, 0.0268286623209, 0.418623965276, 0.00306939254582, 0.606260973979, 1.95875388879
0.709113032484, 0.448368633213, 0.170222780268, 0.0197188339397, 0.996596897783, 0.62815299798, 0.25563580011, 0.163631640124, 0.0035833393783, 0.0197273007, 0.361430168995, 0.427745709335, 0.3917219764, 0.0150441662647, 0.314255541364, 0.0469964874534, 0.00173499231037, 0.0025115958625, 0.318453486931, 0.935487053426, 0.444618393514, 0.0412078409078, 0.0665391352061, 0.389131112962, 0.176841846362, 0.253342173518, 0.150116503468, 0.137508280603, 0.418623965276, 0.276878003832, 0.709113032484, 1.88142241362
0.709113032484, 0.448368633213, 0.170222780268, 0.0197188339397, 0.996596897783, 0.62815299798, 0.25563580011, 0.163631640124, 0.0035833393783, 0.0197273007, 0.361430168995, 0.427745709335, 0.3917219764, 0.0150441662647, 0.314255541364, 0.0469964874534, 0.00173499231037, 0.0025115958625, 0.318453486931, 0.935487053426, 0.444618393514, 0.0412078409078, 0.0665391352061, 0.389131112962, 0.176841846362, 0.253342173518, 0.150116503468, 0.137508280603, 0.418623965276, 0.276878003832, 0.709113032484, 1.88142241362
0.659770186311, 0.0653514179577, 0.330680465341, 0.120266245445, 0.247301137917, 0.746782186731, 0.117295113032, 0.163631640124, 0.0658328056169, 0.0197273007, 0.991906932668, 0.013428114417, 0.319059065006, 0.131915607581, 0.0658172026043, 0.0222352155767, 0.631760695536, 0.171834260161, 0.176939536926, 0.696796848919, 0.0130444835352, 0.0861187094702, 0.0948859431975, 0.00336690758614, 0.329799318585, 0.617657430944, 0.150116503468, 0.589566753456, 0.418623965276, 0.276878003832, 0.659770186311, 1.88902673636
0.659770186311, 0.0653514179577, 0.330680465341, 0.120266245445, 0.247301137917, 0.746782186731, 0.117295113032, 0.163631640124, 0.0658328056169, 0.0197273007, 0.991906932668, 0.013428114417, 0.319059065006, 0.131915607581, 0.0658172026043, 0.0222352155767, 0.631760695536, 0.171834260161, 0.176939536926, 0.696796848919, 0.0130444835352, 0.0861187094702, 0.0948859431975, 0.00336690758614, 0.329799318585, 0.617657430944, 0.150116503468, 0.589566753456, 0.418623965276, 0.276878003832, 0.659770186311, 1.88902673636
0.067555666843, 0.279485930908, 0.609047728264, 0.0422749176668, 0.00305037629229, 0.00605900154949, 0.289318092493, 0.132610760751, 0.0930989304848, 0.129605619412, 0.597046167802, 0.455760064081, 0.607217198763, 0.131915607581, 0.426206834702, 0.0469964874534, 0.631760695536, 0.0025115958625, 0.341111302563, 0.941746815827, 0.437525739312, 0.02998502382, 0.269942661151, 0.585120337082, 0.138620354483, 0.056178557684, 0.150116503468, 0.337380119347, 0.418623965276, 0.246274293398, 0.067555666843, 3.12385046081
0.067555666843, 0.279485930908, 0.609047728264, 0.0422749176668, 0.00305037629229, 0.00605900154949, 0.289318092493, 0.132610760751, 0.0930989304848, 0.129605619412, 0.597046167802, 0.455760064081, 0.607217198763, 0.131915607581, 0.426206834702, 0.0469964874534, 0.631760695536, 0.0025115958625, 0.341111302563, 0.941746815827, 0.437525739312, 0.02998502382, 0.269942661151, 0.585120337082, 0.138620354483, 0.056178557684, 0.150116503468, 0.337380119347, 0.418623965276, 0.246274293398, 0.067555666843, 3.12385046081
1.13528768171e-05, 0.0698029087759, 0.0635928043645, 0.571597916779, 0.0119961809464, 0.420510921793, 0.697309417414, 0.454746576821, 0.0344240045622, 0.0602208918439, 0.172390679737, 0.453565889783, 0.0541907785968, 0.819584426651, 0.310114391721, 0.631798473536, 0.417802114599, 0.413413971314, 0.104922474688, 0.457320570054, 0.00303829200053, 0.102476349077, 0.414500479197, 0.156235248714, 0.474844313918, 0.0456751681268, 0.648201652094, 0.850788852946, 0.122412220356, 0.272811414099, 1.13528768171e-05, 3.88275516466
1.13528768171e-05, 0.0698029087759, 0.0635928043645, 0.571597916779, 0.0119961809464, 0.420510921793, 0.697309417414, 0.454746576821, 0.0344240045622, 0.0602208918439, 0.172390679737, 0.453565889783, 0.0541907785968, 0.819584426651, 0.310114391721, 0.631798473536, 0.417802114599, 0.413413971314, 0.104922474688, 0.457320570054, 0.00303829200053, 0.102476349077, 0.414500479197, 0.156235248714, 0.474844313918, 0.0456751681268, 0.648201652094, 0.850788852946, 0.122412220356, 0.272811414099, 1.13528768171e-05, 3.88275516466
0.121184415885, 0.448368633213, 0.398947924226, 0.0422749176668, 0.996596897783, 0.00605900154949, 0.117295113032, 0.628496574662, 0.0319494585203, 0.0197273007, 0.690074062608, 0.229727319512, 0.674514279692, 0.131915607581, 0.236053653237, 0.0308780669259, 0.161730575588, 0.0019694059632, 0.176939536926, 0.935487053426, 0.437525739312, 0.0861187094702, 0.949144474724, 0.0505180475681, 0.126502447313, 0.274485141698, 0.150116503468, 0.322441163809, 0.384356954937, 0.0565321192509, 0.121184415885, 3.05769985166
0.121184415885, 0.448368633213, 0.398947924226, 0.0422749176668, 0.996596897783, 0.00605900154949, 0.117295113032, 0.628496574662, 0.0319494585203, 0.0197273007, 0.690074062608, 0.229727319512, 0.674514279692, 0.131915607581, 0.236053653237, 0.0308780669259, 0.161730575588, 0.0019694059632, 0.176939536926, 0.935487053426, 0.437525739312, 0.0861187094702, 0.949144474724, 0.0505180475681, 0.126502447313, 0.274485141698, 0.150116503468, 0.322441163809, 0.384356954937, 0.0565321192509, 0.121184415885, 3.05769985166
0.228053032778, 0.288644459752, 0.416900026886, 0.120266245445, 0.897224465684, 0.436219001089, 0.0353223952537, 0.163631640124, 0.0203866675846, 0.000694333100098, 0.88763535001, 0.0796723232818, 0.3917219764, 0.131915607581, 0.167934043465, 0.0170896749739, 0.512060663142, 0.542862025557, 0.275058963466, 0.947998965334, 0.037325477275, 0.143801646484, 0.186390956502, 0.000112156193871, 0.138620354483, 0.056178557684, 0.189002038825, 0.137508280603, 0.319378823143, 0.276878003832, 0.228053032778, 2.54244065342
0.228053032778, 0.288644459752, 0.416900026886, 0.120266245445, 0.897224465684, 0.436219001089, 0.0353223952537, 0.163631640124, 0.0203866675846, 0.000694333100098, 0.88763535001, 0.0796723232818, 0.3917219764, 0.131915607581, 0.167934043465, 0.0170896749739, 0.512060663142, 0.542862025557, 0.275058963466, 0.947998965334, 0.037325477275, 0.143801646484, 0.186390956502, 0.000112156193871, 0.138620354483, 0.056178557684, 0.189002038825, 0.137508280603, 0.319378823143, 0.276878003832, 0.228053032778, 2.54244065342
8.75207771922e-07, 0.0377132463811, 0.216292178467, 0.571597916779, 0.0039911106644, 0.420510921793, 0.319339136018, 0.662226203454, 0.129328898364, 0.98222622058, 0.951940156489, 0.294329402063, 0.0541907785968, 0.00726951664341, 0.767927937697, 0.68381750796, 0.34654433413, 0.390768108768, 0.230084221446, 0.0915840775619, 0.0694969157554, 0.0974597697157, 0.214085938913, 0.409923941473, 0.0612749420095, 0.0226281060993, 0.735337222053, 0.953742565164, 0.998862562294, 0.272811414099, 8.75207771922e-07, 4.41099154033
8.75207771922e-07, 0.0377132463811, 0.216292178467, 0.571597916779, 0.0039911106644, 0.420510921793, 0.319339136018, 0.662226203454, 0.129328898364, 0.98222622058, 0.951940156489, 0.294329402063, 0.0541907785968, 0.00726951664341, 0.767927937697, 0.68381750796, 0.34654433413, 0.390768108768, 0.230084221446, 0.0915840775619, 0.0694969157554, 0.0974597697157, 0.214085938913, 0.409923941473, 0.0612749420095, 0.0226281060993, 0.735337222053, 0.953742565164, 0.998862562294, 0.272811414099, 8.75207771922e-07, 4.41099154033
2.4716878656e-06, 0.466467376773, 0.0308873627642, 0.230896509487, 0.0039911106644, 0.420510921793, 0.221114593203, 0.486153331857, 0.150457100377, 0.210136870993, 0.172390679737, 0.453565889783, 0.0541907785968, 0.819584426651, 0.767927937697, 0.830007812958, 0.417802114599, 0.0600072944408, 0.0519607871744, 0.0175218609632, 0.00275300851516, 0.102476349077, 0.816446704988, 0.117962735483, 0.474844313918, 0.661592995752, 0.868823764713, 0.923596931601, 0.418623965276, 0.272811414099, 2.4716878656e-06, 4.263289247
2.4716878656e-06, 0.466467376773, 0.0308873627642, 0.230896509487, 0.0039911106644, 0.420510921793, 0.221114593203, 0.486153331857, 0.150457100377, 0.210136870993, 0.172390679737, 0.453565889783, 0.0541907785968, 0.819584426651, 0.767927937697, 0.830007812958, 0.417802114599, 0.0600072944408, 0.0519607871744, 0.0175218609632, 0.00275300851516, 0.102476349077, 0.816446704988, 0.117962735483, 0.474844313918, 0.661592995752, 0.868823764713, 0.923596931601, 0.418623965276, 0.272811414099, 2.4716878656e-06, 4.263289247
0.86946388448, 0.319890234415, 0.0144480280486, 0.120266245445, 0.164763081638, 0.72960090093, 0.0739683421134, 0.161735309644, 0.079398583741, 0.00956430113147, 0.88763535001, 0.802234274348, 0.0398094697419, 0.131915607581, 0.27201692733, 0.0864098986781, 0.341088023626, 0.209943583572, 0.113757822123, 0.947998965334, 0.037325477275, 0.0203917886142, 0.269942661151, 0.218164367193, 0.503695052556, 0.169286147409, 0.150116503468, 0.137508280603, 0.833041696566, 0.276878003832, 0.86946388448, 1.77121970154
0.86946388448, 0.319890234415, 0.0144480280486, 0.120266245445, 0.164763081638, 0.72960090093, 0.0739683421134, 0.161735309644, 0.079398583741, 0.00956430113147, 0.88763535001, 0.802234274348, 0.0398094697419, 0.131915607581, 0.27201692733, 0.0864098986781, 0.341088023626, 0.209943583572, 0.113757822123, 0.947998965334, 0.037325477275, 0.0203917886142, 0.269942661151, 0.218164367193, 0.503695052556, 0.169286147409, 0.150116503468, 0.137508280603, 0.833041696566, 0.276878003832, 0.86946388448, 1.77121970154
0.993281113027, 0.319890234415, 0.00630825917449, 0.260703911863, 0.164763081638, 0.72960090093, 0.0739683421134, 0.161735309644, 0.079398583741, 0.00956430113147, 0.88763535001, 0.427745709335, 0.3917219764, 0.00162752719946, 0.27201692733, 0.0864098986781, 0.341088023626, 0.209943583572, 0.113757822123, 0.947998965334, 0.037325477275, 0.0203917886142, 0.269942661151, 0.218164367193, 0.503695052556, 0.169286147409, 0.150116503468, 0.137508280603, 0.95900991406, 0.276878003832, 0.993281113027, 1.67482816445
0.993281113027, 0.319890234415, 0.00630825917449, 0.260703911863, 0.164763081638, 0.72960090093, 0.0739683421134, 0.161735309644, 0.079398583741, 0.00956430113147, 0.88763535001, 0.427745709335, 0.3917219764, 0.00162752719946, 0.27201692733, 0.0864098986781, 0.341088023626, 0.209943583572, 0.113757822123, 0.947998965334, 0.037325477275, 0.0203917886142, 0.269942661151, 0.218164367193, 0.503695052556, 0.169286147409, 0.150116503468, 0.137508280603, 0.95900991406, 0.276878003832, 0.993281113027, 1.67482816445
0.877475338486, 0.0308313215683, 0.231278987108, 0.591762604283, 0.0071648263078, 0.429954072693, 0.0196207589446, 0.156221045484, 0.332610454017, 0.0294061819446, 0.588432934506, 0.875898662771, 0.3917219764, 0.415967713134, 0.0658172026043, 0.651846029427, 0.098798737691, 0.0406140748733, 0.543188571889, 0.999374274226, 0.378156311559, 0.028293073361, 0.059669658972, 0.00485634114417, 0.0275641742098, 0.129043015378, 0.280217718458, 0.0260996028073, 0.434374039192, 0.00827433570689, 0.877475338486, 1.70605461683
0.877475338486, 0.0308313215683, 0.231278987108, 0.591762604283, 0.0071648263078, 0.429954072693, 0.0196207589446, 0.156221045484, 0.332610454017, 0.0294061819446, 0.588432934506, 0.875898662771, 0.3917219764, 0.415967713134, 0.0658172026043, 0.651846029427, 0.098798737691, 0.0406140748733, 0.543188571889, 0.999374274226, 0.378156311559, 0.028293073361, 0.059669658972, 0.00485634114417, 0.0275641742098, 0.129043015378, 0.280217718458, 0.0260996028073, 0.434374039192, 0.00827433570689, 0.877475338486, 1.70605461683
0.985255079031, 0.319890234415, 0.0144480280486, 0.379245916072, 0.164763081638, 0.76829641494, 0.0739683421134, 0.161735309644, 0.079398583741, 0.00956430113147, 0.88763535001, 0.427745709335, 0.3917219764, 0.00129309527459, 0.27201692733, 0.0864098986781, 0.341088023626, 0.209943583572, 0.113757822123, 0.947998965334, 0.037325477275, 0.0203917886142, 0.269942661151, 0.218164367193, 0.503695052556, 0.159145835812, 0.150116503468, 0.137508280603, 0.833041696566, 0.276878003832, 0.985255079031, 1.68905100722
0.985255079031, 0.319890234415, 0.0144480280486, 0.379245916072, 0.164763081638, 0.76829641494, 0.0739683421134, 0.161735309644, 0.079398583741, 0.00956430113147, 0.88763535001, 0.427745709335, 0.3917219764, 0.00129309527459, 0.27201692733, 0.0864098986781, 0.341088023626, 0.209943583572, 0.113757822123, 0.947998965334, 0.037325477275, 0.0203917886142, 0.269942661151, 0.218164367193, 0.503695052556, 0.159145835812, 0.150116503468, 0.137508280603, 0.833041696566, 0.276878003832, 0.985255079031, 1.68905100722
7.71270123434e-07, 0.0529392648435, 0.315628657821, 0.571597916779, 0.0039911106644, 0.381789480363, 0.0269169768247, 0.662226203454, 0.129328898364, 0.956576872099, 0.951940156489, 0.294329402063, 0.0265872784324, 0.819584426651, 0.914919644668, 0.514880761254, 0.812134732008, 0.390768108768, 0.156692050594, 0.708228842613, 0.0694969157554, 0.0974597697157, 0.857436362044, 0.409923941473, 0.474844313918, 0.0226281060993, 0.980938295681, 0.926915529517, 0.82048909756, 0.87001071204, 7.71270123434e-07, 5.41143370663
7.71270123434e-07, 0.0529392648435, 0.315628657821, 0.571597916779, 0.0039911106644, 0.381789480363, 0.0269169768247, 0.662226203454, 0.129328898364, 0.956576872099, 0.951940156489, 0.294329402063, 0.0265872784324, 0.819584426651, 0.914919644668, 0.514880761254, 0.812134732008, 0.390768108768, 0.156692050594, 0.708228842613, 0.0694969157554, 0.0974597697157, 0.857436362044, 0.409923941473, 0.474844313918, 0.0226281060993, 0.980938295681, 0.926915529517, 0.82048909756, 0.87001071204, 7.71270123434e-07, 5.41143370663
0.988519684524, 0.39200966123, 0.121176334208, 0.441452754609, 0.164763081638, 0.72960090093, 0.090697974432, 0.000144702789244, 0.25202942103, 0.0041568822417, 0.961545238184, 0.427745709335, 0.3917219764, 0.131915607581, 0.27201692733, 0.267522061702, 0.336449956758, 0.0929593819273, 0.113757822123, 0.947998965334, 0.0257610576928, 0.113327806074, 0.00942236162061, 0.218164367193, 0.503695052556, 0.169286147409, 0.150116503468, 0.534026370922, 0.833041696566, 0.143272844441, 0.988519684524, 1.81973626995
0.988519684524, 0.39200966123, 0.121176334208, 0.441452754609, 0.164763081638, 0.72960090093, 0.090697974432, 0.000144702789244, 0.25202942103, 0.0041568822417, 0.961545238184, 0.427745709335, 0.3917219764, 0.131915607581, 0.27201692733, 0.267522061702, 0.336449956758, 0.0929593819273, 0.113757822123, 0.947998965334, 0.0257610576928, 0.113327806074, 0.00942236162061, 0.218164367193, 0.503695052556, 0.169286147409, 0.150116503468, 0.534026370922, 0.833041696566, 0.143272844441, 0.988519684524, 1.81973626995
0.452656504444, 0.24826200932, 0.0382626904589, 0.426473883895, 0.583158858674, 0.00605900154949, 0.0102477703679, 0.395375355332, 0.118337842445, 0.0294061819446, 0.286269186847, 0.570342668002, 0.363560180547, 0.118504691478, 0.640927733256, 0.0469964874534, 0.77034574123, 3.01035833886e-05, 0.161102140736, 0.429831887022, 0.437525739312, 0.0861187094702, 0.269942661151, 0.00167221218374, 0.185156308801, 0.564712663891, 0.11706760715, 0.0268286623209, 0.418623965276, 0.00306939254582, 0.452656504444, 2.06341873191
0.147556957498, 0.394972538118, 0.00244784428843, 0.0422749176668, 0.996596897783, 0.00605900154949, 0.117295113032, 0.163631640124, 0.0930989304848, 0.013166628992, 0.867731123319, 0.31046784449, 0.711694726313, 0.0529418009708, 0.824712131076, 0.0469964874534, 0.366828525323, 0.000166341081617, 0.0166934629466, 0.134161116572, 0.437525739312, 0.341592126395, 0.10513130435, 0.00523415878807, 0.138620354483, 0.056178557684, 0.150116503468, 0.0687160442039, 0.618366459225, 0.454103738203, 0.147556957498, 2.63728599676
0.0252123340548, 0.288644459752, 0.40450875543, 0.120266245445, 0.897224465684, 0.599672131762, 0.0353223952537, 0.163631640124, 0.0510770670905, 0.00296183429729, 0.774525198234, 0.0796723232818, 0.3917219764, 0.131915607581, 0.167934043465, 0.0170896749739, 0.512060663142, 0.542862025557, 0.275058963466, 0.947998965334, 0.037325477275, 0.0861187094702, 0.0867580457865, 0.00485634114417, 0.38603501978, 0.056178557684, 0.189002038825, 0.137508280603, 0.388413317272, 0.276878003832, 0.0252123340548, 3.20224907712
8.75207771922e-07, 0.147733634438, 0.315628657821, 0.0871842641946, 0.0039911106644, 0.496886076688, 0.319339136018, 0.799576365411, 0.49813255811, 0.291781016206, 0.951940156489, 0.165963385129, 0.45385383993, 0.24283093888, 0.780492002876, 0.22058117242, 0.995504009674, 0.289397703563, 0.230084221446, 0.0915840775619, 0.0694969157554, 0.0709883183984, 0.182017735842, 0.409923941473, 0.288154313791, 0.0226281060993, 0.995002357974, 0.932101993127, 0.998862562294, 0.272811414099, 8.75207771922e-07, 4.60558662025
