0.00331199721259, 3.0940539328, -1.46181737704, 3.5826786789, 1.94102023973, 1.59808343874, -0.970202597962, 2.52208901662, 0.838088601741, 0.369347310726, 0.00331199721259, 87.8388820709
0.00331199721259, 3.0940539328, -1.46181737704, 3.5826786789, 1.94102023973, 1.59808343874, -0.970202597962, 2.52208901662, 0.838088601741, 0.369347310726, 0.00331199721259, 87.8388820709
0.00331199721259, 3.0940539328, -1.46181737704, 3.5826786789, 1.94102023973, 1.59808343874, -0.970202597962, 2.52208901662, 0.838088601741, 0.369347310726, 0.00331199721259, 87.8388820709
0.00331199721259, 3.0940539328, -1.46181737704, 3.5826786789, 1.94102023973, 1.59808343874, -0.970202597962, 2.52208901662, 0.838088601741, 0.369347310726, 0.00331199721259, 87.8388820709
0.0264640085107, -0.807771761687, -0.0479090534216, -1.39049957876, -1.49852514449, 3.86230893245, -0.572999356985, 1.49257540253, 0.0209829648893, 3.01102467212, 0.0264640085107, 75.6706710479
0.0264640085107, -0.807771761687, -0.0479090534216, -1.39049957876, -1.49852514449, 3.86230893245, -0.572999356985, 1.49257540253, 0.0209829648893, 3.01102467212, 0.0264640085107, 75.6706710479
0.0264640085107, -0.807771761687, -0.0479090534216, -1.39049957876, -1.49852514449, 3.86230893245, -0.572999356985, 1.49257540253, 0.0209829648893, 3.01102467212, 0.0264640085107, 75.6706710479
0.0264640085107, -0.807771761687, -0.0479090534216, -1.39049957876, -1.49852514449, 3.86230893245, -0.572999356985, 1.49257540253, 0.0209829648893, 3.01102467212, 0.0264640085107, 75.6706710479
0.000690938443288, 0.0799673252196, 4.4155449635, -3.6922711377, -1.0243132287, -2.9039475639, 2.37315345923, 1.97189382514, -1.5703290833, -4.50925786679, 0.000690938443288, 124.660605224
0.000690938443288, 0.0799673252196, 4.4155449635, -3.6922711377, -1.0243132287, -2.9039475639, 2.37315345923, 1.97189382514, -1.5703290833, -4.50925786679, 0.000690938443288, 124.660605224
0.0908804143988, -1.35299138248, 2.51811893864, 1.95080218813, -2.98840747043, 1.5499167297, 0.0313008393386, 1.02116146908, -3.39580002082, -0.0955636558658, 0.0908804143988, 68.6591325671
0.0908804143988, -1.35299138248, 2.51811893864, 1.95080218813, -2.98840747043, 1.5499167297, 0.0313008393386, 1.02116146908, -3.39580002082, -0.0955636558658, 0.0908804143988, 68.6591325671
0.0155850987839, -0.947546902946, 0.969353875454, -1.5792329946, -1.0243132287, -2.9039475639, 1.39060951856, 1.97189382514, -1.66009994887, -4.50925786679, 0.0155850987839, 81.0231473092
0.0155850987839, -0.947546902946, 0.969353875454, -1.5792329946, -1.0243132287, -2.9039475639, 1.39060951856, 1.97189382514, -1.66009994887, -4.50925786679, 0.0155850987839, 81.0231473092
0.608292474336, -0.576989179743, 2.9364566033, 0.974469800821, 3.48125096748, 0.964837534296, 1.03105775262, 0.579023020166, 0.0464982087394, 0.565327618724, 0.608292474336, 44.8967161018
0.608292474336, -0.576989179743, 2.9364566033, 0.974469800821, 3.48125096748, 0.964837534296, 1.03105775262, 0.579023020166, 0.0464982087394, 0.565327618724, 0.608292474336, 44.8967161018
0.197578859305, -0.391119760877, -0.0479090534216, -2.926867845, -1.49852514449, 3.86230893245, -0.572999356985, 1.49257540253, 0.0209829648893, 2.01213257905, 0.197578859305, 63.18520908
0.197578859305, -0.391119760877, -0.0479090534216, -2.926867845, -1.49852514449, 3.86230893245, -0.572999356985, 1.49257540253, 0.0209829648893, 2.01213257905, 0.197578859305, 63.18520908
0.197578859305, -0.391119760877, -0.0479090534216, -2.926867845, -1.49852514449, 3.86230893245, -0.572999356985, 1.49257540253, 0.0209829648893, 2.01213257905, 0.197578859305, 63.18520908
0.197578859305, -0.391119760877, -0.0479090534216, -2.926867845, -1.49852514449, 3.86230893245, -0.572999356985, 1.49257540253, 0.0209829648893, 2.01213257905, 0.197578859305, 63.18520908
0.00331199721259, 3.0940539328, -1.46181737704, 3.5826786789, 1.94102023973, 1.59808343874, -1.57758808329, 2.52208901662, 3.53863798454, 0.369347310726, 0.00331199721259, 91.5832592403
0.00331199721259, 3.0940539328, -1.46181737704, 3.5826786789, 1.94102023973, 1.59808343874, -1.57758808329, 2.52208901662, 3.53863798454, 0.369347310726, 0.00331199721259, 91.5832592403
0.0315911477651, -0.346581396907, 2.51811893864, -1.5792329946, -1.0243132287, -2.9039475639, 1.67855369209, 1.97189382514, -1.5703290833, -0.0955636558658, 0.0315911477651, 80.7305305654
0.0315911477651, -0.346581396907, 2.51811893864, -1.5792329946, -1.0243132287, -2.9039475639, 1.67855369209, 1.97189382514, -1.5703290833, -0.0955636558658, 0.0315911477651, 80.7305305654
0.0459974777557, -0.391119760877, -0.0479090534216, -1.1348355925, 0.155294160648, 3.86230893245, -0.572999356985, 1.49257540253, 0.0209829648893, 1.10417345524, 0.0459974777557, 79.1656048892
0.0459974777557, -0.391119760877, -0.0479090534216, -1.1348355925, 0.155294160648, 3.86230893245, -0.572999356985, 1.49257540253, 0.0209829648893, 1.10417345524, 0.0459974777557, 79.1656048892
0.00277906519477, 3.0940539328, -2.64754208345, 3.5826786789, 0.157601029289, 1.95372172382, 2.68670434789, -1.55321320357, -3.96874163218, -1.09725277448, 0.00277906519477, 126.903953142
0.00277906519477, 3.0940539328, -2.64754208345, 3.5826786789, 0.157601029289, 1.95372172382, 2.68670434789, -1.55321320357, -3.96874163218, -1.09725277448, 0.00277906519477, 126.903953142
0.00277906519477, 3.0940539328, -2.64754208345, 3.5826786789, 0.157601029289, 1.95372172382, 2.68670434789, -1.55321320357, -3.96874163218, -1.09725277448, 0.00277906519477, 126.903953142
0.00277906519477, 3.0940539328, -2.64754208345, 3.5826786789, 0.157601029289, 1.95372172382, 2.68670434789, -1.55321320357, -3.96874163218, -1.09725277448, 0.00277906519477, 126.903953142
0.0908804143988, -1.35299138248, 2.96805483231, 1.95080218813, -2.98840747043, 1.5499167297, 0.0313008393386, 1.02116146908, -3.39580002082, -0.0955636558658, 0.0908804143988, 71.6644569207
0.0908804143988, -1.35299138248, 2.96805483231, 1.95080218813, -2.98840747043, 1.5499167297, 0.0313008393386, 1.02116146908, -3.39580002082, -0.0955636558658, 0.0908804143988, 71.6644569207
0.0155850987839, -0.947546902946, 0.969353875454, -1.5792329946, -1.0243132287, -2.9039475639, 1.39060951856, 1.97189382514, -1.21218819215, -4.50925786679, 0.0155850987839, 84.3596698789
0.0155850987839, -0.947546902946, 0.969353875454, -1.5792329946, -1.0243132287, -2.9039475639, 1.39060951856, 1.97189382514, -1.21218819215, -4.50925786679, 0.0155850987839, 84.3596698789
0.00433908637065, 3.0940539328, -1.46181737704, 3.5826786789, 1.94102023973, 1.95372172382, 2.68670434789, -1.55321320357, -3.96874163218, 0.369347310726, 0.00433908637065, 105.807134273
0.00433908637065, 3.0940539328, -1.46181737704, 3.5826786789, 1.94102023973, 1.95372172382, 2.68670434789, -1.55321320357, -3.96874163218, 0.369347310726, 0.00433908637065, 105.807134273
0.00331199721259, 3.0940539328, -0.41812655114, 3.5826786789, 1.94102023973, 1.59808343874, -1.57758808329, 2.17020193435, -3.96874163218, 0.369347310726, 0.00331199721259, 109.514476999
0.00331199721259, 3.0940539328, -0.41812655114, 3.5826786789, 1.94102023973, 1.59808343874, -1.57758808329, 2.17020193435, -3.96874163218, 0.369347310726, 0.00331199721259, 109.514476999
0.0031189581876, 2.8585804053, -1.46181737704, 4.57220340456, 1.94102023973, 1.59808343874, 0.481313045438, 4.8661733318, -3.96874163218, 0.369347310726, 0.0031189581876, 127.510530373
0.0031189581876, 2.8585804053, -1.46181737704, 4.57220340456, 1.94102023973, 1.59808343874, 0.481313045438, 4.8661733318, -3.96874163218, 0.369347310726, 0.0031189581876, 127.510530373
0.00277906519477, 3.0940539328, -2.64754208345, 3.5826786789, 0.157601029289, 1.95372172382, 2.68670434789, 0.14157365331, -4.74639150887, -1.09725277448, 0.00277906519477, 160.430945673
0.00277906519477, 3.0940539328, -2.64754208345, 3.5826786789, 0.157601029289, 1.95372172382, 2.68670434789, 0.14157365331, -4.74639150887, -1.09725277448, 0.00277906519477, 160.430945673
0.197578859305, -0.391119760877, 2.41876230237, -1.39049957876, -1.49852514449, 3.86230893245, -0.572999356985, 1.49257540253, 0.0209829648893, 1.10417345524, 0.197578859305, 74.0136709327
0.197578859305, -0.391119760877, 2.41876230237, -1.39049957876, -1.49852514449, 3.86230893245, -0.572999356985, 1.49257540253, 0.0209829648893, 1.10417345524, 0.197578859305, 74.0136709327
0.197578859305, -0.391119760877, 2.41876230237, -1.39049957876, -1.49852514449, 3.86230893245, -0.572999356985, 1.49257540253, 0.0209829648893, 1.10417345524, 0.197578859305, 74.0136709327
0.197578859305, -0.391119760877, 2.41876230237, -1.39049957876, -1.49852514449, 3.86230893245, -0.572999356985, 1.49257540253, 0.0209829648893, 1.10417345524, 0.197578859305, 74.0136709327
0.0934399928352, 0.992901787847, -3.10679750697, 0.120355887076, 2.20792314093, -0.557752566728, 0.576491143395, 1.14707038818, 1.53353952133, -0.555212432407, 0.0934399928352, 79.6896441006
0.0934399928352, 0.992901787847, -3.10679750697, 0.120355887076, 2.20792314093, -0.557752566728, 0.576491143395, 1.14707038818, 1.53353952133, -0.555212432407, 0.0934399928352, 79.6896441006
0.365561362775, 3.14359238582, -0.0479090534216, -4.18353488287, -1.49852514449, 0.973869609502, -0.572999356985, 1.49257540253, 0.0209829648893, 2.01213257905, 0.365561362775, 73.9291010685
0.365561362775, 3.14359238582, -0.0479090534216, -4.18353488287, -1.49852514449, 0.973869609502, -0.572999356985, 1.49257540253, 0.0209829648893, 2.01213257905, 0.365561362775, 73.9291010685
0.0302505944555, -1.50064406521, -1.46181737704, 4.45399578137, 3.18152006904, 1.56923792251, 0.481313045438, -2.52906742771, -3.96874163218, 0.369347310726, 0.0302505944555, 95.559254201
0.0302505944555, -1.50064406521, -1.46181737704, 4.45399578137, 3.18152006904, 1.56923792251, 0.481313045438, -2.52906742771, -3.96874163218, 0.369347310726, 0.0302505944555, 95.559254201
0.0315911477651, -4.49813465229, 2.51811893864, -1.5792329946, -1.0243132287, -2.9039475639, 1.67855369209, 1.97189382514, -1.5703290833, -0.0955636558658, 0.0315911477651, 87.3506136415
0.0315911477651, -4.49813465229, 2.51811893864, -1.5792329946, -1.0243132287, -2.9039475639, 1.67855369209, 1.97189382514, -1.5703290833, -0.0955636558658, 0.0315911477651, 87.3506136415
0.0264640085107, -0.807771761687, -0.0479090534216, -0.125330499886, 3.24528448224, 3.86230893245, -0.572999356985, 1.49257540253, 0.0209829648893, 3.01102467212, 0.0264640085107, 103.996891246
0.0264640085107, -0.807771761687, -0.0479090534216, -0.125330499886, 3.24528448224, 3.86230893245, -0.572999356985, 1.49257540253, 0.0209829648893, 3.01102467212, 0.0264640085107, 103.996891246
0.00433908637065, 1.64551305421, -1.46181737704, 3.5826786789, 1.94102023973, 1.95372172382, 2.68670434789, -1.55321320357, -3.96874163218, -1.12696533321, 0.00433908637065, 105.953330458
0.00433908637065, 1.64551305421, -1.46181737704, 3.5826786789, 1.94102023973, 1.95372172382, 2.68670434789, -1.55321320357, -3.96874163218, -1.12696533321, 0.00433908637065, 105.953330458
0.00331199721259, 3.0940539328, -1.46181737704, 3.5826786789, 1.94102023973, 1.59808343874, -1.57758808329, 2.17020193435, -4.95247573016, 0.369347310726, 0.00331199721259, 117.509196527
0.00331199721259, 3.0940539328, -1.46181737704, 3.5826786789, 1.94102023973, 1.59808343874, -1.57758808329, 2.17020193435, -4.95247573016, 0.369347310726, 0.00331199721259, 117.509196527
0.0031189581876, -4.51601594533, -1.46181737704, 4.40276001066, 1.94102023973, 0.194831496508, 0.481313045438, 4.8661733318, -3.96874163218, 0.369347310726, 0.0031189581876, 137.600199931
0.0031189581876, -4.51601594533, -1.46181737704, 4.40276001066, 1.94102023973, 0.194831496508, 0.481313045438, 4.8661733318, -3.96874163218, 0.369347310726, 0.0031189581876, 137.600199931
0.00325049937319, 2.8585804053, -1.46181737704, 4.40276001066, 1.94102023973, 1.59808343874, 0.481313045438, 4.8661733318, -3.96874163218, 0.369347310726, 0.00325049937319, 128.73015678
0.00325049937319, 2.8585804053, -1.46181737704, 4.40276001066, 1.94102023973, 1.59808343874, 0.481313045438, 4.8661733318, -3.96874163218, 0.369347310726, 0.00325049937319, 128.73015678
0.00277906519477, 3.0940539328, -2.64754208345, -2.50169616034, 0.157601029289, 1.95372172382, 2.68670434789, 1.2057898003, -4.40212217685, 4.90050208611, 0.00277906519477, 163.384929086
0.00277906519477, 3.0940539328, -2.64754208345, -2.50169616034, 0.157601029289, 1.95372172382, 2.68670434789, 1.2057898003, -4.40212217685, 4.90050208611, 0.00277906519477, 163.384929086
0.197578859305, -0.391119760877, -0.0479090534216, -1.39049957876, 2.1580008006, 3.86230893245, -0.572999356985, 1.49257540253, 0.0209829648893, 2.01213257905, 0.197578859305, 77.1217492685
0.197578859305, -0.391119760877, -0.0479090534216, -1.39049957876, 2.1580008006, 3.86230893245, -0.572999356985, 1.49257540253, 0.0209829648893, 2.01213257905, 0.197578859305, 77.1217492685
0.0934399928352, 0.992901787847, -3.10679750697, -0.646624843625, 2.20792314093, -0.557752566728, 0.576491143395, 1.14707038818, 1.53353952133, -0.555212432407, 0.0934399928352, 83.3606880999
0.0934399928352, 0.992901787847, -3.10679750697, -0.646624843625, 2.20792314093, -0.557752566728, 0.576491143395, 1.14707038818, 1.53353952133, -0.555212432407, 0.0934399928352, 83.3606880999
0.365561362775, -0.391119760877, -0.0479090534216, 4.11960779939, -1.49852514449, 3.86230893245, -0.572999356985, 1.49257540253, 0.0209829648893, 2.01213257905, 0.365561362775, 76.9777271864
0.365561362775, -0.391119760877, -0.0479090534216, 4.11960779939, -1.49852514449, 3.86230893245, -0.572999356985, 1.49257540253, 0.0209829648893, 2.01213257905, 0.365561362775, 76.9777271864
0.0562027154523, -0.807771761687, -0.0479090534216, -1.39049957876, -1.49852514449, 3.86230893245, -0.291347006803, 1.49257540253, 0.0209829648893, 3.01102467212, 0.0562027154523, 90.1868361625
0.0562027154523, -0.807771761687, -0.0479090534216, -1.39049957876, -1.49852514449, 3.86230893245, -0.291347006803, 1.49257540253, 0.0209829648893, 3.01102467212, 0.0562027154523, 90.1868361625
0.0315911477651, -0.947546902946, 2.9364566033, -1.5792329946, -1.0243132287, -2.9039475639, 1.39060951856, 1.97189382514, -1.21218819215, -4.50925786679, 0.0315911477651, 94.3326128106
0.0315911477651, -0.947546902946, 2.9364566033, -1.5792329946, -1.0243132287, -2.9039475639, 1.39060951856, 1.97189382514, -1.21218819215, -4.50925786679, 0.0315911477651, 94.3326128106
0.0031189581876, 2.8585804053, -1.46181737704, 4.57220340456, 1.94102023973, 2.18221220309, 0.481313045438, 4.8661733318, -3.96874163218, 0.369347310726, 0.0031189581876, 139.622963183
0.0031189581876, 2.8585804053, -1.46181737704, 4.57220340456, 1.94102023973, 2.18221220309, 0.481313045438, 4.8661733318, -3.96874163218, 0.369347310726, 0.0031189581876, 139.622963183
0.47852780528, 1.37219210092, 2.9364566033, -0.484959951086, -3.312741081, -0.0808964743703, 1.39060951856, 1.9975404388, 0.0464982087394, 0.565327618724, 0.47852780528, 77.2037987277
0.47852780528, 1.37219210092, 2.9364566033, -0.484959951086, -3.312741081, -0.0808964743703, 1.39060951856, 1.9975404388, 0.0464982087394, 0.565327618724, 0.47852780528, 77.2037987277
0.199282023746, -1.35299138248, 3.26304893746, 1.95080218813, -2.98840747043, 1.5499167297, 0.0313008393386, 1.02116146908, 0.907995365008, -0.0955636558658, 0.199282023746, 80.421700899
0.00331199721259, 3.0940539328, 1.14792214926, 3.5826786789, 1.94102023973, 1.59808343874, -1.57758808329, 2.17020193435, -3.96874163218, 0.369347310726, 0.00331199721259, 118.656212462
0.0934399928352, -0.999823997867, 1.18474328867, 1.77956371183, 3.07318068901, -0.684916598492, 0.576491143395, -0.981246926435, -0.902835308911, 2.93349577593, 0.0934399928352, 98.5332910059
0.197578859305, -0.391119760877, -0.0479090534216, -1.39049957876, 2.1580008006, 3.86230893245, -0.572999356985, 1.49257540253, 0.0209829648893, -0.146880977476, 0.197578859305, 85.6938247614
0.0315911477651, -0.947546902946, 2.9364566033, -1.5792329946, -1.0243132287, -2.9039475639, -0.335108457252, 1.97189382514, -1.21218819215, -4.50925786679, 0.0315911477651, 99.2657002548
0.0934399928352, -0.999823997867, 1.18474328867, 1.77956371183, 3.07318068901, -0.684916598492, 0.576491143395, -0.981246926435, -0.902835308911, 2.93349577593, 0.0934399928352, 98.5332910059
0.197578859305, -0.391119760877, -0.0479090534216, -1.39049957876, 2.1580008006, 3.86230893245, -0.572999356985, 1.49257540253, 0.0209829648893, -0.146880977476, 0.197578859305, 85.6938247614
0.00433908637065, 3.0940539328, -2.38857999478, 3.5826786789, 0.529585765977, 2.05730804267, -1.7754398934, -1.55321320357, -3.96874163218, -1.09725277448, 0.00433908637065, 107.743949768
0.00331199721259, 3.0940539328, 1.14792214926, 3.5826786789, 1.94102023973, 1.59808343874, -1.57758808329, 2.17020193435, -3.96874163218, 0.369347310726, 0.00331199721259, 118.656212462
0.0149860211318, -3.48704094197, 0.307707848865, -1.5792329946, -1.0243132287, -2.9039475639, -2.52969520173, 1.97189382514, -1.21218819215, -4.50925786679, 0.0149860211318, 106.667926441
0.199282023746, -1.35299138248, 3.26304893746, 1.95080218813, -2.98840747043, 1.5499167297, 0.0313008393386, 1.02116146908, 0.907995365008, -0.0955636558658, 0.199282023746, 80.421700899
0.0149860211318, -3.48704094197, 0.307707848865, -1.5792329946, -1.0243132287, -2.9039475639, -2.52969520173, 1.97189382514, -1.21218819215, -4.50925786679, 0.0149860211318, 106.667926441
