0.847091767457, 0.564204180958, 0.568776806669, 0.495366387243, 0.185444104427, 0.405468298164, 0.423111718059, 0.166010150173, 0.00652154155561, 0.535413812327, 0.113020164532, 0.890882636463, 0.635076861683, 0.606954222548, 0.121019199825, 0.11927023147, 0.211255199868, 0.332155786724, 1.75060609102
0.465232386962, 0.972650057939, 0.672171380001, 0.217559403327, 0.843825100356, 0.0273322023316, 0.546382945695, 0.966780346335, 0.535254327162, 0.372765572396, 0.0769107992886, 0.394085825344, 0.880196295486, 0.595436772494, 0.0285364379752, 0.010150340058, 0.0535237315007, 1.43062444862, 1.28349988648
0.895930945395, 0.647191673232, 0.254350039841, 0.638163281899, 0.952652102065, 0.524659304841, 0.745781155337, 0.69525048968, 0.446260071751, 0.745726028015, 0.496721527033, 0.50350785662, 0.608133869398, 0.323312182799, 0.0598908383373, 0.0937737522268, 0.0469817372655, 0.195156736113, 1.3914361091
0.0603662961261, 1.0, 0.633262713127, 0.683792125178, 0.741430083679, 0.293204462106, 0.13421575917, 0.0592868306173, 0.805261122746, 0.0843857352132, 0.0, 0.491627614163, 0.345067129588, 0.929100947846, 3.40705268944e-17, 6.28580900232e-17, 1.1007027661e-16, 2.14352764699, 0.203867443517
0.873247265536, 0.665122919241, 0.418467008511, 0.667351879729, 0.787636569801, 0.118581767813, 0.639330361643, 0.00785785552645, 0.471163467995, 0.24419169327, 0.0338438151744, 0.36469078065, 0.333705901004, 0.838525623957, 0.0758791298468, 0.131753802401, 0.117350390277, 0.330806036486, 1.89575789451
0.5999270163, 0.88055828635, 0.784131581741, 0.316602907127, 0.290295475646, 0.368656183422, 0.482266766522, 0.785880624079, 0.774912518482, 0.00918574909493, 0.259604746958, 0.631073949777, 0.643241895246, 0.257899702762, 0.0517309914973, 0.0280809286479, 0.166883454383, 0.932095198276, 1.30552004897
0.0408242619479, 0.136308558467, 0.0391611125811, 0.180140602908, 0.031846416073, 0.644692576059, 0.285641492619, 0.394210873366, 0.873700489076, 0.841059215425, 0.210191197983, 0.0, 0.0254245917463, 0.362278249162, 1.99201520545, 0.579211035031, 0.127773157022, 0.451949833009, 0.136585543748
0.148836195849, 0.87007455359, 0.659199151083, 0.561309451981, 0.334144983037, 0.188539648481, 0.222354316326, 0.378896131084, 0.272869401979, 0.181859271176, 0.133563305829, 0.300906856699, 0.467184967682, 0.13544403106, 0.107241200736, 0.13017659014, 0.284373545703, 1.59748474333, 0.388497484807
0.639584443545, 0.639117735827, 0.619395035997, 0.517794113886, 0.52011832005, 0.6289511513, 0.602479572273, 0.947010920949, 0.942172793841, 0.502689119564, 0.76545893286, 0.166224072179, 0.255588533581, 0.682518330588, 0.189119828113, 0.19999889095, 0.404200147787, 0.768221825108, 1.43290810069
0.959609888096, 0.975779740833, 0.323662218669, 0.422211886575, 0.0674159008975, 0.640285516547, 0.916132678051, 0.559620679569, 0.651674926097, 0.815099073593, 0.836531995452, 0.141894014378, 0.736563109333, 0.319893483145, 0.00304729199571, 0.00238072576473, 0.00215497311521, 0.116304057719, 1.83202356735
0.997390354777, 0.853719664605, 0.66086288977, 0.704992200188, 0.326641332788, 0.548861502516, 0.798433563908, 0.463465150272, 0.939724904176, 0.269771997062, 0.420465466237, 0.668572756501, 0.196238484048, 0.740358702057, 0.00032936585392, 0.000659144347575, 0.00124981448624, 0.00620269404625, 1.55397381017
0.228692761989, 0.107830202649, 0.0281214688187, 0.0, 0.788462845814, 0.367730553015, 0.879687630881, 0.348136791455, 0.941440025518, 0.366681000705, 0.125632048552, 0.0694056682012, 0.942354747976, 0.443659178886, 1.84834105257, 0.0, 0.0817001003781, 0.31640802759, 0.70486049865
0.68497879469, 0.621603840501, 0.320815230372, 0.665904604308, 0.656168645813, 0.674926790675, 0.389996699305, 0.866445366208, 0.893439706884, 0.453915657839, 0.182423858957, 0.549941284223, 0.147966389019, 0.939653469147, 0.20755666015, 0.358506918174, 0.228429754521, 0.699875042083, 1.56548223273
0.00606227908646, 0.387569821396, 0.0539476617905, 0.0733234082493, 0.0814825431133, 0.255123625002, 0.764636421678, 0.50224362098, 0.765453765858, 0.466179846852, 0.728178865834, 0.914505353482, 0.632747580656, 0.691459939912, 1.34370611797, 0.155450873191, 0.114901332976, 0.946373545273, 0.0157589828249
0.306870509857, 0.324948881284, 0.347882706781, 0.946780172925, 0.897548573229, 0.0, 0.480833820931, 0.323080698133, 0.0424410675322, 0.564673985188, 0.633765679857, 0.761551471697, 0.859520548207, 0.662801802014, 0.1045347508, 1.24753863419, 0.761456228231, 0.820451280782, 0.878630819675
0.779505186962, 0.439217579134, 0.222077996444, 0.772770226936, 0.441366101507, 0.801877977156, 0.850464096029, 0.776134434599, 1.0, 0.0943389338325, 0.480836193507, 0.928238295296, 0.887103500589, 0.380883833546, 0.176762317723, 0.474015790361, 0.18400314482, 0.444227308684, 1.93390663787
0.761377913124, 0.479606493891, 0.0974460459329, 0.161093392811, 0.702939363975, 0.0464355509143, 0.847729242783, 0.753690524275, 0.0676055820982, 0.647734872392, 0.850501560356, 0.0792921777298, 0.496115929704, 0.158523974271, 0.525699453369, 0.135939513078, 0.0837697811128, 0.515296319233, 1.91459185008
0.0902844019169, 0.874686970848, 0.945070047796, 0.947678625203, 0.152759094409, 0.883457444769, 0.634382805095, 0.433308390569, 0.347675724984, 0.460639082443, 0.206043973148, 0.285812444625, 0.833463291294, 0.993743428353, 0.00246839530417, 0.0299665204914, 0.347612974417, 1.74959739032, 0.254720931958
0.198747087025, 0.998372033231, 0.637215918232, 0.718441536651, 0.254703926452, 0.570817449533, 0.084643128169, 0.825419270972, 0.476894396894, 0.706371848578, 0.905284829026, 0.353352494542, 0.0433749713727, 0.0627243413187, 0.00110825493445, 0.00234027368455, 0.00404110523624, 1.87686828543, 0.605752282112
0.956455365298, 0.254914707213, 0.948064917211, 0.363948385768, 0.577692932115, 0.92430862959, 0.616042682066, 1.0, 0.351816706393, 0.610637124466, 0.572004290164, 0.89112232331, 0.424398001639, 0.467728845725, 0.00711125886718, 0.00457505503082, 0.1034214953, 0.0439230835722, 1.64480201049
0.856355002624, 0.681676735624, 0.27959067286, 0.33811179717, 0.160277876693, 0.867256965456, 0.58843888973, 0.0984370633162, 0.728924255585, 0.484558650973, 0.224546001019, 0.729228781094, 0.619973611851, 0.255260186046, 0.140193562251, 0.0823499801588, 0.0763817516316, 0.328809316431, 1.6322686027
0.216203088582, 0.318171924579, 0.588473879516, 0.432250919707, 0.532161889968, 0.237044855543, 0.567614895445, 0.827660302478, 0.866409359416, 0.737267427082, 0.455868999944, 0.776027267899, 0.437350310202, 0.439221801054, 0.565742765532, 0.456538972518, 0.963421101875, 0.659007686375, 0.485830071149
0.516891909679, 0.760727536406, 0.959976554514, 0.883423845286, 0.251509863992, 0.228326919185, 0.555577200317, 0.623423241674, 0.474737356687, 0.506069670338, 0.0376724212618, 0.954976295069, 0.309376648074, 0.742022665194, 0.00482624382511, 0.0260607591476, 0.421019725139, 1.06904719731, 1.21193656862
0.459428069015, 0.207780620524, 0.412844925448, 0.0302352746259, 0.805399594625, 0.312036883322, 0.553191603403, 0.231703737379, 0.0192835174139, 0.88307179863, 0.669314632577, 0.349960698202, 0.352976195736, 0.786399335045, 0.982755266012, 0.0467095713641, 0.745604936479, 0.41785121868, 1.14690896703
0.143864848455, 0.0556045376208, 0.523427270247, 0.392733642511, 0.711044961629, 0.608846292412, 0.344386186868, 0.980713163724, 0.468161613606, 0.473602520784, 0.724875370066, 0.240782655808, 0.195773486543, 0.627673135857, 0.830037436325, 0.588700913976, 1.09540329581, 0.130923592311, 0.34506184573
0.794086968992, 0.420775871152, 0.927109010732, 0.762890926421, 0.220633576851, 0.671081865294, 0.27367479743, 0.829219639663, 0.641372660989, 0.740735042911, 0.542248404825, 0.699775692614, 0.121033647695, 0.883694320758, 0.0174970950867, 0.0447857425523, 0.418107746554, 0.3272774266, 1.59041418744
0.820148131512, 0.498081831878, 0.728294329159, 0.489891748589, 0.3724626728, 0.660863224794, 0.319144672901, 0.602374363048, 0.15948844824, 0.823142371903, 0.909127463738, 0.77905710238, 0.800044525927, 0.634323259489, 0.0975239190929, 0.0944751016204, 0.298585836454, 0.326038402607, 1.59326236344
0.0347628361822, 0.443170767893, 0.205958337462, 0.662138222201, 0.749610271416, 0.535412206838, 0.0301573742367, 0.386451225208, 0.451985889034, 0.205341108738, 0.970830197958, 0.502030204915, 0.419886911967, 0.331678900135, 0.604020996694, 1.02921769583, 0.400135539864, 1.05186172969, 0.089659393087
0.182916336563, 0.747553122211, 0.633033025617, 0.0508164545572, 0.0557659975969, 0.433574908136, 0.602295440098, 0.709588697833, 0.589644795169, 0.621435354383, 0.417602085459, 0.648752445715, 0.811099935281, 0.996807140257, 0.332332478967, 0.0265840278134, 0.512852004853, 1.46085180216, 0.467999253854
0.783957824015, 0.00461130618496, 0.541415370684, 0.979957650637, 0.780194026228, 0.0758086015159, 0.000502153599884, 0.97919255917, 0.847007079939, 0.0429196450996, 0.104093561337, 0.50603508811, 0.832709669863, 0.607810620869, 0.0162148577072, 0.514874188707, 0.586925042441, 0.00565664803097, 2.21220801718
0.580982958509, 0.690256588041, 0.856236836732, 0.729199819792, 0.188568386046, 0.689437921102, 0.5406932923, 0.852414957172, 0.901930946055, 0.0325751391655, 0.345863321817, 0.288114894544, 0.489293318769, 0.0346658947285, 0.0508464747846, 0.112236109112, 0.53632726186, 1.04034811581, 1.52213019069
1.0, 0.98653823726, 0.253229811951, 1.0, 0.950899763395, 0.370224270153, 0.460023808964, 0.0560085472593, 0.243770764819, 0.443259612087, 0.830101929235, 0.690251693133, 0.240691204943, 0.662731616443, 1.26196823569e-34, 2.06095053132e-18, 8.6594950479e-19, 1.05702409259e-16, 1.72663735583
0.040576154062, 0.846527729222, 0.293717851903, 0.635374038126, 0.0900734915017, 0.989716879195, 0.195719474028, 0.0713409671936, 0.986404492349, 0.860199760164, 0.45041079353, 0.36703600979, 0.274284457893, 0.259282636279, 0.252009486494, 0.390797422147, 0.231181603312, 2.11223586723, 0.138824406996
0.940673638038, 0.508871884356, 1.0, 0.326634054253, 0.954471044889, 0.384263617018, 0.690090633192, 0.925288337634, 0.224781975637, 0.316962116796, 0.281906075514, 0.905607901242, 0.00109015767401, 0.912452089868, 7.5356923344e-18, 4.24563582345e-18, 0.141255385923, 0.14524833836, 2.16785443519
0.240834668557, 0.857769586099, 0.987189320814, 0.581783017312, 0.286161458999, 0.855094873843, 0.647660720498, 0.427554437602, 0.455547307581, 0.125738316085, 0.743734245996, 0.100728159349, 0.113510135054, 0.368126918066, 0.00436816961864, 0.00566409603889, 0.355407734536, 1.56455658036, 0.637674278718
0.721462530609, 0.461464111253, 0.849380971294, 0.451732975757, 0.0134319775094, 0.106589093229, 0.687751246492, 0.529963133859, 0.737112000991, 0.195841353183, 0.248117183878, 0.796684947505, 0.168383848506, 0.636692038636, 0.104706840075, 0.0899221823387, 0.57244197293, 0.521549091769, 1.68164502559
0.143987492837, 0.115874226111, 0.581919501533, 1.0, 0.340799444158, 0.594566929637, 0.397414918922, 0.131228911556, 0.904431115056, 0.759662280101, 0.498750718886, 0.491429844313, 0.4944982336, 0.066458675463, 5.73224419078e-17, 0.936146519106, 1.21441602135, 0.282216720106, 0.358770274071
0.442846114299, 0.678454368418, 0.922919177002, 0.328551755999, 0.212964049899, 0.462821645399, 0.864959296064, 0.828625558281, 0.74993198025, 0.65814475375, 0.801886826289, 0.066375848717, 0.456620861574, 0.353695546145, 0.0669179345802, 0.0379678180814, 0.632337807313, 1.15206665575, 1.0990083591
0.630923162963, 0.25742599954, 0.0499142915117, 0.206946091425, 0.411641761022, 0.891191075174, 0.207440238907, 0.253356587511, 0.862230849782, 0.640471213615, 0.405539037265, 0.92527170751, 0.516625581067, 0.680456160453, 0.799717566462, 0.269525519617, 0.0663032160111, 0.362263403759, 1.40618252265
0.848777272605, 0.412759760749, 0.108688163849, 0.924692723495, 0.15840286571, 0.541464113872, 0.153375062149, 0.202759756523, 0.65204746484, 0.859626167776, 0.410377345188, 0.0328337739033, 0.550708183839, 0.0131297786882, 0.0424328364732, 0.357036731068, 0.0619882244783, 0.276421368412, 1.8906252903
0.311783320247, 0.85121230571, 0.750130788067, 0.055740004049, 0.72488207855, 0.831363835969, 0.667440624057, 0.510754662957, 0.731696394923, 0.466725907609, 0.858693380384, 0.592685135937, 0.733389593289, 0.917240506025, 0.125303949638, 0.0109992583412, 0.303850291014, 1.38137203372, 0.75693969707
0.49028244361, 0.221734831003, 1.0, 0.957772636672, 0.823445908889, 0.527619324351, 0.838995157804, 0.539881665925, 0.620016616788, 0.32813621754, 0.692817419112, 0.413293856284, 0.888391986625, 0.696661340984, 4.10773717118e-18, 6.1837400236e-17, 1.01210707545, 0.367499582964, 1.04438182928
0.730235068209, 0.806207961564, 0.0987733635106, 0.360815611701, 0.842421902816, 0.856621156272, 0.56390686357, 0.298856291507, 0.688161342693, 0.820507225297, 0.763469989008, 0.326691410534, 0.529983858382, 0.838683855355, 0.168687361425, 0.107355655839, 0.0312744196342, 0.644177011054, 1.49692120316
0.45453464841, 0.771564402855, 0.752535036479, 0.431454770875, 0.0626404730286, 0.0456758788591, 0.646784278755, 0.583905977862, 0.00602038975731, 0.735967430831, 0.39245101378, 0.0941873337128, 0.996389993632, 0.168689294783, 0.176964571986, 0.142440520718, 0.554671456973, 1.59810050231, 1.47890628214
0.961677414663, 0.633550856681, 0.959027333292, 1.0, 0.943283057534, 0.242330833635, 0.0163342197122, 0.765669197729, 0.72677228341, 0.600835123327, 0.357160921992, 0.83757304993, 0.607533565537, 0.223586807349, 2.3876488315e-19, 0.00389932645587, 0.0605027712188, 0.0934292596821, 1.84797236634
0.397158548514, 0.810621712009, 0.647337577392, 0.295813894015, 0.500761972063, 0.255745457035, 0.640272091025, 0.521623173031, 0.00841915283041, 0.103155568963, 0.00793943620238, 0.817098716226, 0.448292651495, 0.658777315799, 0.206918390351, 0.103722055411, 0.374185838966, 1.43518555832, 1.08042020442
0.0485573503762, 0.225975540217, 0.897001186647, 0.849269537372, 0.494575007559, 0.536765571621, 0.0831952579337, 0.930298341938, 0.649151799448, 0.749436357638, 0.681235112795, 0.178879985357, 0.35299459226, 0.119511016315, 0.0617168658246, 0.255776002215, 1.61206826814, 0.605438198109, 0.133126751888
0.675655016122, 1.0, 0.439357932717, 0.30508709874, 0.341789783346, 0.985931585117, 0.478730257444, 0.421731783051, 0.0849684399054, 0.296973026079, 0.0454922689146, 0.836016642812, 0.294485017953, 0.196943715265, 3.95386352509e-17, 2.05455460499e-17, 3.67860237102e-17, 0.943634029531, 1.68905388238
0.866962166037, 0.184423238824, 0.784805328247, 0.82716409879, 0.421199982321, 0.495375842954, 0.823729843962, 1.0, 0.155358561581, 0.891211512646, 0.561568968458, 0.862033058538, 0.584614789742, 0.146816545886, 0.0335865386494, 0.120657371139, 0.356296389559, 0.112574123745, 1.85828491933
0.199911338651, 0.771688622742, 0.446125956947, 0.893118966074, 0.611387332269, 0.126207683975, 0.0153912867467, 0.622181399877, 0.619012859586, 0.674190175573, 0.898517710779, 0.251415111905, 0.441476331885, 0.32701362313, 0.0724993020847, 0.427765582512, 0.366013828369, 1.51432914745, 0.525217425397
0.487054654478, 0.137719350853, 0.0452843016731, 0.239411951613, 0.394588170388, 0.121596246765, 0.588524300857, 0.408668268354, 0.116665214753, 0.0959332125723, 0.637171284888, 0.909752479035, 0.175989382308, 0.709360455151, 1.18714326322, 0.468755265377, 0.0909424938931, 0.281209612719, 1.2578845846
0.502993331764, 0.192232416581, 0.834678719227, 0.32208918599, 0.579386559782, 0.288070312309, 0.221180810574, 0.977794635412, 0.44274860101, 0.437588241296, 0.528909528083, 0.441479696942, 0.718673787653, 0.800265466819, 0.227386966821, 0.125980543171, 0.97842671792, 0.315336196064, 1.07036356385
0.823990400324, 0.413037015898, 0.871000319657, 0.611670549778, 0.319135760389, 0.105321252212, 0.403775043242, 0.166420490421, 0.557179472513, 0.761673076497, 0.56825204023, 0.597020243041, 0.414465327426, 0.434146079349, 0.03526774921, 0.0504618877352, 0.299655223503, 0.231977134249, 1.35307092839
0.546568692346, 0.932076782218, 0.951689021644, 1.0, 0.730835085062, 0.545542550197, 0.816336546805, 0.793869191643, 0.937195525343, 0.701911714982, 0.597705377895, 0.190134737226, 0.501932009495, 0.526212285375, 5.10454165436e-19, 0.00833634915457, 0.109641607391, 1.02668365857, 1.1958545206
0.906428460573, 0.578024087291, 0.308382536631, 0.836053587118, 0.794788741188, 0.966469383006, 0.662604348941, 0.129049529088, 0.755398863043, 0.576073852296, 0.463549217645, 0.124262058343, 0.539753296959, 0.281855052003, 0.0351649953665, 0.133517007202, 0.0726558490649, 0.199855829416, 1.71256272346
0.66328243727, 0.599714745156, 0.94241201768, 0.674160242575, 0.489661751872, 0.844442779099, 0.13170754449, 0.547143398473, 0.930569430613, 0.419291456451, 0.814631020592, 0.680113771878, 0.943428671661, 0.615109365903, 0.0235014478773, 0.0418353152737, 0.529008105335, 0.730417935173, 1.54525581906
0.594294347626, 0.500302786917, 0.622968581805, 0.514159910212, 0.928377440172, 0.636826938639, 0.423661050362, 0.0174037265673, 0.274914192472, 0.901581288421, 0.305768929396, 0.938932349255, 0.411914728323, 0.927454673052, 0.336491284941, 0.351803083946, 0.723565793128, 0.872918970715, 1.66670779031
0.474141402954, 0.447252233823, 0.728160280762, 0.402358571872, 0.995813042192, 0.72284055026, 1.0, 0.692368289263, 0.717487636847, 0.640424167991, 0.445493471554, 0.349130080875, 0.597651965375, 0.185771256625, 0.334413322418, 0.244863560251, 0.910934801528, 0.847317353425, 1.20888873357
0.72232446733, 0.609407272288, 0.932881939848, 0.64452362782, 0.653941376968, 0.499631469894, 0.943745031361, 0.0231032796605, 0.830465372109, 0.401777652189, 0.27104736048, 0.920519648442, 0.657082568424, 0.184522374372, 0.0260437413061, 0.0416902363121, 0.464523371769, 0.663326639986, 1.74055880787
0.392075181425, 0.124858417464, 0.408402041696, 0.205756333843, 0.321029584918, 0.413363586731, 0.600204332336, 0.727388899981, 0.663192292392, 0.633002150133, 0.220954493732, 0.101193805098, 0.47286347396, 0.472173693654, 0.841817855275, 0.281963562568, 0.663089147271, 0.220155242032, 0.799510021538
0.735697569837, 0.69032889627, 0.996093135863, 0.95906737188, 0.611279767848, 0.477048035746, 0.979181136864, 0.886704604789, 0.604539474668, 0.442668954882, 0.859284664801, 0.684251815926, 0.0220285982467, 0.418061959924, 0.000134158513382, 0.00208367356876, 0.340231381397, 0.643400930508, 1.65119344124
0.13137304863, 0.185234406306, 0.820700271494, 0.75688293256, 0.957938774044, 0.136906316666, 0.242693475847, 0.473383204303, 0.284268149896, 0.382667444447, 0.414618711109, 0.558337736698, 0.442484627241, 0.204443023056, 0.152489797847, 0.379702959394, 1.41420797111, 0.440875725358, 0.321716180986
0.18937686141, 0.531715204217, 0.865147878275, 0.649106990509, 0.83076297893, 1.0, 0.116129694174, 0.916504681012, 0.673213629395, 0.33292333638, 0.364946234079, 0.632932122715, 0.708218909381, 0.207867475172, 0.134404900739, 0.218639849868, 1.19342550879, 1.34882526647, 0.557708143162
0.645994332564, 0.0737258696178, 0.148788435773, 0.436691169805, 0.261172968684, 0.481218276311, 0.864073720231, 0.510007005317, 0.813885322284, 0.700714091206, 0.0142199459478, 0.587953129015, 0.714512658012, 0.363454828276, 0.646205243371, 0.528954399001, 0.198807066737, 0.0998599070555, 1.3905573278
0.908158808887, 1.0, 1.0, 0.00613886034753, 0.629875424194, 0.319270054364, 0.670011644288, 0.330084325097, 0.967859349534, 0.63651580346, 0.276485067887, 1.0, 0.187555625617, 0.058695122319, 1.04413865857e-33, 1.00688360109e-35, 1.70528711798e-17, 0.278494520897, 1.91704232506
0.62376780202, 0.577536100484, 0.142117353154, 0.415207046461, 0.555303024141, 0.144987290787, 0.499002817939, 0.234154671582, 0.99446763254, 0.867832623495, 0.532615333079, 0.903404482304, 0.246825920143, 0.0430776867866, 0.536297616625, 0.40956547737, 0.15319457524, 0.884993229671, 1.67427129928
0.285653305256, 0.127733019467, 0.221928415488, 0.801646772905, 0.647104221544, 0.646375507092, 0.438223709069, 0.419161517526, 0.0602370235413, 0.845353409537, 0.0391500634344, 0.230364018415, 0.785803774688, 0.575674412202, 0.442272692285, 1.37325216794, 0.524351419853, 0.312196570202, 0.754188814304
0.187157523936, 0.635907752789, 0.580815087439, 0.494306169264, 0.581761998818, 0.958566456691, 0.648000356023, 0.823295377588, 0.547601320899, 0.543081758098, 0.426231660589, 0.333259490884, 0.575723457011, 0.472920917363, 0.313694351268, 0.308132676301, 0.568379209237, 1.11642524009, 0.40197614927
0.562011938762, 0.323609437603, 0.0658818040052, 0.231764723809, 0.657974021403, 0.0256268721629, 0.219235043391, 0.192531137935, 0.427192910891, 0.493898401703, 0.775061661338, 0.5734179179, 0.432723310953, 0.509071465941, 0.780753782398, 0.297498159904, 0.0867746184899, 0.468019090469, 1.1698694954
0.145934246302, 0.890408232378, 0.330282943174, 0.280518890929, 0.132112781004, 0.135507860623, 0.737605117441, 0.125594694344, 0.775926575963, 0.415500726329, 0.462574902088, 0.256369341324, 0.636787300894, 0.828980288206, 0.227438069128, 0.107250745317, 0.143576895889, 1.66540999315, 0.394427383754
0.154876813993, 0.660144170191, 0.371410493245, 0.770500202406, 0.791984237924, 0.656494475556, 0.185685568003, 0.982351167498, 0.351676645546, 0.43750438571, 0.290757902567, 0.405363061057, 0.215563303902, 0.11759179412, 0.253993396328, 0.673774590991, 0.475277373423, 1.45962003642, 0.420826609382
0.50337306886, 0.0891027557091, 0.897248819127, 0.797165909492, 0.410997927995, 0.493977119104, 0.358489863482, 0.89122559545, 1.0, 0.27803729876, 0.25370806136, 0.0759731447191, 0.747665729562, 0.39507218388, 0.0628665232139, 0.190592043192, 1.23262347129, 0.17594293552, 1.27462343879
0.523280208287, 0.853547233627, 0.79760522865, 0.792745733159, 0.209366241222, 0.3434511599, 0.869133407962, 0.528382081629, 0.635821742598, 0.920000889792, 0.730170494282, 0.915687108973, 0.32659599919, 0.570269379373, 0.0264098779766, 0.0782364138259, 0.250920143197, 1.1279470301, 1.24644945405
0.0221795707877, 0.816911439224, 0.515986977677, 0.975010018386, 0.321365083929, 0.504959866976, 0.344284626363, 0.383246272117, 0.447694770105, 0.99216218247, 0.854799944342, 0.497072933852, 0.288660880118, 0.497369044248, 0.0113871046289, 0.289937473785, 0.30511282776, 1.42346713915, 0.0517380235247
0.400834525656, 0.859850007188, 0.99660276908, 0.0754552615958, 0.604674851743, 0.549202385899, 0.846821841043, 0.894125525015, 0.570870868144, 0.409765406462, 0.934181567734, 0.0256310837326, 0.211638217052, 0.240556749921, 0.00174533241338, 0.000207839423694, 0.329372071045, 1.47191784248, 1.09888289146
0.0, 0.0843681485845, 0.586650936327, 0.0183566126934, 0.324357948606, 0.698439414308, 0.939855311627, 0.511648471768, 0.727427479986, 0.0810885760188, 0.502421087514, 0.63448623548, 0.0, 0.102149938611, 1.14866725837, 0.0331304281901, 1.5138648747, 0.253363777493, 0.0
1.0, 0.228908005173, 0.744225106239, 0.0, 0.536081452284, 0.0337102872121, 0.436080238962, 0.0900150091412, 0.260678200976, 0.131265902333, 0.891717991761, 1.0, 0.166570844562, 0.813846431489, 4.92482692195e-17, 0.0, 1.15910602013e-16, 4.73417157343e-17, 2.19725872363
0.601275928134, 0.193637691629, 0.645609219118, 0.050353732999, 0.257957519097, 0.366478287979, 0.723126910194, 0.194830680232, 0.605805530056, 0.58801275418, 0.408904553444, 0.027359357915, 0.200374893975, 0.381113993002, 0.463610878775, 0.0367461763052, 0.747298355511, 0.27629804787, 1.27513445431
0.569050840453, 0.336256889959, 0.568149610098, 0.849017886301, 0.573689269321, 0.275398966196, 0.054200078411, 0.622072482014, 0.273955071347, 0.625805942466, 0.637071717735, 0.0670394784079, 0.400359330781, 0.671448933414, 0.126189290476, 0.522066844932, 0.666432719307, 0.499424247436, 1.23316862244
0.196153804347, 0.974307553832, 0.822012721328, 0.972051076178, 0.6744624163, 0.460890907041, 0.479566306713, 0.113092181361, 0.278030541005, 0.267251813895, 0.068616173909, 0.775350372467, 0.899419963265, 0.883591360596, 0.000863326858429, 0.0196521984555, 0.0685163548463, 1.76535647217, 0.562288341918
0.631870984347, 0.0853417191723, 0.251687327427, 0.551138640692, 0.528362708135, 0.418254155862, 0.639345485672, 0.28687886839, 0.623957254858, 0.469539089427, 0.12719784483, 0.332228122311, 0.273470221621, 0.324602321756, 0.433408093929, 0.509297407436, 0.279084161734, 0.0977283801563, 1.12031930556
0.347072158966, 0.415618921405, 0.527588409357, 0.50263918175, 0.451885320102, 0.48058834648, 0.446258988934, 0.590065463035, 0.751038495443, 0.36199774656, 0.825459788869, 0.266137895494, 0.493227596122, 1.0, 0.486905334252, 0.490959209349, 0.75414632964, 0.782425542364, 0.781185827575
0.542815783965, 0.79677893965, 0.848880933022, 0.461229320949, 0.474743176355, 0.357063336922, 0.370871111957, 0.715473258285, 0.36686041874, 0.553988673724, 0.275412859325, 0.578668400522, 0.534176183791, 0.758779939886, 0.0447093408805, 0.0395702857943, 0.246778977206, 0.768173433429, 0.925905956477
0.733374500847, 0.874035589739, 0.349049892982, 0.9153437261, 0.663811735376, 0.556235381441, 0.433764336971, 0.215907627948, 0.698088636656, 0.571810071994, 0.527207373567, 0.384840276851, 0.718641311814, 0.66170553336, 0.0112839652511, 0.0843552680582, 0.0519788591865, 0.497408757099, 1.13962854964
0.982393312379, 0.129880062447, 0.631046164273, 0.230848432638, 0.635655563529, 0.262130516162, 0.304476566662, 0.0268801896149, 0.606248675442, 0.225927492022, 0.465027657717, 0.431754206285, 0.228078411049, 0.513200953942, 0.0208464547488, 0.00790898412389, 0.0340647911112, 0.00842322846486, 1.50288183299
0.0961389499497, 0.90546057693, 0.51142160418, 0.853718000832, 0.498630505534, 0.241443487019, 0.686957110995, 0.50452933658, 0.193075090634, 0.297986667867, 0.772926303979, 0.66851941161, 0.410183250565, 0.0766145486315, 0.0353225013421, 0.151008619369, 0.160751794219, 1.49305378586, 0.229731338231
0.343415763264, 0.0131916341119, 0.26843796712, 0.665231705348, 0.612354956828, 0.0815972184785, 0.178621629027, 0.961228142559, 0.921309057057, 0.605685916917, 0.530858877623, 0.451442821701, 0.048609730928, 0.307701925547, 0.760750802391, 1.31082667777, 0.679842546337, 0.0344248278327, 0.994642888569
0.837601928937, 0.70404818481, 0.248951961172, 0.955003930285, 0.713132431053, 0.365351586198, 0.363251725633, 0.810804726898, 0.499956702045, 0.67941383051, 0.733073511137, 0.792771892547, 0.265849330065, 0.240523553211, 0.0108812958216, 0.153695844601, 0.0635252784464, 0.332299863721, 1.42556312365
0.3288850509, 1.0, 0.51765405186, 0.650391899366, 0.868892287283, 0.250417680754, 0.84498514084, 0.686965178671, 0.628474612361, 0.751512814241, 0.526121786807, 0.484564411619, 0.218224542529, 0.0, 3.36596898562e-17, 5.50035967122e-17, 6.81648860295e-17, 1.53242573136, 0.870526756777
0.388711136742, 0.00560867540175, 0.743808111111, 0.226936247112, 0.199888899869, 0.61490093528, 0.146367241154, 0.347335491555, 0.756817838213, 0.594060838546, 0.55146801409, 0.124681204662, 0.854887197689, 0.732422847718, 0.496129022865, 0.184747912941, 1.2437557332, 0.0119092648322, 0.945973691282
0.927089377975, 0.450931985896, 0.13495491917, 0.218640588506, 0.790939096079, 0.851812169155, 0.713593834731, 0.431264611132, 0.468235859121, 0.351524916323, 0.685823131048, 0.0232680773298, 0.106684802661, 0.492800423243, 0.135684446263, 0.0485223681902, 0.0310131511194, 0.126264413586, 1.68724403696
0.608070192568, 1.0, 1.0, 0.82242990366, 0.940167061305, 0.906555403407, 0.678842905806, 0.0358681436129, 0.428921334959, 0.49833798914, 0.810493455686, 0.0551722273084, 0.0, 0.295709221489, 1.31000893211e-33, 4.57417538938e-33, 7.77051350145e-17, 1.26902115889, 1.79404959562
