0.000819290703755, 0.0427467130115, 0.472843976457, 0.325015597286, 0.237562913218, 0.263311392299, 0.672795340746, 0.33410287374, 0.135772406344, 0.546555862682, 0.038814423179, 0.341605262407, 0.23473373449, 0.486211370285, 0.0529568268876, 0.136805681548, 0.105698674082, 0.265070112999, 0.270911110661, 0.0279212310018, 0.114373531973, 0.934053799392, 0.204706427965, 0.0231063600019, 0.906732509385, 0.584887237585, 0.595538237388, 0.0508394746904, 0.0166993450506, 0.2026447064, 0.000819290703755, 3.62182385239
0.000819290703755, 0.0427467130115, 0.472843976457, 0.325015597286, 0.237562913218, 0.263311392299, 0.672795340746, 0.33410287374, 0.135772406344, 0.546555862682, 0.038814423179, 0.341605262407, 0.23473373449, 0.486211370285, 0.0529568268876, 0.136805681548, 0.105698674082, 0.265070112999, 0.270911110661, 0.0279212310018, 0.114373531973, 0.934053799392, 0.204706427965, 0.0231063600019, 0.906732509385, 0.584887237585, 0.595538237388, 0.0508394746904, 0.0166993450506, 0.2026447064, 0.000819290703755, 3.62182385239
0.225101516942, 0.0126412398059, 0.482060101709, 0.00595011184328, 0.0609259778636, 0.381828952038, 0.50540374628, 0.724193187355, 0.0612750223451, 0.169287699279, 0.109258679772, 0.28655052277, 0.97426918179, 0.261661812242, 0.0759547422417, 0.188274903987, 0.0322639749163, 0.00808084221859, 0.479210904163, 0.116008831683, 0.104074174286, 0.0312611777132, 0.149295737855, 0.118103899672, 0.504968129848, 0.810088917304, 0.393411006612, 0.705177894385, 0.205245195481, 0.269088466597, 0.225101516942, 2.49887437836
0.225101516942, 0.0126412398059, 0.482060101709, 0.00595011184328, 0.0609259778636, 0.381828952038, 0.50540374628, 0.724193187355, 0.0612750223451, 0.169287699279, 0.109258679772, 0.28655052277, 0.97426918179, 0.261661812242, 0.0759547422417, 0.188274903987, 0.0322639749163, 0.00808084221859, 0.479210904163, 0.116008831683, 0.104074174286, 0.0312611777132, 0.149295737855, 0.118103899672, 0.504968129848, 0.810088917304, 0.393411006612, 0.705177894385, 0.205245195481, 0.269088466597, 0.225101516942, 2.49887437836
0.444211676667, 0.821571373066, 0.591046634299, 0.190168560092, 0.0289749019388, 0.33478346853, 0.747480213515, 0.240920994658, 0.467943215921, 0.0531998021546, 0.234480500665, 0.224566648681, 0.409233809798, 0.453440926018, 0.525389356251, 0.633138472117, 0.483100306162, 0.305807161565, 0.846816731902, 0.0194719134318, 0.397503292145, 0.159414804072, 0.589881112942, 0.409792929781, 0.249760753471, 0.239095696108, 0.00631722443465, 0.717716518096, 0.0943459608413, 0.0332826569329, 0.444211676667, 2.44858193083
0.444211676667, 0.821571373066, 0.591046634299, 0.190168560092, 0.0289749019388, 0.33478346853, 0.747480213515, 0.240920994658, 0.467943215921, 0.0531998021546, 0.234480500665, 0.224566648681, 0.409233809798, 0.453440926018, 0.525389356251, 0.633138472117, 0.483100306162, 0.305807161565, 0.846816731902, 0.0194719134318, 0.397503292145, 0.159414804072, 0.589881112942, 0.409792929781, 0.249760753471, 0.239095696108, 0.00631722443465, 0.717716518096, 0.0943459608413, 0.0332826569329, 0.444211676667, 2.44858193083
0.276823455288, 0.326421037657, 0.0899757413874, 0.325015597286, 0.248073666314, 0.263311392299, 0.9841683382, 0.0880702166058, 0.110975630992, 0.546555862682, 0.131301799809, 0.341605262407, 0.956236930551, 0.291486443676, 0.0529568268876, 0.136805681548, 0.941164913124, 0.314377135693, 0.138189540626, 0.0279212310018, 0.114373531973, 0.654243684787, 0.220805034213, 0.00172547220334, 0.802880791222, 0.0760422105934, 0.219709102146, 0.0111199238316, 0.0166993450506, 0.2026447064, 0.276823455288, 2.4862856508
0.276823455288, 0.326421037657, 0.0899757413874, 0.325015597286, 0.248073666314, 0.263311392299, 0.9841683382, 0.0880702166058, 0.110975630992, 0.546555862682, 0.131301799809, 0.341605262407, 0.956236930551, 0.291486443676, 0.0529568268876, 0.136805681548, 0.941164913124, 0.314377135693, 0.138189540626, 0.0279212310018, 0.114373531973, 0.654243684787, 0.220805034213, 0.00172547220334, 0.802880791222, 0.0760422105934, 0.219709102146, 0.0111199238316, 0.0166993450506, 0.2026447064, 0.276823455288, 2.4862856508
0.0401754453635, 0.313478355134, 0.045860194191, 0.023544232593, 0.281056246895, 0.0906390542807, 0.680787981007, 0.732284490374, 0.375935611199, 0.53769480152, 0.363377580031, 0.0803825425077, 0.057928473363, 0.05702574885, 0.436964602189, 0.0877122818769, 0.122468775418, 0.809853482605, 0.018570024356, 0.0952548325918, 0.162866377821, 0.0513182258993, 0.0228332073402, 0.0603146092756, 0.0963114032576, 0.222446552434, 0.759010868835, 0.0777312670773, 0.758051990106, 0.518284544827, 0.0401754453635, 3.05279818853
0.0401754453635, 0.313478355134, 0.045860194191, 0.023544232593, 0.281056246895, 0.0906390542807, 0.680787981007, 0.732284490374, 0.375935611199, 0.53769480152, 0.363377580031, 0.0803825425077, 0.057928473363, 0.05702574885, 0.436964602189, 0.0877122818769, 0.122468775418, 0.809853482605, 0.018570024356, 0.0952548325918, 0.162866377821, 0.0513182258993, 0.0228332073402, 0.0603146092756, 0.0963114032576, 0.222446552434, 0.759010868835, 0.0777312670773, 0.758051990106, 0.518284544827, 0.0401754453635, 3.05279818853
0.0171853065775, 0.0770796890302, 0.0264847949014, 0.325015597286, 0.0115815376432, 0.726322109696, 0.934755379003, 0.539972173537, 0.141235729003, 0.320457602043, 0.41291767541, 0.249250202581, 0.973926830198, 0.110804051482, 0.18840710376, 0.136805681548, 0.353347714863, 0.298698705949, 0.128246141137, 0.28504348904, 0.114373531973, 0.376424109914, 0.150935375415, 0.232567508038, 0.686908936636, 0.990414954154, 0.231484493395, 0.0633439170282, 0.0166993450506, 0.117609023883, 0.0171853065775, 3.59527694415
0.0171853065775, 0.0770796890302, 0.0264847949014, 0.325015597286, 0.0115815376432, 0.726322109696, 0.934755379003, 0.539972173537, 0.141235729003, 0.320457602043, 0.41291767541, 0.249250202581, 0.973926830198, 0.110804051482, 0.18840710376, 0.136805681548, 0.353347714863, 0.298698705949, 0.128246141137, 0.28504348904, 0.114373531973, 0.376424109914, 0.150935375415, 0.232567508038, 0.686908936636, 0.990414954154, 0.231484493395, 0.0633439170282, 0.0166993450506, 0.117609023883, 0.0171853065775, 3.59527694415
0.000206581763767, 0.33414204285, 0.980257583932, 0.964282282387, 0.14561869068, 0.847635580232, 0.140262302283, 0.969457938604, 0.167111078636, 0.779054647303, 0.111579350544, 0.839095212537, 0.17165113338, 0.962274452122, 0.712544847076, 0.319234070884, 0.308441184419, 0.505677905733, 0.784587030874, 0.51214088703, 0.211034924598, 0.0657287019168, 0.0933942992783, 0.155452897064, 0.295201149807, 0.0583140822439, 0.843618996517, 0.00492444848825, 0.806697769319, 0.386198987082, 0.000206581763767, 5.14936703691
0.000206581763767, 0.33414204285, 0.980257583932, 0.964282282387, 0.14561869068, 0.847635580232, 0.140262302283, 0.969457938604, 0.167111078636, 0.779054647303, 0.111579350544, 0.839095212537, 0.17165113338, 0.962274452122, 0.712544847076, 0.319234070884, 0.308441184419, 0.505677905733, 0.784587030874, 0.51214088703, 0.211034924598, 0.0657287019168, 0.0933942992783, 0.155452897064, 0.295201149807, 0.0583140822439, 0.843618996517, 0.00492444848825, 0.806697769319, 0.386198987082, 0.000206581763767, 5.14936703691
0.119501961856, 0.336410867312, 0.045860194191, 0.023544232593, 0.281056246895, 0.0906390542807, 0.680787981007, 0.365384456152, 0.35965764066, 0.968557717259, 0.363377580031, 0.0649753228279, 0.057928473363, 0.05702574885, 0.427751704209, 0.0877122818769, 0.0675823627535, 0.809853482605, 0.018570024356, 0.0788353436149, 0.142846254619, 0.0936483802598, 0.0228332073402, 0.00159540167073, 0.471715047944, 0.0344967895318, 0.139369654713, 0.0660462065057, 0.758051990106, 0.386399877304, 0.119501961856, 2.71025447885
0.119501961856, 0.336410867312, 0.045860194191, 0.023544232593, 0.281056246895, 0.0906390542807, 0.680787981007, 0.365384456152, 0.35965764066, 0.968557717259, 0.363377580031, 0.0649753228279, 0.057928473363, 0.05702574885, 0.427751704209, 0.0877122818769, 0.0675823627535, 0.809853482605, 0.018570024356, 0.0788353436149, 0.142846254619, 0.0936483802598, 0.0228332073402, 0.00159540167073, 0.471715047944, 0.0344967895318, 0.139369654713, 0.0660462065057, 0.758051990106, 0.386399877304, 0.119501961856, 2.71025447885
0.628208401985, 0.238703324853, 0.31860350414, 0.356200037482, 0.0243143811633, 0.177943166577, 0.0572309154481, 0.0886633101294, 0.999700940899, 0.202382639509, 0.0220561102533, 0.466309642765, 0.431669927218, 0.00664862364496, 0.591136131196, 0.125389779115, 0.415721351185, 0.345614841296, 0.129309319668, 0.0782107352183, 0.781426658272, 0.771490272301, 0.01537652692, 0.0459961166948, 0.348795094869, 0.628473041439, 0.10264216937, 0.999602927122, 0.258040393234, 0.300796993288, 0.628208401985, 1.84412647775
0.628208401985, 0.238703324853, 0.31860350414, 0.356200037482, 0.0243143811633, 0.177943166577, 0.0572309154481, 0.0886633101294, 0.999700940899, 0.202382639509, 0.0220561102533, 0.466309642765, 0.431669927218, 0.00664862364496, 0.591136131196, 0.125389779115, 0.415721351185, 0.345614841296, 0.129309319668, 0.0782107352183, 0.781426658272, 0.771490272301, 0.01537652692, 0.0459961166948, 0.348795094869, 0.628473041439, 0.10264216937, 0.999602927122, 0.258040393234, 0.300796993288, 0.628208401985, 1.84412647775
0.860212911956, 0.737474847749, 0.31394330998, 0.0974036677796, 0.412977932055, 0.383294118611, 0.0073135555081, 0.950337181979, 0.106616932267, 0.052554343966, 0.266442189806, 0.743226402376, 0.379257164353, 0.161082836038, 0.542842363914, 0.0583973979202, 0.274719267831, 0.587832971484, 0.0122531833066, 0.615912411285, 0.818119530019, 0.515181883504, 0.770613707084, 0.0357123080558, 0.268827703345, 0.239555260535, 0.811694860299, 0.344110057667, 0.128250205728, 0.378937049711, 0.860212911956, 1.65253993437
0.860212911956, 0.737474847749, 0.31394330998, 0.0974036677796, 0.412977932055, 0.383294118611, 0.0073135555081, 0.950337181979, 0.106616932267, 0.052554343966, 0.266442189806, 0.743226402376, 0.379257164353, 0.161082836038, 0.542842363914, 0.0583973979202, 0.274719267831, 0.587832971484, 0.0122531833066, 0.615912411285, 0.818119530019, 0.515181883504, 0.770613707084, 0.0357123080558, 0.268827703345, 0.239555260535, 0.811694860299, 0.344110057667, 0.128250205728, 0.378937049711, 0.860212911956, 1.65253993437
0.0352334817667, 0.0403595257608, 0.0264847949014, 0.325015597286, 0.177143965209, 0.263311392299, 0.9988662684, 0.261792377684, 0.141235729003, 0.320457602043, 0.735460638115, 0.341605262407, 0.782606380501, 0.424218862592, 0.0529568268876, 0.139498357959, 0.936859586944, 0.168255979762, 0.0804240967223, 0.10235414697, 0.114373531973, 0.37413152878, 0.220805034213, 0.011729180089, 0.909233015207, 0.584887237585, 0.395078309932, 0.0508394746904, 0.0166993450506, 0.2026447064, 0.0352334817667, 3.45491153502
0.0352334817667, 0.0403595257608, 0.0264847949014, 0.325015597286, 0.177143965209, 0.263311392299, 0.9988662684, 0.261792377684, 0.141235729003, 0.320457602043, 0.735460638115, 0.341605262407, 0.782606380501, 0.424218862592, 0.0529568268876, 0.139498357959, 0.936859586944, 0.168255979762, 0.0804240967223, 0.10235414697, 0.114373531973, 0.37413152878, 0.220805034213, 0.011729180089, 0.909233015207, 0.584887237585, 0.395078309932, 0.0508394746904, 0.0166993450506, 0.2026447064, 0.0352334817667, 3.45491153502
0.86960000466, 0.249591555113, 0.745944236954, 0.0974036677796, 0.975496526825, 0.200469848402, 0.0073135555081, 0.673256862206, 0.106616932267, 0.444119351293, 0.0353958882728, 0.017075568624, 0.034900742057, 0.195149346895, 0.241182137622, 0.116659097186, 0.312803968647, 0.587832971484, 0.0122531833066, 0.111393416833, 0.973158516253, 0.245620728776, 0.678182296821, 0.184342994358, 0.268827703345, 0.527272153866, 0.811694860299, 0.142455274872, 0.00048689850772, 0.586812702457, 0.86960000466, 1.40533175692
0.86960000466, 0.249591555113, 0.745944236954, 0.0974036677796, 0.975496526825, 0.200469848402, 0.0073135555081, 0.673256862206, 0.106616932267, 0.444119351293, 0.0353958882728, 0.017075568624, 0.034900742057, 0.195149346895, 0.241182137622, 0.116659097186, 0.312803968647, 0.587832971484, 0.0122531833066, 0.111393416833, 0.973158516253, 0.245620728776, 0.678182296821, 0.184342994358, 0.268827703345, 0.527272153866, 0.811694860299, 0.142455274872, 0.00048689850772, 0.586812702457, 0.86960000466, 1.40533175692
0.000819290703755, 0.0135904289118, 0.472843976457, 0.386689827126, 0.248073666314, 0.263311392299, 0.672795340746, 0.33410287374, 0.135772406344, 0.546555862682, 0.277491071328, 0.341605262407, 0.23473373449, 0.486211370285, 0.0529568268876, 0.136805681548, 0.105698674082, 0.314377135693, 0.270911110661, 0.019753469227, 0.494156363778, 0.934053799392, 0.204706427965, 0.0231063600019, 0.802880791222, 0.584887237585, 0.219709102146, 0.0508394746904, 0.0166993450506, 0.2026447064, 0.000819290703755, 3.69050015869
0.000819290703755, 0.0135904289118, 0.472843976457, 0.386689827126, 0.248073666314, 0.263311392299, 0.672795340746, 0.33410287374, 0.135772406344, 0.546555862682, 0.277491071328, 0.341605262407, 0.23473373449, 0.486211370285, 0.0529568268876, 0.136805681548, 0.105698674082, 0.314377135693, 0.270911110661, 0.019753469227, 0.494156363778, 0.934053799392, 0.204706427965, 0.0231063600019, 0.802880791222, 0.584887237585, 0.219709102146, 0.0508394746904, 0.0166993450506, 0.2026447064, 0.000819290703755, 3.69050015869
0.274682531531, 0.0119681037884, 0.482060101709, 0.0586080597814, 0.235496237346, 0.274357246146, 0.146853440408, 0.724193187355, 0.0583990127587, 0.169287699279, 0.0665228234601, 0.28655052277, 0.681938758492, 0.539249694757, 0.0759547422417, 0.261753109131, 0.0322639749163, 0.333006847576, 0.479210904163, 0.0066281733034, 0.104074174286, 0.626205675125, 0.149295737855, 0.470269089121, 0.792383102248, 0.810088917304, 0.393411006612, 0.483128751188, 0.205245195481, 0.27823562751, 0.274682531531, 2.63981732552
0.274682531531, 0.0119681037884, 0.482060101709, 0.0586080597814, 0.235496237346, 0.274357246146, 0.146853440408, 0.724193187355, 0.0583990127587, 0.169287699279, 0.0665228234601, 0.28655052277, 0.681938758492, 0.539249694757, 0.0759547422417, 0.261753109131, 0.0322639749163, 0.333006847576, 0.479210904163, 0.0066281733034, 0.104074174286, 0.626205675125, 0.149295737855, 0.470269089121, 0.792383102248, 0.810088917304, 0.393411006612, 0.483128751188, 0.205245195481, 0.27823562751, 0.274682531531, 2.63981732552
0.276823455288, 0.326421037657, 0.0264847949014, 0.325015597286, 0.248073666314, 0.263311392299, 0.9841683382, 0.33410287374, 0.110975630992, 0.717255229072, 0.131301799809, 0.341605262407, 0.956236930551, 0.291486443676, 0.0529568268876, 0.136805681548, 0.744865448796, 0.314377135693, 0.138189540626, 0.0279212310018, 0.114373531973, 0.654243684787, 0.220805034213, 0.0162532707991, 0.802880791222, 0.0760422105934, 0.219709102146, 0.0111199238316, 0.0166993450506, 0.2026447064, 0.276823455288, 2.53222869833
0.276823455288, 0.326421037657, 0.0264847949014, 0.325015597286, 0.248073666314, 0.263311392299, 0.9841683382, 0.33410287374, 0.110975630992, 0.717255229072, 0.131301799809, 0.341605262407, 0.956236930551, 0.291486443676, 0.0529568268876, 0.136805681548, 0.744865448796, 0.314377135693, 0.138189540626, 0.0279212310018, 0.114373531973, 0.654243684787, 0.220805034213, 0.0162532707991, 0.802880791222, 0.0760422105934, 0.219709102146, 0.0111199238316, 0.0166993450506, 0.2026447064, 0.276823455288, 2.53222869833
0.444211676667, 0.821571373066, 0.542505045883, 0.190168560092, 0.0289749019388, 0.33478346853, 0.747480213515, 0.240920994658, 0.467943215921, 0.0531998021546, 0.234480500665, 0.224566648681, 0.409233809798, 0.453440926018, 0.525389356251, 0.633138472117, 0.483100306162, 0.305807161565, 0.846816731902, 0.245515310113, 0.397503292145, 0.159414804072, 0.589881112942, 0.409792929781, 0.0859391528337, 0.399483445945, 0.00631722443465, 0.787106477897, 0.0943459608413, 0.0332826569329, 0.444211676667, 2.51199417231
0.444211676667, 0.821571373066, 0.542505045883, 0.190168560092, 0.0289749019388, 0.33478346853, 0.747480213515, 0.240920994658, 0.467943215921, 0.0531998021546, 0.234480500665, 0.224566648681, 0.409233809798, 0.453440926018, 0.525389356251, 0.633138472117, 0.483100306162, 0.305807161565, 0.846816731902, 0.245515310113, 0.397503292145, 0.159414804072, 0.589881112942, 0.409792929781, 0.0859391528337, 0.399483445945, 0.00631722443465, 0.787106477897, 0.0943459608413, 0.0332826569329, 0.444211676667, 2.51199417231
0.0932034147565, 0.783618924857, 0.0227225727578, 0.188524047841, 0.594189427262, 0.435612426266, 0.441842403096, 0.0717029907687, 0.078920595271, 0.0017041216809, 0.678518426225, 0.000285142118337, 0.534926784519, 0.278480437847, 0.135576207359, 0.47367092559, 0.100332246518, 0.269796831908, 0.615472898705, 0.503583917388, 0.281617602814, 0.0558247457997, 0.407330150582, 0.125521776624, 0.37817425312, 0.231245252677, 0.830011018155, 0.0223751421238, 0.394582821051, 0.095913268521, 0.0932034147565, 3.18794468958
0.0932034147565, 0.783618924857, 0.0227225727578, 0.188524047841, 0.594189427262, 0.435612426266, 0.441842403096, 0.0717029907687, 0.078920595271, 0.0017041216809, 0.678518426225, 0.000285142118337, 0.534926784519, 0.278480437847, 0.135576207359, 0.47367092559, 0.100332246518, 0.269796831908, 0.615472898705, 0.503583917388, 0.281617602814, 0.0558247457997, 0.407330150582, 0.125521776624, 0.37817425312, 0.231245252677, 0.830011018155, 0.0223751421238, 0.394582821051, 0.095913268521, 0.0932034147565, 3.18794468958
0.0636112376416, 0.0126412398059, 0.482060101709, 0.0586080597814, 0.159975992468, 0.381828952038, 0.50540374628, 0.724193187355, 0.0612750223451, 0.169287699279, 0.148957646762, 0.28655052277, 0.681938758492, 0.539249694757, 0.0657606682639, 0.261753109131, 0.0322639749163, 0.00281706933992, 0.479210904163, 0.116008831683, 0.104074174286, 0.930425973622, 0.149295737855, 0.118103899672, 0.504968129848, 0.602952764913, 0.393411006612, 0.705177894385, 0.205245195481, 0.0283133723407, 0.0636112376416, 3.21840272393
0.0636112376416, 0.0126412398059, 0.482060101709, 0.0586080597814, 0.159975992468, 0.381828952038, 0.50540374628, 0.724193187355, 0.0612750223451, 0.169287699279, 0.148957646762, 0.28655052277, 0.681938758492, 0.539249694757, 0.0657606682639, 0.261753109131, 0.0322639749163, 0.00281706933992, 0.479210904163, 0.116008831683, 0.104074174286, 0.930425973622, 0.149295737855, 0.118103899672, 0.504968129848, 0.602952764913, 0.393411006612, 0.705177894385, 0.205245195481, 0.0283133723407, 0.0636112376416, 3.21840272393
0.0171853065775, 0.0770796890302, 0.0264847949014, 0.325015597286, 0.0115815376432, 0.726322109696, 0.934755379003, 0.539972173537, 0.141235729003, 0.320457602043, 0.41291767541, 0.0118471607534, 0.973926830198, 0.486211370285, 0.565816356906, 0.136805681548, 0.0547013905131, 0.298698705949, 0.228937236505, 0.28504348904, 0.114373531973, 0.376424109914, 0.150935375415, 0.0231063600019, 0.686908936636, 0.990414954154, 0.231484493395, 0.0633439170282, 0.0166993450506, 0.117609023883, 0.0171853065775, 3.62767778671
0.0171853065775, 0.0770796890302, 0.0264847949014, 0.325015597286, 0.0115815376432, 0.726322109696, 0.934755379003, 0.539972173537, 0.141235729003, 0.320457602043, 0.41291767541, 0.0118471607534, 0.973926830198, 0.486211370285, 0.565816356906, 0.136805681548, 0.0547013905131, 0.298698705949, 0.228937236505, 0.28504348904, 0.114373531973, 0.376424109914, 0.150935375415, 0.0231063600019, 0.686908936636, 0.990414954154, 0.231484493395, 0.0633439170282, 0.0166993450506, 0.117609023883, 0.0171853065775, 3.62767778671
0.000206581763767, 0.33414204285, 0.976516989224, 0.964282282387, 0.14561869068, 0.945171137545, 0.140262302283, 0.969457938604, 0.167111078636, 0.779054647303, 0.111579350544, 0.839095212537, 0.17165113338, 0.962274452122, 0.712544847076, 0.319234070884, 0.308441184419, 0.505677905733, 0.784587030874, 0.51214088703, 0.211034924598, 0.218164721728, 0.0933942992783, 0.155452897064, 0.295201149807, 0.0583140822439, 0.843618996517, 0.00492444848825, 0.806697769319, 0.386198987082, 0.000206581763767, 5.2255431907
0.000206581763767, 0.33414204285, 0.976516989224, 0.964282282387, 0.14561869068, 0.945171137545, 0.140262302283, 0.969457938604, 0.167111078636, 0.779054647303, 0.111579350544, 0.839095212537, 0.17165113338, 0.962274452122, 0.712544847076, 0.319234070884, 0.308441184419, 0.505677905733, 0.784587030874, 0.51214088703, 0.211034924598, 0.218164721728, 0.0933942992783, 0.155452897064, 0.295201149807, 0.0583140822439, 0.843618996517, 0.00492444848825, 0.806697769319, 0.386198987082, 0.000206581763767, 5.2255431907
0.000537186263234, 0.33414204285, 0.976516989224, 0.964282282387, 0.14561869068, 0.847635580232, 0.140262302283, 0.969457938604, 0.167111078636, 0.208939163383, 0.111579350544, 0.635303500417, 0.17165113338, 0.962274452122, 0.712544847076, 0.672119311352, 0.308441184419, 0.505677905733, 0.706083685657, 0.58017045294, 0.211034924598, 0.692355493091, 0.0933942992783, 0.155452897064, 0.263669388099, 0.0583140822439, 0.975446000938, 0.00492444848825, 0.806697769319, 0.386198987082, 0.000537186263234, 5.21938128464
0.000537186263234, 0.33414204285, 0.976516989224, 0.964282282387, 0.14561869068, 0.847635580232, 0.140262302283, 0.969457938604, 0.167111078636, 0.208939163383, 0.111579350544, 0.635303500417, 0.17165113338, 0.962274452122, 0.712544847076, 0.672119311352, 0.308441184419, 0.505677905733, 0.706083685657, 0.58017045294, 0.211034924598, 0.692355493091, 0.0933942992783, 0.155452897064, 0.263669388099, 0.0583140822439, 0.975446000938, 0.00492444848825, 0.806697769319, 0.386198987082, 0.000537186263234, 5.21938128464
0.119501961856, 0.323345069771, 0.143870078257, 0.023544232593, 0.196379851055, 0.0112149562083, 0.680787981007, 0.365384456152, 0.916617789139, 0.53769480152, 0.0632155446993, 0.0649753228279, 0.057928473363, 0.416784316981, 0.436964602189, 0.136805681548, 0.432269476416, 0.809853482605, 0.018570024356, 0.0952548325918, 0.162866377821, 0.0936483802598, 0.0457750951081, 0.0711440417746, 0.0963114032576, 0.284565685424, 0.373398976557, 0.0575254076444, 0.0166993450506, 0.386399877304, 0.119501961856, 2.7151051375
0.119501961856, 0.323345069771, 0.143870078257, 0.023544232593, 0.196379851055, 0.0112149562083, 0.680787981007, 0.365384456152, 0.916617789139, 0.53769480152, 0.0632155446993, 0.0649753228279, 0.057928473363, 0.416784316981, 0.436964602189, 0.136805681548, 0.432269476416, 0.809853482605, 0.018570024356, 0.0952548325918, 0.162866377821, 0.0936483802598, 0.0457750951081, 0.0711440417746, 0.0963114032576, 0.284565685424, 0.373398976557, 0.0575254076444, 0.0166993450506, 0.386399877304, 0.119501961856, 2.7151051375
0.806534136077, 0.611524496072, 0.538884284602, 0.0974036677796, 0.475150346951, 0.200469848402, 0.200684904352, 0.0480992212433, 0.36940179069, 0.0983951848173, 0.768963674488, 0.549280041478, 0.0230485736721, 0.195149346895, 0.0331925062862, 0.154349824966, 0.335673599136, 0.587832971484, 0.0122531833066, 0.00313738925658, 0.70103236196, 0.532398627081, 0.407330150582, 0.0355898302413, 0.383204574094, 0.229905668173, 0.811694860299, 0.142455274872, 0.405016294936, 0.0647341750232, 0.806534136077, 1.88350788252
0.806534136077, 0.611524496072, 0.538884284602, 0.0974036677796, 0.475150346951, 0.200469848402, 0.200684904352, 0.0480992212433, 0.36940179069, 0.0983951848173, 0.768963674488, 0.549280041478, 0.0230485736721, 0.195149346895, 0.0331925062862, 0.154349824966, 0.335673599136, 0.587832971484, 0.0122531833066, 0.00313738925658, 0.70103236196, 0.532398627081, 0.407330150582, 0.0355898302413, 0.383204574094, 0.229905668173, 0.811694860299, 0.142455274872, 0.405016294936, 0.0647341750232, 0.806534136077, 1.88350788252
0.628208401985, 0.275779692827, 0.300143838606, 0.356200037482, 0.0243143811633, 0.177943166577, 0.0572309154481, 0.0886633101294, 0.999700940899, 0.45339086286, 0.0220561102533, 0.466309642765, 0.431669927218, 0.00664862364496, 0.591136131196, 0.125389779115, 0.415721351185, 0.345614841296, 0.129309319668, 0.0782107352183, 0.781426658272, 0.771490272301, 0.01537652692, 0.0459961166948, 0.348795094869, 0.628473041439, 0.10264216937, 0.999602927122, 0.258040393234, 0.300796993288, 0.628208401985, 1.91109008751
0.628208401985, 0.275779692827, 0.300143838606, 0.356200037482, 0.0243143811633, 0.177943166577, 0.0572309154481, 0.0886633101294, 0.999700940899, 0.45339086286, 0.0220561102533, 0.466309642765, 0.431669927218, 0.00664862364496, 0.591136131196, 0.125389779115, 0.415721351185, 0.345614841296, 0.129309319668, 0.0782107352183, 0.781426658272, 0.771490272301, 0.01537652692, 0.0459961166948, 0.348795094869, 0.628473041439, 0.10264216937, 0.999602927122, 0.258040393234, 0.300796993288, 0.628208401985, 1.91109008751
0.860212911956, 0.737474847749, 0.31394330998, 0.0747456600094, 0.412977932055, 0.383294118611, 0.0073135555081, 0.950337181979, 0.106616932267, 0.052554343966, 0.266442189806, 0.98050458325, 0.113041492592, 0.278753726159, 0.542842363914, 0.0583973979202, 0.274719267831, 0.587832971484, 0.0122531833066, 0.615912411285, 0.818119530019, 0.844584507001, 0.770613707084, 0.0357123080558, 0.268827703345, 0.349690660093, 0.811694860299, 0.322641977178, 0.128250205728, 0.00198380269594, 0.860212911956, 1.67848103419
0.860212911956, 0.737474847749, 0.31394330998, 0.0747456600094, 0.412977932055, 0.383294118611, 0.0073135555081, 0.950337181979, 0.106616932267, 0.052554343966, 0.266442189806, 0.98050458325, 0.113041492592, 0.278753726159, 0.542842363914, 0.0583973979202, 0.274719267831, 0.587832971484, 0.0122531833066, 0.615912411285, 0.818119530019, 0.844584507001, 0.770613707084, 0.0357123080558, 0.268827703345, 0.349690660093, 0.811694860299, 0.322641977178, 0.128250205728, 0.00198380269594, 0.860212911956, 1.67848103419
0.0352334817667, 0.0367061435868, 0.319096245281, 0.325015597286, 0.248073666314, 0.263311392299, 0.884928906735, 0.33410287374, 0.061807201558, 0.288958993509, 0.0770708231133, 0.120259964252, 0.988568971927, 0.605143085812, 0.0529568268876, 0.0558526423936, 0.945737129389, 0.314377135693, 0.270911110661, 0.28504348904, 0.166761505394, 0.000570751682634, 0.212200960114, 0.0231063600019, 0.922152491511, 0.584887237585, 0.100625441208, 0.568102619273, 0.0166993450506, 0.2026447064, 0.0352334817667, 3.47747394117
0.0352334817667, 0.0367061435868, 0.319096245281, 0.325015597286, 0.248073666314, 0.263311392299, 0.884928906735, 0.33410287374, 0.061807201558, 0.288958993509, 0.0770708231133, 0.120259964252, 0.988568971927, 0.605143085812, 0.0529568268876, 0.0558526423936, 0.945737129389, 0.314377135693, 0.270911110661, 0.28504348904, 0.166761505394, 0.000570751682634, 0.212200960114, 0.0231063600019, 0.922152491511, 0.584887237585, 0.100625441208, 0.568102619273, 0.0166993450506, 0.2026447064, 0.0352334817667, 3.47747394117
0.86960000466, 0.633771996646, 0.745944236954, 0.228015863779, 0.412977932055, 0.200469848402, 0.0073135555081, 0.673256862206, 0.454700085988, 0.444119351293, 0.0814099432752, 0.448882457829, 0.034900742057, 0.195149346895, 0.0366551917103, 0.0583973979202, 0.274719267831, 0.0611412255904, 0.0122531833066, 0.0745697652188, 0.973158516253, 0.281125738815, 0.988281009997, 0.0760294113024, 0.268827703345, 0.225102912743, 0.786191488538, 0.142455274872, 0.194379889607, 0.586812702457, 0.86960000466, 1.40944540713
0.86960000466, 0.633771996646, 0.745944236954, 0.228015863779, 0.412977932055, 0.200469848402, 0.0073135555081, 0.673256862206, 0.454700085988, 0.444119351293, 0.0814099432752, 0.448882457829, 0.034900742057, 0.195149346895, 0.0366551917103, 0.0583973979202, 0.274719267831, 0.0611412255904, 0.0122531833066, 0.0745697652188, 0.973158516253, 0.281125738815, 0.988281009997, 0.0760294113024, 0.268827703345, 0.225102912743, 0.786191488538, 0.142455274872, 0.194379889607, 0.586812702457, 0.86960000466, 1.40944540713
0.000911748019142, 0.0403595257608, 0.0264847949014, 0.325015597286, 0.248073666314, 0.772334850084, 0.9988662684, 0.261792377684, 0.141235729003, 0.320457602043, 0.277491071328, 0.0823508449365, 0.98637138017, 0.486211370285, 0.596534284665, 0.139498357959, 0.923916762993, 0.314377135693, 0.0535566462669, 0.10235414697, 0.114373531973, 0.37413152878, 0.51731986394, 0.0231063600019, 0.909233015207, 0.584887237585, 0.100625441208, 0.0508394746904, 0.0166993450506, 0.2026447064, 0.000911748019142, 4.03952764839
0.000911748019142, 0.0403595257608, 0.0264847949014, 0.325015597286, 0.248073666314, 0.772334850084, 0.9988662684, 0.261792377684, 0.141235729003, 0.320457602043, 0.277491071328, 0.0823508449365, 0.98637138017, 0.486211370285, 0.596534284665, 0.139498357959, 0.923916762993, 0.314377135693, 0.0535566462669, 0.10235414697, 0.114373531973, 0.37413152878, 0.51731986394, 0.0231063600019, 0.909233015207, 0.584887237585, 0.100625441208, 0.0508394746904, 0.0166993450506, 0.2026447064, 0.000911748019142, 4.03952764839
0.00221512006746, 0.160293544474, 0.472843976457, 0.325015597286, 0.0152739971377, 0.263311392299, 0.490091509578, 0.33410287374, 0.141235729003, 0.546555862682, 0.277491071328, 0.341605262407, 0.23473373449, 0.227682795592, 0.039457175548, 0.0426053274131, 0.647243569706, 0.314377135693, 0.270911110661, 0.0279212310018, 0.315481554808, 0.950426898544, 0.220805034213, 0.0109444259202, 0.997266851266, 0.85824892726, 0.219709102146, 0.830486903508, 0.0166993450506, 0.2026447064, 0.00221512006746, 3.94521910041
0.00221512006746, 0.160293544474, 0.472843976457, 0.325015597286, 0.0152739971377, 0.263311392299, 0.490091509578, 0.33410287374, 0.141235729003, 0.546555862682, 0.277491071328, 0.341605262407, 0.23473373449, 0.227682795592, 0.039457175548, 0.0426053274131, 0.647243569706, 0.314377135693, 0.270911110661, 0.0279212310018, 0.315481554808, 0.950426898544, 0.220805034213, 0.0109444259202, 0.997266851266, 0.85824892726, 0.219709102146, 0.830486903508, 0.0166993450506, 0.2026447064, 0.00221512006746, 3.94521910041
0.00385058950921, 0.0707075833561, 0.519752278016, 0.0340484175546, 0.200236048538, 0.992438570921, 0.278980192485, 0.175895712889, 0.503740414982, 0.108227465736, 0.0490096869235, 0.0957549605313, 0.690976109422, 0.128171032882, 0.250027705318, 0.00600685834274, 0.0152687094323, 0.929563334661, 0.0187218455126, 0.208936351013, 0.0212569098758, 0.483407935636, 0.841356111358, 0.130124868338, 0.989962695825, 0.410202901117, 0.814427636908, 0.334406631328, 0.233927935367, 0.0317847320223, 0.00385058950921, 3.84507709534
0.00385058950921, 0.0707075833561, 0.519752278016, 0.0340484175546, 0.200236048538, 0.992438570921, 0.278980192485, 0.175895712889, 0.503740414982, 0.108227465736, 0.0490096869235, 0.0957549605313, 0.690976109422, 0.128171032882, 0.250027705318, 0.00600685834274, 0.0152687094323, 0.929563334661, 0.0187218455126, 0.208936351013, 0.0212569098758, 0.483407935636, 0.841356111358, 0.130124868338, 0.989962695825, 0.410202901117, 0.814427636908, 0.334406631328, 0.233927935367, 0.0317847320223, 0.00385058950921, 3.84507709534
0.00562706739813, 0.16203516182, 0.220032495822, 0.2594854138, 0.200236048538, 0.92637902132, 0.587876033161, 0.0893497039729, 0.503740414982, 0.0943249342186, 0.271318240109, 0.119441478546, 0.577476810223, 0.150984224107, 0.0379706838665, 0.260750148315, 0.0243237002752, 0.370084282888, 0.00148787476165, 0.110374733249, 0.00387636089784, 0.483407935636, 0.411970296174, 0.130124868338, 0.991866938915, 0.410202901117, 0.881491948498, 0.212149877169, 0.17443754484, 0.674443323933, 0.00562706739813, 3.75001729517
0.00562706739813, 0.16203516182, 0.220032495822, 0.2594854138, 0.200236048538, 0.92637902132, 0.587876033161, 0.0893497039729, 0.503740414982, 0.0943249342186, 0.271318240109, 0.119441478546, 0.577476810223, 0.150984224107, 0.0379706838665, 0.260750148315, 0.0243237002752, 0.370084282888, 0.00148787476165, 0.110374733249, 0.00387636089784, 0.483407935636, 0.411970296174, 0.130124868338, 0.991866938915, 0.410202901117, 0.881491948498, 0.212149877169, 0.17443754484, 0.674443323933, 0.00562706739813, 3.75001729517
0.444211676667, 0.821571373066, 0.481010511749, 0.012446101877, 0.0174510920221, 0.352939278886, 0.747480213515, 0.488775736646, 0.467943215921, 0.0105116791082, 0.518239766506, 0.224566648681, 0.409233809798, 0.453440926018, 0.611679084292, 0.633138472117, 0.414614069028, 0.161465237756, 0.846816731902, 0.245515310113, 0.392234619232, 0.110698777887, 0.195797781841, 0.409792929781, 0.472997057362, 0.345649760321, 0.158960441928, 0.74817799956, 0.0943459608413, 0.0332826569329, 0.444211676667, 2.54555179267
0.444211676667, 0.821571373066, 0.481010511749, 0.012446101877, 0.0174510920221, 0.352939278886, 0.747480213515, 0.488775736646, 0.467943215921, 0.0105116791082, 0.518239766506, 0.224566648681, 0.409233809798, 0.453440926018, 0.611679084292, 0.633138472117, 0.414614069028, 0.161465237756, 0.846816731902, 0.245515310113, 0.392234619232, 0.110698777887, 0.195797781841, 0.409792929781, 0.472997057362, 0.345649760321, 0.158960441928, 0.74817799956, 0.0943459608413, 0.0332826569329, 0.444211676667, 2.54555179267
0.0636112376416, 0.0126412398059, 0.482060101709, 0.157565776449, 0.159975992468, 0.381828952038, 0.50540374628, 0.742619147368, 0.0612750223451, 0.169287699279, 0.148957646762, 0.28655052277, 0.681938758492, 0.539249694757, 0.0759547422417, 0.261753109131, 0.0322639749163, 0.00808084221859, 0.479210904163, 0.116008831683, 0.104074174286, 0.930425973622, 0.149295737855, 0.118103899672, 0.504968129848, 0.633897334026, 0.393411006612, 0.705177894385, 0.164668371274, 0.0423903682126, 0.0636112376416, 3.25824783736
0.0636112376416, 0.0126412398059, 0.482060101709, 0.157565776449, 0.159975992468, 0.381828952038, 0.50540374628, 0.742619147368, 0.0612750223451, 0.169287699279, 0.148957646762, 0.28655052277, 0.681938758492, 0.539249694757, 0.0759547422417, 0.261753109131, 0.0322639749163, 0.00808084221859, 0.479210904163, 0.116008831683, 0.104074174286, 0.930425973622, 0.149295737855, 0.118103899672, 0.504968129848, 0.633897334026, 0.393411006612, 0.705177894385, 0.164668371274, 0.0423903682126, 0.0636112376416, 3.25824783736
0.0171853065775, 0.0770796890302, 0.0264847949014, 0.325015597286, 0.0115815376432, 0.894300404711, 0.934755379003, 0.33410287374, 0.141235729003, 0.425047605804, 0.41291767541, 0.249250202581, 0.956236930551, 0.486211370285, 0.18840710376, 0.136805681548, 0.353347714863, 0.298698705949, 0.228937236505, 0.28504348904, 0.114373531973, 0.376424109914, 0.150935375415, 0.00281748694768, 0.686908936636, 0.990414954154, 0.231484493395, 0.0633439170282, 0.0166993450506, 0.2026447064, 0.0171853065775, 3.70942200768
0.0171853065775, 0.0770796890302, 0.0264847949014, 0.325015597286, 0.0115815376432, 0.894300404711, 0.934755379003, 0.33410287374, 0.141235729003, 0.425047605804, 0.41291767541, 0.249250202581, 0.956236930551, 0.486211370285, 0.18840710376, 0.136805681548, 0.353347714863, 0.298698705949, 0.228937236505, 0.28504348904, 0.114373531973, 0.376424109914, 0.150935375415, 0.00281748694768, 0.686908936636, 0.990414954154, 0.231484493395, 0.0633439170282, 0.0166993450506, 0.2026447064, 0.0171853065775, 3.70942200768
0.000874237580771, 0.116865221497, 0.999249109962, 0.537171626735, 0.0207196997712, 0.6880758146, 0.186653978879, 0.995483906141, 0.0274975658291, 0.736069432309, 0.596303240306, 0.58575289809, 0.376016806426, 0.610717218539, 0.834975704769, 0.775475871493, 0.244591481817, 0.412955318626, 0.112043921247, 0.577320111777, 0.211034924598, 0.112338978256, 0.261312578677, 0.36275393001, 0.71745888122, 0.885226820066, 0.859636483285, 0.105466434366, 0.725723361831, 0.586170364835, 0.000874237580771, 5.35694980215
0.000874237580771, 0.116865221497, 0.999249109962, 0.537171626735, 0.0207196997712, 0.6880758146, 0.186653978879, 0.995483906141, 0.0274975658291, 0.736069432309, 0.596303240306, 0.58575289809, 0.376016806426, 0.610717218539, 0.834975704769, 0.775475871493, 0.244591481817, 0.412955318626, 0.112043921247, 0.577320111777, 0.211034924598, 0.112338978256, 0.261312578677, 0.36275393001, 0.71745888122, 0.885226820066, 0.859636483285, 0.105466434366, 0.725723361831, 0.586170364835, 0.000874237580771, 5.35694980215
0.225101516942, 0.0126412398059, 0.914566744581, 0.0586080597814, 0.0609259778636, 0.381828952038, 0.50540374628, 0.724193187355, 0.0612750223451, 0.169287699279, 0.148957646762, 0.28655052277, 0.97426918179, 0.261661812242, 0.0759547422417, 0.261753109131, 0.0322639749163, 0.00808084221859, 0.479210904163, 0.116008831683, 0.104074174286, 0.626205675125, 0.149295737855, 0.118103899672, 0.504968129848, 0.810088917304, 0.393411006612, 0.705177894385, 0.205245195481, 0.269088466597, 0.225101516942, 2.82375167563
0.225101516942, 0.0126412398059, 0.914566744581, 0.0586080597814, 0.0609259778636, 0.381828952038, 0.50540374628, 0.724193187355, 0.0612750223451, 0.169287699279, 0.148957646762, 0.28655052277, 0.97426918179, 0.261661812242, 0.0759547422417, 0.261753109131, 0.0322639749163, 0.00808084221859, 0.479210904163, 0.116008831683, 0.104074174286, 0.626205675125, 0.149295737855, 0.118103899672, 0.504968129848, 0.810088917304, 0.393411006612, 0.705177894385, 0.205245195481, 0.269088466597, 0.225101516942, 2.82375167563
0.119501961856, 0.323345069771, 0.0995089159159, 0.023544232593, 0.196379851055, 0.0906390542807, 0.680787981007, 0.365384456152, 0.999932904864, 0.53769480152, 0.0654397195182, 0.0649753228279, 0.057928473363, 0.05702574885, 0.436964602189, 0.0877122818769, 0.432269476416, 0.809853482605, 0.018570024356, 0.0952548325918, 0.162866377821, 0.0936483802598, 0.221422433003, 0.0711440417746, 0.0963114032576, 0.195661339649, 0.373398976557, 0.0660462065057, 0.600411180748, 0.386399877304, 0.119501961856, 2.82488280993
0.119501961856, 0.323345069771, 0.0995089159159, 0.023544232593, 0.196379851055, 0.0906390542807, 0.680787981007, 0.365384456152, 0.999932904864, 0.53769480152, 0.0654397195182, 0.0649753228279, 0.057928473363, 0.05702574885, 0.436964602189, 0.0877122818769, 0.432269476416, 0.809853482605, 0.018570024356, 0.0952548325918, 0.162866377821, 0.0936483802598, 0.221422433003, 0.0711440417746, 0.0963114032576, 0.195661339649, 0.373398976557, 0.0660462065057, 0.600411180748, 0.386399877304, 0.119501961856, 2.82488280993
0.274682531531, 0.0119681037884, 0.482060101709, 0.400466972663, 0.235496237346, 0.381828952038, 0.50540374628, 0.724193187355, 0.0583990127587, 0.169287699279, 0.0665228234601, 0.28655052277, 0.681938758492, 0.539249694757, 0.0759547422417, 0.261753109131, 0.0322639749163, 0.333006847576, 0.479210904163, 0.0066281733034, 0.104074174286, 0.626205675125, 0.149295737855, 0.118103899672, 0.792383102248, 0.810088917304, 0.393411006612, 0.474012415081, 0.205245195481, 0.27823562751, 0.274682531531, 2.76010891991
0.274682531531, 0.0119681037884, 0.482060101709, 0.400466972663, 0.235496237346, 0.381828952038, 0.50540374628, 0.724193187355, 0.0583990127587, 0.169287699279, 0.0665228234601, 0.28655052277, 0.681938758492, 0.539249694757, 0.0759547422417, 0.261753109131, 0.0322639749163, 0.333006847576, 0.479210904163, 0.0066281733034, 0.104074174286, 0.626205675125, 0.149295737855, 0.118103899672, 0.792383102248, 0.810088917304, 0.393411006612, 0.474012415081, 0.205245195481, 0.27823562751, 0.274682531531, 2.76010891991
0.628208401985, 0.751362137157, 0.479551233802, 0.356200037482, 0.0243143811633, 0.512037561096, 0.0685408427747, 0.144319130172, 0.999700940899, 0.45339086286, 0.674654980955, 0.589434596537, 0.326655721428, 0.00195437738691, 0.110863464161, 0.125389779115, 0.415721351185, 0.345614841296, 0.129309319668, 0.0601618651565, 0.781426658272, 0.533622964521, 0.01537652692, 0.127950151967, 0.176719608541, 0.628473041439, 0.10264216937, 0.789127108425, 0.258040393234, 0.973659297974, 0.628208401985, 2.25094849931
0.628208401985, 0.751362137157, 0.479551233802, 0.356200037482, 0.0243143811633, 0.512037561096, 0.0685408427747, 0.144319130172, 0.999700940899, 0.45339086286, 0.674654980955, 0.589434596537, 0.326655721428, 0.00195437738691, 0.110863464161, 0.125389779115, 0.415721351185, 0.345614841296, 0.129309319668, 0.0601618651565, 0.781426658272, 0.533622964521, 0.01537652692, 0.127950151967, 0.176719608541, 0.628473041439, 0.10264216937, 0.789127108425, 0.258040393234, 0.973659297974, 0.628208401985, 2.25094849931
0.65957602457, 0.056119890087, 0.482060101709, 0.280842463635, 0.860818390068, 0.381828952038, 0.50540374628, 0.724193187355, 0.0751642170217, 0.49415296102, 0.148957646762, 0.28655052277, 0.681938758492, 0.220952467829, 0.507786669783, 0.261753109131, 0.240061469256, 0.00808084221859, 0.479210904163, 0.00523998461719, 0.104074174286, 0.626205675125, 0.149295737855, 0.118103899672, 0.504968129848, 0.810088917304, 0.701237920355, 0.646828658795, 0.168786039263, 0.178920759098, 0.65957602457, 2.00499846244
0.65957602457, 0.056119890087, 0.482060101709, 0.280842463635, 0.860818390068, 0.381828952038, 0.50540374628, 0.724193187355, 0.0751642170217, 0.49415296102, 0.148957646762, 0.28655052277, 0.681938758492, 0.220952467829, 0.507786669783, 0.261753109131, 0.240061469256, 0.00808084221859, 0.479210904163, 0.00523998461719, 0.104074174286, 0.626205675125, 0.149295737855, 0.118103899672, 0.504968129848, 0.810088917304, 0.701237920355, 0.646828658795, 0.168786039263, 0.178920759098, 0.65957602457, 2.00499846244
0.860212911956, 0.532927566204, 0.31394330998, 0.0974036677796, 0.714098653851, 0.158770074939, 0.0073135555081, 0.950337181979, 0.0747504098062, 0.444119351293, 0.557225312796, 0.98050458325, 0.113041492592, 0.396699966967, 0.00233636907729, 0.0583973979202, 0.274719267831, 0.567303041048, 0.0122531833066, 0.346068247437, 0.818119530019, 0.34092327764, 0.770613707084, 0.0790572579777, 0.263789474917, 0.712849472836, 0.811694860299, 0.344110057667, 0.128250205728, 0.391382874355, 0.860212911956, 1.71262760576
0.860212911956, 0.532927566204, 0.31394330998, 0.0974036677796, 0.714098653851, 0.158770074939, 0.0073135555081, 0.950337181979, 0.0747504098062, 0.444119351293, 0.557225312796, 0.98050458325, 0.113041492592, 0.396699966967, 0.00233636907729, 0.0583973979202, 0.274719267831, 0.567303041048, 0.0122531833066, 0.346068247437, 0.818119530019, 0.34092327764, 0.770613707084, 0.0790572579777, 0.263789474917, 0.712849472836, 0.811694860299, 0.344110057667, 0.128250205728, 0.391382874355, 0.860212911956, 1.71262760576
0.0352334817667, 0.0367061435868, 0.0264847949014, 0.701975425516, 0.248073666314, 0.263311392299, 0.957620325668, 0.33410287374, 0.061807201558, 0.288958993509, 0.0770708231133, 0.120259964252, 0.988683605207, 0.605143085812, 0.0529568268876, 0.0558526423936, 0.945737129389, 0.314377135693, 0.270911110661, 0.28504348904, 0.166761505394, 0.000570751682634, 0.220805034213, 0.0231063600019, 0.922152491511, 0.584887237585, 0.100625441208, 0.568102619273, 0.0166993450506, 0.2026447064, 0.0352334817667, 3.52647283586
0.0352334817667, 0.0367061435868, 0.0264847949014, 0.701975425516, 0.248073666314, 0.263311392299, 0.957620325668, 0.33410287374, 0.061807201558, 0.288958993509, 0.0770708231133, 0.120259964252, 0.988683605207, 0.605143085812, 0.0529568268876, 0.0558526423936, 0.945737129389, 0.314377135693, 0.270911110661, 0.28504348904, 0.166761505394, 0.000570751682634, 0.220805034213, 0.0231063600019, 0.922152491511, 0.584887237585, 0.100625441208, 0.568102619273, 0.0166993450506, 0.2026447064, 0.0352334817667, 3.52647283586
0.86960000466, 0.633771996646, 0.558412986574, 0.0974036677796, 0.412977932055, 0.200469848402, 0.0073135555081, 0.673256862206, 0.106616932267, 0.444119351293, 0.0353958882728, 0.448882457829, 0.034900742057, 0.195149346895, 0.0366551917103, 0.0583973979202, 0.312803968647, 0.587832971484, 0.0122531833066, 0.111393416833, 0.973158516253, 0.245620728776, 0.547983640246, 0.184342994358, 0.268827703345, 0.135387957984, 0.811694860299, 0.49467755301, 0.128250205728, 0.970668607523, 0.86960000466, 1.43981453382
0.86960000466, 0.633771996646, 0.558412986574, 0.0974036677796, 0.412977932055, 0.200469848402, 0.0073135555081, 0.673256862206, 0.106616932267, 0.444119351293, 0.0353958882728, 0.448882457829, 0.034900742057, 0.195149346895, 0.0366551917103, 0.0583973979202, 0.312803968647, 0.587832971484, 0.0122531833066, 0.111393416833, 0.973158516253, 0.245620728776, 0.547983640246, 0.184342994358, 0.268827703345, 0.135387957984, 0.811694860299, 0.49467755301, 0.128250205728, 0.970668607523, 0.86960000466, 1.43981453382
0.000874237580771, 0.116865221497, 0.999249109962, 0.775888032996, 0.0207196997712, 0.6880758146, 0.186653978879, 0.995483906141, 0.0274975658291, 0.736069432309, 0.596303240306, 0.58575289809, 0.376016806426, 0.610717218539, 0.834975704769, 0.775475871493, 0.784345771375, 0.412955318626, 0.112043921247, 0.577320111777, 0.211034924598, 0.112338978256, 0.0743184160857, 0.36275393001, 0.71745888122, 0.927679528188, 0.859636483285, 0.105466434366, 0.725723361831, 0.401883919058, 0.000874237580771, 5.4956140883
0.000874237580771, 0.116865221497, 0.999249109962, 0.775888032996, 0.0207196997712, 0.6880758146, 0.186653978879, 0.995483906141, 0.0274975658291, 0.736069432309, 0.596303240306, 0.58575289809, 0.376016806426, 0.610717218539, 0.834975704769, 0.775475871493, 0.784345771375, 0.412955318626, 0.112043921247, 0.577320111777, 0.211034924598, 0.112338978256, 0.0743184160857, 0.36275393001, 0.71745888122, 0.927679528188, 0.859636483285, 0.105466434366, 0.725723361831, 0.401883919058, 0.000874237580771, 5.4956140883
0.86960000466, 0.692512368643, 0.745944236954, 0.228015863779, 0.412977932055, 0.200469848402, 0.0034691840334, 0.673256862206, 0.106616932267, 0.444119351293, 0.0814099432752, 0.448882457829, 0.034900742057, 0.195149346895, 0.0366551917103, 0.0583973979202, 0.274719267831, 0.587832971484, 0.0122531833066, 0.111393416833, 0.973158516253, 0.281125738815, 0.988281009997, 0.184342994358, 0.268827703345, 0.236800883973, 0.811694860299, 0.142455274872, 0.0748518453968, 0.586812702457, 0.86960000466, 1.48003453057
0.86960000466, 0.692512368643, 0.745944236954, 0.228015863779, 0.412977932055, 0.200469848402, 0.0034691840334, 0.673256862206, 0.106616932267, 0.444119351293, 0.0814099432752, 0.448882457829, 0.034900742057, 0.195149346895, 0.0366551917103, 0.0583973979202, 0.274719267831, 0.587832971484, 0.0122531833066, 0.111393416833, 0.973158516253, 0.281125738815, 0.988281009997, 0.184342994358, 0.268827703345, 0.236800883973, 0.811694860299, 0.142455274872, 0.0748518453968, 0.586812702457, 0.86960000466, 1.48003453057
0.000911748019142, 0.0403595257608, 0.0264847949014, 0.325015597286, 0.248073666314, 0.553654217786, 0.9988662684, 0.261792377684, 0.141235729003, 0.320457602043, 0.277491071328, 0.341605262407, 0.98637138017, 0.486211370285, 0.489054727755, 0.588658165429, 0.923916762993, 0.314377135693, 0.0804240967223, 0.0406678354131, 0.114373531973, 0.261714747105, 0.51731986394, 0.0231063600019, 0.909233015207, 0.584887237585, 0.100625441208, 0.0144874631109, 0.0166993450506, 0.2026447064, 0.000911748019142, 4.10072477597
0.444211676667, 0.909885947651, 0.307611297784, 0.789891758339, 0.0461550827081, 0.352939278886, 0.513073980688, 0.240920994658, 0.459613701037, 0.0943356664441, 0.240473365416, 0.128263889614, 0.146840121154, 0.371572190585, 0.26546998394, 0.591642999528, 0.77331666368, 0.198745693584, 0.846816731902, 0.798427056788, 0.418547167516, 0.099091570577, 0.325436810972, 0.409792929781, 0.249760753471, 0.30644332741, 0.79573047535, 0.360612467633, 0.0943459608413, 0.0332826569329, 0.444211676667, 2.62083469825
