0.000206581763767, 0.33414204285, 0.992246551219, 0.325248507196, 0.14561869068, 0.847635580232, 0.140262302283, 0.969457938604, 0.167111078636, 0.779054647303, 0.111579350544, 0.839095212537, 0.17165113338, 0.962274452122, 0.712544847076, 0.319234070884, 0.308441184419, 0.435824693654, 0.784587030874, 0.136667615653, 0.211034924598, 0.0657287019168, 0.0933942992783, 0.155452897064, 0.295201149807, 0.0583140822439, 0.580387769336, 0.00492444848825, 0.806697769319, 0.386198987082, 0.000206581763767, 4.73620550688
0.000206581763767, 0.33414204285, 0.992246551219, 0.325248507196, 0.14561869068, 0.847635580232, 0.140262302283, 0.969457938604, 0.167111078636, 0.779054647303, 0.111579350544, 0.839095212537, 0.17165113338, 0.962274452122, 0.712544847076, 0.319234070884, 0.308441184419, 0.435824693654, 0.784587030874, 0.136667615653, 0.211034924598, 0.0657287019168, 0.0933942992783, 0.155452897064, 0.295201149807, 0.0583140822439, 0.580387769336, 0.00492444848825, 0.806697769319, 0.386198987082, 0.000206581763767, 4.73620550688
0.000191094215328, 0.33414204285, 0.976516989224, 0.964282282387, 0.14561869068, 0.945171137545, 0.140262302283, 0.969457938604, 0.0775530894656, 0.779054647303, 0.111579350544, 0.989844368429, 0.17165113338, 0.962274452122, 0.712544847076, 0.319234070884, 0.308441184419, 0.505677905733, 0.784587030874, 0.40870256722, 0.211034924598, 0.0979266515701, 0.0418664290707, 0.155452897064, 0.295201149807, 0.0583140822439, 0.425120711294, 0.00492444848825, 0.806697769319, 0.386198987082, 0.000191094215328, 5.0311035942
0.000191094215328, 0.33414204285, 0.976516989224, 0.964282282387, 0.14561869068, 0.945171137545, 0.140262302283, 0.969457938604, 0.0775530894656, 0.779054647303, 0.111579350544, 0.989844368429, 0.17165113338, 0.962274452122, 0.712544847076, 0.319234070884, 0.308441184419, 0.505677905733, 0.784587030874, 0.40870256722, 0.211034924598, 0.0979266515701, 0.0418664290707, 0.155452897064, 0.295201149807, 0.0583140822439, 0.425120711294, 0.00492444848825, 0.806697769319, 0.386198987082, 0.000191094215328, 5.0311035942
0.868695073974, 0.611524496072, 0.538884284602, 0.0974036677796, 0.475150346951, 0.200469848402, 0.200684904352, 0.0480992212433, 0.36940179069, 0.0983951848173, 0.466054095849, 0.549280041478, 0.192378612397, 0.281477838849, 0.0286665718305, 0.154349824966, 0.335673599136, 0.587832971484, 0.0122531833066, 0.00313738925658, 0.70103236196, 0.532398627081, 0.407330150582, 0.0355898302413, 0.383204574094, 0.229905668173, 0.811694860299, 0.0280228098541, 0.405016294936, 0.0647341750232, 0.868695073974, 1.21938352997
0.868695073974, 0.611524496072, 0.538884284602, 0.0974036677796, 0.475150346951, 0.200469848402, 0.200684904352, 0.0480992212433, 0.36940179069, 0.0983951848173, 0.466054095849, 0.549280041478, 0.192378612397, 0.281477838849, 0.0286665718305, 0.154349824966, 0.335673599136, 0.587832971484, 0.0122531833066, 0.00313738925658, 0.70103236196, 0.532398627081, 0.407330150582, 0.0355898302413, 0.383204574094, 0.229905668173, 0.811694860299, 0.0280228098541, 0.405016294936, 0.0647341750232, 0.868695073974, 1.21938352997
0.225101516942, 0.0126412398059, 0.482060101709, 0.00595011184328, 0.287229858256, 0.381828952038, 0.50540374628, 0.620397116543, 0.0612750223451, 0.169287699279, 0.109258679772, 0.28655052277, 0.923971386706, 0.175987285162, 0.0759547422417, 0.188274903987, 0.0322639749163, 0.00808084221859, 0.103489414008, 0.110131756145, 0.104074174286, 0.00558313149248, 0.149295737855, 0.118103899672, 0.524027369852, 0.810088917304, 0.124863653572, 0.705177894385, 0.205245195481, 0.510921485381, 0.225101516942, 2.3828158925
0.225101516942, 0.0126412398059, 0.482060101709, 0.00595011184328, 0.287229858256, 0.381828952038, 0.50540374628, 0.620397116543, 0.0612750223451, 0.169287699279, 0.109258679772, 0.28655052277, 0.923971386706, 0.175987285162, 0.0759547422417, 0.188274903987, 0.0322639749163, 0.00808084221859, 0.103489414008, 0.110131756145, 0.104074174286, 0.00558313149248, 0.149295737855, 0.118103899672, 0.524027369852, 0.810088917304, 0.124863653572, 0.705177894385, 0.205245195481, 0.510921485381, 0.225101516942, 2.3828158925
0.00562706739813, 0.16203516182, 0.220032495822, 0.2594854138, 0.200236048538, 0.92637902132, 0.587876033161, 0.0893497039729, 0.503740414982, 0.0943249342186, 0.051466882685, 0.119441478546, 0.577476810223, 0.121221325192, 0.0379706838665, 0.260750148315, 0.0243237002752, 0.370084282888, 0.00148787476165, 0.110374733249, 0.00387636089784, 0.483407935636, 0.411970296174, 0.130124868338, 0.991866938915, 0.410202901117, 0.881491948498, 0.212149877169, 0.026097404285, 0.133700681848, 0.00562706739813, 3.46433839717
0.00562706739813, 0.16203516182, 0.220032495822, 0.2594854138, 0.200236048538, 0.92637902132, 0.587876033161, 0.0893497039729, 0.503740414982, 0.0943249342186, 0.051466882685, 0.119441478546, 0.577476810223, 0.121221325192, 0.0379706838665, 0.260750148315, 0.0243237002752, 0.370084282888, 0.00148787476165, 0.110374733249, 0.00387636089784, 0.483407935636, 0.411970296174, 0.130124868338, 0.991866938915, 0.410202901117, 0.881491948498, 0.212149877169, 0.026097404285, 0.133700681848, 0.00562706739813, 3.46433839717
0.000819290703755, 0.0135904289118, 0.153350116578, 0.386689827126, 0.248073666314, 0.0381523475566, 0.672795340746, 0.33410287374, 0.135772406344, 0.546555862682, 0.277491071328, 0.341605262407, 0.23473373449, 0.486211370285, 0.0529568268876, 0.136805681548, 0.105698674082, 0.513264609937, 0.270911110661, 0.00591508378368, 0.494156363778, 0.934053799392, 0.204706427965, 0.0231063600019, 0.76703280952, 0.584887237585, 0.219709102146, 0.0508394746904, 0.0166993450506, 0.2026447064, 0.000819290703755, 3.56868879868
0.000819290703755, 0.0135904289118, 0.153350116578, 0.386689827126, 0.248073666314, 0.0381523475566, 0.672795340746, 0.33410287374, 0.135772406344, 0.546555862682, 0.277491071328, 0.341605262407, 0.23473373449, 0.486211370285, 0.0529568268876, 0.136805681548, 0.105698674082, 0.513264609937, 0.270911110661, 0.00591508378368, 0.494156363778, 0.934053799392, 0.204706427965, 0.0231063600019, 0.76703280952, 0.584887237585, 0.219709102146, 0.0508394746904, 0.0166993450506, 0.2026447064, 0.000819290703755, 3.56868879868
0.0932034147565, 0.783618924857, 0.0227225727578, 0.188524047841, 0.594189427262, 0.435612426266, 0.441842403096, 0.0717029907687, 0.078920595271, 0.0017041216809, 0.125814479959, 0.000285142118337, 0.534926784519, 0.156324899008, 0.135576207359, 0.062513739612, 0.100332246518, 0.269796831908, 0.896186395097, 0.503583917388, 0.281617602814, 0.0558247457997, 0.407330150582, 0.125521776624, 0.433352133752, 0.231245252677, 0.830011018155, 0.0223751421238, 0.394582821051, 0.095913268521, 0.0932034147565, 2.97365698964
0.0932034147565, 0.783618924857, 0.0227225727578, 0.188524047841, 0.594189427262, 0.435612426266, 0.441842403096, 0.0717029907687, 0.078920595271, 0.0017041216809, 0.125814479959, 0.000285142118337, 0.534926784519, 0.156324899008, 0.135576207359, 0.062513739612, 0.100332246518, 0.269796831908, 0.896186395097, 0.503583917388, 0.281617602814, 0.0558247457997, 0.407330150582, 0.125521776624, 0.433352133752, 0.231245252677, 0.830011018155, 0.0223751421238, 0.394582821051, 0.095913268521, 0.0932034147565, 2.97365698964
0.119501961856, 0.336410867312, 0.045860194191, 0.023544232593, 0.149519102613, 0.068171519078, 0.680787981007, 0.365384456152, 0.35965764066, 0.968557717259, 0.363377580031, 0.0649753228279, 6.12847651374e-05, 0.05702574885, 0.427751704209, 0.0877122818769, 0.0675823627535, 0.809853482605, 0.018570024356, 0.0788353436149, 0.142846254619, 0.0936483802598, 0.0228332073402, 0.00159540167073, 0.471715047944, 0.013152359513, 0.139369654713, 0.0660462065057, 0.758051990106, 0.386399877304, 0.119501961856, 2.64483780751
0.119501961856, 0.336410867312, 0.045860194191, 0.023544232593, 0.149519102613, 0.068171519078, 0.680787981007, 0.365384456152, 0.35965764066, 0.968557717259, 0.363377580031, 0.0649753228279, 6.12847651374e-05, 0.05702574885, 0.427751704209, 0.0877122818769, 0.0675823627535, 0.809853482605, 0.018570024356, 0.0788353436149, 0.142846254619, 0.0936483802598, 0.0228332073402, 0.00159540167073, 0.471715047944, 0.013152359513, 0.139369654713, 0.0660462065057, 0.758051990106, 0.386399877304, 0.119501961856, 2.64483780751
0.606331525044, 0.323345069771, 0.0995089159159, 0.023544232593, 0.196379851055, 0.0906390542807, 0.680787981007, 0.365384456152, 0.609213592856, 0.53769480152, 0.00913857178959, 0.0649753228279, 0.057928473363, 0.05702574885, 0.278368499911, 0.0877122818769, 0.432269476416, 0.809853482605, 0.018570024356, 0.047871507948, 0.162866377821, 0.0936483802598, 0.221422433003, 0.0711440417746, 0.0963114032576, 0.195661339649, 0.373398976557, 0.0660462065057, 0.600411180748, 0.806873205701, 0.606331525044, 1.78197357932
0.606331525044, 0.323345069771, 0.0995089159159, 0.023544232593, 0.196379851055, 0.0906390542807, 0.680787981007, 0.365384456152, 0.609213592856, 0.53769480152, 0.00913857178959, 0.0649753228279, 0.057928473363, 0.05702574885, 0.278368499911, 0.0877122818769, 0.432269476416, 0.809853482605, 0.018570024356, 0.047871507948, 0.162866377821, 0.0936483802598, 0.221422433003, 0.0711440417746, 0.0963114032576, 0.195661339649, 0.373398976557, 0.0660462065057, 0.600411180748, 0.806873205701, 0.606331525044, 1.78197357932
0.0171853065775, 0.0770796890302, 0.0264847949014, 0.325015597286, 0.0115815376432, 0.726322109696, 0.934755379003, 0.539972173537, 0.141235729003, 0.553378238449, 0.41291767541, 0.249250202581, 0.169918046606, 0.110804051482, 0.18840710376, 0.136805681548, 0.353347714863, 0.208761141818, 0.128246141137, 0.151872843294, 0.114373531973, 0.716498579753, 0.150935375415, 0.232567508038, 0.947898348172, 0.543310117345, 0.231484493395, 0.0511875309815, 0.0166993450506, 0.117609023883, 0.0171853065775, 3.39965409138
0.0171853065775, 0.0770796890302, 0.0264847949014, 0.325015597286, 0.0115815376432, 0.726322109696, 0.934755379003, 0.539972173537, 0.141235729003, 0.553378238449, 0.41291767541, 0.249250202581, 0.169918046606, 0.110804051482, 0.18840710376, 0.136805681548, 0.353347714863, 0.208761141818, 0.128246141137, 0.151872843294, 0.114373531973, 0.716498579753, 0.150935375415, 0.232567508038, 0.947898348172, 0.543310117345, 0.231484493395, 0.0511875309815, 0.0166993450506, 0.117609023883, 0.0171853065775, 3.39965409138
0.0401754453635, 0.108725740058, 0.264223404514, 0.275380088601, 0.281056246895, 0.0906390542807, 0.680787981007, 0.732284490374, 0.375935611199, 0.53769480152, 0.0306090798013, 0.0803825425077, 0.057928473363, 0.05702574885, 0.436964602189, 0.0877122818769, 0.122468775418, 0.809853482605, 0.018570024356, 0.0952548325918, 0.433134460983, 0.0513182258993, 0.0228332073402, 0.0603146092756, 0.0963114032576, 0.547049780811, 0.759010868835, 0.0777312670773, 0.720927131834, 0.518284544827, 0.0401754453635, 3.19689157022
0.0401754453635, 0.108725740058, 0.264223404514, 0.275380088601, 0.281056246895, 0.0906390542807, 0.680787981007, 0.732284490374, 0.375935611199, 0.53769480152, 0.0306090798013, 0.0803825425077, 0.057928473363, 0.05702574885, 0.436964602189, 0.0877122818769, 0.122468775418, 0.809853482605, 0.018570024356, 0.0952548325918, 0.433134460983, 0.0513182258993, 0.0228332073402, 0.0603146092756, 0.0963114032576, 0.547049780811, 0.759010868835, 0.0777312670773, 0.720927131834, 0.518284544827, 0.0401754453635, 3.19689157022
0.860212911956, 0.737474847749, 0.31394330998, 0.0974036677796, 0.412977932055, 0.383294118611, 0.00163223210754, 0.977529319496, 0.106616932267, 0.052554343966, 0.276978395084, 0.743226402376, 0.379257164353, 0.0726317456484, 0.542842363914, 0.0583973979202, 0.274719267831, 0.587832971484, 0.0122531833066, 0.615912411285, 0.71462337453, 0.515181883504, 0.770613707084, 0.0357123080558, 0.268827703345, 0.239555260535, 0.700578617808, 0.0994219979456, 0.128250205728, 0.378937049711, 0.860212911956, 1.52812836375
0.860212911956, 0.737474847749, 0.31394330998, 0.0974036677796, 0.412977932055, 0.383294118611, 0.00163223210754, 0.977529319496, 0.106616932267, 0.052554343966, 0.276978395084, 0.743226402376, 0.379257164353, 0.0726317456484, 0.542842363914, 0.0583973979202, 0.274719267831, 0.587832971484, 0.0122531833066, 0.615912411285, 0.71462337453, 0.515181883504, 0.770613707084, 0.0357123080558, 0.268827703345, 0.239555260535, 0.700578617808, 0.0994219979456, 0.128250205728, 0.378937049711, 0.860212911956, 1.52812836375
0.000206581763767, 0.33414204285, 0.992246551219, 0.325248507196, 0.14561869068, 0.186125368006, 0.140262302283, 0.969457938604, 0.167111078636, 0.779054647303, 0.111579350544, 0.839095212537, 0.17165113338, 0.962274452122, 0.712544847076, 0.319234070884, 0.308441184419, 0.907854741648, 0.784587030874, 0.51214088703, 0.211034924598, 0.0273580407444, 0.0933942992783, 0.155452897064, 0.295201149807, 0.0583140822439, 0.843618996517, 0.00492444848825, 0.806697769319, 0.386198987082, 0.000206581763767, 4.86329492759
0.000206581763767, 0.33414204285, 0.992246551219, 0.325248507196, 0.14561869068, 0.186125368006, 0.140262302283, 0.969457938604, 0.167111078636, 0.779054647303, 0.111579350544, 0.839095212537, 0.17165113338, 0.962274452122, 0.712544847076, 0.319234070884, 0.308441184419, 0.907854741648, 0.784587030874, 0.51214088703, 0.211034924598, 0.0273580407444, 0.0933942992783, 0.155452897064, 0.295201149807, 0.0583140822439, 0.843618996517, 0.00492444848825, 0.806697769319, 0.386198987082, 0.000206581763767, 4.86329492759
0.000191094215328, 0.33414204285, 0.976516989224, 0.979470702902, 0.14561869068, 0.945171137545, 0.140262302283, 0.969457938604, 0.167111078636, 0.779054647303, 0.111579350544, 0.839095212537, 0.17165113338, 0.962274452122, 0.712544847076, 0.319234070884, 0.308441184419, 0.505677905733, 0.784587030874, 0.51214088703, 0.211034924598, 0.218164721728, 0.0371116687526, 0.155452897064, 0.295201149807, 0.0583140822439, 0.843618996517, 0.00492444848825, 0.806697769319, 0.447337364334, 0.000191094215328, 5.23300479672
0.000191094215328, 0.33414204285, 0.976516989224, 0.979470702902, 0.14561869068, 0.945171137545, 0.140262302283, 0.969457938604, 0.167111078636, 0.779054647303, 0.111579350544, 0.839095212537, 0.17165113338, 0.962274452122, 0.712544847076, 0.319234070884, 0.308441184419, 0.505677905733, 0.784587030874, 0.51214088703, 0.211034924598, 0.218164721728, 0.0371116687526, 0.155452897064, 0.295201149807, 0.0583140822439, 0.843618996517, 0.00492444848825, 0.806697769319, 0.447337364334, 0.000191094215328, 5.23300479672
0.868695073974, 0.611524496072, 0.538884284602, 0.0974036677796, 0.475150346951, 0.682826430468, 0.200684904352, 0.0480992212433, 0.36940179069, 0.0983951848173, 0.466054095849, 0.549280041478, 0.192378612397, 0.281477838849, 0.00940339659084, 0.154349824966, 0.335673599136, 0.587832971484, 0.00255741389053, 0.00313738925658, 0.374366413154, 0.532398627081, 0.407330150582, 0.0355898302413, 0.395645571268, 0.229905668173, 0.811694860299, 0.0280228098541, 0.405016294936, 0.0647341750232, 0.868695073974, 1.25220599772
0.868695073974, 0.611524496072, 0.538884284602, 0.0974036677796, 0.475150346951, 0.682826430468, 0.200684904352, 0.0480992212433, 0.36940179069, 0.0983951848173, 0.466054095849, 0.549280041478, 0.192378612397, 0.281477838849, 0.00940339659084, 0.154349824966, 0.335673599136, 0.587832971484, 0.00255741389053, 0.00313738925658, 0.374366413154, 0.532398627081, 0.407330150582, 0.0355898302413, 0.395645571268, 0.229905668173, 0.811694860299, 0.0280228098541, 0.405016294936, 0.0647341750232, 0.868695073974, 1.25220599772
0.225101516942, 0.0126412398059, 0.482060101709, 0.00595011184328, 0.0609259778636, 0.381828952038, 0.713446283186, 0.724193187355, 0.0612750223451, 0.169287699279, 0.35025254997, 0.28655052277, 0.97426918179, 0.261661812242, 0.0759547422417, 0.188274903987, 0.000715141697551, 0.00808084221859, 0.479210904163, 0.116008831683, 0.104074174286, 0.0312611777132, 0.149295737855, 0.118103899672, 0.504968129848, 0.611402080187, 0.393411006612, 0.705177894385, 0.205245195481, 0.269088466597, 0.225101516942, 2.55827246741
0.225101516942, 0.0126412398059, 0.482060101709, 0.00595011184328, 0.0609259778636, 0.381828952038, 0.713446283186, 0.724193187355, 0.0612750223451, 0.169287699279, 0.35025254997, 0.28655052277, 0.97426918179, 0.261661812242, 0.0759547422417, 0.188274903987, 0.000715141697551, 0.00808084221859, 0.479210904163, 0.116008831683, 0.104074174286, 0.0312611777132, 0.149295737855, 0.118103899672, 0.504968129848, 0.611402080187, 0.393411006612, 0.705177894385, 0.205245195481, 0.269088466597, 0.225101516942, 2.55827246741
0.444211676667, 0.821571373066, 0.591046634299, 0.190168560092, 0.0289749019388, 0.33478346853, 0.747480213515, 0.240920994658, 0.467943215921, 0.0531998021546, 0.234480500665, 0.224566648681, 0.409233809798, 0.453440926018, 0.525389356251, 0.633138472117, 0.483100306162, 0.305807161565, 0.846816731902, 0.0194719134318, 0.397503292145, 0.159414804072, 0.589881112942, 0.409792929781, 0.249760753471, 0.239095696108, 0.00631722443465, 0.717716518096, 0.0943459608413, 0.0332826569329, 0.444211676667, 2.44858193083
0.444211676667, 0.821571373066, 0.591046634299, 0.190168560092, 0.0289749019388, 0.33478346853, 0.747480213515, 0.240920994658, 0.467943215921, 0.0531998021546, 0.234480500665, 0.224566648681, 0.409233809798, 0.453440926018, 0.525389356251, 0.633138472117, 0.483100306162, 0.305807161565, 0.846816731902, 0.0194719134318, 0.397503292145, 0.159414804072, 0.589881112942, 0.409792929781, 0.249760753471, 0.239095696108, 0.00631722443465, 0.717716518096, 0.0943459608413, 0.0332826569329, 0.444211676667, 2.44858193083
0.276823455288, 0.326421037657, 0.0899757413874, 0.538578099593, 0.248073666314, 0.263311392299, 0.9841683382, 0.0880702166058, 0.110975630992, 0.546555862682, 0.131301799809, 0.547959596042, 0.956236930551, 0.291486443676, 0.0529568268876, 0.136805681548, 0.629357021868, 0.314377135693, 0.138189540626, 0.0279212310018, 0.114373531973, 0.654243684787, 0.220805034213, 0.00172547220334, 0.802880791222, 0.0760422105934, 0.219709102146, 0.0111199238316, 0.0166993450506, 0.2026447064, 0.276823455288, 2.51524599219
0.276823455288, 0.326421037657, 0.0899757413874, 0.538578099593, 0.248073666314, 0.263311392299, 0.9841683382, 0.0880702166058, 0.110975630992, 0.546555862682, 0.131301799809, 0.547959596042, 0.956236930551, 0.291486443676, 0.0529568268876, 0.136805681548, 0.629357021868, 0.314377135693, 0.138189540626, 0.0279212310018, 0.114373531973, 0.654243684787, 0.220805034213, 0.00172547220334, 0.802880791222, 0.0760422105934, 0.219709102146, 0.0111199238316, 0.0166993450506, 0.2026447064, 0.276823455288, 2.51524599219
0.00562706739813, 0.16203516182, 0.220032495822, 0.2594854138, 0.200236048538, 0.92637902132, 0.587876033161, 0.0893497039729, 0.503740414982, 0.0943249342186, 0.051466882685, 0.119441478546, 0.577476810223, 0.150984224107, 0.0379706838665, 0.260750148315, 0.0243237002752, 0.370084282888, 0.00148787476165, 0.460776443568, 0.00387636089784, 0.314174325504, 0.411970296174, 0.130124868338, 0.991866938915, 0.410202901117, 0.881491948498, 0.212149877169, 0.026097404285, 0.133700681848, 0.00562706739813, 3.52851292299
0.00562706739813, 0.16203516182, 0.220032495822, 0.2594854138, 0.200236048538, 0.92637902132, 0.587876033161, 0.0893497039729, 0.503740414982, 0.0943249342186, 0.051466882685, 0.119441478546, 0.577476810223, 0.150984224107, 0.0379706838665, 0.260750148315, 0.0243237002752, 0.370084282888, 0.00148787476165, 0.460776443568, 0.00387636089784, 0.314174325504, 0.411970296174, 0.130124868338, 0.991866938915, 0.410202901117, 0.881491948498, 0.212149877169, 0.026097404285, 0.133700681848, 0.00562706739813, 3.52851292299
0.000819290703755, 0.788628376093, 0.472843976457, 0.325015597286, 0.112267438371, 0.263311392299, 0.672795340746, 0.33410287374, 0.135772406344, 0.546555862682, 0.038814423179, 0.341605262407, 0.23473373449, 0.486211370285, 0.0529568268876, 0.136805681548, 0.105698674082, 0.265070112999, 0.00982805311306, 0.0279212310018, 0.114373531973, 0.934053799392, 0.204706427965, 0.0231063600019, 0.636608826978, 0.584887237585, 0.595538237388, 0.0508394746904, 0.0166993450506, 0.0695496810639, 0.000819290703755, 3.60835830298
0.000819290703755, 0.788628376093, 0.472843976457, 0.325015597286, 0.112267438371, 0.263311392299, 0.672795340746, 0.33410287374, 0.135772406344, 0.546555862682, 0.038814423179, 0.341605262407, 0.23473373449, 0.486211370285, 0.0529568268876, 0.136805681548, 0.105698674082, 0.265070112999, 0.00982805311306, 0.0279212310018, 0.114373531973, 0.934053799392, 0.204706427965, 0.0231063600019, 0.636608826978, 0.584887237585, 0.595538237388, 0.0508394746904, 0.0166993450506, 0.0695496810639, 0.000819290703755, 3.60835830298
0.0932034147565, 0.930415900912, 0.0227225727578, 0.188524047841, 0.594189427262, 0.435612426266, 0.441842403096, 0.0717029907687, 0.078920595271, 0.0017041216809, 0.678518426225, 0.000285142118337, 0.534926784519, 0.278480437847, 0.135576207359, 0.47367092559, 0.100332246518, 0.269796831908, 0.615472898705, 0.217236543307, 0.281617602814, 0.0558247457997, 0.407330150582, 0.125521776624, 0.37817425312, 0.231245252677, 0.830011018155, 0.0223751421238, 0.394582821051, 0.0699554121167, 0.0932034147565, 3.14061425939
0.0932034147565, 0.930415900912, 0.0227225727578, 0.188524047841, 0.594189427262, 0.435612426266, 0.441842403096, 0.0717029907687, 0.078920595271, 0.0017041216809, 0.678518426225, 0.000285142118337, 0.534926784519, 0.278480437847, 0.135576207359, 0.47367092559, 0.100332246518, 0.269796831908, 0.615472898705, 0.217236543307, 0.281617602814, 0.0558247457997, 0.407330150582, 0.125521776624, 0.37817425312, 0.231245252677, 0.830011018155, 0.0223751421238, 0.394582821051, 0.0699554121167, 0.0932034147565, 3.14061425939
0.119501961856, 0.336410867312, 0.045860194191, 0.236005881495, 0.281056246895, 0.195473972937, 0.680787981007, 0.365384456152, 0.35965764066, 0.968557717259, 0.110284648702, 0.0649753228279, 0.057928473363, 0.05702574885, 0.427751704209, 0.0877122818769, 0.0675823627535, 0.809853482605, 0.000759353032104, 0.0788353436149, 0.142846254619, 0.0936483802598, 0.0228332073402, 0.00159540167073, 0.471715047944, 0.0344967895318, 0.139369654713, 0.0660462065057, 0.758051990106, 0.386399877304, 0.119501961856, 2.72327683384
0.119501961856, 0.336410867312, 0.045860194191, 0.236005881495, 0.281056246895, 0.195473972937, 0.680787981007, 0.365384456152, 0.35965764066, 0.968557717259, 0.110284648702, 0.0649753228279, 0.057928473363, 0.05702574885, 0.427751704209, 0.0877122818769, 0.0675823627535, 0.809853482605, 0.000759353032104, 0.0788353436149, 0.142846254619, 0.0936483802598, 0.0228332073402, 0.00159540167073, 0.471715047944, 0.0344967895318, 0.139369654713, 0.0660462065057, 0.758051990106, 0.386399877304, 0.119501961856, 2.72327683384
0.806534136077, 0.611524496072, 0.538884284602, 0.0974036677796, 0.475150346951, 0.200469848402, 0.200684904352, 0.0233947414498, 0.177951128031, 0.0983951848173, 0.768963674488, 0.549280041478, 0.0230485736721, 0.195149346895, 0.0193030770688, 0.262944747641, 0.335673599136, 0.534394554514, 0.0122531833066, 0.00313738925658, 0.819171173635, 0.532398627081, 0.374195576502, 0.0355898302413, 0.372626227596, 0.229905668173, 0.811694860299, 0.142455274872, 0.185604744057, 0.0647341750232, 0.806534136077, 1.80726092191
0.806534136077, 0.611524496072, 0.538884284602, 0.0974036677796, 0.475150346951, 0.200469848402, 0.200684904352, 0.0233947414498, 0.177951128031, 0.0983951848173, 0.768963674488, 0.549280041478, 0.0230485736721, 0.195149346895, 0.0193030770688, 0.262944747641, 0.335673599136, 0.534394554514, 0.0122531833066, 0.00313738925658, 0.819171173635, 0.532398627081, 0.374195576502, 0.0355898302413, 0.372626227596, 0.229905668173, 0.811694860299, 0.142455274872, 0.185604744057, 0.0647341750232, 0.806534136077, 1.80726092191
0.606331525044, 0.323345069771, 0.0995089159159, 0.023544232593, 0.196379851055, 0.0906390542807, 0.551881712154, 0.365384456152, 0.609213592856, 0.53769480152, 0.0654397195182, 0.0649753228279, 0.361095776677, 0.486520254775, 0.278368499911, 0.0877122818769, 0.179651796799, 0.809853482605, 0.018570024356, 0.35057724232, 0.0199529073934, 0.0936483802598, 0.221422433003, 0.0711440417746, 0.0963114032576, 0.195661339649, 0.373398976557, 0.0660462065057, 0.600411180748, 0.806873205701, 0.606331525044, 1.92088584624
0.606331525044, 0.323345069771, 0.0995089159159, 0.023544232593, 0.196379851055, 0.0906390542807, 0.551881712154, 0.365384456152, 0.609213592856, 0.53769480152, 0.0654397195182, 0.0649753228279, 0.361095776677, 0.486520254775, 0.278368499911, 0.0877122818769, 0.179651796799, 0.809853482605, 0.018570024356, 0.35057724232, 0.0199529073934, 0.0936483802598, 0.221422433003, 0.0711440417746, 0.0963114032576, 0.195661339649, 0.373398976557, 0.0660462065057, 0.600411180748, 0.806873205701, 0.606331525044, 1.92088584624
0.628208401985, 0.749166365966, 0.354338854523, 0.356200037482, 0.0243143811633, 0.177943166577, 0.0326425264597, 0.183087843898, 0.999700940899, 0.0132960759822, 0.0220561102533, 0.466309642765, 0.431669927218, 0.00664862364496, 0.211793004417, 0.125389779115, 0.415721351185, 0.345614841296, 0.129309319668, 0.0782107352183, 0.781426658272, 0.771490272301, 0.01537652692, 0.0428943751179, 0.25222837847, 0.628473041439, 0.10264216937, 0.999602927122, 0.258040393234, 0.300796993288, 0.628208401985, 1.83121665568
0.628208401985, 0.749166365966, 0.354338854523, 0.356200037482, 0.0243143811633, 0.177943166577, 0.0326425264597, 0.183087843898, 0.999700940899, 0.0132960759822, 0.0220561102533, 0.466309642765, 0.431669927218, 0.00664862364496, 0.211793004417, 0.125389779115, 0.415721351185, 0.345614841296, 0.129309319668, 0.0782107352183, 0.781426658272, 0.771490272301, 0.01537652692, 0.0428943751179, 0.25222837847, 0.628473041439, 0.10264216937, 0.999602927122, 0.258040393234, 0.300796993288, 0.628208401985, 1.83121665568
0.0352334817667, 0.0403595257608, 0.0264847949014, 0.325015597286, 0.147618015779, 0.0185736676037, 0.9988662684, 0.261792377684, 0.286006189863, 0.894912945882, 0.735460638115, 0.341605262407, 0.782606380501, 0.424218862592, 0.0529568268876, 0.139498357959, 0.936859586944, 0.168255979762, 0.308770316522, 0.10235414697, 0.114373531973, 0.37413152878, 0.111549235857, 0.011729180089, 0.909233015207, 0.000540838913586, 0.395078309932, 0.0508394746904, 0.0166993450506, 0.2026447064, 0.0352334817667, 3.4489146232
0.0352334817667, 0.0403595257608, 0.0264847949014, 0.325015597286, 0.147618015779, 0.0185736676037, 0.9988662684, 0.261792377684, 0.286006189863, 0.894912945882, 0.735460638115, 0.341605262407, 0.782606380501, 0.424218862592, 0.0529568268876, 0.139498357959, 0.936859586944, 0.168255979762, 0.308770316522, 0.10235414697, 0.114373531973, 0.37413152878, 0.111549235857, 0.011729180089, 0.909233015207, 0.000540838913586, 0.395078309932, 0.0508394746904, 0.0166993450506, 0.2026447064, 0.0352334817667, 3.4489146232
0.0171853065775, 0.0770796890302, 0.0264847949014, 0.325015597286, 0.0115815376432, 0.976125063474, 0.934755379003, 0.33410287374, 0.141235729003, 0.425047605804, 0.41291767541, 0.249250202581, 0.984999806429, 0.0841289506788, 0.18840710376, 0.136805681548, 0.0234031015719, 0.298698705949, 0.228937236505, 0.28504348904, 0.114373531973, 0.376424109914, 0.0225342408133, 0.001545513151, 0.686908936636, 0.990414954154, 0.231484493395, 0.0633439170282, 0.00413022203088, 0.2026447064, 0.0171853065775, 3.48032396102
0.0171853065775, 0.0770796890302, 0.0264847949014, 0.325015597286, 0.0115815376432, 0.976125063474, 0.934755379003, 0.33410287374, 0.141235729003, 0.425047605804, 0.41291767541, 0.249250202581, 0.984999806429, 0.0841289506788, 0.18840710376, 0.136805681548, 0.0234031015719, 0.298698705949, 0.228937236505, 0.28504348904, 0.114373531973, 0.376424109914, 0.0225342408133, 0.001545513151, 0.686908936636, 0.990414954154, 0.231484493395, 0.0633439170282, 0.00413022203088, 0.2026447064, 0.0171853065775, 3.48032396102
0.0401754453635, 0.313478355134, 0.045860194191, 0.023544232593, 0.281056246895, 0.0906390542807, 0.680787981007, 0.732284490374, 0.375935611199, 0.53769480152, 0.363377580031, 0.56144890253, 0.057928473363, 0.05702574885, 0.436964602189, 0.0877122818769, 0.122468775418, 0.809853482605, 0.018570024356, 0.0952548325918, 0.226063062905, 0.0513182258993, 0.0228332073402, 0.0603146092756, 0.0963114032576, 0.222446552434, 0.759010868835, 0.651539248796, 0.758051990106, 0.518284544827, 0.0401754453635, 3.38154768585
0.0401754453635, 0.313478355134, 0.045860194191, 0.023544232593, 0.281056246895, 0.0906390542807, 0.680787981007, 0.732284490374, 0.375935611199, 0.53769480152, 0.363377580031, 0.56144890253, 0.057928473363, 0.05702574885, 0.436964602189, 0.0877122818769, 0.122468775418, 0.809853482605, 0.018570024356, 0.0952548325918, 0.226063062905, 0.0513182258993, 0.0228332073402, 0.0603146092756, 0.0963114032576, 0.222446552434, 0.759010868835, 0.651539248796, 0.758051990106, 0.518284544827, 0.0401754453635, 3.38154768585
0.0636112376416, 0.49598674192, 0.0194970234294, 0.0586080597814, 0.159975992468, 0.381828952038, 0.50540374628, 0.724193187355, 0.0612750223451, 0.169287699279, 0.148957646762, 0.28655052277, 0.681938758492, 0.539249694757, 0.0657606682639, 0.261753109131, 0.0322639749163, 0.00281706933992, 0.479210904163, 0.201228538428, 0.104074174286, 0.930425973622, 0.149295737855, 0.000963732548234, 0.504968129848, 0.602952764913, 0.393411006612, 0.705177894385, 0.205245195481, 0.0283133723407, 0.0636112376416, 3.2151707727
0.0636112376416, 0.49598674192, 0.0194970234294, 0.0586080597814, 0.159975992468, 0.381828952038, 0.50540374628, 0.724193187355, 0.0612750223451, 0.169287699279, 0.148957646762, 0.28655052277, 0.681938758492, 0.539249694757, 0.0657606682639, 0.261753109131, 0.0322639749163, 0.00281706933992, 0.479210904163, 0.201228538428, 0.104074174286, 0.930425973622, 0.149295737855, 0.000963732548234, 0.504968129848, 0.602952764913, 0.393411006612, 0.705177894385, 0.205245195481, 0.0283133723407, 0.0636112376416, 3.2151707727
0.860212911956, 0.49598674192, 0.122518837653, 0.0747456600094, 0.412977932055, 0.383294118611, 0.0073135555081, 0.950337181979, 0.0635583820342, 0.052554343966, 0.266442189806, 0.98050458325, 0.113041492592, 0.572887391331, 0.410484088536, 0.0583973979202, 0.274719267831, 0.587832971484, 0.0122531833066, 0.615912411285, 0.818119530019, 0.928463056819, 0.770613707084, 0.0357123080558, 0.268827703345, 0.349690660093, 0.56164692051, 0.322641977178, 0.128250205728, 0.00152714431122, 0.860212911956, 1.5623374501
0.860212911956, 0.49598674192, 0.122518837653, 0.0747456600094, 0.412977932055, 0.383294118611, 0.0073135555081, 0.950337181979, 0.0635583820342, 0.052554343966, 0.266442189806, 0.98050458325, 0.113041492592, 0.572887391331, 0.410484088536, 0.0583973979202, 0.274719267831, 0.587832971484, 0.0122531833066, 0.615912411285, 0.818119530019, 0.928463056819, 0.770613707084, 0.0357123080558, 0.268827703345, 0.349690660093, 0.56164692051, 0.322641977178, 0.128250205728, 0.00152714431122, 0.860212911956, 1.5623374501
0.000206581763767, 0.374572439336, 0.980257583932, 0.964282282387, 0.000679109383877, 0.847635580232, 0.245126933745, 0.969457938604, 0.167111078636, 0.684564439157, 0.367570182173, 0.839095212537, 0.17165113338, 0.319843432229, 0.110095521476, 0.319234070884, 0.308441184419, 0.505677905733, 0.784587030874, 0.271403826713, 0.211034924598, 0.0657287019168, 0.471902116153, 0.155452897064, 0.295201149807, 0.0438247120608, 0.843618996517, 0.258048753422, 0.806697769319, 0.386198987082, 0.000206581763767, 4.93077139583
0.000206581763767, 0.374572439336, 0.980257583932, 0.964282282387, 0.000679109383877, 0.847635580232, 0.245126933745, 0.969457938604, 0.167111078636, 0.684564439157, 0.367570182173, 0.839095212537, 0.17165113338, 0.319843432229, 0.110095521476, 0.319234070884, 0.308441184419, 0.505677905733, 0.784587030874, 0.271403826713, 0.211034924598, 0.0657287019168, 0.471902116153, 0.155452897064, 0.295201149807, 0.0438247120608, 0.843618996517, 0.258048753422, 0.806697769319, 0.386198987082, 0.000206581763767, 4.93077139583
0.86960000466, 0.633771996646, 0.745944236954, 0.228015863779, 0.412977932055, 0.200469848402, 0.0073135555081, 0.673256862206, 0.454700085988, 0.444119351293, 0.0814099432752, 0.448882457829, 0.034900742057, 0.195149346895, 0.0366551917103, 0.0583973979202, 0.274719267831, 0.0611412255904, 0.0122531833066, 0.257888816198, 0.973158516253, 0.0578247183348, 0.988281009997, 0.0760294113024, 0.268827703345, 0.225102912743, 0.786191488538, 0.142455274872, 0.194379889607, 0.0301015935013, 0.86960000466, 1.26806205244
0.86960000466, 0.633771996646, 0.745944236954, 0.228015863779, 0.412977932055, 0.200469848402, 0.0073135555081, 0.673256862206, 0.454700085988, 0.444119351293, 0.0814099432752, 0.448882457829, 0.034900742057, 0.195149346895, 0.0366551917103, 0.0583973979202, 0.274719267831, 0.0611412255904, 0.0122531833066, 0.257888816198, 0.973158516253, 0.0578247183348, 0.988281009997, 0.0760294113024, 0.268827703345, 0.225102912743, 0.786191488538, 0.142455274872, 0.194379889607, 0.0301015935013, 0.86960000466, 1.26806205244
0.225101516942, 0.0126412398059, 0.482060101709, 0.00595011184328, 0.19747006041, 0.381828952038, 0.50540374628, 0.724193187355, 0.0612750223451, 0.169287699279, 0.35025254997, 0.28655052277, 0.97426918179, 0.261661812242, 0.17104921198, 0.188274903987, 0.000715141697551, 0.00253706617586, 0.479210904163, 0.116008831683, 0.104074174286, 0.0312611777132, 0.149295737855, 0.118103899672, 0.504968129848, 0.611402080187, 0.393411006612, 0.705177894385, 0.205245195481, 0.269088466597, 0.225101516942, 2.56317670544
0.225101516942, 0.0126412398059, 0.482060101709, 0.00595011184328, 0.19747006041, 0.381828952038, 0.50540374628, 0.724193187355, 0.0612750223451, 0.169287699279, 0.35025254997, 0.28655052277, 0.97426918179, 0.261661812242, 0.17104921198, 0.188274903987, 0.000715141697551, 0.00253706617586, 0.479210904163, 0.116008831683, 0.104074174286, 0.0312611777132, 0.149295737855, 0.118103899672, 0.504968129848, 0.611402080187, 0.393411006612, 0.705177894385, 0.205245195481, 0.269088466597, 0.225101516942, 2.56317670544
0.444211676667, 0.885153386132, 0.0264847949014, 0.789891758339, 0.0461550827081, 0.352939278886, 0.486227634004, 0.240920994658, 0.459613701037, 0.0943356664441, 0.240473365416, 0.128263889614, 0.146840121154, 0.371572190585, 0.26546998394, 0.274414400276, 0.928013743028, 0.198745693584, 0.846816731902, 0.798427056788, 0.818119530019, 0.099091570577, 0.325436810972, 0.0357123080558, 0.249760753471, 0.30644332741, 0.79573047535, 0.360612467633, 0.0943459608413, 0.0332826569329, 0.444211676667, 2.49823036529
0.444211676667, 0.885153386132, 0.0264847949014, 0.789891758339, 0.0461550827081, 0.352939278886, 0.486227634004, 0.240920994658, 0.459613701037, 0.0943356664441, 0.240473365416, 0.128263889614, 0.146840121154, 0.371572190585, 0.26546998394, 0.274414400276, 0.928013743028, 0.198745693584, 0.846816731902, 0.798427056788, 0.818119530019, 0.099091570577, 0.325436810972, 0.0357123080558, 0.249760753471, 0.30644332741, 0.79573047535, 0.360612467633, 0.0943459608413, 0.0332826569329, 0.444211676667, 2.49823036529
0.000819290703755, 0.413765234814, 0.472843976457, 0.325015597286, 0.237562913218, 0.263311392299, 0.672795340746, 0.33410287374, 0.135772406344, 0.546555862682, 0.038814423179, 0.341605262407, 0.720108942614, 0.486211370285, 0.0529568268876, 0.136805681548, 0.105698674082, 0.265070112999, 0.00842502535919, 0.0279212310018, 0.114373531973, 0.934053799392, 0.0747982855752, 0.0231063600019, 0.636608826978, 0.584887237585, 0.595538237388, 0.0508394746904, 0.0166993450506, 0.0695496810639, 0.000819290703755, 3.64054624858
0.000819290703755, 0.413765234814, 0.472843976457, 0.325015597286, 0.237562913218, 0.263311392299, 0.672795340746, 0.33410287374, 0.135772406344, 0.546555862682, 0.038814423179, 0.341605262407, 0.720108942614, 0.486211370285, 0.0529568268876, 0.136805681548, 0.105698674082, 0.265070112999, 0.00842502535919, 0.0279212310018, 0.114373531973, 0.934053799392, 0.0747982855752, 0.0231063600019, 0.636608826978, 0.584887237585, 0.595538237388, 0.0508394746904, 0.0166993450506, 0.0695496810639, 0.000819290703755, 3.64054624858
0.0932034147565, 0.783618924857, 0.0227225727578, 0.188524047841, 0.594189427262, 0.435612426266, 0.441842403096, 0.0717029907687, 0.078920595271, 0.0017041216809, 0.678518426225, 0.000285142118337, 0.534926784519, 0.278480437847, 0.135576207359, 0.47367092559, 0.100332246518, 0.269796831908, 0.615472898705, 0.503583917388, 0.281617602814, 0.0558247457997, 0.407330150582, 0.125521776624, 0.37817425312, 0.231245252677, 0.830011018155, 0.0223751421238, 0.394582821051, 0.100797649674, 0.0932034147565, 3.18934189227
0.0932034147565, 0.783618924857, 0.0227225727578, 0.188524047841, 0.594189427262, 0.435612426266, 0.441842403096, 0.0717029907687, 0.078920595271, 0.0017041216809, 0.678518426225, 0.000285142118337, 0.534926784519, 0.278480437847, 0.135576207359, 0.47367092559, 0.100332246518, 0.269796831908, 0.615472898705, 0.503583917388, 0.281617602814, 0.0558247457997, 0.407330150582, 0.125521776624, 0.37817425312, 0.231245252677, 0.830011018155, 0.0223751421238, 0.394582821051, 0.100797649674, 0.0932034147565, 3.18934189227
0.119501961856, 0.336410867312, 0.045860194191, 0.023544232593, 0.281056246895, 0.195473972937, 0.380565087556, 0.365384456152, 0.888303165286, 0.635785196856, 0.110284648702, 0.0649753228279, 0.057928473363, 0.05702574885, 0.427751704209, 0.0877122818769, 0.0675823627535, 0.809853482605, 0.571067459543, 0.0788353436149, 0.142846254619, 0.0936483802598, 0.0228332073402, 0.00159540167073, 0.239289993097, 0.0344967895318, 0.139369654713, 0.0660462065057, 0.758051990106, 0.386399877304, 0.119501961856, 2.72919253629
0.119501961856, 0.336410867312, 0.045860194191, 0.023544232593, 0.281056246895, 0.195473972937, 0.380565087556, 0.365384456152, 0.888303165286, 0.635785196856, 0.110284648702, 0.0649753228279, 0.057928473363, 0.05702574885, 0.427751704209, 0.0877122818769, 0.0675823627535, 0.809853482605, 0.571067459543, 0.0788353436149, 0.142846254619, 0.0936483802598, 0.0228332073402, 0.00159540167073, 0.239289993097, 0.0344967895318, 0.139369654713, 0.0660462065057, 0.758051990106, 0.386399877304, 0.119501961856, 2.72919253629
0.628208401985, 0.238703324853, 0.31860350414, 0.356200037482, 0.0243143811633, 0.177943166577, 0.0572309154481, 0.058241454821, 0.999700940899, 0.202382639509, 0.0220561102533, 0.466309642765, 0.431669927218, 0.00664862364496, 0.591136131196, 0.0692484924388, 0.415721351185, 0.345614841296, 0.129309319668, 0.0782107352183, 0.781426658272, 0.771490272301, 0.01537652692, 0.321126657807, 0.348795094869, 0.628473041439, 0.10264216937, 0.999602927122, 0.258040393234, 0.300796993288, 0.628208401985, 1.89094013862
0.628208401985, 0.238703324853, 0.31860350414, 0.356200037482, 0.0243143811633, 0.177943166577, 0.0572309154481, 0.058241454821, 0.999700940899, 0.202382639509, 0.0220561102533, 0.466309642765, 0.431669927218, 0.00664862364496, 0.591136131196, 0.0692484924388, 0.415721351185, 0.345614841296, 0.129309319668, 0.0782107352183, 0.781426658272, 0.771490272301, 0.01537652692, 0.321126657807, 0.348795094869, 0.628473041439, 0.10264216937, 0.999602927122, 0.258040393234, 0.300796993288, 0.628208401985, 1.89094013862
0.0171853065775, 0.0770796890302, 0.0264847949014, 0.325015597286, 0.0115815376432, 0.648113040488, 0.985004375813, 0.0815617575266, 0.141235729003, 0.425047605804, 0.41291767541, 0.655636489164, 0.956236930551, 0.0841289506788, 0.05624758414, 0.136805681548, 0.353347714863, 0.298698705949, 0.228937236505, 0.23874419758, 0.114373531973, 0.376424109914, 0.150935375415, 0.000620993595723, 0.686908936636, 0.990414954154, 0.189460201623, 0.0633439170282, 0.0166993450506, 0.2026447064, 0.0171853065775, 3.50935750439
0.0171853065775, 0.0770796890302, 0.0264847949014, 0.325015597286, 0.0115815376432, 0.648113040488, 0.985004375813, 0.0815617575266, 0.141235729003, 0.425047605804, 0.41291767541, 0.655636489164, 0.956236930551, 0.0841289506788, 0.05624758414, 0.136805681548, 0.353347714863, 0.298698705949, 0.228937236505, 0.23874419758, 0.114373531973, 0.376424109914, 0.150935375415, 0.000620993595723, 0.686908936636, 0.990414954154, 0.189460201623, 0.0633439170282, 0.0166993450506, 0.2026447064, 0.0171853065775, 3.50935750439
0.0401754453635, 0.313478355134, 0.383224984404, 0.023544232593, 0.281056246895, 0.0906390542807, 0.680787981007, 0.732284490374, 0.793644633587, 0.53769480152, 0.478800384114, 0.0803825425077, 0.057928473363, 0.05702574885, 0.436964602189, 0.0877122818769, 0.122468775418, 0.809853482605, 0.018570024356, 0.0952548325918, 0.226063062905, 0.0513182258993, 0.0228332073402, 0.0603146092756, 0.0963114032576, 0.222446552434, 0.759010868835, 0.651539248796, 0.758051990106, 0.518284544827, 0.0401754453635, 3.49624939854
0.0401754453635, 0.313478355134, 0.383224984404, 0.023544232593, 0.281056246895, 0.0906390542807, 0.680787981007, 0.732284490374, 0.793644633587, 0.53769480152, 0.478800384114, 0.0803825425077, 0.057928473363, 0.05702574885, 0.436964602189, 0.0877122818769, 0.122468775418, 0.809853482605, 0.018570024356, 0.0952548325918, 0.226063062905, 0.0513182258993, 0.0228332073402, 0.0603146092756, 0.0963114032576, 0.222446552434, 0.759010868835, 0.651539248796, 0.758051990106, 0.518284544827, 0.0401754453635, 3.49624939854
0.0636112376416, 0.0126412398059, 0.482060101709, 0.157565776449, 0.159975992468, 0.381828952038, 0.50540374628, 0.742619147368, 0.0612750223451, 0.150791550797, 0.148957646762, 0.28655052277, 0.681938758492, 0.539249694757, 0.0759547422417, 0.261753109131, 0.0577931099416, 0.00808084221859, 0.479210904163, 0.116008831683, 0.104074174286, 0.930425973622, 0.149295737855, 0.118103899672, 0.504968129848, 0.633897334026, 0.393411006612, 0.705177894385, 0.0334927337534, 0.0423903682126, 0.0636112376416, 3.22221677088
0.0636112376416, 0.0126412398059, 0.482060101709, 0.157565776449, 0.159975992468, 0.381828952038, 0.50540374628, 0.742619147368, 0.0612750223451, 0.150791550797, 0.148957646762, 0.28655052277, 0.681938758492, 0.539249694757, 0.0759547422417, 0.261753109131, 0.0577931099416, 0.00808084221859, 0.479210904163, 0.116008831683, 0.104074174286, 0.930425973622, 0.149295737855, 0.118103899672, 0.504968129848, 0.633897334026, 0.393411006612, 0.705177894385, 0.0334927337534, 0.0423903682126, 0.0636112376416, 3.22221677088
0.860212911956, 0.737474847749, 0.31394330998, 0.0974036677796, 0.412977932055, 0.383294118611, 0.258957427574, 0.950337181979, 0.106616932267, 0.052554343966, 0.266442189806, 0.743226402376, 0.379257164353, 0.161082836038, 0.542842363914, 0.0583973979202, 0.274719267831, 0.587832971484, 0.0122531833066, 0.40886844736, 0.475251391722, 0.515181883504, 0.770613707084, 0.0357123080558, 0.395102539958, 0.239555260535, 0.811694860299, 0.20534811932, 0.128250205728, 0.378937049711, 0.860212911956, 1.57749264672
0.860212911956, 0.737474847749, 0.31394330998, 0.0974036677796, 0.412977932055, 0.383294118611, 0.258957427574, 0.950337181979, 0.106616932267, 0.052554343966, 0.266442189806, 0.743226402376, 0.379257164353, 0.161082836038, 0.542842363914, 0.0583973979202, 0.274719267831, 0.587832971484, 0.0122531833066, 0.40886844736, 0.475251391722, 0.515181883504, 0.770613707084, 0.0357123080558, 0.395102539958, 0.239555260535, 0.811694860299, 0.20534811932, 0.128250205728, 0.378937049711, 0.860212911956, 1.57749264672
0.000206581763767, 0.374572439336, 0.980257583932, 0.964282282387, 0.14561869068, 0.847635580232, 0.140262302283, 0.974567239679, 0.167111078636, 0.684564439157, 0.34353417857, 0.839095212537, 0.17165113338, 0.962274452122, 0.534457421053, 0.319234070884, 0.308441184419, 0.505677905733, 0.784587030874, 0.271403826713, 0.119063712652, 0.0657287019168, 0.471902116153, 0.155452897064, 0.295201149807, 0.0438247120608, 0.843618996517, 0.258048753422, 0.806697769319, 0.386198987082, 0.000206581763767, 5.23888346842
0.000206581763767, 0.374572439336, 0.980257583932, 0.964282282387, 0.14561869068, 0.847635580232, 0.140262302283, 0.974567239679, 0.167111078636, 0.684564439157, 0.34353417857, 0.839095212537, 0.17165113338, 0.962274452122, 0.534457421053, 0.319234070884, 0.308441184419, 0.505677905733, 0.784587030874, 0.271403826713, 0.119063712652, 0.0657287019168, 0.471902116153, 0.155452897064, 0.295201149807, 0.0438247120608, 0.843618996517, 0.258048753422, 0.806697769319, 0.386198987082, 0.000206581763767, 5.23888346842
0.86960000466, 0.514296468213, 0.745944236954, 0.0974036677796, 0.700466031644, 0.200469848402, 0.0073135555081, 0.673256862206, 0.106616932267, 0.444119351293, 0.0353958882728, 0.017075568624, 0.034900742057, 0.195149346895, 0.241182137622, 0.116659097186, 0.312803968647, 0.587832971484, 0.0122531833066, 0.111393416833, 0.583630822617, 0.176828033148, 0.678182296821, 0.184342994358, 0.268827703345, 0.527272153866, 0.811694860299, 0.142455274872, 0.00048689850772, 0.586812702457, 0.86960000466, 1.29422357852
0.86960000466, 0.514296468213, 0.745944236954, 0.0974036677796, 0.700466031644, 0.200469848402, 0.0073135555081, 0.673256862206, 0.106616932267, 0.444119351293, 0.0353958882728, 0.017075568624, 0.034900742057, 0.195149346895, 0.241182137622, 0.116659097186, 0.312803968647, 0.587832971484, 0.0122531833066, 0.111393416833, 0.583630822617, 0.176828033148, 0.678182296821, 0.184342994358, 0.268827703345, 0.527272153866, 0.811694860299, 0.142455274872, 0.00048689850772, 0.586812702457, 0.86960000466, 1.29422357852
0.628208401985, 0.716814039041, 0.31860350414, 0.366947626101, 0.0243143811633, 0.177943166577, 0.0326425264597, 0.0669722520241, 0.999700940899, 0.0132960759822, 0.0220561102533, 0.466309642765, 0.431669927218, 0.00664862364496, 0.897423353486, 0.0123707146732, 0.206236692356, 0.345614841296, 0.129309319668, 0.0782107352183, 0.781426658272, 0.771490272301, 0.01537652692, 0.322213157033, 0.348795094869, 0.628473041439, 0.10264216937, 0.999602927122, 0.258040393234, 0.300796993288, 0.628208401985, 1.97180746153
0.000819290703755, 0.0135904289118, 0.472843976457, 0.386689827126, 0.0243143811633, 0.263311392299, 0.672795340746, 0.0886633101294, 0.135772406344, 0.546555862682, 0.511634131314, 0.341605262407, 0.23473373449, 0.486211370285, 0.0529568268876, 0.136805681548, 0.105698674082, 0.314377135693, 0.270911110661, 0.830271886346, 0.494156363778, 0.934053799392, 0.204706427965, 0.0231063600019, 0.410630558315, 0.584887237585, 0.219709102146, 0.0508394746904, 0.0166993450506, 0.167918998357, 0.000819290703755, 3.73624252101
0.444211676667, 0.821571373066, 0.542505045883, 0.190168560092, 0.0289749019388, 0.33478346853, 0.747480213515, 0.84051554727, 0.467943215921, 0.0531998021546, 0.234480500665, 0.224566648681, 0.409233809798, 0.22119202653, 0.525389356251, 0.819551319681, 0.105618967698, 0.305807161565, 0.846816731902, 0.245515310113, 0.462041466139, 0.159414804072, 0.699267874535, 0.159419761669, 0.0268043429663, 0.399483445945, 0.00631722443465, 0.787106477897, 0.0943459608413, 0.0332826569329, 0.444211676667, 2.52260391083
0.000537186263234, 0.33414204285, 0.976516989224, 0.964282282387, 0.14561869068, 0.847635580232, 0.140262302283, 0.969457938604, 0.167111078636, 0.208939163383, 0.111579350544, 0.635303500417, 0.17165113338, 0.826435666221, 0.712544847076, 0.672119311352, 0.308441184419, 0.411580345932, 0.706083685657, 0.624245414442, 0.211034924598, 0.692355493091, 0.531713660204, 0.30078420812, 0.185455304885, 0.0583140822439, 0.975446000938, 0.00492444848825, 0.491847216276, 0.158808248887, 0.000537186263234, 5.15062791981
