9.90346711405e-06, -0.15038174641, -0.0479090534216, 1.88029420479, 1.04925625476, -2.70018943322, -0.278594399661, 1.55130405583, -4.55366955273, 3.08422745674, 9.90346711405e-06, 118.529012033
1.01689733931e-05, 3.34819342596, -0.965401582936, -1.5792329946, 2.49482674249, -2.70018943322, -0.278594399661, 0.496907750671, 2.48840392521, 2.80545737394, 1.01689733931e-05, 117.603561201
0.000306227879076, -1.5618791586, 2.42343017415, 0.0445263886933, 0.544284455441, 4.43613493319, 1.40003303251, -0.0220075313443, 1.07388725526, -1.48381652953, 0.000306227879076, 59.3490504249
3.71436243102e-05, -1.5618791586, 0.0403980919488, 0.0445263886933, 0.544284455441, -2.74954431123, -0.278594399661, -0.0220075313443, 2.95091788774, 1.54780916129, 3.71436243102e-05, 72.9848532135
0.000379447756029, -1.5618791586, 2.42343017415, 0.0445263886933, 0.544284455441, -1.99166663966, 1.40003303251, -0.0220075313443, 1.07388725526, -1.48381652953, 0.000379447756029, 40.64001147
9.90346711405e-06, -0.15038174641, -0.0479090534216, 1.88029420479, 1.04925625476, -2.70018943322, -0.278594399661, 1.55130405583, -4.55366955273, 3.08422745674, 9.90346711405e-06, 118.529012033
1.01689733931e-05, 3.34819342596, -0.965401582936, -1.5792329946, 2.49482674249, -2.70018943322, -0.278594399661, 0.496907750671, 2.48840392521, 2.80545737394, 1.01689733931e-05, 117.603561201
0.000306227879076, -1.5618791586, 2.42343017415, 0.0445263886933, 0.544284455441, 4.43613493319, 1.40003303251, -0.0220075313443, 1.07388725526, -1.48381652953, 0.000306227879076, 59.3490504249
3.71436243102e-05, -1.5618791586, 0.0403980919488, 0.0445263886933, 0.544284455441, -2.74954431123, -0.278594399661, -0.0220075313443, 2.95091788774, 1.54780916129, 3.71436243102e-05, 72.9848532135
0.000379447756029, -1.5618791586, 2.42343017415, 0.0445263886933, 0.544284455441, -1.99166663966, 1.40003303251, -0.0220075313443, 1.07388725526, -1.48381652953, 0.000379447756029, 40.64001147
0.000379447756029, -1.5618791586, 2.42343017415, 0.0445263886933, -2.01969223835, 1.12956898886, 2.48823610132, 0.496907750671, 0.0464982087394, -1.48381652953, 0.000379447756029, 44.8537458649
9.90346711405e-06, -0.15038174641, -0.0479090534216, 3.17767156567, 1.04925625476, 4.75892122309, -0.278594399661, 1.55130405583, -4.55366955273, 3.08422745674, 9.90346711405e-06, 149.091387247
0.00396260422992, 0.978328401242, -0.0479090534216, -1.5792329946, 0.544284455441, -1.99166663966, 0.501824081429, -0.570935214355, 2.95091788774, 3.4932088451, 0.00396260422992, 44.0539434769
0.000379447756029, -1.5618791586, 2.42343017415, 0.0445263886933, -2.01969223835, 1.12956898886, 2.48823610132, 0.496907750671, 0.0464982087394, -1.48381652953, 0.000379447756029, 44.8537458649
9.90346711405e-06, -0.15038174641, -0.0479090534216, 3.17767156567, 1.04925625476, 4.75892122309, -0.278594399661, 1.55130405583, -4.55366955273, 3.08422745674, 9.90346711405e-06, 149.091387247
0.00396260422992, 0.978328401242, -0.0479090534216, -1.5792329946, 0.544284455441, -1.99166663966, 0.501824081429, -0.570935214355, 2.95091788774, 3.4932088451, 0.00396260422992, 44.0539434769
3.71436243102e-05, 0.401205268537, 0.0403980919488, -0.0669509042689, 3.11836137681, 1.99008897773, -0.278594399661, 0.496907750671, 2.43215535988, -1.78335615058, 3.71436243102e-05, 86.8013422503
3.71436243102e-05, 0.401205268537, 0.0403980919488, -0.0669509042689, 3.11836137681, 1.99008897773, -0.278594399661, 0.496907750671, 2.43215535988, -1.78335615058, 3.71436243102e-05, 86.8013422503
0.000379447756029, -1.5618791586, 2.42343017415, 0.0445263886933, 0.544284455441, 2.98862636487, 1.40003303251, -0.0220075313443, 1.07388725526, -1.48381652953, 0.000379447756029, 45.6523460899
0.000379447756029, -1.5618791586, 2.42343017415, 0.0445263886933, 0.544284455441, 2.98862636487, 1.40003303251, -0.0220075313443, 1.07388725526, -1.48381652953, 0.000379447756029, 45.6523460899
1.01689733931e-05, -1.12878738804, 2.36654536682, -1.5792329946, 2.49482674249, 4.75892122309, -0.278594399661, 0.496907750671, 2.48840392521, -1.78335615058, 1.01689733931e-05, 133.601518696
2.54280169735e-05, 3.34819342596, 3.14797785662, -1.5792329946, 2.49482674249, -2.70018943322, -2.88655375, 0.496907750671, 2.48840392521, -1.78335615058, 2.54280169735e-05, 132.720631795
1.01689733931e-05, -1.12878738804, 2.36654536682, -1.5792329946, 2.49482674249, 4.75892122309, -0.278594399661, 0.496907750671, 2.48840392521, -1.78335615058, 1.01689733931e-05, 133.601518696
2.54280169735e-05, 3.34819342596, 3.14797785662, -1.5792329946, 2.49482674249, -2.70018943322, -2.88655375, 0.496907750671, 2.48840392521, -1.78335615058, 2.54280169735e-05, 132.720631795
0.000379447756029, -1.5618791586, 2.42343017415, 0.0445263886933, -2.01969223835, 1.12956898886, 2.48823610132, 1.87502141148, 0.0464982087394, -1.48381652953, 0.000379447756029, 58.1122942929
0.00248539245501, 1.96193633859, -0.873443595081, -1.5792329946, 0.544284455441, -1.39504665029, 0.501824081429, 0.0812492536248, -1.5318163171, -3.49715844551, 0.00248539245501, 55.6508846299
0.000379447756029, -1.5618791586, 2.42343017415, 0.0445263886933, -2.01969223835, 1.12956898886, 2.48823610132, 1.87502141148, 0.0464982087394, -1.48381652953, 0.000379447756029, 58.1122942929
0.00248539245501, 1.96193633859, -0.873443595081, -1.5792329946, 0.544284455441, -1.39504665029, 0.501824081429, 0.0812492536248, -1.5318163171, -3.49715844551, 0.00248539245501, 55.6508846299
2.08906001085e-05, -1.30252123606, 3.96077991487, 2.61867689987, -4.97642434414, -3.33977086512, 4.07343099317, 2.71153551046, 1.72263902019, 0.323761193527, 2.08906001085e-05, 189.429997787
2.08906001085e-05, -1.30252123606, 3.96077991487, 2.61867689987, -4.97642434414, -3.33977086512, 4.07343099317, 2.71153551046, 1.72263902019, 0.323761193527, 2.08906001085e-05, 189.429997787
2.08906001085e-05, -1.30252123606, 3.96077991487, 2.61867689987, -4.97642434414, -3.33977086512, 4.07343099317, 4.93551599906, 1.72263902019, 0.323761193527, 2.08906001085e-05, 190.689908369
2.08906001085e-05, -1.30252123606, 3.96077991487, 2.61867689987, -4.97642434414, -3.33977086512, 4.07343099317, 4.93551599906, 1.72263902019, 0.323761193527, 2.08906001085e-05, 190.689908369
3.71436243102e-05, 0.401205268537, 0.0403980919488, -1.5792329946, 3.11836137681, 1.99008897773, -0.278594399661, 0.496907750671, 2.43215535988, -1.78335615058, 3.71436243102e-05, 90.5161580787
3.71436243102e-05, 0.401205268537, 0.0403980919488, -1.5792329946, 3.11836137681, 1.99008897773, -0.278594399661, 0.496907750671, 2.43215535988, -1.78335615058, 3.71436243102e-05, 90.5161580787
0.00396260422992, 0.978328401242, -0.0479090534216, -1.5792329946, -2.93199467347, -1.99166663966, 0.501824081429, -0.570935214355, 1.07388725526, 3.08422745674, 0.00396260422992, 51.2635788678
0.00396260422992, 0.978328401242, -0.0479090534216, -1.5792329946, -2.93199467347, -1.99166663966, 0.501824081429, -0.570935214355, 1.07388725526, 3.08422745674, 0.00396260422992, 51.2635788678
0.00396260422992, -1.5618791586, 1.68782169823, 0.0445263886933, -1.0243132287, 1.12956898886, 2.01170509767, -0.0220075313443, 1.07388725526, -1.48381652953, 0.00396260422992, 53.2568844242
0.00396260422992, -1.5618791586, 1.68782169823, 0.0445263886933, -1.0243132287, 1.12956898886, 2.01170509767, -0.0220075313443, 1.07388725526, -1.48381652953, 0.00396260422992, 53.2568844242
0.00396260422992, -1.5618791586, 1.68782169823, 0.0445263886933, -1.0243132287, 1.12956898886, 2.01170509767, -0.0220075313443, 1.07388725526, -1.48381652953, 0.00396260422992, 53.2568844242
0.00396260422992, -1.5618791586, 1.68782169823, 0.0445263886933, -1.0243132287, 1.12956898886, 2.01170509767, -0.0220075313443, 1.07388725526, -1.48381652953, 0.00396260422992, 53.2568844242
0.00396260422992, -1.5618791586, 1.68782169823, 0.0445263886933, -1.0243132287, 1.12956898886, 2.01170509767, -0.0220075313443, 1.07388725526, -1.48381652953, 0.00396260422992, 53.2568844242
0.00396260422992, -1.5618791586, 1.68782169823, 0.0445263886933, -1.0243132287, 1.12956898886, 2.01170509767, -0.0220075313443, 1.07388725526, -1.48381652953, 0.00396260422992, 53.2568844242
0.000379447756029, -3.45458590471, 2.42343017415, 0.0445263886933, -2.01969223835, 0.796669102628, 2.48823610132, 0.496907750671, 1.07388725526, -1.48381652953, 0.000379447756029, 63.6747171102
0.000379447756029, -3.45458590471, 2.42343017415, 0.0445263886933, -2.01969223835, 0.796669102628, 2.48823610132, 0.496907750671, 1.07388725526, -1.48381652953, 0.000379447756029, 63.6747171102
3.71436243102e-05, -1.5618791586, 0.0403980919488, 0.0445263886933, 0.544284455441, -2.74954431123, -0.278594399661, -0.0220075313443, 2.95091788774, -1.78335615058, 3.71436243102e-05, 91.1526933809
3.71436243102e-05, -1.5618791586, 0.0403980919488, 0.0445263886933, 0.544284455441, -2.74954431123, -0.278594399661, -0.0220075313443, 2.95091788774, -1.78335615058, 3.71436243102e-05, 91.1526933809
0.00248539245501, 1.96193633859, -0.873443595081, -1.5792329946, 0.544284455441, -2.9039475639, 0.501824081429, 0.0812492536248, -1.5318163171, -3.49715844551, 0.00248539245501, 61.0722560289
0.00248539245501, 1.96193633859, -0.873443595081, -1.5792329946, 0.544284455441, -2.9039475639, 0.501824081429, 0.0812492536248, -1.5318163171, -3.49715844551, 0.00248539245501, 61.0722560289
0.000379447756029, -1.5618791586, 2.42343017415, 0.0445263886933, 0.544284455441, 1.12956898886, 1.40003303251, 2.83420886915, 1.07388725526, -1.48381652953, 0.000379447756029, 71.0249512858
0.000379447756029, -1.5618791586, 2.42343017415, 0.0445263886933, 0.544284455441, 1.12956898886, 1.40003303251, 2.83420886915, 1.07388725526, -1.48381652953, 0.000379447756029, 71.0249512858
0.00396260422992, 0.978328401242, -0.0479090534216, -1.5792329946, 0.544284455441, 1.12956898886, 0.501824081429, -0.570935214355, 2.95091788774, 3.08422745674, 0.00396260422992, 54.2533704417
0.00396260422992, 0.978328401242, -0.0479090534216, -1.5792329946, 0.544284455441, 1.12956898886, 0.501824081429, -0.570935214355, 2.95091788774, 3.08422745674, 0.00396260422992, 54.2533704417
3.71436243102e-05, -1.5618791586, 0.0403980919488, 0.0445263886933, -2.93199467347, -2.74954431123, -0.278594399661, -0.0220075313443, 0.0464982087394, -1.78335615058, 3.71436243102e-05, 92.4895712921
3.71436243102e-05, -1.5618791586, 0.0403980919488, 0.0445263886933, -2.93199467347, -2.74954431123, -0.278594399661, -0.0220075313443, 0.0464982087394, -1.78335615058, 3.71436243102e-05, 92.4895712921
3.71436243102e-05, -1.5618791586, -2.43938958568, 0.0445263886933, -2.93199467347, -2.74954431123, -0.278594399661, -0.45459477734, 0.0464982087394, -1.78335615058, 3.71436243102e-05, 101.350760969
0.000102888957363, -1.5618791586, 0.0403980919488, -1.5792329946, 3.07641679291, 1.99008897773, -0.278594399661, 0.496907750671, 1.72263902019, -1.78335615058, 0.000102888957363, 96.7904204905
3.71436243102e-05, -1.5618791586, -2.43938958568, 0.0445263886933, -2.93199467347, -2.74954431123, -0.278594399661, -0.45459477734, 0.0464982087394, -1.78335615058, 3.71436243102e-05, 101.350760969
0.000102888957363, -1.5618791586, 0.0403980919488, -1.5792329946, 3.07641679291, 1.99008897773, -0.278594399661, 0.496907750671, 1.72263902019, -1.78335615058, 0.000102888957363, 96.7904204905
0.000379447756029, -1.5618791586, 2.42343017415, 0.0445263886933, -4.02808720299, 0.796669102628, 0.754303461845, 0.496907750671, 1.07388725526, -1.48381652953, 0.000379447756029, 82.1814010461
0.000379447756029, -1.5618791586, 2.42343017415, 0.0445263886933, -4.02808720299, 0.796669102628, 0.754303461845, 0.496907750671, 1.07388725526, -1.48381652953, 0.000379447756029, 82.1814010461
3.71436243102e-05, -2.90095011258, 0.0403980919488, -1.5792329946, 2.49482674249, -2.70018943322, -0.278594399661, 0.496907750671, 2.54820658184, -1.78335615058, 3.71436243102e-05, 106.450660066
3.71436243102e-05, -2.90095011258, 0.0403980919488, -1.5792329946, 2.49482674249, -2.70018943322, -0.278594399661, 0.496907750671, 2.54820658184, -1.78335615058, 3.71436243102e-05, 106.450660066
0.000102888957363, -1.5618791586, 0.0403980919488, -1.5792329946, 3.11836137681, 1.99008897773, -0.278594399661, 0.496907750671, 1.72263902019, -1.78335615058, 0.000102888957363, 101.949882825
0.000102888957363, -1.5618791586, 0.0403980919488, -1.5792329946, 3.11836137681, 1.99008897773, -0.278594399661, 0.496907750671, 1.72263902019, -1.78335615058, 0.000102888957363, 101.949882825
0.000102888957363, -1.5618791586, 0.0403980919488, -1.5792329946, 3.11836137681, 1.99008897773, -0.278594399661, 0.496907750671, 1.72263902019, -1.78335615058, 0.000102888957363, 101.949882825
0.000102888957363, -1.5618791586, 0.0403980919488, -1.5792329946, 3.11836137681, 1.99008897773, -0.278594399661, 0.496907750671, 1.72263902019, -1.78335615058, 0.000102888957363, 101.949882825
0.00248539245501, 1.96193633859, -0.873443595081, 0.147816390667, 0.397945466573, -2.9039475639, 0.501824081429, -1.66040068576, -1.96540564624, -3.49715844551, 0.00248539245501, 86.3137273157
0.00248539245501, 1.96193633859, -0.873443595081, 0.147816390667, 0.397945466573, -2.9039475639, 0.501824081429, -1.66040068576, -1.96540564624, -3.49715844551, 0.00248539245501, 86.3137273157
4.70819067162e-05, -1.5618791586, -4.89126084325, -1.5792329946, 1.04925625476, -2.74954431123, -0.278594399661, 0.496907750671, 2.43215535988, -2.52253049427, 4.70819067162e-05, 111.568786924
4.70819067162e-05, -1.5618791586, -4.89126084325, -1.5792329946, 1.04925625476, -2.74954431123, -0.278594399661, 0.496907750671, 2.43215535988, -2.52253049427, 4.70819067162e-05, 111.568786924
0.000102888957363, -1.5618791586, 0.0403980919488, -1.5792329946, 4.53368120387, 1.99008897773, -0.278594399661, 0.496907750671, 1.72263902019, -1.78335615058, 0.000102888957363, 104.495650126
0.000102888957363, -1.5618791586, 0.0403980919488, -1.5792329946, 4.53368120387, 1.99008897773, -0.278594399661, 0.496907750671, 1.72263902019, -1.78335615058, 0.000102888957363, 104.495650126
0.00396260422992, -1.5618791586, 0.795552985485, 0.0445263886933, 0.544284455441, -2.23130359203, 2.01170509767, -0.0220075313443, 1.07388725526, -1.48381652953, 0.00396260422992, 65.4943004753
0.00396260422992, -1.5618791586, 0.795552985485, 0.0445263886933, 0.544284455441, -2.23130359203, 2.01170509767, -0.0220075313443, 1.07388725526, -1.48381652953, 0.00396260422992, 65.4943004753
0.00396260422992, -1.5618791586, 1.68782169823, 0.0445263886933, 0.544284455441, -2.23130359203, 2.01170509767, -0.0220075313443, 1.07388725526, -1.48381652953, 0.00396260422992, 66.4038923339
0.00396260422992, -1.5618791586, 1.68782169823, 0.0445263886933, 0.544284455441, -2.23130359203, 2.01170509767, -0.0220075313443, 1.07388725526, -1.48381652953, 0.00396260422992, 66.4038923339
0.55340506594, 1.96193633859, -0.873443595081, -1.5792329946, 0.544284455441, -2.9039475639, -2.96062186358, 0.0812492536248, -1.5318163171, -3.49715844551, 0.55340506594, 70.778311
0.945582901868, -2.40167904721, -0.532250154782, 1.51024128494, 1.02726851758, 1.25399680227, 2.5885352443, -2.03727291133, 1.08089784301, 0.565327618724, 0.945582901868, 67.0322629045
0.55340506594, 1.96193633859, -0.873443595081, -1.5792329946, 0.544284455441, -2.9039475639, -2.96062186358, 0.0812492536248, -1.5318163171, -3.49715844551, 0.55340506594, 70.778311
0.945582901868, -2.40167904721, -0.532250154782, 1.51024128494, 1.02726851758, 1.25399680227, 2.5885352443, -2.03727291133, 1.08089784301, 0.565327618724, 0.945582901868, 67.0322629045
0.00248539245501, 1.96193633859, -0.873443595081, -1.5792329946, 0.544284455441, -2.9039475639, -4.38545096448, 0.0812492536248, -1.5318163171, -3.49715844551, 0.00248539245501, 88.7404469001
0.945582901868, -2.40167904721, -0.532250154782, 1.51024128494, 0.544284455441, 1.25399680227, 2.5885352443, 2.4454806944, 1.08089784301, 0.565327618724, 0.945582901868, 70.2107185667
0.00248539245501, 1.96193633859, -0.873443595081, -1.5792329946, 0.544284455441, -2.9039475639, -4.38545096448, 0.0812492536248, -1.5318163171, -3.49715844551, 0.00248539245501, 88.7404469001
0.945582901868, -2.40167904721, -0.532250154782, 1.51024128494, 0.544284455441, 1.25399680227, 2.5885352443, 2.4454806944, 1.08089784301, 0.565327618724, 0.945582901868, 70.2107185667
0.000102888957363, 3.34819342596, 0.0403980919488, -0.540755668014, 2.49482674249, -2.70018943322, -0.278594399661, 0.496907750671, 2.48840392521, -1.78335615058, 0.000102888957363, 108.300577477
0.000102888957363, 3.34819342596, 0.0403980919488, -0.540755668014, 2.49482674249, -2.70018943322, -0.278594399661, 0.496907750671, 2.48840392521, -1.78335615058, 0.000102888957363, 108.300577477
0.00248539245501, 1.96193633859, -0.873443595081, 1.87736282177, -1.0243132287, -2.9039475639, 0.501824081429, -1.66040068576, -0.649586870701, -3.49715844551, 0.00248539245501, 89.5587780467
0.00248539245501, 1.96193633859, -0.873443595081, 1.87736282177, -1.0243132287, -2.9039475639, 0.501824081429, -1.66040068576, -0.649586870701, -3.49715844551, 0.00248539245501, 89.5587780467
0.0413289688332, -1.5618791586, 1.68782169823, 0.0445263886933, -1.30195677136, 1.12956898886, 2.01170509767, -0.0220075313443, 1.07388725526, -1.48381652953, 0.0413289688332, 71.3828194036
0.0413289688332, -1.5618791586, 1.68782169823, 0.0445263886933, -1.30195677136, 1.12956898886, 2.01170509767, -0.0220075313443, 1.07388725526, -1.48381652953, 0.0413289688332, 71.3828194036
3.71436243102e-05, -1.5618791586, -4.88355466829, -1.5792329946, 1.04925625476, -2.74954431123, -0.278594399661, 0.496907750671, 2.43215535988, -4.95807978078, 3.71436243102e-05, 131.626708895
3.71436243102e-05, -1.5618791586, -4.88355466829, -1.5792329946, 1.04925625476, -2.74954431123, -0.278594399661, 0.496907750671, 2.43215535988, -4.95807978078, 3.71436243102e-05, 131.626708895
