0.00120119229646, -1.5618791586, 0.0403980919488, 0.0445263886933, -2.01969223835, -2.74954431123, -0.278594399661, 1.17002414512, 2.43215535988, -1.78335615058, 0.00120119229646, 108.864986643
3.71436243102e-05, -1.5618791586, 0.0403980919488, -1.5792329946, 3.11836137681, -3.18997575826, -0.278594399661, 0.496907750671, 1.72263902019, -1.78335615058, 3.71436243102e-05, 125.375516816
0.00396260422992, -1.5618791586, 1.68782169823, 0.0445263886933, 0.544284455441, 1.12956898886, 1.45233187266, -0.0220075313443, 0.0763978912068, -1.48381652953, 0.00396260422992, 52.3532549632
0.000102888957363, -1.5618791586, 0.0403980919488, -1.5792329946, 3.11836137681, -3.18997575826, -0.278594399661, 0.496907750671, 1.72263902019, -1.78335615058, 0.000102888957363, 125.375516816
0.00120119229646, -1.5618791586, 0.0403980919488, 0.0445263886933, -2.01969223835, -2.74954431123, -0.278594399661, 1.17002414512, 2.43215535988, -1.78335615058, 0.00120119229646, 108.864986643
3.71436243102e-05, -1.5618791586, 0.0403980919488, -1.5792329946, 3.11836137681, -3.18997575826, -0.278594399661, 0.496907750671, 1.72263902019, -1.78335615058, 3.71436243102e-05, 125.375516816
0.00396260422992, -1.5618791586, 1.68782169823, 0.0445263886933, 0.544284455441, 1.12956898886, 1.45233187266, -0.0220075313443, 0.0763978912068, -1.48381652953, 0.00396260422992, 52.3532549632
0.000102888957363, -1.5618791586, 0.0403980919488, -1.5792329946, 3.11836137681, -3.18997575826, -0.278594399661, 0.496907750671, 1.72263902019, -1.78335615058, 0.000102888957363, 125.375516816
0.0315911477651, 1.96193633859, -0.873443595081, -1.5792329946, -1.0243132287, -2.9039475639, 0.501824081429, 0.0812492536248, -0.649586870701, -3.49715844551, 0.0315911477651, 71.1070360474
0.00396260422992, -1.67426484954, 1.68782169823, -1.5792329946, 0.697595497042, 1.12956898886, 1.45233187266, -0.0220075313443, 0.0763978912068, 2.49068862187, 0.00396260422992, 91.6279786639
0.0288754953684, -0.872510592709, -0.0479090534216, -1.5792329946, -2.93199467347, 0.478594107335, 2.32680645413, 0.277561730423, 0.0464982087394, 3.08422745674, 0.0288754953684, 90.3702990435
0.00396260422992, -1.67426484954, 1.68782169823, -1.5792329946, 0.697595497042, 1.12956898886, 1.45233187266, -0.0220075313443, 0.0763978912068, 2.49068862187, 0.00396260422992, 91.6279786639
0.0315911477651, 1.96193633859, -0.873443595081, -1.5792329946, -1.0243132287, -2.9039475639, 0.501824081429, 0.0812492536248, -0.649586870701, -3.49715844551, 0.0315911477651, 71.1070360474
0.0288754953684, -0.872510592709, -0.0479090534216, -1.5792329946, -2.93199467347, 0.478594107335, 2.32680645413, 0.277561730423, 0.0464982087394, 3.08422745674, 0.0288754953684, 90.3702990435
0.00120119229646, -1.67426484954, 0.0403980919488, -1.5792329946, -2.01969223835, -2.70018943322, -0.278594399661, 0.496907750671, 2.43215535988, -1.78335615058, 0.00120119229646, 109.045194024
0.00120119229646, -1.67426484954, 0.0403980919488, -1.5792329946, -2.01969223835, -2.70018943322, -0.278594399661, 0.496907750671, 2.43215535988, -1.78335615058, 0.00120119229646, 109.045194024
0.0315911477651, 1.96193633859, 2.44324184083, -1.5792329946, -1.0243132287, -2.9039475639, 1.58486993093, 0.0812492536248, -0.649586870701, -3.49715844551, 0.0315911477651, 75.9810645913
0.0315911477651, 1.96193633859, 2.44324184083, -1.5792329946, -1.0243132287, -2.9039475639, 1.58486993093, 0.0812492536248, -0.649586870701, -3.49715844551, 0.0315911477651, 75.9810645913
0.000553861201074, 2.03938606692, -0.0479090534216, -1.41244041049, -4.97642434414, 3.86230893245, 1.39060951856, 0.277561730423, -3.37851510565, 1.32205005736, 0.000553861201074, 135.649575236
0.000425027885442, -1.30252123606, 0.555048567035, -3.6396330957, -3.0862519677, -3.33977086512, -0.278594399661, 0.277561730423, 1.72263902019, 0.323761193527, 0.000425027885442, 165.974777778
0.000553861201074, 2.03938606692, -0.0479090534216, -1.41244041049, -4.97642434414, 3.86230893245, 1.39060951856, 0.277561730423, -3.37851510565, 1.32205005736, 0.000553861201074, 135.649575236
0.000425027885442, -1.30252123606, 0.555048567035, -3.6396330957, -3.0862519677, -3.33977086512, -0.278594399661, 0.277561730423, 1.72263902019, 0.323761193527, 0.000425027885442, 165.974777778
0.0315911477651, -1.5618791586, -0.873443595081, -1.41244041049, -1.0243132287, -2.9039475639, -0.572999356985, -0.413867809139, 1.08089784301, -1.78335615058, 0.0315911477651, 79.0691463772
0.0315911477651, -1.5618791586, -0.873443595081, -1.41244041049, -1.0243132287, -2.9039475639, -0.572999356985, -0.413867809139, 1.08089784301, -1.78335615058, 0.0315911477651, 79.0691463772
0.699168400612, -2.40167904721, -0.873443595081, 1.51024128494, 1.02726851758, 1.25399680227, 1.39060951856, 0.325872681111, 0.0464982087394, 0.565327618724, 0.699168400612, 81.0356744931
0.0315911477651, -1.5618791586, 3.56224512837, -2.00276977526, -2.39885245185, 0.0642205137274, -0.0304706644275, 0.730960423553, 0.545291075293, -1.78335615058, 0.0315911477651, 86.9787644005
0.699168400612, -2.40167904721, -0.873443595081, 1.51024128494, 1.02726851758, 1.25399680227, 1.39060951856, 0.325872681111, 0.0464982087394, 0.565327618724, 0.699168400612, 81.0356744931
0.0315911477651, -1.5618791586, 3.56224512837, -2.00276977526, -2.39885245185, 0.0642205137274, -0.0304706644275, 0.730960423553, 0.545291075293, -1.78335615058, 0.0315911477651, 86.9787644005
0.0315911477651, -1.5618791586, -0.873443595081, -1.41244041049, -1.0243132287, -2.9039475639, -0.572999356985, 3.44406357188, 1.08089784301, -1.78335615058, 0.0315911477651, 87.8222197309
0.0315911477651, -1.5618791586, -0.873443595081, -1.41244041049, -1.0243132287, -2.9039475639, -0.572999356985, 3.44406357188, 1.08089784301, -1.78335615058, 0.0315911477651, 87.8222197309
0.00719071273242, -0.15038174641, -0.0479090534216, 3.17767156567, 1.04925625476, 3.63467037647, -0.572999356985, 1.55130405583, -4.55366955273, 3.08422745674, 0.00719071273242, 115.739897764
0.00719071273242, -0.15038174641, -0.0479090534216, 3.17767156567, 1.04925625476, 3.63467037647, -0.572999356985, 1.55130405583, -4.55366955273, 3.08422745674, 0.00719071273242, 115.739897764
0.47852780528, -1.30252123606, -0.873443595081, 3.9195588832, 0.54122942444, 0.179086249523, 1.39060951856, 1.47772885289, 0.0464982087394, -1.40744254261, 0.47852780528, 91.7616252979
0.0315911477651, -1.5618791586, 3.04291380939, -1.5792329946, -1.0243132287, -2.9039475639, 0.34355277906, 0.496907750671, -3.37851510565, -1.78335615058, 0.0315911477651, 97.9434437189
0.47852780528, -1.30252123606, -0.873443595081, 3.9195588832, 0.54122942444, 0.179086249523, 1.39060951856, 1.47772885289, 0.0464982087394, -1.40744254261, 0.47852780528, 91.7616252979
0.0315911477651, -1.5618791586, 3.04291380939, -1.5792329946, -1.0243132287, -2.9039475639, 0.34355277906, 0.496907750671, -3.37851510565, -1.78335615058, 0.0315911477651, 97.9434437189
0.699168400612, -2.40167904721, -0.873443595081, 0.502709062879, 1.02726851758, 1.25399680227, 1.39060951856, 0.325872681111, -2.88002473361, 0.565327618724, 0.699168400612, 94.9338221697
0.699168400612, -2.40167904721, -0.873443595081, 0.502709062879, 1.02726851758, 1.25399680227, 1.39060951856, 0.325872681111, -2.88002473361, 0.565327618724, 0.699168400612, 94.9338221697
0.0288754953684, -0.872510592709, -0.0479090534216, -1.5792329946, -2.93199467347, 4.10433788874, 1.67855369209, 0.277561730423, 0.477683372415, 3.08422745674, 0.0288754953684, 110.961377829
0.0288754953684, -0.872510592709, -0.0479090534216, -1.5792329946, -2.93199467347, 4.10433788874, 1.67855369209, 0.277561730423, 0.477683372415, 3.08422745674, 0.0288754953684, 110.961377829
0.00719071273242, 1.00064480398, -0.0479090534216, -1.41244041049, -4.97642434414, 3.63467037647, -0.572999356985, 0.277561730423, -3.37851510565, 3.08422745674, 0.00719071273242, 120.162414788
0.00719071273242, 1.00064480398, -0.0479090534216, -1.41244041049, -4.97642434414, 3.63467037647, -0.572999356985, 0.277561730423, -3.37851510565, 3.08422745674, 0.00719071273242, 120.162414788
0.0315911477651, -1.5618791586, 3.56224512837, -2.00276977526, -2.39885245185, -2.9039475639, -0.0304706644275, 0.730960423553, 0.545291075293, -1.78335615058, 0.0315911477651, 98.7661377989
0.0315911477651, -1.5618791586, 3.56224512837, -2.00276977526, -2.39885245185, -2.9039475639, -0.0304706644275, 0.730960423553, 0.545291075293, -1.78335615058, 0.0315911477651, 98.7661377989
0.00172345872238, -0.238198536132, 3.56224512837, -1.5792329946, -2.50988722637, -2.70018943322, -0.278594399661, 0.496907750671, 1.72263902019, -1.78335615058, 0.00172345872238, 139.759504646
0.00172345872238, -0.238198536132, 3.56224512837, -1.5792329946, -2.50988722637, -2.70018943322, -0.278594399661, 0.496907750671, 1.72263902019, -1.78335615058, 0.00172345872238, 139.759504646
0.0315911477651, -1.5618791586, 3.56224512837, -1.5792329946, -1.0243132287, -2.9039475639, 0.34355277906, 0.496907750671, -3.37851510565, -1.78335615058, 0.0315911477651, 102.860864749
0.0315911477651, -1.5618791586, 3.56224512837, -1.5792329946, -1.0243132287, -2.9039475639, 0.34355277906, 0.496907750671, -3.37851510565, -1.78335615058, 0.0315911477651, 102.860864749
0.00719071273242, -0.4883420523, -0.0479090534216, -1.41244041049, -3.36669597784, -0.451290343337, 0.546521777951, -4.59237440191, 4.78015624706, 2.8933823792, 0.00719071273242, 122.249277932
0.00719071273242, -0.4883420523, -0.0479090534216, -1.41244041049, -3.36669597784, -0.451290343337, 0.546521777951, -4.59237440191, 4.78015624706, 2.8933823792, 0.00719071273242, 122.249277932
0.47852780528, -1.30252123606, -0.873443595081, 4.49741138315, 0.54122942444, 0.179086249523, 1.39060951856, -0.147840222275, 0.0464982087394, -1.40744254261, 0.47852780528, 102.222357219
0.47852780528, -1.30252123606, -0.873443595081, 4.49741138315, 0.54122942444, 0.179086249523, 1.39060951856, -0.147840222275, 0.0464982087394, -1.40744254261, 0.47852780528, 102.222357219
0.663787325653, 2.32429218433, 1.96157944493, 2.32536144154, 2.50162772189, 1.98704524041, 1.74403973333, 4.02762179823, 0.442469989673, 0.468319217393, 0.663787325653, 102.457911667
0.663787325653, 2.32429218433, 1.96157944493, 2.32536144154, 2.50162772189, 1.98704524041, 1.74403973333, 4.02762179823, 0.442469989673, 0.468319217393, 0.663787325653, 102.457911667
0.0315911477651, -1.5618791586, -2.97095954065, -1.5792329946, -1.12850731604, 1.5175290638, 1.67855369209, 0.496907750671, 2.83147173202, -3.33679975603, 0.0315911477651, 105.38776335
0.0315911477651, -1.5618791586, -2.97095954065, -1.5792329946, -1.12850731604, 1.5175290638, 1.67855369209, 0.496907750671, 2.83147173202, -3.33679975603, 0.0315911477651, 105.38776335
0.0315738453017, -0.872510592709, 4.70597424807, -2.76432443693, -1.55291554112, 2.53331728573, -0.572999356985, -2.34979583926, 0.0464982087394, 0.565327618724, 0.0315738453017, 120.08243706
0.0315738453017, -0.872510592709, 4.70597424807, -2.76432443693, -1.55291554112, 2.53331728573, -0.572999356985, -2.34979583926, 0.0464982087394, 0.565327618724, 0.0315738453017, 120.08243706
0.375465445435, -0.872510592709, 1.68782169823, -1.5792329946, 4.12199152456, 0.179086249523, 2.32680645413, -0.0220075313443, 0.0464982087394, 0.565327618724, 0.375465445435, 108.658581613
0.375465445435, -0.872510592709, 1.68782169823, -1.5792329946, 4.12199152456, 0.179086249523, 2.32680645413, -0.0220075313443, 0.0464982087394, 0.565327618724, 0.375465445435, 108.658581613
0.00185488637754, -0.872510592709, -4.87733097023, -1.41244041049, -3.36669597784, 4.10433788874, 1.09478753727, 1.91437988011, 0.342831463773, 3.08422745674, 0.00185488637754, 144.754819599
0.00185488637754, -0.872510592709, -4.87733097023, -1.41244041049, -3.36669597784, 4.10433788874, 1.09478753727, 1.91437988011, 0.342831463773, 3.08422745674, 0.00185488637754, 144.754819599
0.00396260422992, -0.238198536132, 3.56224512837, -1.5792329946, -2.50988722637, 0.215306273946, -0.278594399661, 0.496907750671, 1.72263902019, -1.78335615058, 0.00396260422992, 133.475289858
0.00396260422992, -0.238198536132, 3.56224512837, -1.5792329946, -2.50988722637, 0.215306273946, -0.278594399661, 0.496907750671, 1.72263902019, -1.78335615058, 0.00396260422992, 133.475289858
0.00289397891127, -1.45153931784, -4.8553025232, -2.63850356716, 2.4612751601, -2.48593652794, 2.68670434789, -3.94230311723, -3.96874163218, 3.2060619426, 0.00289397891127, 160.714297639
0.0037152441692, 0.661807186253, -2.52167622715, -0.563988713909, 1.94102023973, 1.25399680227, 4.07822183914, 2.2661898478, -3.96874163218, 3.2060619426, 0.0037152441692, 145.279904732
0.00289397891127, -1.45153931784, -4.8553025232, -2.63850356716, 2.4612751601, -2.48593652794, 2.68670434789, -3.94230311723, -3.96874163218, 3.2060619426, 0.00289397891127, 160.714297639
0.0037152441692, 0.661807186253, -2.52167622715, -0.563988713909, 1.94102023973, 1.25399680227, 4.07822183914, 2.2661898478, -3.96874163218, 3.2060619426, 0.0037152441692, 145.279904732
0.00289397891127, -1.45153931784, -4.8553025232, -2.63850356716, 2.4612751601, -2.48593652794, 2.68670434789, -3.94230311723, -4.60356297127, 3.2060619426, 0.00289397891127, 172.733179482
0.00289397891127, -1.45153931784, -4.8553025232, -2.63850356716, 2.4612751601, -2.48593652794, 2.68670434789, -3.94230311723, -4.60356297127, 3.2060619426, 0.00289397891127, 172.733179482
0.00719071273242, 2.03938606692, -0.0479090534216, -1.41244041049, -4.97642434414, 3.86230893245, -0.572999356985, 0.277561730423, 0.284334957684, 1.32205005736, 0.00719071273242, 128.105333089
0.00719071273242, 2.03938606692, -0.0479090534216, -1.41244041049, -4.97642434414, 3.86230893245, -0.572999356985, 0.277561730423, 0.284334957684, 1.32205005736, 0.00719071273242, 128.105333089
0.00289397891127, -1.45153931784, -4.8553025232, 0.502709062879, 2.78740982043, 1.25399680227, 2.68670434789, 0.325872681111, -1.3232874274, 3.2060619426, 0.00289397891127, 176.13981334
0.00396260422992, -0.238198536132, 3.56224512837, -1.5792329946, -2.50988722637, 3.14851371153, -0.278594399661, 0.496907750671, 1.72263902019, -1.78335615058, 0.00396260422992, 137.189491083
0.00289397891127, -1.45153931784, -4.8553025232, 0.502709062879, 2.78740982043, 1.25399680227, 2.68670434789, 0.325872681111, -1.3232874274, 3.2060619426, 0.00289397891127, 176.13981334
0.00396260422992, -0.238198536132, 3.56224512837, -1.5792329946, -2.50988722637, 3.14851371153, -0.278594399661, 0.496907750671, 1.72263902019, -1.78335615058, 0.00396260422992, 137.189491083
0.0037152441692, -1.45153931784, -1.72880671462, 3.1595730501, 1.94102023973, 1.25399680227, 4.07822183914, 2.2661898478, -3.96874163218, 3.2060619426, 0.0037152441692, 171.004608162
0.0037152441692, -1.45153931784, -1.72880671462, 3.1595730501, 1.94102023973, 1.25399680227, 4.07822183914, 2.2661898478, -3.96874163218, 3.2060619426, 0.0037152441692, 171.004608162
0.00289397891127, -1.45153931784, -4.8553025232, -2.63850356716, 2.4612751601, -2.48593652794, 2.68670434789, -4.27263215933, -3.96874163218, 3.2060619426, 0.00289397891127, 180.510945806
0.00289397891127, -1.45153931784, -4.8553025232, -2.63850356716, 2.4612751601, -2.48593652794, 2.68670434789, -4.27263215933, -3.96874163218, 3.2060619426, 0.00289397891127, 180.510945806
0.0315911477651, -1.32902519205, 0.829585578249, -1.5792329946, -1.0243132287, -2.9039475639, 0.34355277906, 0.496907750671, -3.37851510565, -1.78335615058, 0.0315911477651, 115.269484115
0.0315911477651, -1.32902519205, 0.829585578249, -1.5792329946, -1.0243132287, -2.9039475639, 0.34355277906, 0.496907750671, -3.37851510565, -1.78335615058, 0.0315911477651, 115.269484115
0.00396260422992, -1.30252123606, 2.09296422535, 1.43085435606, -3.0862519677, -4.72559456866, -0.278594399661, 0.277561730423, 0.589063248575, 0.500044741776, 0.00396260422992, 138.515555599
0.00396260422992, -1.30252123606, 2.09296422535, 1.43085435606, -3.0862519677, -4.72559456866, -0.278594399661, 0.277561730423, 0.589063248575, 0.500044741776, 0.00396260422992, 138.515555599
0.00289397891127, -1.45153931784, -4.8553025232, -2.63850356716, 2.4612751601, -2.48593652794, 2.68670434789, -3.94230311723, -4.13004203524, 4.79241620196, 0.00289397891127, 184.679370173
0.00289397891127, -1.45153931784, -4.8553025232, -2.63850356716, 2.4612751601, -2.48593652794, 2.68670434789, -3.94230311723, -4.13004203524, 4.79241620196, 0.00289397891127, 184.679370173
0.00289397891127, -1.45153931784, -4.8553025232, -0.563988713909, 2.78740982043, 1.06727007508, -2.79473982, 0.325872681111, -4.7391940841, 4.27603161283, 0.00289397891127, 197.786684384
0.00289397891127, -1.45153931784, -4.8553025232, -0.563988713909, 2.78740982043, 1.06727007508, -2.79473982, 0.325872681111, -4.7391940841, 4.27603161283, 0.00289397891127, 197.786684384
0.385559427343, 2.02431396221, 1.96157944493, 2.32536144154, -0.0737555377023, 2.79146186936, -2.60485823756, 4.02762179823, -3.37851510565, 0.468319217393, 0.385559427343, 115.339474454
0.385559427343, 2.02431396221, 1.96157944493, 2.32536144154, -0.0737555377023, 2.79146186936, -2.60485823756, 4.02762179823, -3.37851510565, 0.468319217393, 0.385559427343, 115.339474454
0.0037152441692, -1.45153931784, -1.72880671462, 3.1595730501, 1.94102023973, -0.340893099141, 2.68670434789, -4.31649248311, -3.96874163218, 3.2060619426, 0.0037152441692, 177.259268295
0.0037152441692, -1.45153931784, -1.72880671462, 3.1595730501, 1.94102023973, -0.340893099141, 2.68670434789, -4.31649248311, -3.96874163218, 3.2060619426, 0.0037152441692, 177.259268295
