2.73071645196, 0.768540939727, 24.7393331865, 7.43150535986, 7.35303987218, 3.89987554719, 5.00013051485, 4443.53535543, 694.828902644
2.73071645196, 0.768540939727, 24.7393331865, 7.43150535986, 7.35303987218, 3.89987554719, 5.00013051485, 4443.53535543, 694.828902644
2.70376549496, 0.705149964891, 20.1079538949, 7.45461507229, 7.62969450774, 3.89987554719, 5.00807114058, 3152.37263429, 696.231102124
2.70376549496, 0.705149964891, 20.1079538949, 7.45461507229, 7.62969450774, 3.89987554719, 5.00807114058, 3152.37263429, 696.231102124
2.82753561378, 0.74887601618, 27.2077982116, 7.80426287544, 7.35303987218, 3.89987554719, 5.00013051485, 4969.83259478, 694.760069786
2.82753561378, 0.74887601618, 27.2077982116, 7.80426287544, 7.35303987218, 3.89987554719, 5.00013051485, 4969.83259478, 694.760069786
2.61623512594, 0.700668078373, 17.2955941727, 7.49510375101, 7.31541132997, 3.21495858223, 5.04953822493, 2500.04684451, 1244.88198846
2.61623512594, 0.700668078373, 17.2955941727, 7.49510375101, 7.31541132997, 3.21495858223, 5.04953822493, 2500.04684451, 1244.88198846
2.61623512594, 0.700668078373, 17.2955941727, 7.49510375101, 7.31541132997, 3.21495858223, 5.04953822493, 2500.04684451, 1244.88198846
2.61623512594, 0.700668078373, 17.2955941727, 7.49510375101, 7.31541132997, 3.21495858223, 5.04953822493, 2500.04684451, 1244.88198846
2.82753561378, 0.741265296969, 17.8922226626, 7.80426287544, 7.35303987218, 3.89987554719, 5.00013051485, 3019.91141985, 697.021927903
2.82753561378, 0.741265296969, 17.8922226626, 7.80426287544, 7.35303987218, 3.89987554719, 5.00013051485, 3019.91141985, 697.021927903
2.70161372284, 0.704878850198, 17.0723508158, 7.66387501973, 7.88641776979, 3.89036666859, 5.0700358267, 2746.23236279, 702.821552721
2.70161372284, 0.704878850198, 17.0723508158, 7.66387501973, 7.88641776979, 3.89036666859, 5.0700358267, 2746.23236279, 702.821552721
2.70161372284, 0.704878850198, 17.0723508158, 7.66387501973, 7.88641776979, 3.89036666859, 5.0700358267, 2746.23236279, 702.821552721
2.70161372284, 0.704878850198, 17.0723508158, 7.66387501973, 7.88641776979, 3.89036666859, 5.0700358267, 2746.23236279, 702.821552721
2.61623512594, 0.700668078373, 17.2955941727, 7.64141983733, 7.32083435569, 3.21495858223, 5.026658847, 2487.90074046, 1245.18640732
2.61623512594, 0.700668078373, 17.2955941727, 7.64141983733, 7.32083435569, 3.21495858223, 5.026658847, 2487.90074046, 1245.18640732
2.61623512594, 0.700668078373, 17.2955941727, 7.64141983733, 7.32083435569, 3.21495858223, 5.026658847, 2487.90074046, 1245.18640732
2.61623512594, 0.700668078373, 17.2955941727, 7.64141983733, 7.32083435569, 3.21495858223, 5.026658847, 2487.90074046, 1245.18640732
2.82753561378, 0.766004187263, 27.2077982116, 7.80426287544, 7.35303987218, 3.89987554719, 5.00013051485, 5132.94594674, 694.686406622
2.82753561378, 0.766004187263, 27.2077982116, 7.80426287544, 7.35303987218, 3.89987554719, 5.00013051485, 5132.94594674, 694.686406622
2.7419068402, 0.791847100634, 21.760247218, 7.34671173099, 7.88641776979, 3.89854008725, 5.3110831629, 4157.94421533, 695.872917935
2.7419068402, 0.791847100634, 21.760247218, 7.34671173099, 7.88641776979, 3.89854008725, 5.3110831629, 4157.94421533, 695.872917935
2.7419068402, 0.791847100634, 21.760247218, 7.34671173099, 7.88641776979, 3.89854008725, 5.3110831629, 4157.94421533, 695.872917935
2.7419068402, 0.791847100634, 21.760247218, 7.34671173099, 7.88641776979, 3.89854008725, 5.3110831629, 4157.94421533, 695.872917935
2.82753561378, 0.752111948803, 27.2077982116, 7.69876490284, 7.35303987218, 3.89987554719, 5.08977457077, 5051.65222829, 694.70141905
2.82753561378, 0.752111948803, 27.2077982116, 7.69876490284, 7.35303987218, 3.89987554719, 5.08977457077, 5051.65222829, 694.70141905
2.65150699679, 0.701055592072, 17.8922226626, 7.51773858402, 7.35303987218, 3.89930166525, 5.00013051485, 2772.92682766, 697.476392096
2.65150699679, 0.701055592072, 17.8922226626, 7.51773858402, 7.35303987218, 3.89930166525, 5.00013051485, 2772.92682766, 697.476392096
3.33733162032, 0.799561148395, 24.7393331865, 7.51080159792, 7.70411088424, 3.89997084416, 5.00196096531, 5383.33565948, 694.68038274
3.33733162032, 0.799561148395, 24.7393331865, 7.51080159792, 7.70411088424, 3.89997084416, 5.00196096531, 5383.33565948, 694.68038274
2.82753561378, 0.742930544733, 24.7393331865, 7.80426287544, 7.59524750752, 3.89987554719, 5.00013051485, 4349.73196375, 695.141330405
2.82753561378, 0.742930544733, 24.7393331865, 7.80426287544, 7.59524750752, 3.89987554719, 5.00013051485, 4349.73196375, 695.141330405
2.68243593241, 0.717044126079, 17.0398682322, 7.80295733311, 7.5339302317, 3.50237980737, 5.00022123653, 2605.68133414, 963.258522652
2.68243593241, 0.717044126079, 17.0398682322, 7.80295733311, 7.5339302317, 3.50237980737, 5.00022123653, 2605.68133414, 963.258522652
2.61696029157, 0.74887601618, 20.3984465604, 7.80426287544, 7.35303987218, 3.89987554719, 5.00007765679, 3357.27118703, 696.056564702
2.61696029157, 0.74887601618, 20.3984465604, 7.80426287544, 7.35303987218, 3.89987554719, 5.00007765679, 3357.27118703, 696.056564702
2.82753561378, 0.752060712966, 27.2077982116, 7.80426287544, 7.35303987218, 3.89987554719, 5.00013051485, 4999.88164192, 694.74599216
2.82753561378, 0.752060712966, 27.2077982116, 7.80426287544, 7.35303987218, 3.89987554719, 5.00013051485, 4999.88164192, 694.74599216
2.70376549496, 0.705149964891, 17.6803604856, 7.36417279635, 7.32083435569, 3.89987554719, 5.00807114058, 2784.05500147, 697.051950758
2.70376549496, 0.705149964891, 17.6803604856, 7.36417279635, 7.32083435569, 3.89987554719, 5.00807114058, 2784.05500147, 697.051950758
2.63134173449, 0.700709813742, 17.0418598229, 7.98318901317, 7.54318711575, 3.87078088727, 5.00344349812, 2650.49046732, 714.022209564
2.63134173449, 0.700709813742, 17.0418598229, 7.98318901317, 7.54318711575, 3.87078088727, 5.00344349812, 2650.49046732, 714.022209564
2.61623512594, 0.700668078373, 17.2955941727, 7.64141983733, 7.31078749783, 3.21495858223, 5.04894179217, 2500.7901157, 1245.18640732
2.61623512594, 0.700668078373, 17.2955941727, 7.64141983733, 7.31078749783, 3.21495858223, 5.04894179217, 2500.7901157, 1245.18640732
2.82753561378, 0.752111948803, 27.2077982116, 7.80426287544, 7.35303987218, 3.89987554719, 5.08977457077, 5052.91241967, 694.745767135
2.82753561378, 0.752111948803, 27.2077982116, 7.80426287544, 7.35303987218, 3.89987554719, 5.08977457077, 5052.91241967, 694.745767135
3.01697003118, 0.700709813742, 17.0288803644, 7.80295733311, 7.47634570898, 3.50237980737, 5.00344349812, 2680.55024261, 963.567326256
2.87082835845, 0.70058731634, 17.165099088, 7.99192867949, 7.60768812651, 3.8061078858, 5.00344349812, 2741.12703687, 750.977842007
2.63134173449, 0.732975045256, 17.0155008971, 7.66338085751, 7.49470610863, 3.39169746204, 5.00807114058, 2608.42113154, 1060.15157075
2.63134173449, 0.732975045256, 17.0155008971, 7.66338085751, 7.49470610863, 3.39169746204, 5.00807114058, 2608.42113154, 1060.15157075
3.01697003118, 0.700709813742, 17.0288803644, 7.80295733311, 7.47634570898, 3.50237980737, 5.00344349812, 2680.55024261, 963.567326256
2.63134173449, 0.732975045256, 17.0723508158, 7.99165927406, 7.56926784358, 3.89987554719, 5.00807114058, 2781.28227219, 697.718814122
3.33733162032, 0.753883967563, 20.1182006899, 7.81994911233, 7.77425174453, 3.89987554719, 5.00807114058, 3819.59243429, 696.111351568
3.09671992727, 0.70458707996, 23.9534874323, 8.2743279773, 8.04429113615, 3.89973775463, 5.0700358267, 4177.22103912, 695.896293712
3.33733162032, 0.753883967563, 20.1182006899, 7.81994911233, 7.77425174453, 3.89987554719, 5.00807114058, 3819.59243429, 696.111351568
3.28045058595, 0.705680451989, 20.1079538949, 7.48380145658, 7.32083435569, 3.89959826808, 5.04953822493, 3499.90882115, 696.399458953
3.29614963899, 0.764840574567, 17.0030155097, 7.44283219623, 7.70411088424, 3.89997084416, 5.00196096531, 3198.21890011, 696.759249701
3.28045058595, 0.705680451989, 20.1079538949, 7.48380145658, 7.30626974593, 3.89939922747, 5.04953822493, 3499.54781495, 696.506105268
2.82753561378, 0.795992832211, 24.7393331865, 7.80426287544, 7.35303987218, 3.89987554719, 5.00013051485, 4774.11704792, 694.877598079
2.82753561378, 0.741265296969, 27.2077982116, 7.80426287544, 7.35303987218, 3.89987554719, 5.22500178184, 5033.87847204, 694.794448959
2.87082835845, 0.700709813742, 17.165099088, 7.99192867949, 7.65731177141, 3.8061078858, 5.00344349812, 2742.56539443, 750.975965128
2.82753561378, 0.768540939727, 24.7393331865, 7.62609604564, 7.35303987218, 3.89987554719, 5.00013051485, 4546.27696699, 694.920913545
2.82753561378, 0.795992832211, 24.7393331865, 7.80426287544, 7.35303987218, 3.89987554719, 5.00013051485, 4774.11704792, 694.877598079
3.33733162032, 0.70458707996, 23.9808544353, 8.29945322824, 7.79795037713, 3.89988407902, 5.03798684434, 4354.20387096, 695.828285759
3.09671992727, 0.70458707996, 23.9534874323, 8.2743279773, 8.04429113615, 3.89973775463, 5.0700358267, 4177.22103912, 695.896293712
3.10552131195, 0.741265296969, 17.8922226626, 7.80426287544, 7.35303987218, 3.89987554719, 5.00013051485, 3157.95573597, 697.021927903
2.82753561378, 0.741265296969, 17.8922226626, 8.02324422465, 7.35303987218, 3.89987554719, 5.00013051485, 3022.52718965, 697.244877088
2.82753561378, 0.711547092482, 17.8922226626, 7.80426287544, 7.35303987218, 3.89987554719, 5.00013051485, 2896.11061843, 697.35600001
2.82753561378, 0.741265296969, 17.8922226626, 8.02324422465, 7.35303987218, 3.89987554719, 5.00013051485, 3022.52718965, 697.244877088
2.82753561378, 0.711547092482, 17.8922226626, 7.80426287544, 7.35303987218, 3.89987554719, 5.00013051485, 2896.11061843, 697.35600001
2.82753561378, 0.768540939727, 24.7393331865, 7.62609604564, 7.35303987218, 3.89987554719, 5.00013051485, 4546.27696699, 694.920913545
2.82753561378, 0.741265296969, 24.7393331865, 7.80426287544, 7.35303987218, 3.89987554719, 5.20636529994, 4455.66142807, 695.150533124
2.82753561378, 0.741265296969, 24.7393331865, 7.81994911233, 7.79795037713, 3.89987554719, 5.0700358267, 4381.97448714, 695.158802833
2.82753561378, 0.741265296969, 24.7393331865, 7.80426287544, 7.35303987218, 3.89987554719, 5.20636529994, 4455.66142807, 695.150533124
2.87082835845, 0.70058731634, 17.165099088, 7.99192867949, 7.60768812651, 3.8061078858, 5.00344349812, 2741.12703687, 750.977842007
3.29614963899, 0.764840574567, 17.0030155097, 7.44283219623, 7.70411088424, 3.89997084416, 5.00196096531, 3198.21890011, 696.759249701
3.10552131195, 0.741265296969, 17.8922226626, 7.80426287544, 7.35303987218, 3.89987554719, 5.00013051485, 3157.95573597, 697.021927903
2.63134173449, 0.732975045256, 17.0723508158, 7.99165927406, 7.56926784358, 3.89987554719, 5.00807114058, 2781.28227219, 697.718814122
2.87082835845, 0.700709813742, 17.165099088, 7.99192867949, 7.65731177141, 3.8061078858, 5.00344349812, 2742.56539443, 750.975965128
3.33733162032, 0.70458707996, 23.9808544353, 8.29945322824, 7.79795037713, 3.89988407902, 5.03798684434, 4354.20387096, 695.828285759
2.82753561378, 0.741265296969, 24.7393331865, 7.81994911233, 7.79795037713, 3.89987554719, 5.0700358267, 4381.97448714, 695.158802833
2.82753561378, 0.74887601618, 27.2077982116, 7.80426287544, 7.35011165628, 3.89987554719, 5.11641521637, 5038.29144045, 694.760069786
2.82753561378, 0.741265296969, 27.2077982116, 7.80426287544, 7.35303987218, 3.89987554719, 5.22500178184, 5033.87847204, 694.794448959
2.82753561378, 0.74887601618, 27.2077982116, 7.80426287544, 7.35011165628, 3.89987554719, 5.11641521637, 5038.29144045, 694.760069786
3.28045058595, 0.705680451989, 20.1079538949, 7.48380145658, 7.32083435569, 3.89959826808, 5.04953822493, 3499.90882115, 696.399458953
3.28045058595, 0.705680451989, 20.1079538949, 7.48380145658, 7.30626974593, 3.89939922747, 5.04953822493, 3499.54781495, 696.506105268
3.29614963899, 0.764840574567, 17.0030155097, 7.44283219623, 7.70411088424, 3.89997084416, 5.00196096531, 3198.21890011, 696.759249701
3.29614963899, 0.764840574567, 17.0030155097, 7.44283219623, 7.70411088424, 3.89997084416, 5.00196096531, 3198.21890011, 696.759249701
2.87082835845, 0.700709813742, 17.165099088, 7.99192867949, 7.65731177141, 3.8061078858, 5.00344349812, 2742.56539443, 750.975965128
2.87082835845, 0.700709813742, 17.165099088, 7.99192867949, 7.65731177141, 3.8061078858, 5.00344349812, 2742.56539443, 750.975965128
