0.630329137243, 0.670369454163, 0.0950896923661, 0.497913551555, 0.586095687568, 0.184611376767, 0.241431610129, 0.0854640301366, 0.196269138581, 0.852771000047, 0.0210667588008, 0.600467929315, 0.563872415126, 0.369538554396, 0.174327559362, 0.358401065881, 0.0632255161086, 0.606062931093, 0.0651067922114, 0.665877966215, 0.568862876764, 0.0640900938215, 0.214370735873, 0.936086185985, 0.458898245553, 0.218007463497, 0.853888096791, 0.260078930575, 0.201943774327, 0.301529397209, 0.630329137243, 2.73970647928
0.630329137243, 0.670369454163, 0.0950896923661, 0.497913551555, 0.586095687568, 0.184611376767, 0.241431610129, 0.0854640301366, 0.196269138581, 0.852771000047, 0.0210667588008, 0.600467929315, 0.563872415126, 0.369538554396, 0.174327559362, 0.358401065881, 0.0632255161086, 0.606062931093, 0.0651067922114, 0.665877966215, 0.568862876764, 0.0640900938215, 0.214370735873, 0.936086185985, 0.458898245553, 0.218007463497, 0.853888096791, 0.260078930575, 0.201943774327, 0.301529397209, 0.630329137243, 2.73970647928
0.192174652498, 0.911295245044, 0.792630032065, 0.0277532094486, 0.251085933942, 0.575042994732, 0.0771515009642, 0.284292818061, 0.802503105903, 0.424999563258, 0.10152652137, 0.983081745689, 0.411113857019, 0.887327991221, 0.351965679488, 0.378993025628, 0.379378300551, 0.816417359826, 0.458919635334, 0.227843404638, 0.167851904553, 0.162195019573, 0.127730223833, 0.381844829114, 0.762249944329, 0.416463653009, 0.883874591741, 0.0471307774105, 0.3509033437, 0.802726065769, 0.192174652498, 4.11986383081
0.192174652498, 0.911295245044, 0.792630032065, 0.0277532094486, 0.251085933942, 0.575042994732, 0.0771515009642, 0.284292818061, 0.802503105903, 0.424999563258, 0.10152652137, 0.983081745689, 0.411113857019, 0.887327991221, 0.351965679488, 0.378993025628, 0.379378300551, 0.816417359826, 0.458919635334, 0.227843404638, 0.167851904553, 0.162195019573, 0.127730223833, 0.381844829114, 0.762249944329, 0.416463653009, 0.883874591741, 0.0471307774105, 0.3509033437, 0.802726065769, 0.192174652498, 4.11986383081
0.333486771575, 0.106230628341, 0.917643346551, 0.0587587313346, 0.03241421883, 0.769340150116, 0.501369620033, 0.278074122866, 0.158995361182, 0.158491130618, 0.964288135685, 0.0333399250143, 0.577218754517, 0.396635682637, 0.393669387351, 0.651943462011, 0.671043889887, 0.755509867805, 0.120611600987, 0.621351901285, 0.425870426723, 0.160930591175, 0.402447150401, 0.902468599793, 0.40458840335, 0.41450421593, 0.460950710308, 0.0354018698339, 0.628887962021, 0.452701350868, 0.333486771575, 3.5917435943
0.333486771575, 0.106230628341, 0.917643346551, 0.0587587313346, 0.03241421883, 0.769340150116, 0.501369620033, 0.278074122866, 0.158995361182, 0.158491130618, 0.964288135685, 0.0333399250143, 0.577218754517, 0.396635682637, 0.393669387351, 0.651943462011, 0.671043889887, 0.755509867805, 0.120611600987, 0.621351901285, 0.425870426723, 0.160930591175, 0.402447150401, 0.902468599793, 0.40458840335, 0.41450421593, 0.460950710308, 0.0354018698339, 0.628887962021, 0.452701350868, 0.333486771575, 3.5917435943
0.03876244934, 0.479330971687, 0.285412042463, 0.187601613744, 0.553536319792, 0.763524457361, 0.769093092606, 0.782037289656, 0.0541636934874, 0.922259045888, 0.0734570869104, 0.787972556031, 0.191680236602, 0.0165741065492, 0.188974534325, 0.0551003958418, 0.700621347547, 0.759551712155, 0.0446812966739, 0.735185864689, 0.387131204484, 0.817916306848, 0.181422390936, 0.382274525693, 0.489263340328, 0.754154572006, 0.0022452237614, 0.889262142713, 0.258366007857, 0.59803904032, 0.03876244934, 4.62561593711
0.03876244934, 0.479330971687, 0.285412042463, 0.187601613744, 0.553536319792, 0.763524457361, 0.769093092606, 0.782037289656, 0.0541636934874, 0.922259045888, 0.0734570869104, 0.787972556031, 0.191680236602, 0.0165741065492, 0.188974534325, 0.0551003958418, 0.700621347547, 0.759551712155, 0.0446812966739, 0.735185864689, 0.387131204484, 0.817916306848, 0.181422390936, 0.382274525693, 0.489263340328, 0.754154572006, 0.0022452237614, 0.889262142713, 0.258366007857, 0.59803904032, 0.03876244934, 4.62561593711
0.609385309624, 0.456398276556, 0.815762926907, 0.246091561342, 0.106913007324, 0.587152521681, 0.772066672917, 0.0031585234087, 0.630611177211, 0.0698985995655, 0.123538473469, 0.847728614242, 0.703766302339, 0.603140279974, 0.654578288047, 0.0415544197163, 0.568563627726, 0.68515266942, 0.112638938051, 0.125180666259, 0.456791539952, 0.116083216488, 0.959870263556, 0.464307869116, 0.686472174128, 0.269006874166, 0.0115530781045, 0.544363859407, 0.247980021318, 0.0453407234182, 0.609385309624, 3.01614283071
0.609385309624, 0.456398276556, 0.815762926907, 0.246091561342, 0.106913007324, 0.587152521681, 0.772066672917, 0.0031585234087, 0.630611177211, 0.0698985995655, 0.123538473469, 0.847728614242, 0.703766302339, 0.603140279974, 0.654578288047, 0.0415544197163, 0.568563627726, 0.68515266942, 0.112638938051, 0.125180666259, 0.456791539952, 0.116083216488, 0.959870263556, 0.464307869116, 0.686472174128, 0.269006874166, 0.0115530781045, 0.544363859407, 0.247980021318, 0.0453407234182, 0.609385309624, 3.01614283071
0.0587328787239, 0.0322930846941, 0.328629669217, 0.0597328999543, 0.0361534933488, 0.284405135123, 0.647114924353, 0.902709725002, 0.488163807666, 0.336877986957, 0.769642950535, 0.591296307884, 0.919361998461, 0.310178382178, 0.573234976293, 0.196623109531, 0.0428435967103, 0.245112730761, 0.0618947733841, 0.618627100601, 0.378661871052, 0.384904096028, 0.0581409067031, 0.946508370885, 0.833527673135, 0.433132258055, 0.909257239637, 0.466657976222, 0.222328035459, 0.280658957333, 0.0587328787239, 4.30253412374
0.0587328787239, 0.0322930846941, 0.328629669217, 0.0597328999543, 0.0361534933488, 0.284405135123, 0.647114924353, 0.902709725002, 0.488163807666, 0.336877986957, 0.769642950535, 0.591296307884, 0.919361998461, 0.310178382178, 0.573234976293, 0.196623109531, 0.0428435967103, 0.245112730761, 0.0618947733841, 0.618627100601, 0.378661871052, 0.384904096028, 0.0581409067031, 0.946508370885, 0.833527673135, 0.433132258055, 0.909257239637, 0.466657976222, 0.222328035459, 0.280658957333, 0.0587328787239, 4.30253412374
0.0034506609734, 0.553677243092, 0.0738361281567, 0.572150953141, 0.985575371293, 0.558549411343, 0.772985253268, 0.588652351846, 0.131024221236, 0.383096797286, 0.608494461783, 0.214357498266, 0.109193699024, 0.564265247416, 0.0786145773702, 0.755678138648, 0.869300920345, 0.793694193303, 0.0406145204643, 0.469842009201, 0.690899807835, 0.442546549652, 0.838332933311, 0.704006143161, 0.748943513368, 0.663300130208, 0.389843513658, 0.219985987457, 0.0616886432824, 0.32941088151, 0.0034506609734, 5.27415362046
0.0034506609734, 0.553677243092, 0.0738361281567, 0.572150953141, 0.985575371293, 0.558549411343, 0.772985253268, 0.588652351846, 0.131024221236, 0.383096797286, 0.608494461783, 0.214357498266, 0.109193699024, 0.564265247416, 0.0786145773702, 0.755678138648, 0.869300920345, 0.793694193303, 0.0406145204643, 0.469842009201, 0.690899807835, 0.442546549652, 0.838332933311, 0.704006143161, 0.748943513368, 0.663300130208, 0.389843513658, 0.219985987457, 0.0616886432824, 0.32941088151, 0.0034506609734, 5.27415362046
0.392516517456, 0.0876241061323, 0.449401181818, 0.96360287997, 0.118511936358, 0.320774707427, 0.0173561296306, 0.436842100847, 0.251561815231, 0.343411087906, 0.999308127582, 0.672139373701, 0.909490831448, 0.726296590576, 0.136680162144, 0.551753871892, 0.033933088305, 0.739423081513, 0.625864063082, 0.392246768243, 0.137693770871, 0.178831374969, 0.731595722492, 0.910978418911, 0.169723714112, 0.224881095757, 0.0965378254126, 0.700664911003, 0.347577891757, 0.00235997371683, 0.392516517456, 3.43605964824
0.392516517456, 0.0876241061323, 0.449401181818, 0.96360287997, 0.118511936358, 0.320774707427, 0.0173561296306, 0.436842100847, 0.251561815231, 0.343411087906, 0.999308127582, 0.672139373701, 0.909490831448, 0.726296590576, 0.136680162144, 0.551753871892, 0.033933088305, 0.739423081513, 0.625864063082, 0.392246768243, 0.137693770871, 0.178831374969, 0.731595722492, 0.910978418911, 0.169723714112, 0.224881095757, 0.0965378254126, 0.700664911003, 0.347577891757, 0.00235997371683, 0.392516517456, 3.43605964824
0.289632726782, 0.0465366507122, 0.866521093654, 0.209523943614, 0.707535386965, 0.747222493523, 0.143896855575, 0.141881493988, 0.760910674619, 0.302457082149, 0.518321933761, 0.311845662977, 0.404653490357, 0.138581869909, 0.00590692268679, 0.870617761192, 0.44812550061, 0.60667041324, 0.0578328202634, 0.0346592955628, 0.202765363949, 0.276842826526, 0.703692392199, 0.942912952492, 0.435836581103, 0.52422465853, 0.426222804617, 0.838176881303, 0.393038150427, 0.812392236658, 0.289632726782, 3.79412378296
0.289632726782, 0.0465366507122, 0.866521093654, 0.209523943614, 0.707535386965, 0.747222493523, 0.143896855575, 0.141881493988, 0.760910674619, 0.302457082149, 0.518321933761, 0.311845662977, 0.404653490357, 0.138581869909, 0.00590692268679, 0.870617761192, 0.44812550061, 0.60667041324, 0.0578328202634, 0.0346592955628, 0.202765363949, 0.276842826526, 0.703692392199, 0.942912952492, 0.435836581103, 0.52422465853, 0.426222804617, 0.838176881303, 0.393038150427, 0.812392236658, 0.289632726782, 3.79412378296
0.18553327725, 0.193315084206, 0.824304255409, 0.463768093493, 0.407083767791, 0.586971286328, 0.689667643709, 0.640795302997, 0.147912728087, 0.723535203881, 0.855552288953, 0.871858601345, 0.217694095819, 0.110560951289, 0.203801294999, 0.583048267861, 0.450038684042, 0.87080704655, 0.643030761671, 0.431638281871, 0.172448161483, 0.00346025874035, 0.0494339774065, 0.87847360317, 0.232170696265, 0.744292419314, 0.840790347047, 0.431298968918, 0.237044695274, 0.0208097085191, 0.18553327725, 4.21559990467
0.18553327725, 0.193315084206, 0.824304255409, 0.463768093493, 0.407083767791, 0.586971286328, 0.689667643709, 0.640795302997, 0.147912728087, 0.723535203881, 0.855552288953, 0.871858601345, 0.217694095819, 0.110560951289, 0.203801294999, 0.583048267861, 0.450038684042, 0.87080704655, 0.643030761671, 0.431638281871, 0.172448161483, 0.00346025874035, 0.0494339774065, 0.87847360317, 0.232170696265, 0.744292419314, 0.840790347047, 0.431298968918, 0.237044695274, 0.0208097085191, 0.18553327725, 4.21559990467
0.811118910878, 0.0271161215896, 0.084829582876, 0.321603256772, 0.907075906163, 0.325728616645, 0.132227958753, 0.0714826522704, 0.160547669618, 0.604699014273, 0.948580399636, 0.0229265196457, 0.436589989162, 0.435249013141, 0.750469453535, 0.279763508578, 0.832988917454, 0.693621458901, 0.397046026669, 0.341008184663, 0.523722575943, 0.197193018737, 0.43722196609, 0.0445190418819, 0.113720827683, 0.0406744900188, 0.686505001396, 0.181886986916, 0.385116474111, 0.0788787958942, 0.811118910878, 2.39108302644
0.811118910878, 0.0271161215896, 0.084829582876, 0.321603256772, 0.907075906163, 0.325728616645, 0.132227958753, 0.0714826522704, 0.160547669618, 0.604699014273, 0.948580399636, 0.0229265196457, 0.436589989162, 0.435249013141, 0.750469453535, 0.279763508578, 0.832988917454, 0.693621458901, 0.397046026669, 0.341008184663, 0.523722575943, 0.197193018737, 0.43722196609, 0.0445190418819, 0.113720827683, 0.0406744900188, 0.686505001396, 0.181886986916, 0.385116474111, 0.0788787958942, 0.811118910878, 2.39108302644
0.368706277303, 0.26313843032, 0.811372678569, 0.289260308957, 0.368101140526, 0.208836329975, 0.996282996685, 0.0474572076218, 0.242649967584, 0.942655180422, 0.630034429647, 0.20802725365, 0.560614736303, 0.362529434513, 0.273966909593, 0.11859013679, 0.888221726589, 0.0189503249296, 0.0187547848985, 0.233190968323, 0.951484700225, 0.532385206518, 0.982509237593, 0.371634738739, 0.151142210423, 0.0386001081163, 0.261861208202, 0.419861311838, 0.403613292514, 0.631439802072, 0.368706277303, 3.4650466274
0.368706277303, 0.26313843032, 0.811372678569, 0.289260308957, 0.368101140526, 0.208836329975, 0.996282996685, 0.0474572076218, 0.242649967584, 0.942655180422, 0.630034429647, 0.20802725365, 0.560614736303, 0.362529434513, 0.273966909593, 0.11859013679, 0.888221726589, 0.0189503249296, 0.0187547848985, 0.233190968323, 0.951484700225, 0.532385206518, 0.982509237593, 0.371634738739, 0.151142210423, 0.0386001081163, 0.261861208202, 0.419861311838, 0.403613292514, 0.631439802072, 0.368706277303, 3.4650466274
0.463168262425, 0.021805876335, 0.581407715873, 0.0484385664308, 0.767174255357, 0.0357596691485, 0.206248405644, 0.342748546504, 0.883772322272, 0.00454398336516, 0.6451721044, 0.750075279198, 0.916120959865, 0.141468258552, 0.344196540704, 0.091129284961, 0.0755922946309, 0.27254136907, 0.682738520461, 0.69641994937, 0.204743573298, 0.766703715093, 0.621523126489, 0.781519221849, 0.608623708836, 0.77218475886, 0.0863069537694, 0.386369543816, 0.71278464629, 0.251778384713, 0.463168262425, 3.42850908192
0.463168262425, 0.021805876335, 0.581407715873, 0.0484385664308, 0.767174255357, 0.0357596691485, 0.206248405644, 0.342748546504, 0.883772322272, 0.00454398336516, 0.6451721044, 0.750075279198, 0.916120959865, 0.141468258552, 0.344196540704, 0.091129284961, 0.0755922946309, 0.27254136907, 0.682738520461, 0.69641994937, 0.204743573298, 0.766703715093, 0.621523126489, 0.781519221849, 0.608623708836, 0.77218475886, 0.0863069537694, 0.386369543816, 0.71278464629, 0.251778384713, 0.463168262425, 3.42850908192
0.0551683714893, 0.183712816995, 0.329328026307, 0.0505926645154, 0.399802446849, 0.538703152297, 0.697864726271, 0.260434258347, 0.551989697461, 0.22407521919, 0.37146729843, 0.283724437938, 0.956545371874, 0.443560758478, 0.186089769369, 0.312876814777, 0.430805537073, 0.955778316427, 0.165400305103, 0.226780026347, 0.267039600644, 0.764070857952, 0.513141212194, 0.975227894421, 0.847343417197, 0.138032936033, 0.165463298696, 0.238631418739, 0.447403619571, 0.43256884442, 0.0551683714893, 4.3188941928
0.0551683714893, 0.183712816995, 0.329328026307, 0.0505926645154, 0.399802446849, 0.538703152297, 0.697864726271, 0.260434258347, 0.551989697461, 0.22407521919, 0.37146729843, 0.283724437938, 0.956545371874, 0.443560758478, 0.186089769369, 0.312876814777, 0.430805537073, 0.955778316427, 0.165400305103, 0.226780026347, 0.267039600644, 0.764070857952, 0.513141212194, 0.975227894421, 0.847343417197, 0.138032936033, 0.165463298696, 0.238631418739, 0.447403619571, 0.43256884442, 0.0551683714893, 4.3188941928
0.225437241985, 0.169611597937, 0.325711811918, 0.0695588422318, 0.153175018944, 0.0058295741202, 0.845468296513, 0.170372203645, 0.963158723892, 0.141243801198, 0.761626839522, 0.310639438016, 0.351587831251, 0.315712511752, 0.663390726732, 0.479735366757, 0.414464452614, 0.809424803761, 0.300452424946, 0.54948982529, 0.781326237875, 0.64456987242, 0.686728823087, 0.157211222291, 0.285896627492, 0.589601103353, 0.914912830041, 0.474180417264, 0.0974326511263, 0.465310766462, 0.225437241985, 3.94078852067
0.225437241985, 0.169611597937, 0.325711811918, 0.0695588422318, 0.153175018944, 0.0058295741202, 0.845468296513, 0.170372203645, 0.963158723892, 0.141243801198, 0.761626839522, 0.310639438016, 0.351587831251, 0.315712511752, 0.663390726732, 0.479735366757, 0.414464452614, 0.809424803761, 0.300452424946, 0.54948982529, 0.781326237875, 0.64456987242, 0.686728823087, 0.157211222291, 0.285896627492, 0.589601103353, 0.914912830041, 0.474180417264, 0.0974326511263, 0.465310766462, 0.225437241985, 3.94078852067
0.630329137243, 0.895579784145, 0.0950896923661, 0.289698444527, 0.586095687568, 0.0801537368263, 0.241431610129, 0.0854640301366, 0.196269138581, 0.596366432222, 0.389603665765, 0.600467929315, 0.563872415126, 0.369538554396, 0.174327559362, 0.358401065881, 0.0632255161086, 0.606062931093, 0.0651067922114, 0.665877966215, 0.568862876764, 0.0640900938215, 0.214370735873, 0.936086185985, 0.458898245553, 0.218007463497, 0.853888096791, 0.260078930575, 0.201943774327, 0.301529397209, 0.630329137243, 2.74591541549
0.630329137243, 0.895579784145, 0.0950896923661, 0.289698444527, 0.586095687568, 0.0801537368263, 0.241431610129, 0.0854640301366, 0.196269138581, 0.596366432222, 0.389603665765, 0.600467929315, 0.563872415126, 0.369538554396, 0.174327559362, 0.358401065881, 0.0632255161086, 0.606062931093, 0.0651067922114, 0.665877966215, 0.568862876764, 0.0640900938215, 0.214370735873, 0.936086185985, 0.458898245553, 0.218007463497, 0.853888096791, 0.260078930575, 0.201943774327, 0.301529397209, 0.630329137243, 2.74591541549
0.19474682943, 0.317152952987, 0.514415439155, 0.295466154364, 0.236633176056, 0.238766761769, 0.599924033458, 0.655665108759, 0.447762990136, 0.65079551391, 0.692260422696, 0.359344592717, 0.842544731432, 0.0463463139881, 0.470427138361, 0.476766025958, 0.389437170058, 0.132329939654, 0.121529884066, 0.762499245458, 0.969362262691, 0.662400131404, 0.112296716792, 0.108483207376, 0.753311592629, 0.861437256698, 0.0861365784508, 0.675768095637, 0.505357456393, 0.290685011677, 0.19474682943, 4.12137924412
0.19474682943, 0.317152952987, 0.514415439155, 0.295466154364, 0.236633176056, 0.238766761769, 0.599924033458, 0.655665108759, 0.447762990136, 0.65079551391, 0.692260422696, 0.359344592717, 0.842544731432, 0.0463463139881, 0.470427138361, 0.476766025958, 0.389437170058, 0.132329939654, 0.121529884066, 0.762499245458, 0.969362262691, 0.662400131404, 0.112296716792, 0.108483207376, 0.753311592629, 0.861437256698, 0.0861365784508, 0.675768095637, 0.505357456393, 0.290685011677, 0.19474682943, 4.12137924412
0.03876244934, 0.479330971687, 0.285412042463, 0.187601613744, 0.553536319792, 0.763524457361, 0.769093092606, 0.782037289656, 0.0541636934874, 0.922259045888, 0.0734570869104, 0.787972556031, 0.191680236602, 0.0393261751852, 0.188974534325, 0.416878240648, 0.700621347547, 0.759551712155, 0.426396851493, 0.735185864689, 0.387131204484, 0.817916306848, 0.181422390936, 0.193904971846, 0.489263340328, 0.754154572006, 0.0022452237614, 0.829620713738, 0.258366007857, 0.59803904032, 0.03876244934, 4.77947005484
0.03876244934, 0.479330971687, 0.285412042463, 0.187601613744, 0.553536319792, 0.763524457361, 0.769093092606, 0.782037289656, 0.0541636934874, 0.922259045888, 0.0734570869104, 0.787972556031, 0.191680236602, 0.0393261751852, 0.188974534325, 0.416878240648, 0.700621347547, 0.759551712155, 0.426396851493, 0.735185864689, 0.387131204484, 0.817916306848, 0.181422390936, 0.193904971846, 0.489263340328, 0.754154572006, 0.0022452237614, 0.829620713738, 0.258366007857, 0.59803904032, 0.03876244934, 4.77947005484
0.609385309624, 0.456398276556, 0.815762926907, 0.246091561342, 0.106913007324, 0.587152521681, 0.942909251855, 0.0031585234087, 0.630611177211, 0.0698985995655, 0.123538473469, 0.847728614242, 0.703766302339, 0.410423116485, 0.654578288047, 0.0415544197163, 0.568563627726, 0.908608595088, 0.112638938051, 0.125180666259, 0.456791539952, 0.116083216488, 0.959870263556, 0.464307869116, 0.686472174128, 0.269006874166, 0.0115530781045, 0.544363859407, 0.0545025326764, 0.0453407234182, 0.609385309624, 3.01820558234
0.609385309624, 0.456398276556, 0.815762926907, 0.246091561342, 0.106913007324, 0.587152521681, 0.942909251855, 0.0031585234087, 0.630611177211, 0.0698985995655, 0.123538473469, 0.847728614242, 0.703766302339, 0.410423116485, 0.654578288047, 0.0415544197163, 0.568563627726, 0.908608595088, 0.112638938051, 0.125180666259, 0.456791539952, 0.116083216488, 0.959870263556, 0.464307869116, 0.686472174128, 0.269006874166, 0.0115530781045, 0.544363859407, 0.0545025326764, 0.0453407234182, 0.609385309624, 3.01820558234
0.0034506609734, 0.705055645235, 0.0738361281567, 0.572150953141, 0.985575371293, 0.558549411343, 0.772985253268, 0.588652351846, 0.131024221236, 0.383096797286, 0.608494461783, 0.509713517766, 0.109193699024, 0.564265247416, 0.612114531956, 0.755678138648, 0.869300920345, 0.793694193303, 0.00495987788438, 0.711527129333, 0.690899807835, 0.442546549652, 0.838332933311, 0.757315269925, 0.748943513368, 0.663300130208, 0.389843513658, 0.219985987457, 0.0771549802473, 0.32941088151, 0.0034506609734, 5.65881630009
0.0034506609734, 0.705055645235, 0.0738361281567, 0.572150953141, 0.985575371293, 0.558549411343, 0.772985253268, 0.588652351846, 0.131024221236, 0.383096797286, 0.608494461783, 0.509713517766, 0.109193699024, 0.564265247416, 0.612114531956, 0.755678138648, 0.869300920345, 0.793694193303, 0.00495987788438, 0.711527129333, 0.690899807835, 0.442546549652, 0.838332933311, 0.757315269925, 0.748943513368, 0.663300130208, 0.389843513658, 0.219985987457, 0.0771549802473, 0.32941088151, 0.0034506609734, 5.65881630009
0.398106414692, 0.021805876335, 0.581407715873, 0.0484385664308, 0.767174255357, 0.0357596691485, 0.058578981887, 0.342748546504, 0.883772322272, 0.364738623192, 0.6451721044, 0.750075279198, 0.916120959865, 0.141468258552, 0.344196540704, 0.091129284961, 0.0755922946309, 0.27254136907, 0.581844564908, 0.784688150038, 0.204743573298, 0.1585763085, 0.621523126489, 0.781519221849, 0.608623708836, 0.77218475886, 0.0863069537694, 0.474019751307, 0.71278464629, 0.251778384713, 0.398106414692, 3.45348504156
0.398106414692, 0.021805876335, 0.581407715873, 0.0484385664308, 0.767174255357, 0.0357596691485, 0.058578981887, 0.342748546504, 0.883772322272, 0.364738623192, 0.6451721044, 0.750075279198, 0.916120959865, 0.141468258552, 0.344196540704, 0.091129284961, 0.0755922946309, 0.27254136907, 0.581844564908, 0.784688150038, 0.204743573298, 0.1585763085, 0.621523126489, 0.781519221849, 0.608623708836, 0.77218475886, 0.0863069537694, 0.474019751307, 0.71278464629, 0.251778384713, 0.398106414692, 3.45348504156
0.305085021171, 0.0876241061323, 0.449401181818, 0.96360287997, 0.118511936358, 0.320774707427, 0.958427335502, 0.436842100847, 0.251561815231, 0.343411087906, 0.983023084464, 0.672139373701, 0.909490831448, 0.401944015778, 0.107275531271, 0.551753871892, 0.473853176319, 0.739423081513, 0.625864063082, 0.392246768243, 0.137693770871, 0.178831374969, 0.731595722492, 0.910978418911, 0.169723714112, 0.224881095757, 0.0965378254126, 0.700664911003, 0.347577891757, 0.00235997371683, 0.305085021171, 3.87358093818
0.305085021171, 0.0876241061323, 0.449401181818, 0.96360287997, 0.118511936358, 0.320774707427, 0.958427335502, 0.436842100847, 0.251561815231, 0.343411087906, 0.983023084464, 0.672139373701, 0.909490831448, 0.401944015778, 0.107275531271, 0.551753871892, 0.473853176319, 0.739423081513, 0.625864063082, 0.392246768243, 0.137693770871, 0.178831374969, 0.731595722492, 0.910978418911, 0.169723714112, 0.224881095757, 0.0965378254126, 0.700664911003, 0.347577891757, 0.00235997371683, 0.305085021171, 3.87358093818
0.18553327725, 0.193315084206, 0.824304255409, 0.463768093493, 0.407083767791, 0.586971286328, 0.689667643709, 0.640795302997, 0.147912728087, 0.957347593631, 0.855552288953, 0.871858601345, 0.217694095819, 0.110560951289, 0.203801294999, 0.583048267861, 0.450038684042, 0.87080704655, 0.249598199247, 0.431638281871, 0.172448161483, 0.333104856657, 0.0494339774065, 0.87847360317, 0.232170696265, 0.862589551808, 0.840790347047, 0.431298968918, 0.237044695274, 0.0208097085191, 0.18553327725, 4.29666227024
0.18553327725, 0.193315084206, 0.824304255409, 0.463768093493, 0.407083767791, 0.586971286328, 0.689667643709, 0.640795302997, 0.147912728087, 0.957347593631, 0.855552288953, 0.871858601345, 0.217694095819, 0.110560951289, 0.203801294999, 0.583048267861, 0.450038684042, 0.87080704655, 0.249598199247, 0.431638281871, 0.172448161483, 0.333104856657, 0.0494339774065, 0.87847360317, 0.232170696265, 0.862589551808, 0.840790347047, 0.431298968918, 0.237044695274, 0.0208097085191, 0.18553327725, 4.29666227024
0.856610635368, 0.263533863243, 0.438589942821, 0.633414500096, 0.455612480855, 0.0658310630535, 0.457115829572, 0.212342654576, 0.0258282585557, 0.355897460473, 0.675602342235, 0.454064200408, 0.661728165138, 0.495677392061, 0.159750004822, 0.0701274511214, 0.311121331964, 0.198283849308, 0.765495965876, 0.289873499433, 0.590438262881, 0.521768769891, 0.0440553562142, 0.260892128206, 0.779001596461, 0.0761186445622, 0.0227108147071, 0.662197530291, 0.550099330233, 0.661173690633, 0.856610635368, 2.50768633771
0.856610635368, 0.263533863243, 0.438589942821, 0.633414500096, 0.455612480855, 0.0658310630535, 0.457115829572, 0.212342654576, 0.0258282585557, 0.355897460473, 0.675602342235, 0.454064200408, 0.661728165138, 0.495677392061, 0.159750004822, 0.0701274511214, 0.311121331964, 0.198283849308, 0.765495965876, 0.289873499433, 0.590438262881, 0.521768769891, 0.0440553562142, 0.260892128206, 0.779001596461, 0.0761186445622, 0.0227108147071, 0.662197530291, 0.550099330233, 0.661173690633, 0.856610635368, 2.50768633771
0.811118910878, 0.635183334136, 0.0738800089517, 0.321603256772, 0.907075906163, 0.325728616645, 0.132227958753, 0.0190592981723, 0.160547669618, 0.604699014273, 0.948580399636, 0.0229265196457, 0.436589989162, 0.435249013141, 0.750469453535, 0.279763508578, 0.832988917454, 0.693621458901, 0.397046026669, 0.341008184663, 0.523722575943, 0.197193018737, 0.43722196609, 0.614492276386, 0.113720827683, 0.0406744900188, 0.686505001396, 0.181886986916, 0.385116474111, 0.0788787958942, 0.811118910878, 2.66290562827
0.811118910878, 0.635183334136, 0.0738800089517, 0.321603256772, 0.907075906163, 0.325728616645, 0.132227958753, 0.0190592981723, 0.160547669618, 0.604699014273, 0.948580399636, 0.0229265196457, 0.436589989162, 0.435249013141, 0.750469453535, 0.279763508578, 0.832988917454, 0.693621458901, 0.397046026669, 0.341008184663, 0.523722575943, 0.197193018737, 0.43722196609, 0.614492276386, 0.113720827683, 0.0406744900188, 0.686505001396, 0.181886986916, 0.385116474111, 0.0788787958942, 0.811118910878, 2.66290562827
0.959545580623, 0.695748174337, 0.971635858744, 0.00447406592881, 0.63723660624, 0.237030940625, 0.0388500620066, 0.140117615213, 0.117067824524, 0.291820251363, 0.664151830347, 0.66961246321, 0.339749335219, 0.230567400073, 0.891201937875, 0.639748441018, 0.542433653638, 0.37551769858, 0.837581193412, 0.0566708563668, 0.0853994060859, 0.0513873177111, 0.00346538300837, 0.401202523736, 0.948407519868, 0.93629481317, 0.0928210291353, 0.0369903378514, 0.354396445089, 0.285897324585, 0.959545580623, 2.49367658285
0.959545580623, 0.695748174337, 0.971635858744, 0.00447406592881, 0.63723660624, 0.237030940625, 0.0388500620066, 0.140117615213, 0.117067824524, 0.291820251363, 0.664151830347, 0.66961246321, 0.339749335219, 0.230567400073, 0.891201937875, 0.639748441018, 0.542433653638, 0.37551769858, 0.837581193412, 0.0566708563668, 0.0853994060859, 0.0513873177111, 0.00346538300837, 0.401202523736, 0.948407519868, 0.93629481317, 0.0928210291353, 0.0369903378514, 0.354396445089, 0.285897324585, 0.959545580623, 2.49367658285
0.368706277303, 0.26313843032, 0.811372678569, 0.289260308957, 0.368101140526, 0.208836329975, 0.996282996685, 0.0474572076218, 0.242649967584, 0.942655180422, 0.630034429647, 0.211504183839, 0.560614736303, 0.362529434513, 0.273966909593, 0.11859013679, 0.888221726589, 0.0189503249296, 0.0187547848985, 0.868351547229, 0.951484700225, 0.532385206518, 0.982509237593, 0.371634738739, 0.284048500626, 0.0386001081163, 0.261861208202, 0.419861311838, 0.403613292514, 0.631439802072, 0.368706277303, 3.6716957668
0.368706277303, 0.26313843032, 0.811372678569, 0.289260308957, 0.368101140526, 0.208836329975, 0.996282996685, 0.0474572076218, 0.242649967584, 0.942655180422, 0.630034429647, 0.211504183839, 0.560614736303, 0.362529434513, 0.273966909593, 0.11859013679, 0.888221726589, 0.0189503249296, 0.0187547848985, 0.868351547229, 0.951484700225, 0.532385206518, 0.982509237593, 0.371634738739, 0.284048500626, 0.0386001081163, 0.261861208202, 0.419861311838, 0.403613292514, 0.631439802072, 0.368706277303, 3.6716957668
0.0551683714893, 0.551439096087, 0.329328026307, 0.0505926645154, 0.399802446849, 0.538703152297, 0.697864726271, 0.260434258347, 0.551989697461, 0.22407521919, 0.37146729843, 0.283724437938, 0.956545371874, 0.443560758478, 0.49047422911, 0.312876814777, 0.271568067818, 0.955778316427, 0.165400305103, 0.226780026347, 0.267039600644, 0.764070857952, 0.513141212194, 0.975227894421, 0.838819426343, 0.138032936033, 0.165463298696, 0.899122825971, 0.447403619571, 0.43256884442, 0.0551683714893, 4.66143761976
0.0551683714893, 0.551439096087, 0.329328026307, 0.0505926645154, 0.399802446849, 0.538703152297, 0.697864726271, 0.260434258347, 0.551989697461, 0.22407521919, 0.37146729843, 0.283724437938, 0.956545371874, 0.443560758478, 0.49047422911, 0.312876814777, 0.271568067818, 0.955778316427, 0.165400305103, 0.226780026347, 0.267039600644, 0.764070857952, 0.513141212194, 0.975227894421, 0.838819426343, 0.138032936033, 0.165463298696, 0.899122825971, 0.447403619571, 0.43256884442, 0.0551683714893, 4.66143761976
0.0587328787239, 0.0322930846941, 0.328629669217, 0.0597328999543, 0.0361534933488, 0.205042809767, 0.647114924353, 0.902709725002, 0.488163807666, 0.336877986957, 0.769642950535, 0.591296307884, 0.919361998461, 0.310178382178, 0.573234976293, 0.196623109531, 0.0428435967103, 0.2331068093, 0.564644931749, 0.618627100601, 0.378661871052, 0.384904096028, 0.0581409067031, 0.632073536933, 0.833527673135, 0.433132258055, 0.909257239637, 0.466657976222, 0.222328035459, 0.280658957333, 0.0587328787239, 4.33096576892
0.0587328787239, 0.0322930846941, 0.328629669217, 0.0597328999543, 0.0361534933488, 0.205042809767, 0.647114924353, 0.902709725002, 0.488163807666, 0.336877986957, 0.769642950535, 0.591296307884, 0.919361998461, 0.310178382178, 0.573234976293, 0.196623109531, 0.0428435967103, 0.2331068093, 0.564644931749, 0.618627100601, 0.378661871052, 0.384904096028, 0.0581409067031, 0.632073536933, 0.833527673135, 0.433132258055, 0.909257239637, 0.466657976222, 0.222328035459, 0.280658957333, 0.0587328787239, 4.33096576892
0.225437241985, 0.179183612894, 0.325711811918, 0.0695588422318, 0.153175018944, 0.0285072782321, 0.845468296513, 0.140594633282, 0.963158723892, 0.141243801198, 0.761626839522, 0.310639438016, 0.351587831251, 0.41785276371, 0.663390726732, 0.479735366757, 0.414464452614, 0.809424803761, 0.300452424946, 0.54948982529, 0.781326237875, 0.64456987242, 0.82598177166, 0.157211222291, 0.285896627492, 0.589601103353, 0.914912830041, 0.474180417264, 0.0974326511263, 0.465310766462, 0.225437241985, 4.00846812933
0.225437241985, 0.179183612894, 0.325711811918, 0.0695588422318, 0.153175018944, 0.0285072782321, 0.845468296513, 0.140594633282, 0.963158723892, 0.141243801198, 0.761626839522, 0.310639438016, 0.351587831251, 0.41785276371, 0.663390726732, 0.479735366757, 0.414464452614, 0.809424803761, 0.300452424946, 0.54948982529, 0.781326237875, 0.64456987242, 0.82598177166, 0.157211222291, 0.285896627492, 0.589601103353, 0.914912830041, 0.474180417264, 0.0974326511263, 0.465310766462, 0.225437241985, 4.00846812933
0.0444350482133, 0.658678353786, 0.806597185877, 0.973174261583, 0.998284050689, 0.343900922913, 0.438103325873, 0.37290252361, 0.436812172124, 0.178170550872, 0.31632807657, 0.303203272722, 0.493687331371, 0.48134974493, 0.723061409293, 0.779523819741, 0.230197414225, 0.985376998998, 0.01880812941, 0.331696703801, 0.0180791655899, 0.442926842239, 0.209512975714, 0.4150662195, 0.894563683331, 0.553737790779, 0.265546525959, 0.883672824909, 0.335139073117, 0.600782381289, 0.0444350482133, 5.00234422523
0.0444350482133, 0.658678353786, 0.806597185877, 0.973174261583, 0.998284050689, 0.343900922913, 0.438103325873, 0.37290252361, 0.436812172124, 0.178170550872, 0.31632807657, 0.303203272722, 0.493687331371, 0.48134974493, 0.723061409293, 0.779523819741, 0.230197414225, 0.985376998998, 0.01880812941, 0.331696703801, 0.0180791655899, 0.442926842239, 0.209512975714, 0.4150662195, 0.894563683331, 0.553737790779, 0.265546525959, 0.883672824909, 0.335139073117, 0.600782381289, 0.0444350482133, 5.00234422523
0.959545580623, 0.889595806249, 0.971635858744, 0.00447406592881, 0.63723660624, 0.237030940625, 0.00122238353458, 0.140117615213, 0.117067824524, 0.291820251363, 0.760754627253, 0.66961246321, 0.339749335219, 0.230567400073, 0.732929667207, 0.639748441018, 0.542433653638, 0.37551769858, 0.837581193412, 0.0566708563668, 0.0853994060859, 0.324098520091, 0.00346538300837, 0.401202523736, 0.948407519868, 0.93629481317, 0.0928210291353, 0.0369903378514, 0.351255699596, 0.285897324585, 0.959545580623, 2.58101132064
0.959545580623, 0.889595806249, 0.971635858744, 0.00447406592881, 0.63723660624, 0.237030940625, 0.00122238353458, 0.140117615213, 0.117067824524, 0.291820251363, 0.760754627253, 0.66961246321, 0.339749335219, 0.230567400073, 0.732929667207, 0.639748441018, 0.542433653638, 0.37551769858, 0.837581193412, 0.0566708563668, 0.0853994060859, 0.324098520091, 0.00346538300837, 0.401202523736, 0.948407519868, 0.93629481317, 0.0928210291353, 0.0369903378514, 0.351255699596, 0.285897324585, 0.959545580623, 2.58101132064
0.0747591696426, 0.0801376877843, 0.0697085389232, 0.262719106051, 0.0493469808684, 0.61571948771, 0.199607257599, 0.0413665132773, 0.328334279102, 0.979092278224, 0.809870776154, 0.676153339008, 0.152986777089, 0.160256513284, 0.0309660379667, 0.414194207738, 0.148379234727, 0.241708921514, 0.359433546791, 0.685896844204, 0.786258538482, 0.842823339783, 0.77972395453, 0.457032500354, 0.317752365522, 0.645459482624, 0.648556518362, 0.981502122592, 0.672859875479, 0.562996990741, 0.0747591696426, 4.42123566245
0.412325964613, 0.719579297645, 0.747872741255, 0.845339162294, 0.484217713128, 0.702740634139, 0.0766852848393, 0.0717620869978, 0.174541316789, 0.31601468878, 0.129800593921, 0.944701864209, 0.984684026134, 0.599094056451, 0.383078487549, 0.258383263695, 0.488548008436, 0.510269394717, 0.892595212776, 0.256622724392, 0.377200837463, 0.0259140374954, 0.433480222897, 0.80790390675, 0.403019985615, 0.520848834489, 0.296775165813, 0.00950227800444, 0.00154777205474, 0.394565869047, 0.412325964613, 3.55576438662
0.856610635368, 0.263533863243, 0.438589942821, 0.633414500096, 0.455612480855, 0.0658310630535, 0.457115829572, 0.212342654576, 0.0258282585557, 0.355897460473, 0.675602342235, 0.454064200408, 0.661728165138, 0.495677392061, 0.159750004822, 0.0701274511214, 0.618094809523, 0.687561595803, 0.765495965876, 0.120055447681, 0.590438262881, 0.521768769891, 0.0440553562142, 0.260892128206, 0.779001596461, 0.147962268646, 0.0227108147071, 0.662197530291, 0.550099330233, 0.661173690633, 0.856610635368, 2.6774851308
0.777238777553, 0.945408904974, 0.183612997692, 0.0836909335754, 0.355804762762, 0.152339589194, 0.0575430555381, 0.439738560385, 0.826357703019, 0.139983416699, 0.639629806381, 0.00462686480563, 0.92236021486, 0.0733145635482, 0.31668144026, 0.441286164125, 0.78265371247, 0.25094181647, 0.755037654402, 0.218632611481, 0.67754544758, 0.540652849522, 0.70281048908, 0.640773389599, 0.260867331352, 0.0230883863486, 0.651186749123, 0.381683867269, 0.871797922626, 0.374850608547, 0.777238777553, 2.98533419922
0.572562495671, 0.467305709213, 0.472686161889, 0.258021533798, 0.25335830007, 0.750224025061, 0.875183031635, 0.532016654542, 0.93592704462, 0.343812795471, 0.261287597733, 0.375078405555, 0.0657821014614, 0.311617426611, 0.839250759299, 0.084523696047, 0.886887221943, 0.969009950951, 0.104981068695, 0.575395970503, 0.110074521782, 0.276113804168, 0.968910463325, 0.298974825877, 0.148324667663, 0.344371201725, 0.120413610358, 0.872156218272, 0.192684162432, 0.864168366254, 0.572562495671, 3.48103300996
0.19474682943, 0.317152952987, 0.514415439155, 0.295466154364, 0.236633176056, 0.238766761769, 0.599924033458, 0.655665108759, 0.447762990136, 0.65079551391, 0.692260422696, 0.359344592717, 0.581282150775, 0.121718547318, 0.811658363313, 0.476766025958, 0.389437170058, 0.20579927886, 0.109847967854, 0.762499245458, 0.969362262691, 0.465586253163, 0.112296716792, 0.108483207376, 0.753311592629, 0.861437256698, 0.0861365784508, 0.675768095637, 0.505357456393, 0.290685011677, 0.19474682943, 4.12706912525
0.333486771575, 0.106230628341, 0.917643346551, 0.995314641904, 0.03241421883, 0.769340150116, 0.501369620033, 0.278074122866, 0.158995361182, 0.158491130618, 0.964288135685, 0.0333399250143, 0.577218754517, 0.396635682637, 0.211261729979, 0.651943462011, 0.671043889887, 0.755509867805, 0.633913429199, 0.621351901285, 0.425870426723, 0.160930591175, 0.402447150401, 0.75373731251, 0.40458840335, 0.41450421593, 0.460950710308, 0.0354018698339, 0.628887962021, 0.452701350868, 0.333486771575, 3.89426788444
0.333486771575, 0.106230628341, 0.917643346551, 0.995314641904, 0.03241421883, 0.769340150116, 0.501369620033, 0.278074122866, 0.158995361182, 0.158491130618, 0.964288135685, 0.0333399250143, 0.577218754517, 0.396635682637, 0.211261729979, 0.651943462011, 0.671043889887, 0.755509867805, 0.633913429199, 0.621351901285, 0.425870426723, 0.160930591175, 0.402447150401, 0.75373731251, 0.40458840335, 0.41450421593, 0.460950710308, 0.0354018698339, 0.628887962021, 0.452701350868, 0.333486771575, 3.89426788444
0.255224481869, 0.344085279675, 0.617303768779, 0.22043408764, 0.0552860147223, 0.838172270623, 0.883193798745, 0.159273949629, 0.74625164235, 0.547546860483, 0.219084667489, 0.961047834765, 0.224636405727, 0.868894352603, 0.463683066737, 0.551796559893, 0.14659519997, 0.298914325, 0.857182442964, 0.312899173522, 0.296155888123, 0.552628531191, 0.706739629251, 0.186795882645, 0.517504013234, 0.406088630105, 0.077892244822, 0.121368783518, 0.748457016822, 0.861803421245, 0.255224481869, 4.11931161475
0.642073913119, 0.254422725406, 0.0905463747403, 0.142642393607, 0.995295393, 0.685394070349, 0.863562387927, 0.659924038563, 0.997812113004, 0.624300805707, 0.168554277819, 0.945946929279, 0.338069263557, 0.197860914051, 0.170536209009, 0.815836958458, 0.990599129743, 0.361788213187, 0.174900921805, 0.358185919929, 0.724079980477, 0.0939705160008, 0.768485793138, 0.345443697302, 0.681569887856, 0.307107112854, 0.456980252911, 0.531334598626, 0.0484792926839, 0.00990283786205, 0.642073913119, 3.44194695722
0.777238777553, 0.945408904974, 0.183612997692, 0.0836909335754, 0.355804762762, 0.152339589194, 0.0575430555381, 0.439738560385, 0.826357703019, 0.139983416699, 0.639629806381, 0.00462686480563, 0.92236021486, 0.0733145635482, 0.31668144026, 0.441286164125, 0.78265371247, 0.25094181647, 0.755037654402, 0.218632611481, 0.67754544758, 0.540652849522, 0.70281048908, 0.640773389599, 0.260867331352, 0.0230883863486, 0.651186749123, 0.381683867269, 0.871797922626, 0.374850608547, 0.777238777553, 2.98533419922
0.11061547633, 0.667387350173, 0.41745980745, 0.0587995751106, 0.82526312895, 0.589114836462, 0.975985708562, 0.602690114239, 0.925032386339, 0.851801988301, 0.55918394386, 0.0315045038815, 0.557040892146, 0.223720000993, 0.311641823487, 0.0537009132346, 0.173894612014, 0.17771911952, 0.271006458863, 0.519807401488, 0.994089441845, 0.417588366366, 0.349694188705, 0.476074115707, 0.45375933941, 0.73556983093, 0.103030244153, 0.314001136263, 0.14685131089, 0.626337226861, 0.11061547633, 4.40602886163
0.406390385772, 0.398281819201, 0.526917313628, 0.87004679289, 0.541050007496, 0.528484565336, 0.0988451637205, 0.0786432832767, 0.465027165386, 0.699639392854, 0.64507723711, 0.168616023965, 0.980312824851, 0.483984739253, 0.0104430703319, 0.921328829889, 0.20616442806, 0.446123555947, 0.669512427292, 0.382884836514, 0.379846911775, 0.883991793434, 0.829812274182, 0.638272991845, 0.522350867052, 0.0641908835527, 0.300309598486, 0.419136747114, 0.145025368792, 0.113415537581, 0.406390385772, 3.71545302598
0.695247154829, 0.658678353786, 0.806597185877, 0.239929369367, 0.996162045201, 0.343900922913, 0.0515450575516, 0.37290252361, 0.436812172124, 0.178170550872, 0.31632807657, 0.303203272722, 0.493687331371, 0.48134974493, 0.723061409293, 0.779523819741, 0.230197414225, 0.985376998998, 0.01880812941, 0.331696703801, 0.0180791655899, 0.255540131011, 0.209512975714, 0.4150662195, 0.894563683331, 0.553737790779, 0.441586659319, 0.462737856938, 0.335139073117, 0.600782381289, 0.695247154829, 3.14709594243
0.856610635368, 0.263533863243, 0.438589942821, 0.633414500096, 0.455612480855, 0.0658310630535, 0.457115829572, 0.212342654576, 0.0258282585557, 0.355897460473, 0.675602342235, 0.454064200408, 0.661728165138, 0.495677392061, 0.159750004822, 0.0701274511214, 0.618094809523, 0.687561595803, 0.765495965876, 0.120055447681, 0.590438262881, 0.521768769891, 0.0440553562142, 0.260892128206, 0.779001596461, 0.147962268646, 0.0227108147071, 0.662197530291, 0.550099330233, 0.661173690633, 0.856610635368, 2.6774851308
0.661205879635, 0.682106184591, 0.000591488088337, 0.055574472814, 0.143863446109, 0.0630362725703, 0.655210770372, 0.482263215483, 0.0395787505597, 0.624146514429, 0.587250075979, 0.111171224955, 0.483106835277, 0.950216842382, 0.511216754683, 0.825054427331, 0.753097170851, 0.921467022864, 0.972683746801, 0.271290752946, 0.11228933947, 0.329885018207, 0.673597162381, 0.820084968786, 0.445469631879, 0.51498303043, 0.127700185338, 0.727802912844, 0.0429378901599, 0.231890190994, 0.661205879635, 3.2505440638
0.572562495671, 0.467305709213, 0.472686161889, 0.258021533798, 0.25335830007, 0.750224025061, 0.875183031635, 0.532016654542, 0.93592704462, 0.343812795471, 0.261287597733, 0.375078405555, 0.0657821014614, 0.311617426611, 0.839250759299, 0.084523696047, 0.886887221943, 0.969009950951, 0.104981068695, 0.575395970503, 0.110074521782, 0.276113804168, 0.968910463325, 0.298974825877, 0.148324667663, 0.344371201725, 0.120413610358, 0.872156218272, 0.192684162432, 0.864168366254, 0.572562495671, 3.48103300996
0.695247154829, 0.658678353786, 0.806597185877, 0.239929369367, 0.996162045201, 0.343900922913, 0.0515450575516, 0.37290252361, 0.436812172124, 0.178170550872, 0.31632807657, 0.303203272722, 0.493687331371, 0.48134974493, 0.723061409293, 0.779523819741, 0.230197414225, 0.985376998998, 0.01880812941, 0.331696703801, 0.0180791655899, 0.255540131011, 0.209512975714, 0.4150662195, 0.894563683331, 0.553737790779, 0.441586659319, 0.462737856938, 0.335139073117, 0.600782381289, 0.695247154829, 3.14709594243
0.19474682943, 0.317152952987, 0.514415439155, 0.295466154364, 0.236633176056, 0.238766761769, 0.599924033458, 0.655665108759, 0.447762990136, 0.65079551391, 0.692260422696, 0.359344592717, 0.581282150775, 0.121718547318, 0.811658363313, 0.476766025958, 0.389437170058, 0.20579927886, 0.109847967854, 0.762499245458, 0.969362262691, 0.465586253163, 0.112296716792, 0.108483207376, 0.753311592629, 0.861437256698, 0.0861365784508, 0.675768095637, 0.505357456393, 0.290685011677, 0.19474682943, 4.12706912525
0.11061547633, 0.667387350173, 0.41745980745, 0.0587995751106, 0.82526312895, 0.589114836462, 0.975985708562, 0.602690114239, 0.925032386339, 0.851801988301, 0.55918394386, 0.0315045038815, 0.557040892146, 0.223720000993, 0.311641823487, 0.0537009132346, 0.173894612014, 0.17771911952, 0.271006458863, 0.519807401488, 0.994089441845, 0.417588366366, 0.349694188705, 0.476074115707, 0.45375933941, 0.73556983093, 0.103030244153, 0.314001136263, 0.14685131089, 0.626337226861, 0.11061547633, 4.40602886163
0.255224481869, 0.344085279675, 0.617303768779, 0.22043408764, 0.0552860147223, 0.838172270623, 0.883193798745, 0.159273949629, 0.74625164235, 0.547546860483, 0.219084667489, 0.961047834765, 0.224636405727, 0.868894352603, 0.463683066737, 0.551796559893, 0.14659519997, 0.298914325, 0.857182442964, 0.312899173522, 0.296155888123, 0.552628531191, 0.706739629251, 0.186795882645, 0.517504013234, 0.406088630105, 0.077892244822, 0.121368783518, 0.748457016822, 0.861803421245, 0.255224481869, 4.11931161475
0.406390385772, 0.398281819201, 0.526917313628, 0.87004679289, 0.541050007496, 0.528484565336, 0.0988451637205, 0.0786432832767, 0.465027165386, 0.699639392854, 0.64507723711, 0.168616023965, 0.980312824851, 0.483984739253, 0.0104430703319, 0.921328829889, 0.20616442806, 0.446123555947, 0.669512427292, 0.382884836514, 0.379846911775, 0.883991793434, 0.829812274182, 0.638272991845, 0.522350867052, 0.0641908835527, 0.300309598486, 0.419136747114, 0.145025368792, 0.113415537581, 0.406390385772, 3.71545302598
0.661205879635, 0.682106184591, 0.000591488088337, 0.055574472814, 0.143863446109, 0.0630362725703, 0.655210770372, 0.482263215483, 0.0395787505597, 0.624146514429, 0.587250075979, 0.111171224955, 0.483106835277, 0.950216842382, 0.511216754683, 0.825054427331, 0.753097170851, 0.921467022864, 0.972683746801, 0.271290752946, 0.11228933947, 0.329885018207, 0.673597162381, 0.820084968786, 0.445469631879, 0.51498303043, 0.127700185338, 0.727802912844, 0.0429378901599, 0.231890190994, 0.661205879635, 3.2505440638
0.0768978510852, 0.892625205988, 0.266909059072, 0.048585216639, 0.446176652912, 0.767812540128, 0.481623806962, 0.386131484759, 0.296971156573, 0.13232632856, 0.310217677077, 0.875176891403, 0.634978745519, 0.0618643944586, 0.0513449602324, 0.563917663656, 0.15030504284, 0.963574096092, 0.389503102853, 0.762632370647, 0.316681978751, 0.79948497642, 0.2569734427, 0.495527521785, 0.929374829351, 0.124417349337, 0.0425528046601, 0.404676673404, 0.653627186747, 0.474316731304, 0.0768978510852, 4.40654327734
0.0747591696426, 0.0801376877843, 0.0697085389232, 0.262719106051, 0.0493469808684, 0.61571948771, 0.199607257599, 0.0413665132773, 0.328334279102, 0.979092278224, 0.809870776154, 0.676153339008, 0.152986777089, 0.160256513284, 0.0309660379667, 0.414194207738, 0.148379234727, 0.241708921514, 0.359433546791, 0.685896844204, 0.786258538482, 0.842823339783, 0.77972395453, 0.457032500354, 0.317752365522, 0.645459482624, 0.648556518362, 0.981502122592, 0.672859875479, 0.562996990741, 0.0747591696426, 4.42123566245
0.412325964613, 0.719579297645, 0.747872741255, 0.845339162294, 0.484217713128, 0.702740634139, 0.0766852848393, 0.0717620869978, 0.174541316789, 0.31601468878, 0.129800593921, 0.944701864209, 0.984684026134, 0.599094056451, 0.383078487549, 0.258383263695, 0.488548008436, 0.510269394717, 0.892595212776, 0.256622724392, 0.377200837463, 0.0259140374954, 0.433480222897, 0.80790390675, 0.403019985615, 0.520848834489, 0.296775165813, 0.00950227800444, 0.00154777205474, 0.394565869047, 0.412325964613, 3.55576438662
0.642073913119, 0.254422725406, 0.0905463747403, 0.142642393607, 0.995295393, 0.685394070349, 0.863562387927, 0.659924038563, 0.997812113004, 0.624300805707, 0.168554277819, 0.945946929279, 0.338069263557, 0.197860914051, 0.170536209009, 0.815836958458, 0.990599129743, 0.361788213187, 0.174900921805, 0.358185919929, 0.724079980477, 0.0939705160008, 0.768485793138, 0.345443697302, 0.681569887856, 0.307107112854, 0.456980252911, 0.531334598626, 0.0484792926839, 0.00990283786205, 0.642073913119, 3.44194695722
0.0768978510852, 0.892625205988, 0.266909059072, 0.048585216639, 0.446176652912, 0.767812540128, 0.481623806962, 0.386131484759, 0.296971156573, 0.13232632856, 0.310217677077, 0.875176891403, 0.634978745519, 0.0618643944586, 0.0513449602324, 0.563917663656, 0.15030504284, 0.963574096092, 0.389503102853, 0.762632370647, 0.316681978751, 0.79948497642, 0.2569734427, 0.495527521785, 0.929374829351, 0.124417349337, 0.0425528046601, 0.404676673404, 0.653627186747, 0.474316731304, 0.0768978510852, 4.40654327734
