0.0224559592621, 0.0322930846941, 0.328629669217, 0.0597328999543, 0.0361534933488, 0.038887553208, 0.0488245905278, 0.902709725002, 0.488163807666, 0.166417343785, 0.0240041759856, 0.203163522226, 0.919361998461, 0.310178382178, 0.998482705147, 0.196623109531, 0.0428435967103, 0.2331068093, 0.564644931749, 0.618627100601, 0.62023929014, 0.349779723866, 0.0100386090597, 0.52668703593, 0.895385225071, 0.433132258055, 0.559947480482, 0.00102986772833, 0.0416610632543, 0.280658957333, 0.0224559592621, 3.77939247629
0.0224559592621, 0.0322930846941, 0.328629669217, 0.0597328999543, 0.0361534933488, 0.038887553208, 0.0488245905278, 0.902709725002, 0.488163807666, 0.166417343785, 0.0240041759856, 0.203163522226, 0.919361998461, 0.310178382178, 0.998482705147, 0.196623109531, 0.0428435967103, 0.2331068093, 0.564644931749, 0.618627100601, 0.62023929014, 0.349779723866, 0.0100386090597, 0.52668703593, 0.895385225071, 0.433132258055, 0.559947480482, 0.00102986772833, 0.0416610632543, 0.280658957333, 0.0224559592621, 3.77939247629
0.00193887431195, 0.183712816995, 0.329328026307, 0.0505926645154, 0.399802446849, 0.339936207625, 0.311021997632, 0.0615470177401, 0.551989697461, 0.0316480689574, 0.609693868589, 0.4878444156, 0.961910420686, 0.282365681587, 0.111769757153, 0.532227529536, 0.190891958914, 0.955778316427, 0.165400305103, 0.0378489435104, 0.267039600644, 0.764070857952, 0.867064297372, 0.985178101166, 0.847343417197, 0.138032936033, 0.165463298696, 0.238631418739, 0.447403619571, 0.406738289468, 0.00193887431195, 4.54311946367
0.00193887431195, 0.183712816995, 0.329328026307, 0.0505926645154, 0.399802446849, 0.339936207625, 0.311021997632, 0.0615470177401, 0.551989697461, 0.0316480689574, 0.609693868589, 0.4878444156, 0.961910420686, 0.282365681587, 0.111769757153, 0.532227529536, 0.190891958914, 0.955778316427, 0.165400305103, 0.0378489435104, 0.267039600644, 0.764070857952, 0.867064297372, 0.985178101166, 0.847343417197, 0.138032936033, 0.165463298696, 0.238631418739, 0.447403619571, 0.406738289468, 0.00193887431195, 4.54311946367
0.811118910878, 0.0466102966921, 0.0712811425397, 0.321603256772, 0.995240270615, 0.325728616645, 0.132227958753, 0.0714826522704, 0.0426422137749, 0.695425411602, 0.675580697707, 0.228731847326, 0.436589989162, 0.435249013141, 0.750469453535, 0.312946604474, 0.832988917454, 0.153334942468, 0.397046026669, 0.598805156084, 0.0153698710103, 0.0523184867913, 0.0430447179031, 0.0445190418819, 0.113720827683, 0.00691872145284, 0.686505001396, 0.181886986916, 0.385116474111, 0.0788787958942, 0.811118910878, 2.0706450669
0.811118910878, 0.0466102966921, 0.0712811425397, 0.321603256772, 0.995240270615, 0.325728616645, 0.132227958753, 0.0714826522704, 0.0426422137749, 0.695425411602, 0.675580697707, 0.228731847326, 0.436589989162, 0.435249013141, 0.750469453535, 0.312946604474, 0.832988917454, 0.153334942468, 0.397046026669, 0.598805156084, 0.0153698710103, 0.0523184867913, 0.0430447179031, 0.0445190418819, 0.113720827683, 0.00691872145284, 0.686505001396, 0.181886986916, 0.385116474111, 0.0788787958942, 0.811118910878, 2.0706450669
0.000782218801409, 0.553677243092, 0.704392580794, 0.0386036582171, 0.985575371293, 0.558549411343, 0.53885909325, 0.588652351846, 0.131024221236, 0.59199682737, 0.257670021221, 0.214357498266, 0.109193699024, 0.9959126014, 0.0687550742959, 0.951460605371, 0.532053395401, 0.289953129813, 0.0406145204643, 0.0187928464882, 0.417239797665, 0.742221280989, 0.935479163687, 0.704006143161, 0.151616047151, 0.709252312267, 0.389843513658, 0.219985987457, 0.0616886432824, 0.32941088151, 0.000782218801409, 4.91955821266
0.000782218801409, 0.553677243092, 0.704392580794, 0.0386036582171, 0.985575371293, 0.558549411343, 0.53885909325, 0.588652351846, 0.131024221236, 0.59199682737, 0.257670021221, 0.214357498266, 0.109193699024, 0.9959126014, 0.0687550742959, 0.951460605371, 0.532053395401, 0.289953129813, 0.0406145204643, 0.0187928464882, 0.417239797665, 0.742221280989, 0.935479163687, 0.704006143161, 0.151616047151, 0.709252312267, 0.389843513658, 0.219985987457, 0.0616886432824, 0.32941088151, 0.000782218801409, 4.91955821266
0.00847879951491, 0.667387350173, 0.449401181818, 0.0587995751106, 0.285436700809, 0.328289104533, 0.977156713397, 0.689144713975, 0.995552760383, 0.106420955167, 0.55918394386, 0.0315045038815, 0.557040892146, 0.225661776721, 0.21244386973, 0.00307710034224, 0.173894612014, 0.580422994712, 0.271006458863, 0.519807401488, 0.995288691643, 0.417588366366, 0.608170486467, 0.0876298455905, 0.443617367874, 0.544190644439, 0.0965378254126, 0.128681459171, 0.0189212173683, 0.684758408192, 0.00847879951491, 4.4380471157
0.00847879951491, 0.667387350173, 0.449401181818, 0.0587995751106, 0.285436700809, 0.328289104533, 0.977156713397, 0.689144713975, 0.995552760383, 0.106420955167, 0.55918394386, 0.0315045038815, 0.557040892146, 0.225661776721, 0.21244386973, 0.00307710034224, 0.173894612014, 0.580422994712, 0.271006458863, 0.519807401488, 0.995288691643, 0.417588366366, 0.608170486467, 0.0876298455905, 0.443617367874, 0.544190644439, 0.0965378254126, 0.128681459171, 0.0189212173683, 0.684758408192, 0.00847879951491, 4.4380471157
0.281372171763, 0.0164653543912, 0.328629669217, 0.0201865557888, 0.0361534933488, 0.205042809767, 0.647114924353, 0.902709725002, 0.0535036964656, 0.426665715271, 0.769642950535, 0.120749974647, 0.924552904257, 0.0300526109861, 0.573234976293, 0.113191830313, 0.0428435967103, 0.219711655627, 0.767288095783, 0.618627100601, 0.378661871052, 0.510176141692, 0.115249657881, 0.462399686232, 0.0842705394873, 0.172301543551, 0.909257239637, 0.153917570729, 0.222328035459, 0.277128423153, 0.281372171763, 3.05646121462
0.281372171763, 0.0164653543912, 0.328629669217, 0.0201865557888, 0.0361534933488, 0.205042809767, 0.647114924353, 0.902709725002, 0.0535036964656, 0.426665715271, 0.769642950535, 0.120749974647, 0.924552904257, 0.0300526109861, 0.573234976293, 0.113191830313, 0.0428435967103, 0.219711655627, 0.767288095783, 0.618627100601, 0.378661871052, 0.510176141692, 0.115249657881, 0.462399686232, 0.0842705394873, 0.172301543551, 0.909257239637, 0.153917570729, 0.222328035459, 0.277128423153, 0.281372171763, 3.05646121462
0.315359078651, 0.895579784145, 0.00409897078775, 0.00931343977696, 0.586095687568, 0.0801537368263, 0.0304352153415, 0.0283800153876, 0.502476351111, 0.596366432222, 0.389603665765, 0.600467929315, 0.728357924795, 0.369538554396, 0.174327559362, 0.358401065881, 0.0632255161086, 0.606062931093, 0.0476308082219, 0.130825887672, 0.701321484816, 0.0358259637565, 0.214370735873, 0.845946078074, 0.119666870776, 0.200125332754, 0.892549411584, 0.366562843122, 0.201943774327, 0.254000174455, 0.315359078651, 2.97487844254
0.315359078651, 0.895579784145, 0.00409897078775, 0.00931343977696, 0.586095687568, 0.0801537368263, 0.0304352153415, 0.0283800153876, 0.502476351111, 0.596366432222, 0.389603665765, 0.600467929315, 0.728357924795, 0.369538554396, 0.174327559362, 0.358401065881, 0.0632255161086, 0.606062931093, 0.0476308082219, 0.130825887672, 0.701321484816, 0.0358259637565, 0.214370735873, 0.845946078074, 0.119666870776, 0.200125332754, 0.892549411584, 0.366562843122, 0.201943774327, 0.254000174455, 0.315359078651, 2.97487844254
0.88065577228, 0.520769539965, 0.00140043090057, 0.497913551555, 0.586095687568, 0.417429526815, 0.105389140375, 0.0854640301366, 0.196269138581, 0.135140174206, 0.0210667588008, 0.600467929315, 0.599156369458, 0.248342178326, 0.0490813752052, 0.181392105204, 0.120187399215, 0.606062931093, 0.0651067922114, 0.665877966215, 0.568862876764, 0.0640900938215, 0.16926769992, 0.911057878448, 0.458898245553, 0.171310879855, 0.853888096791, 0.00648729285543, 0.201943774327, 0.301529397209, 0.88065577228, 2.06224931019
0.88065577228, 0.520769539965, 0.00140043090057, 0.497913551555, 0.586095687568, 0.417429526815, 0.105389140375, 0.0854640301366, 0.196269138581, 0.135140174206, 0.0210667588008, 0.600467929315, 0.599156369458, 0.248342178326, 0.0490813752052, 0.181392105204, 0.120187399215, 0.606062931093, 0.0651067922114, 0.665877966215, 0.568862876764, 0.0640900938215, 0.16926769992, 0.911057878448, 0.458898245553, 0.171310879855, 0.853888096791, 0.00648729285543, 0.201943774327, 0.301529397209, 0.88065577228, 2.06224931019
0.392516517456, 0.0876241061323, 0.449401181818, 0.209523943614, 0.124609177404, 0.094663321083, 0.0173561296306, 0.831608801478, 0.124856182425, 0.343411087906, 0.420778294342, 0.672139373701, 0.909490831448, 0.116778958939, 0.136680162144, 0.822757121069, 0.287357901329, 0.239888344218, 0.540233520463, 0.542904092914, 0.106819948355, 0.178831374969, 0.245178182503, 0.0849847708907, 0.169723714112, 0.169294588615, 0.0965378254126, 0.700664911003, 0.251268468062, 0.00235997371683, 0.392516517456, 2.56711648443
0.392516517456, 0.0876241061323, 0.449401181818, 0.209523943614, 0.124609177404, 0.094663321083, 0.0173561296306, 0.831608801478, 0.124856182425, 0.343411087906, 0.420778294342, 0.672139373701, 0.909490831448, 0.116778958939, 0.136680162144, 0.822757121069, 0.287357901329, 0.239888344218, 0.540233520463, 0.542904092914, 0.106819948355, 0.178831374969, 0.245178182503, 0.0849847708907, 0.169723714112, 0.169294588615, 0.0965378254126, 0.700664911003, 0.251268468062, 0.00235997371683, 0.392516517456, 2.56711648443
0.225437241985, 0.164274308655, 0.379386266597, 0.0695588422318, 0.152763121599, 0.0285072782321, 0.0360849763955, 0.0683214499035, 0.979411102748, 0.141243801198, 0.761626839522, 0.310639438016, 0.171879703617, 0.41785276371, 0.2942067096, 0.40189501757, 0.435595997086, 0.809424803761, 0.0924149143576, 0.54948982529, 0.781326237875, 0.64456987242, 0.82598177166, 0.0468037496095, 0.0374012892189, 0.589601103353, 0.936191832103, 0.474180417264, 0.0974326511263, 0.123535938932, 0.225437241985, 3.36719058581
0.225437241985, 0.164274308655, 0.379386266597, 0.0695588422318, 0.152763121599, 0.0285072782321, 0.0360849763955, 0.0683214499035, 0.979411102748, 0.141243801198, 0.761626839522, 0.310639438016, 0.171879703617, 0.41785276371, 0.2942067096, 0.40189501757, 0.435595997086, 0.809424803761, 0.0924149143576, 0.54948982529, 0.781326237875, 0.64456987242, 0.82598177166, 0.0468037496095, 0.0374012892189, 0.589601103353, 0.936191832103, 0.474180417264, 0.0974326511263, 0.123535938932, 0.225437241985, 3.36719058581
0.000482131203693, 0.553677243092, 0.704392580794, 0.0386036582171, 0.985575371293, 0.558549411343, 0.986910341481, 0.566491832737, 0.131024221236, 0.59199682737, 0.257670021221, 0.214357498266, 0.109193699024, 0.9959126014, 0.0786145773702, 0.951460605371, 0.532053395401, 0.289953129813, 0.248860894195, 0.0187928464882, 0.762828071037, 0.742221280989, 0.913023255774, 0.704006143161, 0.151616047151, 0.663300130208, 0.389843513658, 0.57419101837, 0.0478358274091, 0.32941088151, 0.000482131203693, 5.32259398201
0.000482131203693, 0.553677243092, 0.704392580794, 0.0386036582171, 0.985575371293, 0.558549411343, 0.986910341481, 0.566491832737, 0.131024221236, 0.59199682737, 0.257670021221, 0.214357498266, 0.109193699024, 0.9959126014, 0.0786145773702, 0.951460605371, 0.532053395401, 0.289953129813, 0.248860894195, 0.0187928464882, 0.762828071037, 0.742221280989, 0.913023255774, 0.704006143161, 0.151616047151, 0.663300130208, 0.389843513658, 0.57419101837, 0.0478358274091, 0.32941088151, 0.000482131203693, 5.32259398201
0.523661543373, 0.520769539965, 0.00140043090057, 0.703703216086, 0.586095687568, 0.184611376767, 0.105389140375, 0.0854640301366, 0.196269138581, 0.135140174206, 0.0106135344945, 0.385260407724, 0.599156369458, 0.369538554396, 0.0493665681175, 0.181392105204, 0.120187399215, 0.606062931093, 0.0651067922114, 0.665877966215, 0.568862876764, 0.0640900938215, 0.16926769992, 0.360497709316, 0.458898245553, 0.171310879855, 0.853888096791, 0.00648729285543, 0.201943774327, 0.301529397209, 0.523661543373, 2.31514356632
0.523661543373, 0.520769539965, 0.00140043090057, 0.703703216086, 0.586095687568, 0.184611376767, 0.105389140375, 0.0854640301366, 0.196269138581, 0.135140174206, 0.0106135344945, 0.385260407724, 0.599156369458, 0.369538554396, 0.0493665681175, 0.181392105204, 0.120187399215, 0.606062931093, 0.0651067922114, 0.665877966215, 0.568862876764, 0.0640900938215, 0.16926769992, 0.360497709316, 0.458898245553, 0.171310879855, 0.853888096791, 0.00648729285543, 0.201943774327, 0.301529397209, 0.523661543373, 2.31514356632
0.175189071787, 0.0266621620328, 0.472686161889, 0.00135845681871, 0.25335830007, 0.0058295741202, 0.871249312815, 0.466176912199, 0.102074344588, 0.141243801198, 0.0107527708358, 0.310639438016, 0.351587831251, 0.315712511752, 0.663390726732, 0.479735366757, 0.62443195501, 0.83188359102, 0.300452424946, 0.175535353532, 0.985145971645, 0.0324524281889, 0.686728823087, 0.284774492837, 0.285896627492, 0.710936664595, 0.914912830041, 0.768332408785, 0.0974326511263, 0.465310766462, 0.175189071787, 3.71257221133
0.175189071787, 0.0266621620328, 0.472686161889, 0.00135845681871, 0.25335830007, 0.0058295741202, 0.871249312815, 0.466176912199, 0.102074344588, 0.141243801198, 0.0107527708358, 0.310639438016, 0.351587831251, 0.315712511752, 0.663390726732, 0.479735366757, 0.62443195501, 0.83188359102, 0.300452424946, 0.175535353532, 0.985145971645, 0.0324524281889, 0.686728823087, 0.284774492837, 0.285896627492, 0.710936664595, 0.914912830041, 0.768332408785, 0.0974326511263, 0.465310766462, 0.175189071787, 3.71257221133
0.0113293021775, 0.0114704646708, 0.996734783965, 0.0597328999543, 0.0361534933488, 0.205042809767, 0.647114924353, 0.902709725002, 0.488163807666, 0.105031087406, 0.00490699680564, 0.237413016718, 0.919361998461, 0.310178382178, 0.573234976293, 0.196623109531, 0.0428435967103, 0.2331068093, 0.343489189571, 0.618627100601, 0.62023929014, 0.349779723866, 0.0100386090597, 0.52668703593, 0.760844037646, 0.433132258055, 0.909257239637, 0.00371327287227, 0.0416610632543, 0.25115841183, 0.0113293021775, 4.14131218182
0.0113293021775, 0.0114704646708, 0.996734783965, 0.0597328999543, 0.0361534933488, 0.205042809767, 0.647114924353, 0.902709725002, 0.488163807666, 0.105031087406, 0.00490699680564, 0.237413016718, 0.919361998461, 0.310178382178, 0.573234976293, 0.196623109531, 0.0428435967103, 0.2331068093, 0.343489189571, 0.618627100601, 0.62023929014, 0.349779723866, 0.0100386090597, 0.52668703593, 0.760844037646, 0.433132258055, 0.909257239637, 0.00371327287227, 0.0416610632543, 0.25115841183, 0.0113293021775, 4.14131218182
0.00224380302684, 0.507780409621, 0.41745980745, 0.0587995751106, 0.318051634765, 0.328289104533, 0.58519706813, 0.602690114239, 0.296504065311, 0.106420955167, 0.55918394386, 0.0315045038815, 0.124781964869, 0.225661776721, 0.21244386973, 0.00307710034224, 0.173894612014, 0.580422994712, 0.271006458863, 0.519807401488, 0.994089441845, 0.935915035856, 0.948611901702, 0.476074115707, 0.531241371945, 0.634528733237, 0.103030244153, 0.314001136263, 0.14685131089, 0.684758408192, 0.00224380302684, 4.52666643032
0.00224380302684, 0.507780409621, 0.41745980745, 0.0587995751106, 0.318051634765, 0.328289104533, 0.58519706813, 0.602690114239, 0.296504065311, 0.106420955167, 0.55918394386, 0.0315045038815, 0.124781964869, 0.225661776721, 0.21244386973, 0.00307710034224, 0.173894612014, 0.580422994712, 0.271006458863, 0.519807401488, 0.994089441845, 0.935915035856, 0.948611901702, 0.476074115707, 0.531241371945, 0.634528733237, 0.103030244153, 0.314001136263, 0.14685131089, 0.684758408192, 0.00224380302684, 4.52666643032
0.208553302039, 0.26313843032, 0.811372678569, 0.289260308957, 0.368101140526, 0.284405135123, 0.546178817035, 0.0474572076218, 0.0263348458686, 0.942655180422, 0.630034429647, 0.00983370212066, 0.0476513973675, 0.362529434513, 0.0477510000329, 0.11859013679, 0.73873700663, 0.0189503249296, 0.502804829706, 0.233190968323, 0.951484700225, 0.649600560765, 0.984447416404, 0.371634738739, 0.151142210423, 0.0386001081163, 0.261861208202, 0.171077653435, 0.403613292514, 0.756702110415, 0.208553302039, 3.46242171958
0.208553302039, 0.26313843032, 0.811372678569, 0.289260308957, 0.368101140526, 0.284405135123, 0.546178817035, 0.0474572076218, 0.0263348458686, 0.942655180422, 0.630034429647, 0.00983370212066, 0.0476513973675, 0.362529434513, 0.0477510000329, 0.11859013679, 0.73873700663, 0.0189503249296, 0.502804829706, 0.233190968323, 0.951484700225, 0.649600560765, 0.984447416404, 0.371634738739, 0.151142210423, 0.0386001081163, 0.261861208202, 0.171077653435, 0.403613292514, 0.756702110415, 0.208553302039, 3.46242171958
0.609385309624, 0.456398276556, 0.0800685281749, 0.246091561342, 0.106913007324, 0.0728970560425, 0.942909251855, 0.0031585234087, 0.193591606409, 0.0698985995655, 0.11446617715, 0.847728614242, 0.703766302339, 0.124703067585, 0.654578288047, 0.0415544197163, 0.700621347547, 0.416455643704, 0.112638938051, 0.125180666259, 0.204743573298, 0.105669202271, 0.534397804155, 0.464307869116, 0.0857071115481, 0.542361812629, 0.00736041018296, 0.544363859407, 0.00108005461892, 0.0453407234182, 0.609385309624, 2.16109110006
0.609385309624, 0.456398276556, 0.0800685281749, 0.246091561342, 0.106913007324, 0.0728970560425, 0.942909251855, 0.0031585234087, 0.193591606409, 0.0698985995655, 0.11446617715, 0.847728614242, 0.703766302339, 0.124703067585, 0.654578288047, 0.0415544197163, 0.700621347547, 0.416455643704, 0.112638938051, 0.125180666259, 0.204743573298, 0.105669202271, 0.534397804155, 0.464307869116, 0.0857071115481, 0.542361812629, 0.00736041018296, 0.544363859407, 0.00108005461892, 0.0453407234182, 0.609385309624, 2.16109110006
0.0587328787239, 0.0322930846941, 0.485893896106, 0.0178115127952, 0.0361534933488, 0.284405135123, 0.293688258874, 0.671548530446, 0.455391780878, 0.281426189744, 0.769642950535, 0.314561181794, 0.919361998461, 0.310178382178, 0.747781998049, 0.196623109531, 0.0428435967103, 0.245112730761, 0.0618947733841, 0.658206606451, 0.38619264005, 0.022810691252, 0.0512176730037, 0.747255220832, 0.966469595153, 0.433132258055, 0.978220934564, 0.286891703255, 0.222328035459, 0.280658957333, 0.0587328787239, 3.96314266376
0.0587328787239, 0.0322930846941, 0.485893896106, 0.0178115127952, 0.0361534933488, 0.284405135123, 0.293688258874, 0.671548530446, 0.455391780878, 0.281426189744, 0.769642950535, 0.314561181794, 0.919361998461, 0.310178382178, 0.747781998049, 0.196623109531, 0.0428435967103, 0.245112730761, 0.0618947733841, 0.658206606451, 0.38619264005, 0.022810691252, 0.0512176730037, 0.747255220832, 0.966469595153, 0.433132258055, 0.978220934564, 0.286891703255, 0.222328035459, 0.280658957333, 0.0587328787239, 3.96314266376
0.118580532494, 0.0617908364858, 0.432338969762, 0.209523943614, 0.707535386965, 0.804517192243, 0.123185905327, 0.23289876996, 0.86726038785, 0.0689228605587, 0.518321933761, 0.285326777613, 0.474367652258, 0.0148300144596, 0.00432922116261, 0.872556809265, 0.585715488329, 0.295764390938, 0.0578328202634, 0.0346592955628, 0.202765363949, 0.276842826526, 0.703692392199, 0.975108200816, 0.321010005329, 0.0684197618958, 0.106738027509, 0.987145737389, 0.393038150427, 0.865990730067, 0.118580532494, 3.84786324982
0.118580532494, 0.0617908364858, 0.432338969762, 0.209523943614, 0.707535386965, 0.804517192243, 0.123185905327, 0.23289876996, 0.86726038785, 0.0689228605587, 0.518321933761, 0.285326777613, 0.474367652258, 0.0148300144596, 0.00432922116261, 0.872556809265, 0.585715488329, 0.295764390938, 0.0578328202634, 0.0346592955628, 0.202765363949, 0.276842826526, 0.703692392199, 0.975108200816, 0.321010005329, 0.0684197618958, 0.106738027509, 0.987145737389, 0.393038150427, 0.865990730067, 0.118580532494, 3.84786324982
0.0224559592621, 0.0322930846941, 0.328629669217, 0.0597328999543, 0.0361534933488, 0.038887553208, 0.0488245905278, 0.902709725002, 0.488163807666, 0.166417343785, 0.0240041759856, 0.500447095097, 0.919361998461, 0.310178382178, 0.996170827149, 0.196623109531, 0.0428435967103, 0.2331068093, 0.564644931749, 0.618627100601, 0.62023929014, 0.349779723866, 0.0100386090597, 0.52668703593, 0.895385225071, 0.433132258055, 0.909257239637, 0.00103420317723, 0.0416610632543, 0.659276945553, 0.0224559592621, 4.08529322301
0.0224559592621, 0.0322930846941, 0.328629669217, 0.0597328999543, 0.0361534933488, 0.038887553208, 0.0488245905278, 0.902709725002, 0.488163807666, 0.166417343785, 0.0240041759856, 0.500447095097, 0.919361998461, 0.310178382178, 0.996170827149, 0.196623109531, 0.0428435967103, 0.2331068093, 0.564644931749, 0.618627100601, 0.62023929014, 0.349779723866, 0.0100386090597, 0.52668703593, 0.895385225071, 0.433132258055, 0.909257239637, 0.00103420317723, 0.0416610632543, 0.659276945553, 0.0224559592621, 4.08529322301
0.00200623205302, 0.221758559112, 0.329328026307, 0.0495556976945, 0.399802446849, 0.538703152297, 0.0912452350882, 0.0615470177401, 0.551989697461, 0.22407521919, 0.032745808359, 0.488450881627, 0.967804964788, 0.357450019858, 0.186089769369, 0.532227529536, 0.430805537073, 0.955778316427, 0.165400305103, 0.00378151518491, 0.267039600644, 0.911381493656, 0.810382342328, 0.975227894421, 0.847343417197, 0.0370761341372, 0.165463298696, 0.238631418739, 0.644016158682, 0.406738289468, 0.00200623205302, 4.5935638748
0.00200623205302, 0.221758559112, 0.329328026307, 0.0495556976945, 0.399802446849, 0.538703152297, 0.0912452350882, 0.0615470177401, 0.551989697461, 0.22407521919, 0.032745808359, 0.488450881627, 0.967804964788, 0.357450019858, 0.186089769369, 0.532227529536, 0.430805537073, 0.955778316427, 0.165400305103, 0.00378151518491, 0.267039600644, 0.911381493656, 0.810382342328, 0.975227894421, 0.847343417197, 0.0370761341372, 0.165463298696, 0.238631418739, 0.644016158682, 0.406738289468, 0.00200623205302, 4.5935638748
0.811118910878, 0.00408864678206, 0.0712811425397, 0.321603256772, 0.998419616369, 0.325728616645, 0.0545996587361, 0.0714826522704, 0.0426422137749, 0.604699014273, 0.948580399636, 0.228731847326, 0.436589989162, 0.435249013141, 0.906326029425, 0.312946604474, 0.832988917454, 0.423176301689, 0.409893428414, 0.276352995019, 0.14006164668, 0.00743900526529, 0.0430447179031, 0.0276464284884, 0.0295580836707, 0.00691872145284, 0.686505001396, 0.181886986916, 0.385116474111, 0.0774471462304, 0.811118910878, 2.10861620061
0.811118910878, 0.00408864678206, 0.0712811425397, 0.321603256772, 0.998419616369, 0.325728616645, 0.0545996587361, 0.0714826522704, 0.0426422137749, 0.604699014273, 0.948580399636, 0.228731847326, 0.436589989162, 0.435249013141, 0.906326029425, 0.312946604474, 0.832988917454, 0.423176301689, 0.409893428414, 0.276352995019, 0.14006164668, 0.00743900526529, 0.0430447179031, 0.0276464284884, 0.0295580836707, 0.00691872145284, 0.686505001396, 0.181886986916, 0.385116474111, 0.0774471462304, 0.811118910878, 2.10861620061
0.000782218801409, 0.553677243092, 0.525412716424, 0.0386036582171, 0.851958091293, 0.558549411343, 0.790653323782, 0.588652351846, 0.131024221236, 0.59199682737, 0.257670021221, 0.214357498266, 0.109193699024, 0.9959126014, 0.0687550742959, 0.951460605371, 0.713722858537, 0.289953129813, 0.0406145204643, 0.0187928464882, 0.417239797665, 0.742221280989, 0.913023255774, 0.704006143161, 0.151616047151, 0.709252312267, 0.389843513658, 0.219985987457, 0.0616886432824, 0.32941088151, 0.000782218801409, 4.94990839249
0.000782218801409, 0.553677243092, 0.525412716424, 0.0386036582171, 0.851958091293, 0.558549411343, 0.790653323782, 0.588652351846, 0.131024221236, 0.59199682737, 0.257670021221, 0.214357498266, 0.109193699024, 0.9959126014, 0.0687550742959, 0.951460605371, 0.713722858537, 0.289953129813, 0.0406145204643, 0.0187928464882, 0.417239797665, 0.742221280989, 0.913023255774, 0.704006143161, 0.151616047151, 0.709252312267, 0.389843513658, 0.219985987457, 0.0616886432824, 0.32941088151, 0.000782218801409, 4.94990839249
0.00847879951491, 0.507780409621, 0.552480854217, 0.0587995751106, 0.778409267717, 0.483496152475, 0.58519706813, 0.602690114239, 0.296504065311, 0.106420955167, 0.55918394386, 0.0315045038815, 0.124781964869, 0.225661776721, 0.21244386973, 0.00307710034224, 0.173894612014, 0.580422994712, 0.271006458863, 0.519807401488, 0.670846670847, 0.935915035856, 0.948611901702, 0.476074115707, 0.50769064562, 0.634528733237, 0.103030244153, 0.314001136263, 0.021755185876, 0.684758408192, 0.00847879951491, 4.51512286846
0.00847879951491, 0.507780409621, 0.552480854217, 0.0587995751106, 0.778409267717, 0.483496152475, 0.58519706813, 0.602690114239, 0.296504065311, 0.106420955167, 0.55918394386, 0.0315045038815, 0.124781964869, 0.225661776721, 0.21244386973, 0.00307710034224, 0.173894612014, 0.580422994712, 0.271006458863, 0.519807401488, 0.670846670847, 0.935915035856, 0.948611901702, 0.476074115707, 0.50769064562, 0.634528733237, 0.103030244153, 0.314001136263, 0.021755185876, 0.684758408192, 0.00847879951491, 4.51512286846
0.281372171763, 0.0164653543912, 0.328629669217, 0.0201865557888, 0.0361534933488, 0.205042809767, 0.647114924353, 0.902709725002, 0.0535036964656, 0.426665715271, 0.769642950535, 0.120749974647, 0.924552904257, 0.310178382178, 0.573234976293, 0.113191830313, 0.0428435967103, 0.803179073594, 0.477871405345, 0.618627100601, 0.378661871052, 0.510176141692, 0.115249657881, 0.146988499102, 0.0842705394873, 0.372895488334, 0.909257239637, 0.224976718052, 0.222328035459, 0.277128423153, 0.281372171763, 3.19981346732
0.281372171763, 0.0164653543912, 0.328629669217, 0.0201865557888, 0.0361534933488, 0.205042809767, 0.647114924353, 0.902709725002, 0.0535036964656, 0.426665715271, 0.769642950535, 0.120749974647, 0.924552904257, 0.310178382178, 0.573234976293, 0.113191830313, 0.0428435967103, 0.803179073594, 0.477871405345, 0.618627100601, 0.378661871052, 0.510176141692, 0.115249657881, 0.146988499102, 0.0842705394873, 0.372895488334, 0.909257239637, 0.224976718052, 0.222328035459, 0.277128423153, 0.281372171763, 3.19981346732
0.349963841606, 0.00144316702113, 0.229420832353, 0.0320751453245, 0.0361534933488, 0.401436032223, 0.201303311958, 0.686285748221, 0.0693786837903, 0.336877986957, 0.769642950535, 0.227178609535, 0.385522123158, 0.310178382178, 0.785996934764, 0.0449669060636, 0.0428435967103, 0.104237005896, 0.0618947733841, 0.618627100601, 0.378661871052, 0.53653658785, 0.0502470873009, 0.731378305233, 0.833527673135, 0.433132258055, 0.549910984141, 0.466657976222, 0.920669152232, 0.255317283268, 0.349963841606, 3.03821565819
0.349963841606, 0.00144316702113, 0.229420832353, 0.0320751453245, 0.0361534933488, 0.401436032223, 0.201303311958, 0.686285748221, 0.0693786837903, 0.336877986957, 0.769642950535, 0.227178609535, 0.385522123158, 0.310178382178, 0.785996934764, 0.0449669060636, 0.0428435967103, 0.104237005896, 0.0618947733841, 0.618627100601, 0.378661871052, 0.53653658785, 0.0502470873009, 0.731378305233, 0.833527673135, 0.433132258055, 0.549910984141, 0.466657976222, 0.920669152232, 0.255317283268, 0.349963841606, 3.03821565819
0.392516517456, 0.0728948218599, 0.449401181818, 0.940613272684, 0.118511936358, 0.094663321083, 0.00255849415499, 0.228357006964, 0.199426187915, 0.304841408213, 0.999444587522, 0.672139373701, 0.909490831448, 0.726296590576, 0.136680162144, 0.551753871892, 0.033933088305, 0.239888344218, 0.540233520463, 0.392246768243, 0.137693770871, 0.178831374969, 0.731595722492, 0.0876298455905, 0.169723714112, 0.224881095757, 0.0965378254126, 0.744544063005, 0.251268468062, 0.00235997371683, 0.392516517456, 2.89693274667
0.392516517456, 0.0728948218599, 0.449401181818, 0.940613272684, 0.118511936358, 0.094663321083, 0.00255849415499, 0.228357006964, 0.199426187915, 0.304841408213, 0.999444587522, 0.672139373701, 0.909490831448, 0.726296590576, 0.136680162144, 0.551753871892, 0.033933088305, 0.239888344218, 0.540233520463, 0.392246768243, 0.137693770871, 0.178831374969, 0.731595722492, 0.0876298455905, 0.169723714112, 0.224881095757, 0.0965378254126, 0.744544063005, 0.251268468062, 0.00235997371683, 0.392516517456, 2.89693274667
0.225437241985, 0.179183612894, 0.325711811918, 0.0606209464305, 0.152763121599, 0.0285072782321, 0.0360849763955, 0.0592038042931, 0.979411102748, 0.141243801198, 0.761626839522, 0.310639438016, 0.0721006744733, 0.41785276371, 0.34438407405, 0.692232409371, 0.414464452614, 0.0953383402494, 0.209444715503, 0.54948982529, 0.803978801585, 0.64456987242, 0.82598177166, 0.157211222291, 0.185509035381, 0.589601103353, 0.914912830041, 0.474180417264, 0.0974326511263, 0.465310766462, 0.225437241985, 3.41324948589
0.225437241985, 0.179183612894, 0.325711811918, 0.0606209464305, 0.152763121599, 0.0285072782321, 0.0360849763955, 0.0592038042931, 0.979411102748, 0.141243801198, 0.761626839522, 0.310639438016, 0.0721006744733, 0.41785276371, 0.34438407405, 0.692232409371, 0.414464452614, 0.0953383402494, 0.209444715503, 0.54948982529, 0.803978801585, 0.64456987242, 0.82598177166, 0.157211222291, 0.185509035381, 0.589601103353, 0.914912830041, 0.474180417264, 0.0974326511263, 0.465310766462, 0.225437241985, 3.41324948589
0.000482131203693, 0.398153812137, 0.817864985848, 0.0386036582171, 0.985575371293, 0.821688469302, 0.920450201905, 0.840974425011, 0.131024221236, 0.59199682737, 0.257670021221, 0.214357498266, 0.109193699024, 0.9959126014, 0.0786145773702, 0.951460605371, 0.532053395401, 0.289953129813, 0.0406145204643, 0.0187928464882, 0.560515901783, 0.742221280989, 0.913023255774, 0.704006143161, 0.0534137194274, 0.663300130208, 0.389843513658, 0.57419101837, 0.0616886432824, 0.643814707385, 0.000482131203693, 5.39938353958
0.000482131203693, 0.398153812137, 0.817864985848, 0.0386036582171, 0.985575371293, 0.821688469302, 0.920450201905, 0.840974425011, 0.131024221236, 0.59199682737, 0.257670021221, 0.214357498266, 0.109193699024, 0.9959126014, 0.0786145773702, 0.951460605371, 0.532053395401, 0.289953129813, 0.0406145204643, 0.0187928464882, 0.560515901783, 0.742221280989, 0.913023255774, 0.704006143161, 0.0534137194274, 0.663300130208, 0.389843513658, 0.57419101837, 0.0616886432824, 0.643814707385, 0.000482131203693, 5.39938353958
0.603769807132, 0.0773098123308, 0.211301098805, 0.96360287997, 0.10090767657, 0.094663321083, 0.0173561296306, 0.565464995771, 0.166935438517, 0.287173064527, 0.999308127582, 0.672139373701, 0.909490831448, 0.726296590576, 0.127563068829, 0.551753871892, 0.000344341721339, 0.239888344218, 0.770745973649, 0.392246768243, 0.137693770871, 0.178831374969, 0.731595722492, 0.0876298455905, 0.169723714112, 0.0972046292024, 0.193736248835, 0.340742773712, 0.251268468062, 0.313460461729, 0.603769807132, 2.62399018952
0.603769807132, 0.0773098123308, 0.211301098805, 0.96360287997, 0.10090767657, 0.094663321083, 0.0173561296306, 0.565464995771, 0.166935438517, 0.287173064527, 0.999308127582, 0.672139373701, 0.909490831448, 0.726296590576, 0.127563068829, 0.551753871892, 0.000344341721339, 0.239888344218, 0.770745973649, 0.392246768243, 0.137693770871, 0.178831374969, 0.731595722492, 0.0876298455905, 0.169723714112, 0.0972046292024, 0.193736248835, 0.340742773712, 0.251268468062, 0.313460461729, 0.603769807132, 2.62399018952
0.175189071787, 0.0266621620328, 0.472686161889, 0.00135845681871, 0.122577959822, 0.0058295741202, 0.871249312815, 0.466176912199, 0.102074344588, 0.141243801198, 0.0107527708358, 0.310639438016, 0.351587831251, 0.315712511752, 0.663390726732, 0.479735366757, 0.756866923146, 0.83188359102, 0.486710583177, 0.224975630302, 0.837982920557, 0.178831374969, 0.686728823087, 0.157211222291, 0.285896627492, 0.710936664595, 0.914912830041, 0.768332408785, 0.0974326511263, 0.465310766462, 0.175189071787, 3.74311071969
0.175189071787, 0.0266621620328, 0.472686161889, 0.00135845681871, 0.122577959822, 0.0058295741202, 0.871249312815, 0.466176912199, 0.102074344588, 0.141243801198, 0.0107527708358, 0.310639438016, 0.351587831251, 0.315712511752, 0.663390726732, 0.479735366757, 0.756866923146, 0.83188359102, 0.486710583177, 0.224975630302, 0.837982920557, 0.178831374969, 0.686728823087, 0.157211222291, 0.285896627492, 0.710936664595, 0.914912830041, 0.768332408785, 0.0974326511263, 0.465310766462, 0.175189071787, 3.74311071969
0.0113293021775, 0.0114704646708, 0.443113410428, 0.0597328999543, 0.0361534933488, 0.205042809767, 0.647114924353, 0.902709725002, 0.491567256683, 0.166417343785, 0.00490699680564, 0.697589981251, 0.919361998461, 0.310178382178, 0.573234976293, 0.196623109531, 0.0428435967103, 0.2331068093, 0.564644931749, 0.618627100601, 0.521823419098, 0.138223098884, 0.00471829355258, 0.52668703593, 0.95698294536, 0.433132258055, 0.909257239637, 0.00371327287227, 0.0416610632543, 0.280658957333, 0.0113293021775, 4.17241873162
0.0113293021775, 0.0114704646708, 0.443113410428, 0.0597328999543, 0.0361534933488, 0.205042809767, 0.647114924353, 0.902709725002, 0.491567256683, 0.166417343785, 0.00490699680564, 0.697589981251, 0.919361998461, 0.310178382178, 0.573234976293, 0.196623109531, 0.0428435967103, 0.2331068093, 0.564644931749, 0.618627100601, 0.521823419098, 0.138223098884, 0.00471829355258, 0.52668703593, 0.95698294536, 0.433132258055, 0.909257239637, 0.00371327287227, 0.0416610632543, 0.280658957333, 0.0113293021775, 4.17241873162
0.208553302039, 0.26313843032, 0.811372678569, 0.518527157504, 0.299030664473, 0.0259219099224, 0.996282996685, 0.0474572076218, 0.0341129017718, 0.942655180422, 0.129178281395, 0.00624556705786, 0.560614736303, 0.362529434513, 0.273966909593, 0.11859013679, 0.89033806714, 0.00679656517964, 0.502804829706, 0.233190968323, 0.97991101015, 0.532385206518, 0.982509237593, 0.371634738739, 0.0102955260196, 0.0386001081163, 0.261861208202, 0.0495417270123, 0.403613292514, 0.631439802072, 0.208553302039, 3.53311768413
0.208553302039, 0.26313843032, 0.811372678569, 0.518527157504, 0.299030664473, 0.0259219099224, 0.996282996685, 0.0474572076218, 0.0341129017718, 0.942655180422, 0.129178281395, 0.00624556705786, 0.560614736303, 0.362529434513, 0.273966909593, 0.11859013679, 0.89033806714, 0.00679656517964, 0.502804829706, 0.233190968323, 0.97991101015, 0.532385206518, 0.982509237593, 0.371634738739, 0.0102955260196, 0.0386001081163, 0.261861208202, 0.0495417270123, 0.403613292514, 0.631439802072, 0.208553302039, 3.53311768413
0.785798443674, 0.0271161215896, 0.22041576821, 0.321603256772, 0.995240270615, 0.21159022333, 0.00996089110525, 0.308676562517, 0.160547669618, 0.216330047846, 0.549116746369, 0.0229265196457, 0.123478150449, 0.435249013141, 0.750469453535, 0.279763508578, 0.839557073678, 0.599533312699, 0.397046026669, 0.530850573885, 0.865038304296, 0.0203698865203, 0.035846345242, 0.0445190418819, 0.113720827683, 0.0406744900188, 0.686505001396, 0.181886986916, 0.385116474111, 0.0788787958942, 0.785798443674, 2.17530645341
0.785798443674, 0.0271161215896, 0.22041576821, 0.321603256772, 0.995240270615, 0.21159022333, 0.00996089110525, 0.308676562517, 0.160547669618, 0.216330047846, 0.549116746369, 0.0229265196457, 0.123478150449, 0.435249013141, 0.750469453535, 0.279763508578, 0.839557073678, 0.599533312699, 0.397046026669, 0.530850573885, 0.865038304296, 0.0203698865203, 0.035846345242, 0.0445190418819, 0.113720827683, 0.0406744900188, 0.686505001396, 0.181886986916, 0.385116474111, 0.0788787958942, 0.785798443674, 2.17530645341
0.609385309624, 0.456398276556, 0.200600486382, 0.246091561342, 0.106913007324, 0.670369017247, 0.942909251855, 0.0031585234087, 0.630611177211, 0.0698985995655, 0.11446617715, 0.847728614242, 0.677997648805, 0.26718845933, 0.654578288047, 0.0415544197163, 0.700621347547, 0.908608595088, 0.112638938051, 0.0727998880505, 0.204743573298, 0.105669202271, 0.534397804155, 0.464307869116, 0.0857071115481, 0.464273204072, 0.00736041018296, 0.544363859407, 0.000426595978933, 0.0453407234182, 0.609385309624, 2.56769282414
0.609385309624, 0.456398276556, 0.200600486382, 0.246091561342, 0.106913007324, 0.670369017247, 0.942909251855, 0.0031585234087, 0.630611177211, 0.0698985995655, 0.11446617715, 0.847728614242, 0.677997648805, 0.26718845933, 0.654578288047, 0.0415544197163, 0.700621347547, 0.908608595088, 0.112638938051, 0.0727998880505, 0.204743573298, 0.105669202271, 0.534397804155, 0.464307869116, 0.0857071115481, 0.464273204072, 0.00736041018296, 0.544363859407, 0.000426595978933, 0.0453407234182, 0.609385309624, 2.56769282414
0.630329137243, 0.853109898089, 0.185952898856, 0.0567891285885, 0.415733611043, 0.0801537368263, 0.209503117463, 0.0854640301366, 0.0560017527083, 0.383401965454, 0.389603665765, 0.600467929315, 0.563872415126, 0.369538554396, 0.174327559362, 0.358401065881, 0.0632255161086, 0.606062931093, 0.0651067922114, 0.130825887672, 0.701321484816, 0.0358259637565, 0.175547418289, 0.845946078074, 0.119666870776, 0.218007463497, 0.755239180473, 0.304788263489, 0.742856548251, 0.301529397209, 0.630329137243, 2.45734721447
0.630329137243, 0.853109898089, 0.185952898856, 0.0567891285885, 0.415733611043, 0.0801537368263, 0.209503117463, 0.0854640301366, 0.0560017527083, 0.383401965454, 0.389603665765, 0.600467929315, 0.563872415126, 0.369538554396, 0.174327559362, 0.358401065881, 0.0632255161086, 0.606062931093, 0.0651067922114, 0.130825887672, 0.701321484816, 0.0358259637565, 0.175547418289, 0.845946078074, 0.119666870776, 0.218007463497, 0.755239180473, 0.304788263489, 0.742856548251, 0.301529397209, 0.630329137243, 2.45734721447
0.000782218801409, 0.553677243092, 0.704392580794, 0.572150953141, 0.985575371293, 0.161536535731, 0.410343012172, 0.588652351846, 0.131024221236, 0.59199682737, 0.0873667621266, 0.214357498266, 0.0686245103898, 0.271885260938, 0.0786145773702, 0.951460605371, 0.532053395401, 0.628644153508, 0.22647396756, 0.533836418258, 0.690899807835, 0.442546549652, 0.913023255774, 0.704006143161, 0.502284427621, 0.663300130208, 0.389843513658, 0.16339827248, 0.00569261865954, 0.32941088151, 0.000782218801409, 5.00166700747
0.000782218801409, 0.553677243092, 0.704392580794, 0.572150953141, 0.985575371293, 0.161536535731, 0.410343012172, 0.588652351846, 0.131024221236, 0.59199682737, 0.0873667621266, 0.214357498266, 0.0686245103898, 0.271885260938, 0.0786145773702, 0.951460605371, 0.532053395401, 0.628644153508, 0.22647396756, 0.533836418258, 0.690899807835, 0.442546549652, 0.913023255774, 0.704006143161, 0.502284427621, 0.663300130208, 0.389843513658, 0.16339827248, 0.00569261865954, 0.32941088151, 0.000782218801409, 5.00166700747
0.892532433808, 0.520769539965, 0.023342912753, 0.497913551555, 0.586095687568, 0.12728715015, 0.105389140375, 0.0854640301366, 0.110532552723, 0.888038604038, 0.0210667588008, 0.600467929315, 0.599156369458, 0.615093659993, 0.0493665681175, 0.181392105204, 0.17934200011, 0.447019165143, 0.0651067922114, 0.665877966215, 0.568862876764, 0.0640900938215, 0.16926769992, 0.936086185985, 0.458898245553, 0.218007463497, 0.853888096791, 0.0299909709146, 0.0189872769252, 0.301529397209, 0.892532433808, 2.18691582455
0.892532433808, 0.520769539965, 0.023342912753, 0.497913551555, 0.586095687568, 0.12728715015, 0.105389140375, 0.0854640301366, 0.110532552723, 0.888038604038, 0.0210667588008, 0.600467929315, 0.599156369458, 0.615093659993, 0.0493665681175, 0.181392105204, 0.17934200011, 0.447019165143, 0.0651067922114, 0.665877966215, 0.568862876764, 0.0640900938215, 0.16926769992, 0.936086185985, 0.458898245553, 0.218007463497, 0.853888096791, 0.0299909709146, 0.0189872769252, 0.301529397209, 0.892532433808, 2.18691582455
0.392516517456, 0.0876241061323, 0.242191375372, 0.96360287997, 0.0525582325105, 0.094663321083, 0.0173561296306, 0.436842100847, 0.0282485954255, 0.343411087906, 0.999308127582, 0.672139373701, 0.909490831448, 0.726296590576, 0.341872353315, 0.551753871892, 0.033933088305, 0.739423081513, 0.625864063082, 0.0724591086845, 0.137693770871, 0.973042102328, 0.407256498387, 0.0876298455905, 0.169723714112, 0.088936230498, 0.0965378254126, 0.40849890457, 0.0025177909837, 0.0289144699635, 0.392516517456, 2.92357421392
0.609385309624, 0.456398276556, 0.200600486382, 0.246091561342, 0.106913007324, 0.670369017247, 0.942909251855, 0.0031585234087, 0.118216118368, 0.0698985995655, 0.11446617715, 0.870087245272, 0.479428299257, 0.336083085971, 0.654578288047, 0.0415544197163, 0.700621347547, 0.908608595088, 0.112638938051, 0.125180666259, 0.204743573298, 0.0523057901614, 0.534397804155, 0.464307869116, 0.0857071115481, 0.769302076113, 0.00736041018296, 0.544363859407, 0.364666771615, 0.0453407234182, 0.609385309624, 2.57988557271
0.392516517456, 0.0876241061323, 0.242191375372, 0.96360287997, 0.0525582325105, 0.094663321083, 0.0173561296306, 0.436842100847, 0.0282485954255, 0.343411087906, 0.999308127582, 0.672139373701, 0.909490831448, 0.726296590576, 0.341872353315, 0.551753871892, 0.033933088305, 0.739423081513, 0.625864063082, 0.0724591086845, 0.137693770871, 0.973042102328, 0.407256498387, 0.0876298455905, 0.169723714112, 0.088936230498, 0.0965378254126, 0.40849890457, 0.0025177909837, 0.0289144699635, 0.392516517456, 2.92357421392
0.630329137243, 0.55527117011, 0.185952898856, 0.0567891285885, 0.415733611043, 0.37951080264, 0.209503117463, 0.0854640301366, 0.0560017527083, 0.596366432222, 0.389603665765, 0.600467929315, 0.563872415126, 0.369538554396, 0.174327559362, 0.358401065881, 0.0632255161086, 0.606062931093, 0.0651067922114, 0.130825887672, 0.701321484816, 0.0358259637565, 0.175547418289, 0.845946078074, 0.119666870776, 0.218007463497, 0.755239180473, 0.227513429159, 0.742856548251, 0.301529397209, 0.630329137243, 2.49155806263
0.281372171763, 0.0164653543912, 0.328629669217, 0.0201865557888, 0.0361534933488, 0.205042809767, 0.647114924353, 0.902709725002, 0.0535036964656, 0.426665715271, 0.769642950535, 0.120749974647, 0.924552904257, 0.310178382178, 0.573234976293, 0.113191830313, 0.0428435967103, 0.803179073594, 0.301205124321, 0.618627100601, 0.378661871052, 0.510176141692, 0.115249657881, 0.429726663121, 0.0842705394873, 0.372895488334, 0.909257239637, 0.224976718052, 0.222328035459, 0.277128423153, 0.281372171763, 3.22852984716
0.785798443674, 0.0271161215896, 0.207137402436, 0.321603256772, 0.995240270615, 0.21159022333, 0.132227958753, 0.289742542321, 0.138725516296, 0.216330047846, 0.777356689669, 0.0229265196457, 0.123478150449, 0.142593912544, 0.750469453535, 0.279763508578, 0.832988917454, 0.599533312699, 0.397046026669, 0.54427365927, 0.735132028105, 0.197193018737, 0.035846345242, 0.0449206878228, 0.113720827683, 0.0406744900188, 0.686505001396, 0.417813718331, 0.385116474111, 0.052813526034, 0.785798443674, 2.23995286935
0.281372171763, 0.0164653543912, 0.328629669217, 0.0201865557888, 0.0361534933488, 0.205042809767, 0.647114924353, 0.902709725002, 0.0535036964656, 0.426665715271, 0.769642950535, 0.120749974647, 0.924552904257, 0.310178382178, 0.573234976293, 0.113191830313, 0.0428435967103, 0.803179073594, 0.301205124321, 0.618627100601, 0.378661871052, 0.510176141692, 0.115249657881, 0.429726663121, 0.0842705394873, 0.372895488334, 0.909257239637, 0.224976718052, 0.222328035459, 0.277128423153, 0.281372171763, 3.22852984716
0.609385309624, 0.456398276556, 0.200600486382, 0.246091561342, 0.106913007324, 0.670369017247, 0.942909251855, 0.0031585234087, 0.118216118368, 0.0698985995655, 0.11446617715, 0.870087245272, 0.479428299257, 0.336083085971, 0.654578288047, 0.0415544197163, 0.700621347547, 0.908608595088, 0.112638938051, 0.125180666259, 0.204743573298, 0.0523057901614, 0.534397804155, 0.464307869116, 0.0857071115481, 0.769302076113, 0.00736041018296, 0.544363859407, 0.364666771615, 0.0453407234182, 0.609385309624, 2.57988557271
0.175189071787, 0.0266621620328, 0.472686161889, 0.00135845681871, 0.122577959822, 0.00567139276571, 0.871249312815, 0.432542595647, 0.0720919294752, 0.141243801198, 0.0107527708358, 0.310639438016, 0.351587831251, 0.315712511752, 0.663390726732, 0.658811146752, 0.756866923146, 0.83188359102, 0.486710583177, 0.224975630302, 0.837982920557, 0.178831374969, 0.686728823087, 0.157211222291, 0.285896627492, 0.710936664595, 0.914912830041, 0.768332408785, 0.0974326511263, 0.465310766462, 0.175189071787, 3.77542586977
0.0113293021775, 0.0312740129684, 0.443113410428, 0.0481147372671, 0.0361534933488, 0.205042809767, 0.647114924353, 0.902709725002, 0.488163807666, 0.166417343785, 0.00490699680564, 0.500447095097, 0.919361998461, 0.511368488113, 0.246933207128, 0.196623109531, 0.0428435967103, 0.2331068093, 0.393634704417, 0.618627100601, 0.62023929014, 0.62420156311, 0.00471829355258, 0.663942371536, 0.760844037646, 0.433132258055, 0.909257239637, 0.00371327287227, 0.0416610632543, 0.280658957333, 0.0113293021775, 4.18361864563
0.00200623205302, 0.183712816995, 0.329328026307, 0.0418773392937, 0.399802446849, 0.538703152297, 0.311021997632, 0.0615470177401, 0.551989697461, 0.0316480689574, 0.609693868589, 0.14352769653, 0.961910420686, 0.236729039466, 0.111769757153, 0.532227529536, 0.190891958914, 0.955778316427, 0.165400305103, 0.133568611812, 0.0448233623213, 0.764070857952, 0.867064297372, 0.985178101166, 0.847343417197, 0.858743383684, 0.165463298696, 0.238631418739, 0.447403619571, 0.406738289468, 0.00200623205302, 4.66259477459
0.00847879951491, 0.507780409621, 0.702737835331, 0.0587995751106, 0.956782981376, 0.328289104533, 0.58519706813, 0.602690114239, 0.296504065311, 0.106420955167, 0.55918394386, 0.0315045038815, 0.124781964869, 0.225661776721, 0.21244386973, 0.00307710034224, 0.173894612014, 0.792834442748, 0.271006458863, 0.519807401488, 0.994089441845, 0.417588366366, 0.70281048908, 0.476074115707, 0.531241371945, 0.634528733237, 0.0212530534054, 0.314001136263, 0.14685131089, 0.684758408192, 0.00847879951491, 4.51871321294
0.0587328787239, 0.0322930846941, 0.485893896106, 0.0178115127952, 0.0361534933488, 0.284405135123, 0.546178817035, 0.671548530446, 0.257981492095, 0.281426189744, 0.769642950535, 0.314561181794, 0.919361998461, 0.310178382178, 0.747781998049, 0.196623109531, 0.668675611431, 0.0488941754128, 0.0618947733841, 0.618627100601, 0.38619264005, 0.022810691252, 0.0222903084685, 0.747255220832, 0.833527673135, 0.383875985452, 0.909257239637, 0.286891703255, 0.222328035459, 0.280658957333, 0.0587328787239, 4.011432285
0.785798443674, 0.0271161215896, 0.207137402436, 0.321603256772, 0.995240270615, 0.21159022333, 0.132227958753, 0.289742542321, 0.138725516296, 0.216330047846, 0.777356689669, 0.0229265196457, 0.123478150449, 0.142593912544, 0.750469453535, 0.279763508578, 0.832988917454, 0.599533312699, 0.397046026669, 0.54427365927, 0.735132028105, 0.197193018737, 0.035846345242, 0.0449206878228, 0.113720827683, 0.0406744900188, 0.686505001396, 0.417813718331, 0.385116474111, 0.052813526034, 0.785798443674, 2.23995286935
0.118580532494, 0.0617908364858, 0.432338969762, 0.209523943614, 0.707535386965, 0.747222493523, 0.123185905327, 0.23289876996, 0.86726038785, 0.0689228605587, 0.518321933761, 0.285326777613, 0.474367652258, 0.138581869909, 0.00432922116261, 0.872556809265, 0.585715488329, 0.295764390938, 0.0578328202634, 0.0346592955628, 0.202765363949, 0.276842826526, 0.703692392199, 0.975108200816, 0.176881642627, 0.0684197618958, 0.426222804617, 0.987145737389, 0.393038150427, 0.865990730067, 0.118580532494, 3.91689911303
0.630329137243, 0.55527117011, 0.185952898856, 0.0567891285885, 0.415733611043, 0.37951080264, 0.209503117463, 0.0854640301366, 0.0560017527083, 0.596366432222, 0.389603665765, 0.600467929315, 0.563872415126, 0.369538554396, 0.174327559362, 0.358401065881, 0.0632255161086, 0.606062931093, 0.0651067922114, 0.130825887672, 0.701321484816, 0.0358259637565, 0.175547418289, 0.845946078074, 0.119666870776, 0.218007463497, 0.755239180473, 0.227513429159, 0.742856548251, 0.301529397209, 0.630329137243, 2.49155806263
