0.280135550306, 0.770029321199, 0.668805976648, 0.511742830995, 0.692446432247, 0.341488930417, 0.432928049724, 0.627157420564, 0.618258696399, 0.475124727708, 0.589749675199, 0.337567092859, 0.449937826404, 0.636533389445, 0.127180757106, 0.131961329481, 0.319914862065, 0.975852662946, 0.491154158872
0.298327243574, 0.190724232911, 0.658801089873, 0.547986245757, 0.446981852858, 0.355992880741, 0.433429442754, 0.52086631161, 0.589341324384, 0.547907893856, 0.646345522674, 0.337611062381, 0.33948257373, 0.612155761626, 0.319181566324, 0.371328692453, 0.824413731808, 0.296179517563, 0.508024691232
0.298327243574, 0.190724232911, 0.658801089873, 0.547986245757, 0.446981852858, 0.355992880741, 0.433429442754, 0.52086631161, 0.589341324384, 0.547907893856, 0.646345522674, 0.337611062381, 0.33948257373, 0.612155761626, 0.319181566324, 0.371328692453, 0.824413731808, 0.296179517563, 0.508024691232
0.620779432675, 0.260603731541, 0.720855207468, 0.547810241184, 0.447018200666, 0.347892596587, 0.574628479285, 0.59938481596, 0.622529576427, 0.436754565198, 0.646483950055, 0.380938861141, 0.339832202138, 0.634319982237, 0.162404614656, 0.188832260016, 0.531138830773, 0.254520678103, 0.943434364456
0.278499344733, 0.823538602963, 0.394856802708, 0.611541883231, 0.525711057623, 0.347809326512, 0.477534478122, 0.601872704124, 0.621410528849, 0.436617172411, 0.64611260681, 0.392453265723, 0.341254988886, 0.594957960013, 0.129522567693, 0.185244052205, 0.161449622453, 0.976321821939, 0.474735105732
0.278499344733, 0.823538602963, 0.394856802708, 0.611541883231, 0.525711057623, 0.347809326512, 0.477534478122, 0.601872704124, 0.621410528849, 0.436617172411, 0.64611260681, 0.392453265723, 0.386820747549, 0.594957960013, 0.128090435902, 0.183195807633, 0.15966447303, 0.965526625823, 0.469485956881
0.267632172769, 0.262344178641, 0.455543892054, 0.0011061358042, 0.448443136478, 0.344875270184, 0.480423501493, 0.449993313615, 0.609226079803, 0.540315864437, 0.695985891063, 0.341129044403, 0.339868247184, 0.598111805223, 0.721024472624, 0.00125279141818, 0.626754766086, 0.417601439016, 0.466107580654
0.286494853815, 0.253918477409, 0.393388439805, 0.496556289687, 0.516625868653, 0.347728088307, 0.433345395701, 0.448228361412, 0.525361406434, 0.534818197758, 0.59013538395, 0.383270965846, 0.345480845048, 0.633838255329, 0.526956635852, 0.521286249538, 0.526861667774, 0.383259931477, 0.476738567117
0.258626709412, 0.260372892747, 0.316033962692, 0.502617050843, 0.52016425567, 0.353915985577, 0.433093971471, 0.521122539025, 0.524692819011, 0.479104421244, 0.590172078475, 0.379444902452, 0.377456389839, 0.598377779053, 0.561062398949, 0.565694357392, 0.431572009954, 0.392743931691, 0.424834694348
0.258626709412, 0.260372892747, 0.316033962692, 0.502617050843, 0.52016425567, 0.353915985577, 0.433093971471, 0.521122539025, 0.524692819011, 0.479104421244, 0.590172078475, 0.379444902452, 0.377456389839, 0.598377779053, 0.561062398949, 0.565694357392, 0.431572009954, 0.392743931691, 0.424834694348
0.885148399152, 0.26060879489, 0.872066891399, 0.503825279641, 0.516681189149, 0.326624816544, 0.43312538612, 0.523756419389, 0.525357666335, 0.474536130445, 0.646688497705, 0.381344434064, 0.473781921429, 0.634316852266, 0.0251942564251, 0.0254988616143, 0.175969404038, 0.0779166260352, 1.0732840344
0.258058666398, 0.364549716979, 0.650592779493, 0.00179322024224, 0.44878987896, 0.365130263633, 0.480610236914, 0.521606420484, 0.525372939305, 0.532343902558, 0.589699395315, 0.383283080638, 0.339833764632, 0.597406870215, 0.435243273352, 0.00122598943067, 0.711742034923, 0.537848884639, 0.425956398272
0.26267374053, 0.235593091375, 0.720855207468, 0.547810141122, 0.447839595469, 0.402993631139, 0.574184830538, 0.59938481596, 0.622529576427, 0.436753516915, 0.646483950055, 0.380938861141, 0.377284969938, 0.634319982237, 0.263691057981, 0.306600663405, 0.862392579926, 0.369515349518, 0.447217674294
0.885148399152, 0.253918477409, 0.39541617205, 0.496556289687, 0.508853681231, 0.348984174272, 0.480402811041, 0.516706198893, 0.528509110034, 0.53862899016, 0.64826655505, 0.344580249801, 0.472225090158, 0.634363098394, 0.104275496147, 0.103153425931, 0.104961524903, 0.0760129106233, 1.07311203154
0.272102106892, 0.44868885672, 0.662206137203, 0.00494100069992, 0.44841204487, 0.345059879021, 0.480610236914, 0.520927276983, 0.525372939305, 0.532343902558, 0.687047697752, 0.394085360491, 0.409336825791, 0.613655577831, 0.384651376401, 0.00298545688555, 0.655604192558, 0.646501127273, 0.454528571452
0.272102106892, 0.44868885672, 0.662206137203, 0.00494100069992, 0.44841204487, 0.345059879021, 0.480610236914, 0.520927276983, 0.525372939305, 0.532343902558, 0.687047697752, 0.394085360491, 0.409336825791, 0.613655577831, 0.384651376401, 0.00298545688555, 0.655604192558, 0.646501127273, 0.454528571452
0.301804263538, 0.264884433251, 0.420249156054, 0.00930716552289, 0.446276425779, 0.345100537214, 0.432913937669, 0.437216209452, 0.526660918074, 0.531108291421, 0.686983181573, 0.387894059901, 0.339900348067, 0.599079854744, 0.719888569902, 0.0105252770317, 0.558913944866, 0.402748602939, 0.5112864894
0.609023306801, 0.263687109282, 0.423723676416, 0.500213125044, 0.4471714583, 0.34789329845, 0.433552913645, 0.434946954481, 0.552734524188, 0.480787362142, 0.613353851651, 0.393706316759, 0.345248184361, 0.597751149919, 0.321277427872, 0.321492611887, 0.356829306639, 0.254038923135, 0.895213658542
0.258626709412, 0.24719664131, 0.322551845061, 0.502617050843, 0.524572257956, 0.353915985577, 0.482807185255, 0.521122539025, 0.524960115152, 0.479959293077, 0.590172078475, 0.379444902452, 0.377456389839, 0.598377779053, 0.560709908664, 0.565338957056, 0.441904088439, 0.372513931878, 0.423251911952
0.258626709412, 0.24719664131, 0.322551845061, 0.502617050843, 0.524572257956, 0.353915985577, 0.482807185255, 0.521122539025, 0.524960115152, 0.479959293077, 0.590172078475, 0.379444902452, 0.377456389839, 0.598377779053, 0.560709908664, 0.565338957056, 0.441904088439, 0.372513931878, 0.423251911952
0.258626709412, 0.24719664131, 0.322551845061, 0.502617050843, 0.524572257956, 0.353915985577, 0.482807185255, 0.521122539025, 0.524960115152, 0.479959293077, 0.590172078475, 0.379444902452, 0.377456389839, 0.598377779053, 0.560709908664, 0.565338957056, 0.441904088439, 0.372513931878, 0.423251911952
0.885148399152, 0.26392864161, 0.400565072401, 0.499986060377, 0.516625868653, 0.372807431551, 0.433357592375, 0.434996225944, 0.52536592362, 0.495867648011, 0.648287240933, 0.380165440502, 0.472225090158, 0.613457242715, 0.101006370673, 0.101001947437, 0.103974229285, 0.0777523591233, 1.0583156859
0.249094408041, 0.263515579176, 0.746909494283, 0.597349841436, 0.526029896473, 0.347815602998, 0.480420899452, 0.433752790947, 0.526451075476, 0.554445164191, 0.69205887912, 0.379450329828, 0.345235125585, 0.614269940985, 0.217086559231, 0.296193205898, 0.874536407778, 0.416690604237, 0.427400897059
0.314642325909, 0.451028977346, 0.405327452536, 0.549906212118, 0.440060020863, 0.348321399012, 0.477533017786, 0.604706831299, 0.588771307279, 0.480856207724, 0.590171893763, 0.379150337068, 0.445508616005, 0.630866430822, 0.380267693183, 0.445103465336, 0.432866038612, 0.623873071801, 0.516648978014
0.314642325909, 0.451028977346, 0.405327452536, 0.549906212118, 0.440060020863, 0.348321399012, 0.477533017786, 0.604706831299, 0.588771307279, 0.480856207724, 0.590171893763, 0.379150337068, 0.445508616005, 0.630866430822, 0.380267693183, 0.445103465336, 0.432866038612, 0.623873071801, 0.516648978014
0.257898498343, 0.265119649352, 0.455020993215, 0.501892143573, 0.441956540887, 0.364177312673, 0.47969067974, 0.437937475022, 0.524734035121, 0.557209842516, 0.590172078475, 0.341197637413, 0.452024309144, 0.633313669733, 0.484857506151, 0.487748266478, 0.596829413111, 0.402776211107, 0.426981232076
0.257898498343, 0.265119649352, 0.455020993215, 0.501892143573, 0.441956540887, 0.364177312673, 0.47969067974, 0.437937475022, 0.524734035121, 0.557209842516, 0.590172078475, 0.341197637413, 0.452024309144, 0.633313669733, 0.484857506151, 0.487748266478, 0.596829413111, 0.402776211107, 0.426981232076
0.257898498343, 0.265119649352, 0.455020993215, 0.501892143573, 0.441956540887, 0.364177312673, 0.47969067974, 0.437937475022, 0.524734035121, 0.557209842516, 0.590172078475, 0.341197637413, 0.452024309144, 0.633313669733, 0.484857506151, 0.487748266478, 0.596829413111, 0.402776211107, 0.426981232076
0.609986156937, 0.263687109282, 0.401354488394, 0.499987500727, 0.524893289908, 0.37288112479, 0.482656783685, 0.436129781429, 0.523347072627, 0.479897272257, 0.590172078475, 0.379589009729, 0.510228818275, 0.613846034782, 0.318051969774, 0.318039480875, 0.32825201523, 0.244798816181, 0.865428523288
0.258626709412, 0.24719664131, 0.669656888262, 0.506352249787, 0.524572257956, 0.353915985577, 0.482807185255, 0.521122539025, 0.525082174533, 0.455337847032, 0.684433637602, 0.379444902452, 0.377456389839, 0.598377779053, 0.324250370789, 0.330786606034, 0.811067296909, 0.382072737776, 0.434112667822
0.252237289344, 0.242484979039, 0.327907129374, 0.502617050843, 0.524572257956, 0.353915985577, 0.482807185255, 0.434903043979, 0.524960115152, 0.481137054738, 0.590172078475, 0.379444902452, 0.441225106954, 0.598366769303, 0.558031446451, 0.562638382283, 0.448553517466, 0.364643222449, 0.410338356441
0.314322914403, 0.770029321199, 0.663997540938, 0.511742830995, 0.511212975242, 0.341488930417, 0.432928049724, 0.626394043747, 0.526321755194, 0.495208430852, 0.590479184595, 0.378418580575, 0.445166761175, 0.647082963561, 0.118997745391, 0.123470728155, 0.294157433515, 0.901208653627, 0.518492301246
0.302776142175, 0.235865882238, 0.721014304288, 0.500964885448, 0.508767505829, 0.347481233964, 0.433999776029, 0.517854721013, 0.528232623062, 0.437490284216, 0.613444649816, 0.344426456062, 0.377489404232, 0.637331833968, 0.274010603836, 0.274842467328, 0.828173027517, 0.355262451937, 0.505334560461
0.376894550242, 0.263355954157, 0.273179352255, 0.500188006529, 0.524688889496, 0.347891576993, 0.414197797131, 0.515464400096, 0.552228115417, 0.548673372089, 0.678505972046, 0.348789939996, 0.345164384988, 0.634314858551, 0.553467505959, 0.553794502546, 0.358234600771, 0.377995607108, 0.632366686519
0.609986156937, 0.263687109282, 0.400019361293, 0.499987500727, 0.519300098361, 0.37288112479, 0.482808943609, 0.43613048267, 0.523347072627, 0.479897272257, 0.590172078475, 0.379589009729, 0.514654132344, 0.614224232242, 0.318521151636, 0.318508644313, 0.327290624201, 0.244785820475, 0.865382580034
0.314340579542, 0.364747493722, 0.405633643225, 0.496700755583, 0.403047298197, 0.347786640486, 0.480503197108, 0.602396833961, 0.526406468038, 0.48148312702, 0.589848297066, 0.383143826864, 0.447016235651, 0.630592590833, 0.459107024159, 0.454372925821, 0.47809052111, 0.518439124121, 0.514734084056
0.26816291093, 0.251603132599, 0.716127311836, 0.495110792915, 0.494039759953, 0.347805930451, 0.429957752782, 0.520890699375, 0.525361544072, 0.53367989724, 0.583290852107, 0.383282933645, 0.345096455296, 0.613926380059, 0.281549662504, 0.277257964314, 0.826642590399, 0.382221453022, 0.444804187129
0.26816291093, 0.251603132599, 0.716127311836, 0.495110792915, 0.494039759953, 0.347805930451, 0.429957752782, 0.520890699375, 0.525361544072, 0.53367989724, 0.583290852107, 0.383282933645, 0.345096455296, 0.613926380059, 0.281549662504, 0.277257964314, 0.826642590399, 0.382221453022, 0.444804187129
0.242020464732, 0.263515579176, 0.744939716196, 0.637604891469, 0.449435263284, 0.365113780409, 0.480601718515, 0.433752790947, 0.526451075476, 0.554558859528, 0.69205887912, 0.379450329828, 0.345198823184, 0.61479118943, 0.199768075638, 0.312181818006, 0.875035851411, 0.417472977645, 0.414768087936
0.899554139376, 0.261596259129, 0.395423256612, 0.496590672093, 0.513192123197, 0.372798041246, 0.429198021467, 0.434998300566, 0.525365967958, 0.538558047432, 0.648287240933, 0.383342349702, 0.471443344303, 0.635972076164, 0.0901545205404, 0.0891940353204, 0.0907546301219, 0.0679495315609, 1.06917688754
0.376894550242, 0.256027636602, 0.273179352255, 0.502610224922, 0.524569926335, 0.353801148071, 0.433375517589, 0.520848623036, 0.525265781465, 0.54898961731, 0.590749355695, 0.39116366248, 0.409119067329, 0.63260885738, 0.526051864779, 0.530383412843, 0.341793389118, 0.349424605334, 0.600350074212
0.611805882702, 0.262967840123, 0.423645495091, 0.500213125044, 0.4471714583, 0.347702233378, 0.461747250666, 0.434988778755, 0.552734524188, 0.480787362142, 0.59041863837, 0.393706316759, 0.484828194397, 0.597751149919, 0.310345886224, 0.31055374855, 0.344600961766, 0.244619439204, 0.872312640773
0.242020464732, 0.263515579176, 0.782832828201, 0.637604891469, 0.517994329612, 0.353364802552, 0.480601718515, 0.333221139133, 0.524701095061, 0.551060891856, 0.58635288014, 0.379444978158, 0.345198823184, 0.61479118943, 0.170531750893, 0.266493591889, 0.891218294718, 0.415461197982, 0.412769342991
0.242020464732, 0.263515579176, 0.782832828201, 0.637604891469, 0.517994329612, 0.353364802552, 0.480601718515, 0.333221139133, 0.524701095061, 0.551060891856, 0.58635288014, 0.379444978158, 0.345198823184, 0.61479118943, 0.170531750893, 0.266493591889, 0.891218294718, 0.415461197982, 0.412769342991
0.280122201237, 0.770185360191, 0.719656741791, 0.605989919196, 0.512880964647, 0.341547245902, 0.478058487306, 0.45078375634, 0.529113687478, 0.535166947981, 0.644962315361, 0.384147329893, 0.449937826404, 0.638741326517, 0.0858580312003, 0.120542405313, 0.314062514491, 0.919607788821, 0.46277765661
0.280105740149, 0.238929180402, 0.606926419894, 0.695018597466, 0.51537630198, 0.347549117634, 0.47846824623, 0.520360633897, 0.5904205344, 0.571801703899, 0.61318109107, 0.33810600402, 0.379153994033, 0.595578222147, 0.247206382972, 0.475926531694, 0.755299050805, 0.364960187607, 0.468712415459
0.280105740149, 0.238929180402, 0.606926419894, 0.695018597466, 0.51537630198, 0.347549117634, 0.47846824623, 0.520360633897, 0.5904205344, 0.571801703899, 0.61318109107, 0.33810600402, 0.379153994033, 0.595578222147, 0.247206382972, 0.475926531694, 0.755299050805, 0.364960187607, 0.468712415459
0.890876080245, 0.264882661869, 0.395150096577, 0.500012182805, 0.519300098361, 0.373026555455, 0.482808943609, 0.43613048267, 0.523319952037, 0.479897272257, 0.589015457471, 0.379477309022, 0.514654132344, 0.614224232242, 0.0949056785713, 0.094909311005, 0.095962460374, 0.0729075883526, 1.04203083202
0.890876080245, 0.264882661869, 0.395150096577, 0.500012182805, 0.519300098361, 0.373026555455, 0.482808943609, 0.43613048267, 0.523319952037, 0.479897272257, 0.589015457471, 0.379477309022, 0.514654132344, 0.614224232242, 0.0949056785713, 0.094909311005, 0.095962460374, 0.0729075883526, 1.04203083202
0.890876080245, 0.264882661869, 0.395150096577, 0.500012182805, 0.519300098361, 0.373026555455, 0.482808943609, 0.43613048267, 0.523319952037, 0.479897272257, 0.589015457471, 0.379477309022, 0.514654132344, 0.614224232242, 0.0949056785713, 0.094909311005, 0.095962460374, 0.0729075883526, 1.04203083202
0.890876080245, 0.264882661869, 0.395150096577, 0.500012182805, 0.519300098361, 0.373026555455, 0.482808943609, 0.43613048267, 0.523319952037, 0.479897272257, 0.589015457471, 0.379477309022, 0.514654132344, 0.614224232242, 0.0949056785713, 0.094909311005, 0.095962460374, 0.0729075883526, 1.04203083202
0.890876080245, 0.264882661869, 0.395150096577, 0.500012182805, 0.519300098361, 0.373026555455, 0.482808943609, 0.43613048267, 0.523319952037, 0.479897272257, 0.589015457471, 0.379477309022, 0.514654132344, 0.614224232242, 0.0949056785713, 0.094909311005, 0.095962460374, 0.0729075883526, 1.04203083202
0.890876080245, 0.264882661869, 0.395150096577, 0.500012182805, 0.519300098361, 0.373026555455, 0.482808943609, 0.43613048267, 0.523319952037, 0.479897272257, 0.589015457471, 0.379477309022, 0.514654132344, 0.614224232242, 0.0949056785713, 0.094909311005, 0.095962460374, 0.0729075883526, 1.04203083202
0.890876080245, 0.264882661869, 0.395150096577, 0.500012182805, 0.519300098361, 0.373026555455, 0.482808943609, 0.43613048267, 0.523319952037, 0.479897272257, 0.589015457471, 0.379477309022, 0.514654132344, 0.614224232242, 0.0949056785713, 0.094909311005, 0.095962460374, 0.0729075883526, 1.04203083202
0.890876080245, 0.264882661869, 0.395150096577, 0.500012182805, 0.519300098361, 0.373026555455, 0.482808943609, 0.43613048267, 0.523319952037, 0.479897272257, 0.589015457471, 0.379477309022, 0.514654132344, 0.614224232242, 0.0949056785713, 0.094909311005, 0.095962460374, 0.0729075883526, 1.04203083202
0.890876080245, 0.264882661869, 0.395150096577, 0.500012182805, 0.519300098361, 0.373026555455, 0.482808943609, 0.43613048267, 0.523319952037, 0.479897272257, 0.589015457471, 0.379477309022, 0.514654132344, 0.614224232242, 0.0949056785713, 0.094909311005, 0.095962460374, 0.0729075883526, 1.04203083202
0.28006351314, 0.265086706503, 0.423781623531, 0.500212996196, 0.447849921388, 0.364177312673, 0.432352393646, 0.435022013441, 0.524734473848, 0.554946236192, 0.590172078475, 0.37868968323, 0.451827472566, 0.596539883633, 0.491357685869, 0.491686586583, 0.545832452431, 0.390872478866, 0.454864630614
0.618262695985, 0.263932217883, 0.400565072401, 0.643008949385, 0.516625868653, 0.372807431551, 0.429906032889, 0.432336796527, 0.52536592362, 0.49478402423, 0.648287240933, 0.479236240477, 0.472305958339, 0.613626762537, 0.236027402047, 0.375834370944, 0.323043437809, 0.241576901091, 0.877317333777
0.618262695985, 0.263932217883, 0.400565072401, 0.643008949385, 0.516625868653, 0.372807431551, 0.429906032889, 0.432336796527, 0.52536592362, 0.49478402423, 0.648287240933, 0.479236240477, 0.472305958339, 0.613626762537, 0.236027402047, 0.375834370944, 0.323043437809, 0.241576901091, 0.877317333777
0.897082566149, 0.364747493722, 0.734095884155, 0.496734370499, 0.525338393736, 0.347480561245, 0.429758167429, 0.448458802288, 0.585183816522, 0.48225674915, 0.589848297066, 0.383143826864, 0.470114248878, 0.627190071115, 0.0420303297165, 0.0416013257667, 0.133253857653, 0.0940514739007, 1.06381009744
0.601243016073, 0.190724232911, 0.664101917459, 0.76332958512, 0.446981852858, 0.356051410475, 0.431894891803, 0.52086631161, 0.526597309804, 0.479706258297, 0.589417975295, 0.337558363337, 0.339464045398, 0.612155761626, 0.112933582581, 0.289654621737, 0.533505353966, 0.190730914637, 0.893171335503
0.252237289344, 0.242484979039, 0.649554572155, 0.502617050843, 0.524572257956, 0.353915985577, 0.482807185255, 0.434903043979, 0.525403884633, 0.481700342724, 0.590178031101, 0.379323588115, 0.441225106954, 0.597391314383, 0.335372447086, 0.338141178764, 0.775950313771, 0.364588625312, 0.410276917483
0.252237289344, 0.242484979039, 0.649554572155, 0.502617050843, 0.524572257956, 0.353915985577, 0.482807185255, 0.434903043979, 0.525403884633, 0.481700342724, 0.590178031101, 0.379323588115, 0.441225106954, 0.597391314383, 0.335372447086, 0.338141178764, 0.775950313771, 0.364588625312, 0.410276917483
0.890876080245, 0.264882661869, 0.295673377418, 0.502624828677, 0.524479427748, 0.362047037565, 0.482754657913, 0.436127326731, 0.524751320808, 0.449390507634, 0.640448258725, 0.379477309022, 0.406741644772, 0.597366885631, 0.106049132622, 0.106927254415, 0.0754488891163, 0.0744299032285, 1.06378849912
0.242169289265, 0.242538167458, 0.649554572155, 0.502617050843, 0.524572257956, 0.354031174598, 0.48290362513, 0.434903043979, 0.526464008532, 0.481700342724, 0.590178031101, 0.379323588115, 0.441225106954, 0.597391314383, 0.337543640767, 0.340330297152, 0.780973798654, 0.367037802419, 0.394722876262
0.620447187588, 0.26392864161, 0.400565072401, 0.500012578389, 0.519413472643, 0.372808922306, 0.427751939142, 0.434732030502, 0.523303385303, 0.495811785726, 0.648287240933, 0.379483456726, 0.469858480277, 0.614197557695, 0.316447141502, 0.31645964653, 0.325758840566, 0.243603809649, 0.891238510181
0.213664260915, 0.264127255929, 0.719656741791, 0.605989919196, 0.512880964647, 0.341547245902, 0.478058487306, 0.450628607423, 0.529113687478, 0.53473851353, 0.644962315361, 0.384147329893, 0.450651696233, 0.63433426616, 0.231888396905, 0.325565177029, 0.848231108902, 0.413012236861, 0.357406711132
0.213664260915, 0.264127255929, 0.719656741791, 0.605989919196, 0.512880964647, 0.341547245902, 0.478058487306, 0.450628607423, 0.529113687478, 0.53473851353, 0.644962315361, 0.384147329893, 0.450651696233, 0.63433426616, 0.231888396905, 0.325565177029, 0.848231108902, 0.413012236861, 0.357406711132
0.213664260915, 0.264127255929, 0.719656741791, 0.605989919196, 0.512880964647, 0.341547245902, 0.478058487306, 0.450628607423, 0.529113687478, 0.53473851353, 0.644962315361, 0.384147329893, 0.450651696233, 0.63433426616, 0.231888396905, 0.325565177029, 0.848231108902, 0.413012236861, 0.357406711132
0.314019864107, 0.263932955176, 0.40061693352, 0.507683717248, 0.520188951982, 0.449901312951, 0.482382514031, 0.434996225944, 0.528809887498, 0.495867648011, 0.643194455281, 0.380158429416, 0.448149532103, 0.613457242715, 0.481997935647, 0.493775660476, 0.502355900076, 0.375628688537, 0.501308692977
0.374462213992, 0.256051024702, 0.2751392544, 0.500015029313, 0.519321820088, 0.375113351026, 0.433375517589, 0.52512849615, 0.488879355399, 0.476335481839, 0.678505972046, 0.350976942958, 0.514914382884, 0.602707749045, 0.534091580404, 0.534116798657, 0.348415662939, 0.353851833323, 0.602901167026
0.302776142175, 0.235446930247, 0.721014304288, 0.500964885448, 0.508767505829, 0.353621161006, 0.483559526765, 0.517854721013, 0.525081171689, 0.437490284216, 0.589133386052, 0.344418602808, 0.37745668526, 0.598377792866, 0.269067819532, 0.269884677321, 0.813233895296, 0.348173961724, 0.496092295771
0.302776142175, 0.235446930247, 0.721014304288, 0.500964885448, 0.508767505829, 0.353621161006, 0.483559526765, 0.517854721013, 0.525081171689, 0.437490284216, 0.589133386052, 0.344418602808, 0.37745668526, 0.598377792866, 0.269067819532, 0.269884677321, 0.813233895296, 0.348173961724, 0.496092295771
0.302776142175, 0.235446930247, 0.721014304288, 0.500964885448, 0.508767505829, 0.353621161006, 0.483559526765, 0.517854721013, 0.525081171689, 0.437490284216, 0.589133386052, 0.344418602808, 0.37745668526, 0.598377792866, 0.269067819532, 0.269884677321, 0.813233895296, 0.348173961724, 0.496092295771
0.280828919933, 0.770185360191, 0.713659809775, 0.605989919196, 0.512880964647, 0.364515398296, 0.478058487306, 0.450363991823, 0.528918785678, 0.535166947981, 0.644962315361, 0.384253712459, 0.451973593522, 0.638741326517, 0.086965198115, 0.122096838383, 0.310493257512, 0.91325092183, 0.460903208164
0.280828919933, 0.770185360191, 0.713659809775, 0.605989919196, 0.512880964647, 0.364515398296, 0.478058487306, 0.450363991823, 0.528918785678, 0.535166947981, 0.644962315361, 0.384253712459, 0.451973593522, 0.638741326517, 0.086965198115, 0.122096838383, 0.310493257512, 0.91325092183, 0.460903208164
0.280828919933, 0.770185360191, 0.713659809775, 0.605989919196, 0.512880964647, 0.364515398296, 0.478058487306, 0.450363991823, 0.528918785678, 0.535166947981, 0.644962315361, 0.384253712459, 0.451973593522, 0.638741326517, 0.086965198115, 0.122096838383, 0.310493257512, 0.91325092183, 0.460903208164
0.242020464732, 0.278060383836, 0.714611709073, 0.637604891469, 0.494146975025, 0.348047464706, 0.480601718515, 0.433752790947, 0.466283362703, 0.554558859528, 0.581698094668, 0.383268224408, 0.345196892979, 0.61479118943, 0.214151308534, 0.334658801778, 0.826109978253, 0.427953671834, 0.404263940157
0.918228632116, 0.364411292483, 0.776448916226, 0.500012182805, 0.510281529745, 0.373654863491, 0.47785912329, 0.43613048267, 0.586057175548, 0.479924765564, 0.628366198386, 0.383325760981, 0.469007083106, 0.614224232242, 0.0280892272141, 0.0280903023053, 0.108438520927, 0.0744170431326, 1.06371018923
0.918228632116, 0.364411292483, 0.776448916226, 0.500012182805, 0.510281529745, 0.373654863491, 0.47785912329, 0.43613048267, 0.586057175548, 0.479924765564, 0.628366198386, 0.383325760981, 0.469007083106, 0.614224232242, 0.0280892272141, 0.0280903023053, 0.108438520927, 0.0744170431326, 1.06371018923
0.890876080245, 0.264882661869, 0.196765727714, 0.502624828677, 0.519348227998, 0.362047037565, 0.482811274998, 0.436127326731, 0.524751320808, 0.479837588106, 0.640448258725, 0.379477309022, 0.398584880232, 0.615414446127, 0.113311958054, 0.114250218437, 0.0513812002653, 0.0746399302003, 1.0667903071
0.243531957489, 0.242498392249, 0.649554572155, 0.50261022338, 0.524572261323, 0.354031174598, 0.48290362513, 0.516780647549, 0.52524628076, 0.480539146002, 0.590178031101, 0.379323588115, 0.441225106954, 0.597391314383, 0.336004949312, 0.338771636063, 0.777405326333, 0.365294579296, 0.395351034758
0.258637793951, 0.264819058586, 0.455031073421, 0.502624655607, 0.524478901258, 0.364177312673, 0.482754926737, 0.520080609045, 0.524962413173, 0.480576433478, 0.590172078475, 0.379422139846, 0.452024309144, 0.597052740646, 0.471524287923, 0.475428406028, 0.581108627615, 0.391659309409, 0.416973212742
0.258637793951, 0.264819058586, 0.455031073421, 0.502624655607, 0.524478901258, 0.364177312673, 0.482754926737, 0.520080609045, 0.524962413173, 0.480576433478, 0.590172078475, 0.379422139846, 0.452024309144, 0.597052740646, 0.471524287923, 0.475428406028, 0.581108627615, 0.391659309409, 0.416973212742
0.611805882702, 0.262982492279, 0.345117156659, 0.500212755886, 0.544025807822, 0.34787161643, 0.482246597589, 0.436135342425, 0.552734524188, 0.479910151906, 0.59041863837, 0.379234240047, 0.485198149737, 0.599779344934, 0.338435132343, 0.33866141542, 0.288368815626, 0.244979441449, 0.873550536025
0.611805882702, 0.262982492279, 0.345117156659, 0.500212755886, 0.544025807822, 0.34787161643, 0.482246597589, 0.436135342425, 0.552734524188, 0.479910151906, 0.59041863837, 0.379234240047, 0.485198149737, 0.599779344934, 0.338435132343, 0.33866141542, 0.288368815626, 0.244979441449, 0.873550536025
0.611805882702, 0.262982492279, 0.345117156659, 0.500212755886, 0.544025807822, 0.34787161643, 0.482246597589, 0.436135342425, 0.552734524188, 0.479910151906, 0.59041863837, 0.379234240047, 0.485198149737, 0.599779344934, 0.338435132343, 0.33866141542, 0.288368815626, 0.244979441449, 0.873550536025
0.258637793951, 0.265054341574, 0.455031073421, 0.502617149762, 0.524478901258, 0.364177312673, 0.482754926737, 0.520080609045, 0.535583510109, 0.480557195927, 0.590172078475, 0.379444796523, 0.452024309144, 0.597052740646, 0.471738101121, 0.475632773474, 0.581365220853, 0.392224100899, 0.417225477373
0.383654741785, 0.256051024702, 0.2751392544, 0.0126428243113, 0.437741757256, 0.375113351026, 0.433375517589, 0.52512849615, 0.488879355399, 0.476335481839, 0.678574818439, 0.379124301892, 0.520148579964, 0.60269410883, 0.74516051671, 0.0148003134902, 0.343789152788, 0.349153137848, 0.613686336781
0.383654741785, 0.256051024702, 0.2751392544, 0.0126428243113, 0.437741757256, 0.375113351026, 0.433375517589, 0.52512849615, 0.488879355399, 0.476335481839, 0.678574818439, 0.379124301892, 0.520148579964, 0.60269410883, 0.74516051671, 0.0148003134902, 0.343789152788, 0.349153137848, 0.613686336781
0.383654741785, 0.256305383229, 0.273389698488, 0.0126428243113, 0.437741757256, 0.37492861821, 0.478658230861, 0.525197547604, 0.488879355399, 0.569291458837, 0.677668989304, 0.379124301892, 0.520148579964, 0.60253439151, 0.745942456913, 0.0148158443186, 0.341666385655, 0.349465592924, 0.613659198621
0.383654741785, 0.256305383229, 0.273389698488, 0.0126428243113, 0.437741757256, 0.37492861821, 0.478658230861, 0.525197547604, 0.488879355399, 0.569291458837, 0.677668989304, 0.379124301892, 0.520148579964, 0.60253439151, 0.745942456913, 0.0148158443186, 0.341666385655, 0.349465592924, 0.613659198621
