2.73707222335, 0.730716457532, 21.0078057773, 7.54886198144, 8.21287600644, 3.89975040667, 5.00010847958, 3462.77280797, 695.906168976
2.73707222335, 0.730716457532, 21.0078057773, 7.54886198144, 8.21287600644, 3.89975040667, 5.00010847958, 3462.77280797, 695.906168976
2.73707222335, 0.730716457532, 21.0078057773, 7.54886198144, 8.21287600644, 3.89975040667, 5.00010847958, 3462.77280797, 695.906168976
2.73707222335, 0.730716457532, 21.0078057773, 7.54886198144, 8.21287600644, 3.89975040667, 5.00010847958, 3462.77280797, 695.906168976
2.8921208308, 0.757890574132, 17.0407909397, 7.42943655194, 8.0469326068, 3.89991560865, 5.00078571549, 2988.68129192, 696.826926803
2.8921208308, 0.757890574132, 17.0407909397, 7.42943655194, 8.0469326068, 3.89991560865, 5.00078571549, 2988.68129192, 696.826926803
2.8921208308, 0.757890574132, 19.2771176279, 7.42943655194, 7.48729984695, 3.89991560865, 5.00078571549, 3374.48899785, 696.007759052
2.8921208308, 0.757890574132, 19.2771176279, 7.42943655194, 7.48729984695, 3.89991560865, 5.00078571549, 3374.48899785, 696.007759052
2.63677570722, 0.727796143292, 19.2771176279, 7.44338538715, 8.0469326068, 3.89991560865, 5.00049425194, 3092.71852253, 696.267024385
2.63677570722, 0.727796143292, 19.2771176279, 7.44338538715, 8.0469326068, 3.89991560865, 5.00049425194, 3092.71852253, 696.267024385
2.60962705401, 0.757890574132, 21.0078057773, 7.35344744339, 8.0469326068, 3.8995764086, 5.00010847958, 3516.16379951, 695.675887351
2.60962705401, 0.757890574132, 21.0078057773, 7.35344744339, 8.0469326068, 3.8995764086, 5.00010847958, 3516.16379951, 695.675887351
2.67640812371, 0.757890574132, 27.3782482293, 7.39211143772, 8.29386047463, 3.89970507687, 5.00152918146, 4926.21667154, 694.626378914
2.67640812371, 0.757890574132, 27.3782482293, 7.39211143772, 8.29386047463, 3.89970507687, 5.00152918146, 4926.21667154, 694.626378914
2.65887331206, 0.701303825615, 17.1801856864, 7.58844312388, 7.46316205684, 3.89956200793, 5.0309259749, 2701.72155835, 697.760677516
2.65887331206, 0.701303825615, 17.1801856864, 7.58844312388, 7.46316205684, 3.89956200793, 5.0309259749, 2701.72155835, 697.760677516
2.60316188525, 0.728108814626, 17.1811112901, 7.40361466386, 8.05488424936, 3.36928201994, 5.02169292552, 2612.70463695, 1080.97310338
2.60316188525, 0.728108814626, 17.1811112901, 7.40361466386, 8.05488424936, 3.36928201994, 5.02169292552, 2612.70463695, 1080.97310338
2.60316188525, 0.702404010286, 17.1811112901, 7.39776835058, 8.05488424936, 3.58398819283, 5.07329269644, 2614.41269968, 898.47719335
2.60316188525, 0.702404010286, 17.1811112901, 7.39776835058, 8.05488424936, 3.58398819283, 5.07329269644, 2614.41269968, 898.47719335
2.71028172621, 0.757890574132, 27.8850587402, 7.51275754068, 8.25303686679, 3.89996080008, 5.10982949952, 5156.78436285, 694.483553296
2.71028172621, 0.757890574132, 27.8850587402, 7.51275754068, 8.25303686679, 3.89996080008, 5.10982949952, 5156.78436285, 694.483553296
2.77448195349, 0.730716457532, 19.2771176279, 7.44338538715, 8.0469326068, 3.89991560865, 5.00049425194, 3183.12084809, 696.241587571
2.77448195349, 0.730716457532, 19.2771176279, 7.44338538715, 8.0469326068, 3.89991560865, 5.00049425194, 3183.12084809, 696.241587571
2.77448195349, 0.730716457532, 19.2771176279, 7.44338538715, 8.0469326068, 3.89991560865, 5.00049425194, 3183.12084809, 696.241587571
2.77448195349, 0.730716457532, 19.2771176279, 7.44338538715, 8.0469326068, 3.89991560865, 5.00049425194, 3183.12084809, 696.241587571
2.71028172621, 0.757890574132, 21.2358332551, 7.35192606044, 8.22805550289, 3.89996080008, 5.19179762068, 3752.56023195, 695.417550045
2.71028172621, 0.757890574132, 21.2358332551, 7.35192606044, 8.22805550289, 3.89996080008, 5.19179762068, 3752.56023195, 695.417550045
2.71028172621, 0.757890574132, 21.2358332551, 7.51275754068, 8.22805550289, 3.89989318336, 5.00146437089, 3638.93685407, 695.558396716
2.71028172621, 0.757890574132, 21.2358332551, 7.51275754068, 8.22805550289, 3.89989318336, 5.00146437089, 3638.93685407, 695.558396716
2.63682322186, 0.757890574132, 17.002350323, 7.51275754068, 7.59494222081, 3.89989318336, 5.00152918146, 2855.00625806, 696.940770843
2.63682322186, 0.757890574132, 17.002350323, 7.51275754068, 7.59494222081, 3.89989318336, 5.00152918146, 2855.00625806, 696.940770843
2.77448195349, 0.727796143292, 25.0247056532, 7.58844312388, 8.0469326068, 3.89991560865, 5.00049425194, 4249.81767222, 695.043889745
2.77448195349, 0.727796143292, 25.0247056532, 7.58844312388, 8.0469326068, 3.89991560865, 5.00049425194, 4249.81767222, 695.043889745
2.95215858086, 0.757890574132, 27.9996207192, 7.51275754068, 8.25303686679, 3.89996080008, 5.02597252572, 5445.93792953, 694.471833113
2.95215858086, 0.757890574132, 27.9996207192, 7.51275754068, 8.25303686679, 3.89996080008, 5.02597252572, 5445.93792953, 694.471833113
2.67108238066, 0.727796143292, 26.9035904662, 7.32451188826, 8.0469326068, 3.89991560865, 5.00049425194, 4541.49212251, 694.661712329
2.67108238066, 0.727796143292, 26.9035904662, 7.32451188826, 8.0469326068, 3.89991560865, 5.00049425194, 4541.49212251, 694.661712329
2.60316188525, 0.702404010286, 17.1811112901, 7.39776835058, 8.05488424936, 3.36928201994, 5.07329269644, 2553.36875347, 1081.42069215
2.60316188525, 0.702404010286, 17.1811112901, 7.39776835058, 8.05488424936, 3.36928201994, 5.07329269644, 2553.36875347, 1081.42069215
2.67687832543, 0.703747608401, 17.1341601594, 8.07604454894, 7.51716627384, 3.34255037113, 5.02083326853, 2538.93184042, 1108.88156443
2.67687832543, 0.703747608401, 17.1341601594, 8.07604454894, 7.51716627384, 3.34255037113, 5.02083326853, 2538.93184042, 1108.88156443
2.67687832543, 0.703747608401, 17.1341601594, 8.07604454894, 7.82303126481, 3.21206624423, 5.02083326853, 2511.5740854, 1249.58431439
2.67687832543, 0.703747608401, 17.1341601594, 8.07604454894, 7.82303126481, 3.21206624423, 5.02083326853, 2511.5740854, 1249.58431439
2.73707222335, 0.757890574132, 21.0078057773, 7.50018804527, 8.06171698829, 3.89979815986, 5.00000481029, 3610.63644804, 695.654736862
2.73707222335, 0.757890574132, 21.0078057773, 7.50018804527, 8.06171698829, 3.89979815986, 5.00000481029, 3610.63644804, 695.654736862
2.62669853985, 0.700034644674, 25.6067490847, 7.79952864343, 7.948949648, 3.89999579968, 5.18628610967, 4133.55082676, 695.179351214
2.62669853985, 0.700034644674, 25.6067490847, 7.79952864343, 7.948949648, 3.89999579968, 5.18628610967, 4133.55082676, 695.179351214
2.80531859482, 0.726697103306, 25.6067490847, 7.83221161379, 7.73757284975, 3.89999899083, 5.2155526902, 4521.66981832, 695.039657331
2.80531859482, 0.726697103306, 25.6067490847, 7.83221161379, 7.73757284975, 3.89999899083, 5.2155526902, 4521.66981832, 695.039657331
2.80531859482, 0.726697103306, 25.6067490847, 7.83221161379, 7.73757284975, 3.89999899083, 5.2155526902, 4521.66981832, 695.039657331
2.80531859482, 0.726697103306, 25.6067490847, 7.83221161379, 7.73757284975, 3.89999899083, 5.2155526902, 4521.66981832, 695.039657331
2.63682322186, 0.700933702891, 17.0704069279, 7.30971852764, 8.14649672321, 3.6682869143, 5.05277933558, 2623.0225482, 837.912877546
2.63682322186, 0.700933702891, 17.0704069279, 7.30971852764, 8.14649672321, 3.6682869143, 5.05277933558, 2623.0225482, 837.912877546
2.8921208308, 0.757890574132, 23.2970063243, 7.38607810301, 8.0469326068, 3.89991560865, 5.00078571549, 4207.60302382, 695.059678218
2.8921208308, 0.757890574132, 23.2970063243, 7.38607810301, 8.0469326068, 3.89991560865, 5.00078571549, 4207.60302382, 695.059678218
2.67640812371, 0.757890574132, 26.8403311852, 7.6776565026, 8.0469326068, 3.89996058038, 5.00152918146, 4797.78701776, 694.666292823
2.67640812371, 0.757890574132, 26.8403311852, 7.6776565026, 8.0469326068, 3.89996058038, 5.00152918146, 4797.78701776, 694.666292823
2.67687832543, 0.703747608401, 17.1341601594, 8.07604454894, 7.82303126481, 3.21206624423, 5.06654995408, 2538.6329281, 1249.58431439
2.67687832543, 0.703747608401, 17.1341601594, 8.07604454894, 7.82303126481, 3.21206624423, 5.06654995408, 2538.6329281, 1249.58431439
2.63682322186, 0.700933702891, 17.0704069279, 7.35524924994, 8.14649672321, 3.6682869143, 5.05277933558, 2623.50374422, 837.976269115
2.67687832543, 0.703747608401, 17.1341601594, 8.07604454894, 7.60002622, 3.34255037113, 5.02083326853, 2540.57238163, 1108.88156443
2.67687832543, 0.703747608401, 17.1341601594, 8.07604454894, 7.60002622, 3.34255037113, 5.02083326853, 2540.57238163, 1108.88156443
2.63682322186, 0.700933702891, 17.0704069279, 7.35524924994, 8.14649672321, 3.6682869143, 5.05277933558, 2623.50374422, 837.976269115
2.67687832543, 0.703747608401, 17.1341601594, 8.07604454894, 7.32069867514, 3.87436301476, 5.03679478407, 2708.83187988, 712.062499703
2.8921208308, 0.757890574132, 23.2970063243, 7.42943655194, 8.0469326068, 3.89991560865, 5.00078571549, 4208.12095857, 695.083061159
2.67029290563, 0.727796143292, 26.9035904662, 7.44338538715, 8.0469326068, 3.89991560865, 5.00049425194, 4542.04979013, 694.713702997
2.62669853985, 0.708986612587, 25.6067490847, 7.92811193445, 7.948949648, 3.89999579968, 5.18628610967, 4200.79130917, 695.195064674
2.63967078915, 0.701303825615, 24.8648166252, 7.80865154269, 7.58385937281, 3.89970507687, 5.00123054267, 3896.92490193, 695.462017574
2.67108238066, 0.727796143292, 19.2771176279, 7.44338538715, 8.21966492473, 3.89991560865, 5.00049425194, 3115.20251025, 696.267024385
2.8921208308, 0.757890574132, 19.2771176279, 7.42943655194, 8.0469326068, 3.89991560865, 5.00078571549, 3385.48084086, 696.007759052
2.71028172621, 0.757890574132, 21.2358332551, 7.53405698868, 8.22805550289, 3.89989318336, 5.00146437089, 3639.19128193, 695.572427747
2.63967078915, 0.70072041015, 24.8648166252, 7.80865154269, 7.58385937281, 3.89970507687, 5.00123054267, 3892.8735106, 695.465807497
2.67029290563, 0.727796143292, 26.9035904662, 7.44338538715, 8.0469326068, 3.89991560865, 5.00049425194, 4542.04979013, 694.713702997
2.67640812371, 0.757890574132, 26.8403311852, 7.39229573676, 8.0469326068, 3.89970507687, 5.00075907405, 4793.83784641, 694.684814718
2.67108238066, 0.727796143292, 19.2771176279, 7.44338538715, 8.21966492473, 3.89991560865, 5.00049425194, 3115.20251025, 696.267024385
2.63682322186, 0.757890574132, 17.002350323, 7.51275754068, 8.22805550289, 3.89989318336, 5.00152918146, 2867.44504233, 696.940770843
2.8921208308, 0.757890574132, 19.2771176279, 7.42943655194, 8.0469326068, 3.89991560865, 5.00078571549, 3385.48084086, 696.007759052
2.73707222335, 0.757890574132, 21.0078057773, 7.50018804527, 8.06171698829, 3.8995764086, 5.00000481029, 3610.55775468, 695.773419818
2.67687832543, 0.703747608401, 17.1341601594, 8.07604454894, 7.32069867514, 3.87436301476, 5.03679478407, 2708.83187988, 712.062499703
2.71871155871, 0.701303825615, 17.1801856864, 7.58844312388, 7.46316205684, 3.89787762463, 5.0309259749, 2725.14208296, 698.665634905
2.92810085345, 0.700933702891, 17.0704069279, 7.83221161379, 7.96970671032, 3.89996136294, 5.12854286852, 2863.80162758, 697.905812227
2.67687832543, 0.703747608401, 17.1341601594, 7.60944330474, 8.19186854145, 3.89905652921, 5.12854286852, 2784.83147996, 698.049785458
2.67687832543, 0.703747608401, 17.1341601594, 8.07604454894, 7.71396671944, 3.89905652921, 5.12854286852, 2780.53048883, 698.619092184
2.73707222335, 0.757890574132, 21.0078057773, 7.50018804527, 8.06171698829, 3.8995764086, 5.00000481029, 3610.55775468, 695.773419818
2.71028172621, 0.757890574132, 21.2358332551, 7.51275754068, 8.22805550289, 3.89981011007, 5.00152918146, 3638.94524442, 695.602847772
2.71871155871, 0.701303825615, 17.1801856864, 7.58844312388, 7.46316205684, 3.89787762463, 5.0309259749, 2725.14208296, 698.665634905
2.8921208308, 0.757890574132, 23.2970063243, 7.42943655194, 8.0469326068, 3.89991560865, 5.00078571549, 4208.12095857, 695.083061159
2.62669853985, 0.708986612587, 25.6067490847, 7.92811193445, 7.948949648, 3.89999579968, 5.18628610967, 4200.79130917, 695.195064674
2.63967078915, 0.701303825615, 24.8648166252, 7.80865154269, 7.58385937281, 3.89970507687, 5.00123054267, 3896.92490193, 695.462017574
2.67687832543, 0.703747608401, 17.1341601594, 7.60944330474, 8.19186854145, 3.89905652921, 5.12854286852, 2784.83147996, 698.049785458
2.67687832543, 0.703747608401, 17.1341601594, 8.07604454894, 7.71396671944, 3.89905652921, 5.12854286852, 2780.53048883, 698.619092184
