2.8921208308, 0.79396141514, 27.5264192214, 7.36036012752, 7.77849515956, 3.89992765046, 5.00031135839, 5586.9335991, 694.354206918
2.8921208308, 0.79396141514, 27.5264192214, 7.36036012752, 7.77849515956, 3.89992765046, 5.00031135839, 5586.9335991, 694.354206918
2.63682322186, 0.700933702891, 17.0046532167, 7.72719159015, 8.2805662896, 3.06643096561, 5.02083326853, 2440.56210692, 1435.55754257
2.63682322186, 0.700933702891, 17.0046532167, 7.72719159015, 8.2805662896, 3.06643096561, 5.02083326853, 2440.56210692, 1435.55754257
2.65318444296, 0.703747608401, 17.1341601594, 7.70882683263, 8.14700191295, 3.21206624423, 5.02083326853, 2505.30194328, 1248.77790542
2.62243633684, 0.700933702891, 17.0055946062, 7.73363753115, 8.2805662896, 3.4938513308, 5.02046966393, 2543.98993076, 970.535721119
2.65318444296, 0.703747608401, 17.1341601594, 7.70882683263, 8.14700191295, 3.21206624423, 5.02083326853, 2505.30194328, 1248.77790542
2.60316188525, 0.700933702891, 17.0704069279, 7.30271942086, 7.51409486863, 3.73663568661, 5.02083326853, 2599.99685963, 792.759491112
2.63682322186, 0.700933702891, 17.0046532167, 7.72719159015, 8.2805662896, 3.5200837916, 5.02083326853, 2557.3523415, 948.988995872
2.67029290563, 0.757890574132, 27.9998542745, 7.35344744339, 7.32421828392, 3.89996080008, 5.02597252572, 5062.87945121, 694.412077784
2.60316188525, 0.700933702891, 17.0704069279, 7.30271942086, 7.51409486863, 3.73663568661, 5.02083326853, 2599.99685963, 792.759491112
2.6162867173, 0.700933702891, 17.1341601594, 7.35192606044, 7.48729984695, 3.89991560865, 5.00078571549, 2657.52793416, 697.322730905
2.71028172621, 0.757890574132, 26.4274159714, 7.51275754068, 8.2196370304, 3.89998375991, 5.02597252572, 4756.50613283, 694.633949159
2.67029290563, 0.700933702891, 27.9998542745, 7.35344744339, 7.60859968608, 3.89996080008, 5.02597252572, 4547.77282776, 694.642691098
2.82948679588, 0.727796143292, 27.5850426182, 7.40225126431, 8.14608468769, 3.899993846, 5.11104157467, 4940.85586366, 694.574626545
2.71028172621, 0.757890574132, 26.4274159714, 7.51275754068, 8.2196370304, 3.89998375991, 5.02597252572, 4756.50613283, 694.633949159
2.67108238066, 0.70279416514, 26.9035904662, 7.32451188826, 7.46775459172, 3.89991560865, 5.0002565893, 4322.03102866, 694.776763942
2.62017071979, 0.727796143292, 26.5331789587, 7.44338538715, 8.11405389357, 3.89991560865, 5.08401338441, 4460.343336, 694.759832431
2.63682322186, 0.757125500449, 22.8536987636, 7.30720340792, 8.0469326068, 3.89991560865, 5.00009191923, 3884.37323007, 695.097710608
2.6161403573, 0.757890574132, 22.9908024718, 7.30072529289, 8.22805550289, 3.89991560865, 5.19179762068, 4018.71892485, 695.066072662
2.63682322186, 0.700933702891, 17.0046532167, 7.72719159015, 8.2805662896, 3.5200837916, 5.02083326853, 2557.3523415, 948.988995872
2.63241790774, 0.727796143292, 19.2771176279, 7.44338538715, 8.21966492473, 3.89991560865, 5.01312219249, 3101.10076783, 696.267024385
2.63241790774, 0.709735137703, 19.0137735328, 7.35192606044, 8.0469326068, 3.89991654631, 5.00049425194, 2970.46931135, 696.440199895
2.62243633684, 0.700933702891, 17.0055946062, 7.73363753115, 8.2805662896, 3.4938513308, 5.02046966393, 2543.98993076, 970.535721119
2.63677570722, 0.724867455566, 22.9908024718, 7.32451188826, 7.41147352582, 3.89999559619, 5.00152918146, 3696.06630431, 695.223135637
2.63677570722, 0.769329137523, 22.1767639411, 7.40212852837, 7.70324971145, 3.89997514579, 5.00049425194, 3820.70545257, 695.178086264
2.71028172621, 0.710116581977, 17.6504067908, 7.42943655194, 7.48729984695, 3.89991560865, 5.00078571549, 2801.35194096, 697.058205791
2.6162867173, 0.710116581977, 17.0704069279, 7.35192606044, 7.48729984695, 3.89991560865, 5.00078571549, 2680.73041699, 697.244713217
2.67687832543, 0.757890574132, 27.3989534269, 7.40212852837, 7.32777493841, 3.89999508876, 5.05747255168, 4945.68687369, 694.473154213
2.67029290563, 0.757890574132, 27.9998542745, 7.35344744339, 7.32421828392, 3.89996080008, 5.02597252572, 5062.87945121, 694.412077784
2.63682322186, 0.757125500449, 19.2771176279, 7.55389156337, 8.0469326068, 3.89991560865, 5.00009191923, 3227.62947133, 696.112882773
2.66923500482, 0.724867455566, 19.3720996642, 7.33251327792, 8.0469326068, 3.89998958787, 5.00790197682, 3115.62550271, 696.127655431
2.63677570722, 0.713134884157, 25.1593332207, 7.40212852837, 7.70324971145, 3.89991560865, 5.00002147676, 4030.43872768, 695.00536562
2.67687832543, 0.757890574132, 23.9494454937, 7.42943655194, 7.48729984695, 3.89999508876, 5.00078571549, 4140.78996033, 694.932586784
2.71028172621, 0.710116581977, 17.6504067908, 7.42943655194, 7.48729984695, 3.89991560865, 5.00078571549, 2801.35194096, 697.058205791
2.6162867173, 0.769329137523, 17.1341601594, 7.3732872577, 7.48729984695, 3.89991560865, 5.00078571549, 2903.95851954, 696.622681136
2.63677570722, 0.713134884157, 22.1767639411, 7.40212852837, 7.70324971145, 3.89991560865, 5.00049425194, 3488.16264864, 695.559669925
2.71028172621, 0.742614477641, 21.473701131, 7.44338538715, 7.96829831237, 3.89991560865, 5.00078571549, 3589.82469347, 695.546132053
2.62017071979, 0.70173963368, 26.5331789587, 7.42943655194, 8.11405389357, 3.89991560865, 5.11104157467, 4269.64686038, 694.880618692
2.67687832543, 0.757890574132, 24.128141457, 7.42943655194, 7.48729984695, 3.89999508876, 5.00078571549, 4178.59595059, 694.904527165
2.63682322186, 0.757125500449, 19.2771176279, 7.55389156337, 8.0469326068, 3.89991560865, 5.00009191923, 3227.62947133, 696.112882773
2.63677570722, 0.776229607285, 19.2771176279, 7.44338538715, 8.0469326068, 3.89991560865, 5.00049425194, 3316.50895384, 695.881409794
2.67108238066, 0.724867455566, 22.1767639411, 7.32451188826, 8.0469326068, 3.89991560865, 5.13194650296, 3665.27365811, 695.429729777
2.71028172621, 0.742614477641, 21.473701131, 7.44338538715, 7.96829831237, 3.89991560865, 5.00078571549, 3589.82469347, 695.546132053
2.71028172621, 0.710116581977, 21.473701131, 7.44338538715, 8.07595726068, 3.89991560865, 5.00078571549, 3409.57648025, 695.777410248
2.67029290563, 0.776229607285, 19.2771176279, 7.35344744339, 7.60859968608, 3.89991560865, 5.02597252572, 3343.18453331, 695.814037055
2.63677570722, 0.769329137523, 22.1767639411, 7.40212852837, 7.70324971145, 3.89997514579, 5.00049425194, 3820.70545257, 695.178086264
2.63682322186, 0.757125500449, 22.8536987636, 7.30720340792, 8.0469326068, 3.89991560865, 5.00009191923, 3884.37323007, 695.097710608
2.67029290563, 0.776229607285, 19.8129420544, 7.41289809679, 7.64234586101, 3.89991560865, 5.00049425194, 3428.03358665, 695.710031053
2.63677570722, 0.713134884157, 22.1767639411, 7.40212852837, 7.70324971145, 3.89991560865, 5.00049425194, 3488.16264864, 695.559669925
2.6162867173, 0.700933702891, 17.1341601594, 7.35192606044, 7.48729984695, 3.89991560865, 5.00078571549, 2657.52793416, 697.322730905
2.62017071979, 0.70173963368, 26.5331789587, 7.42943655194, 8.11405389357, 3.89991560865, 5.11104157467, 4269.64686038, 694.880618692
2.67108238066, 0.70279416514, 26.9035904662, 7.32451188826, 7.46775459172, 3.89991560865, 5.0002565893, 4322.03102866, 694.776763942
2.66734685356, 0.724867455566, 26.9035904662, 7.32451188826, 8.2196370304, 3.89991560865, 5.0002565893, 4515.96449797, 694.6745774
2.62017071979, 0.727796143292, 26.5331789587, 7.44338538715, 8.11405389357, 3.89995088916, 5.10325906527, 4472.03118991, 694.740977379
2.63682322186, 0.778343013582, 17.0704069279, 7.38351037649, 7.52262427062, 3.89992909474, 5.00869094228, 2943.60716154, 696.569451519
2.6162867173, 0.769329137523, 17.1341601594, 7.3732872577, 7.48729984695, 3.89995262884, 5.00078571549, 2903.97168242, 696.602843309
2.67687832543, 0.757890574132, 23.9494454937, 7.42943655194, 7.48729984695, 3.89999508876, 5.00078571549, 4140.78996033, 694.932586784
2.67687832543, 0.757890574132, 24.128141457, 7.42943655194, 7.48729984695, 3.89999508876, 5.00078571549, 4178.59595059, 694.904527165
2.66734685356, 0.724867455566, 26.9035904662, 7.32451188826, 8.2196370304, 3.89991560865, 5.0002565893, 4515.96449797, 694.6745774
2.67029290563, 0.700933702891, 27.9998542745, 7.35344744339, 7.60859968608, 3.89996080008, 5.02597252572, 4547.77282776, 694.642691098
2.67108238066, 0.724867455566, 22.1767639411, 7.32451188826, 8.0469326068, 3.89991560865, 5.13194650296, 3665.27365811, 695.429729777
2.63677570722, 0.724867455566, 22.9908024718, 7.32451188826, 7.41147352582, 3.89999559619, 5.00152918146, 3696.06630431, 695.223135637
2.63241790774, 0.709735137703, 19.0137735328, 7.35192606044, 8.0469326068, 3.89991654631, 5.00049425194, 2970.46931135, 696.440199895
2.63682322186, 0.778343013582, 17.0704069279, 7.38351037649, 7.52262427062, 3.89992909474, 5.00869094228, 2943.60716154, 696.569451519
2.6162867173, 0.710116581977, 17.0704069279, 7.35192606044, 7.48729984695, 3.89991560865, 5.00078571549, 2680.73041699, 697.244713217
2.67029290563, 0.776229607285, 19.8129420544, 7.41289809679, 7.64234586101, 3.89991560865, 5.00049425194, 3428.03358665, 695.710031053
2.71028172621, 0.710116581977, 21.473701131, 7.44338538715, 8.07595726068, 3.89991560865, 5.00078571549, 3409.57648025, 695.777410248
2.63677570722, 0.776229607285, 19.2771176279, 7.44338538715, 8.0469326068, 3.89991560865, 5.00049425194, 3316.50895384, 695.881409794
2.63241790774, 0.776229607285, 19.3229649412, 7.44338538715, 8.21966492473, 3.89991560865, 5.01312219249, 3332.7228597, 695.868115931
2.63241790774, 0.727796143292, 19.2771176279, 7.44338538715, 8.21966492473, 3.89991560865, 5.01312219249, 3101.10076783, 696.267024385
2.66923500482, 0.724867455566, 19.3720996642, 7.33251327792, 8.0469326068, 3.89998958787, 5.00790197682, 3115.62550271, 696.127655431
2.62017071979, 0.727796143292, 26.5331789587, 7.44338538715, 8.11405389357, 3.89995088916, 5.10325906527, 4472.03118991, 694.740977379
2.62017071979, 0.727796143292, 26.5331789587, 7.44338538715, 8.11405389357, 3.89991560865, 5.08401338441, 4460.343336, 694.759832431
2.67029290563, 0.776229607285, 19.2771176279, 7.35344744339, 7.60859968608, 3.89991560865, 5.02597252572, 3343.18453331, 695.814037055
2.63241790774, 0.776229607285, 19.3229649412, 7.44338538715, 8.21966492473, 3.89991560865, 5.01312219249, 3332.7228597, 695.868115931
2.67029290563, 0.727796143292, 24.4022688743, 7.42943655194, 8.0469326068, 3.89991560865, 5.00049425194, 4025.18023476, 695.059757306
2.6161403573, 0.757890574132, 22.9908024718, 7.30072529289, 8.22805550289, 3.89991560865, 5.19179762068, 4018.71892485, 695.066072662
2.63677570722, 0.713134884157, 25.1593332207, 7.40212852837, 7.70324971145, 3.89991560865, 5.00002147676, 4030.43872768, 695.00536562
2.67029290563, 0.727796143292, 24.4022688743, 7.42943655194, 8.0469326068, 3.89991560865, 5.00049425194, 4025.18023476, 695.059757306
2.67687832543, 0.757890574132, 27.3989534269, 7.40212852837, 7.32777493841, 3.89999508876, 5.05747255168, 4945.68687369, 694.473154213
2.82948679588, 0.727796143292, 27.5850426182, 7.40225126431, 8.14608468769, 3.899993846, 5.11104157467, 4940.85586366, 694.574626545
2.6162867173, 0.769329137523, 17.1341601594, 7.3732872577, 7.48729984695, 3.89991560865, 5.00078571549, 2903.95851954, 696.622681136
2.6162867173, 0.769329137523, 17.1341601594, 7.3732872577, 7.48729984695, 3.89995262884, 5.00078571549, 2903.97168242, 696.602843309
2.6162867173, 0.710116581977, 17.0704069279, 7.35192606044, 7.48729984695, 3.89991560865, 5.00078571549, 2680.73041699, 697.244713217
2.6162867173, 0.710116581977, 17.0704069279, 7.35192606044, 7.48729984695, 3.89991560865, 5.00078571549, 2680.73041699, 697.244713217
2.6162867173, 0.700933702891, 17.1341601594, 7.35192606044, 7.48729984695, 3.89991560865, 5.00078571549, 2657.52793416, 697.322730905
2.6162867173, 0.700933702891, 17.1341601594, 7.35192606044, 7.48729984695, 3.89991560865, 5.00078571549, 2657.52793416, 697.322730905
2.67687832543, 0.757890574132, 24.128141457, 7.42943655194, 7.48729984695, 3.89999508876, 5.00078571549, 4178.59595059, 694.904527165
2.67687832543, 0.757890574132, 24.128141457, 7.42943655194, 7.48729984695, 3.89999508876, 5.00078571549, 4178.59595059, 694.904527165
2.67029290563, 0.727796143292, 24.4022688743, 7.42943655194, 8.0469326068, 3.89991560865, 5.00049425194, 4025.18023476, 695.059757306
2.67029290563, 0.727796143292, 24.4022688743, 7.42943655194, 8.0469326068, 3.89991560865, 5.00049425194, 4025.18023476, 695.059757306
