2.67756592053, 0.708329901409, 17.3913512866, 7.36168072211, 7.35670271858, 3.89982575537, 5.00409146613, 2742.81233179, 697.171671884
2.67756592053, 0.708329901409, 17.3913512866, 7.36168072211, 7.35670271858, 3.89982575537, 5.00409146613, 2742.81233179, 697.171671884
3.24327880936, 0.701013783933, 23.2829723563, 7.78449525851, 7.58925817405, 3.89999501945, 5.29993862468, 4248.52843605, 695.612520983
3.24327880936, 0.701013783933, 23.2829723563, 7.78449525851, 7.58925817405, 3.89999501945, 5.29993862468, 4248.52843605, 695.612520983
2.67703184703, 0.701465716891, 17.1736067952, 7.32039419779, 7.39863149722, 3.14752361729, 5.00620304285, 2470.50470773, 1326.33703898
2.67703184703, 0.701465716891, 17.1736067952, 7.32039419779, 7.39863149722, 3.14752361729, 5.00620304285, 2470.50470773, 1326.33703898
2.65865466431, 0.701465716891, 17.0347313317, 7.57222655796, 7.78955627839, 3.597620869, 5.00620304285, 2575.11939616, 888.673559165
2.65865466431, 0.701465716891, 17.0347313317, 7.57222655796, 7.78955627839, 3.597620869, 5.00620304285, 2575.11939616, 888.673559165
2.62056873016, 0.705636578, 17.0114564853, 7.98101204445, 7.38960774414, 3.30096263659, 5.01730267317, 2489.91063615, 1151.20146088
2.62056873016, 0.705636578, 17.0114564853, 7.98101204445, 7.38960774414, 3.30096263659, 5.01730267317, 2489.91063615, 1151.20146088
2.6668527112, 0.745891209899, 19.7136435834, 8.1610885617, 7.64959261627, 3.89998853783, 5.00620304285, 3270.13920018, 696.528879557
2.6668527112, 0.745891209899, 19.7136435834, 8.1610885617, 7.64959261627, 3.89998853783, 5.00620304285, 3270.13920018, 696.528879557
2.67756592053, 0.702051698448, 17.0566759932, 7.58461577104, 7.3822485744, 3.09424312926, 5.01730267317, 2453.05798125, 1396.76189695
2.67756592053, 0.702051698448, 17.0566759932, 7.58461577104, 7.3822485744, 3.09424312926, 5.01730267317, 2453.05798125, 1396.76189695
2.6668527112, 0.745891209899, 20.8547066405, 8.1610885617, 7.64959261627, 3.89998853783, 5.00620304285, 3469.80662771, 696.157532962
2.6668527112, 0.745891209899, 20.8547066405, 8.1610885617, 7.64959261627, 3.89998853783, 5.00620304285, 3469.80662771, 696.157532962
2.64747366234, 0.706454758265, 17.0114564853, 7.98101204445, 7.30444309449, 3.30096263659, 5.01014077413, 2497.79291735, 1151.18239288
2.64747366234, 0.706454758265, 17.0114564853, 7.98101204445, 7.30444309449, 3.30096263659, 5.01014077413, 2497.79291735, 1151.18239288
2.65901788848, 0.704025546538, 17.0566759932, 7.33288916112, 7.40323671167, 3.00507839125, 5.01730267317, 2431.36284687, 1524.11967012
2.65901788848, 0.704025546538, 17.0566759932, 7.33288916112, 7.40323671167, 3.00507839125, 5.01730267317, 2431.36284687, 1524.11967012
2.67756592053, 0.703433106136, 17.0566759932, 7.37235882129, 7.36518977449, 3.21885044613, 5.01730267317, 2485.17985072, 1240.27193751
2.67756592053, 0.703433106136, 17.0566759932, 7.37235882129, 7.36518977449, 3.21885044613, 5.01730267317, 2485.17985072, 1240.27193751
2.67756592053, 0.703433106136, 17.0566759932, 7.37235882129, 7.36518977449, 3.21885044613, 5.01730267317, 2485.17985072, 1240.27193751
2.67756592053, 0.703433106136, 17.0566759932, 7.37235882129, 7.36518977449, 3.21885044613, 5.01730267317, 2485.17985072, 1240.27193751
2.60871902189, 0.701465716891, 17.3498819361, 7.31180802966, 7.34556544345, 3.49066104832, 5.00620304285, 2553.50122931, 972.252941684
2.60871902189, 0.701465716891, 17.3498819361, 7.31180802966, 7.34556544345, 3.49066104832, 5.00620304285, 2553.50122931, 972.252941684
2.61064202939, 0.700741071561, 17.4088811785, 7.44713864626, 7.38776809424, 3.80707834104, 5.00049788908, 2657.31735787, 749.565269707
2.61064202939, 0.700741071561, 17.4088811785, 7.44713864626, 7.38776809424, 3.80707834104, 5.00049788908, 2657.31735787, 749.565269707
2.60871902189, 0.701465716891, 17.3498819361, 7.31343373001, 7.34556544345, 3.49066104832, 5.00060359562, 2550.26964636, 972.255474445
2.60871902189, 0.701465716891, 17.3498819361, 7.31343373001, 7.34556544345, 3.49066104832, 5.00060359562, 2550.26964636, 972.255474445
2.67756592053, 0.712918987385, 17.3913512866, 7.44713864626, 7.33146091459, 3.89999053157, 5.00409146613, 2760.19469627, 697.124598341
2.67756592053, 0.712918987385, 17.3913512866, 7.44713864626, 7.33146091459, 3.89999053157, 5.00409146613, 2760.19469627, 697.124598341
2.67756592053, 0.712918987385, 17.3913512866, 7.44713864626, 7.33146091459, 3.89999053157, 5.00409146613, 2760.19469627, 697.124598341
2.67756592053, 0.712918987385, 17.3913512866, 7.44713864626, 7.33146091459, 3.89999053157, 5.00409146613, 2760.19469627, 697.124598341
2.67756592053, 0.700696426582, 17.1828829315, 7.3886817303, 7.34023507473, 3.3046611534, 5.00089794837, 2504.04179983, 1146.124516
2.67756592053, 0.700696426582, 17.1828829315, 7.3886817303, 7.34023507473, 3.3046611534, 5.00089794837, 2504.04179983, 1146.124516
2.67756592053, 0.702540107962, 17.0566759932, 7.58461577104, 7.3822485744, 3.09424312926, 5.01730267317, 2454.76231794, 1396.7492738
2.67756592053, 0.702540107962, 17.0566759932, 7.58461577104, 7.3822485744, 3.09424312926, 5.01730267317, 2454.76231794, 1396.7492738
3.00448755931, 0.781607144139, 22.9964950606, 8.13983642868, 7.60519107276, 3.89960494025, 5.28717927262, 4591.26137681, 695.567312778
3.00448755931, 0.781607144139, 22.9964950606, 8.13983642868, 7.60519107276, 3.89960494025, 5.28717927262, 4591.26137681, 695.567312778
2.67756592053, 0.702203990565, 17.0566759932, 7.37235882129, 7.36518977449, 3.21885044613, 5.01730267317, 2480.88758027, 1240.2985493
2.67756592053, 0.702203990565, 17.0566759932, 7.37235882129, 7.36518977449, 3.21885044613, 5.01730267317, 2480.88758027, 1240.2985493
2.67756592053, 0.701092513659, 17.079156788, 7.384160094, 7.37877150836, 3.8920370138, 5.00620304285, 2673.80768332, 701.62931757
2.67756592053, 0.701092513659, 17.079156788, 7.384160094, 7.37877150836, 3.8920370138, 5.00620304285, 2673.80768332, 701.62931757
2.65901788848, 0.704025546538, 17.0351038927, 7.38259600944, 7.40323671167, 3.00507839125, 5.01730267317, 2428.84442478, 1524.26876192
2.65901788848, 0.704025546538, 17.0351038927, 7.38259600944, 7.40323671167, 3.00507839125, 5.01730267317, 2428.84442478, 1524.26876192
2.65390881315, 0.701205813505, 17.0621680873, 7.35052197612, 7.34023507473, 3.64148003062, 5.00196414836, 2575.84771984, 856.613460091
2.65390881315, 0.701205813505, 17.0621680873, 7.35052197612, 7.34023507473, 3.64148003062, 5.00196414836, 2575.84771984, 856.613460091
3.2071051591, 0.706464145887, 20.8267706709, 7.44323580133, 7.64959261627, 3.89975199739, 5.29228791245, 3754.35602682, 696.065050111
3.2071051591, 0.706464145887, 20.8267706709, 7.44323580133, 7.64959261627, 3.89975199739, 5.29228791245, 3754.35602682, 696.065050111
2.64809275235, 0.708329901409, 17.2385588098, 7.36168072211, 7.35670271858, 3.89982575537, 5.00409146613, 2709.59053032, 697.24361956
2.64809275235, 0.708329901409, 17.2385588098, 7.36168072211, 7.35670271858, 3.89982575537, 5.00409146613, 2709.59053032, 697.24361956
3.2071051591, 0.718665195756, 20.8547066405, 7.44323580133, 7.53487634099, 3.89975199739, 5.29228791245, 3832.48419205, 695.959879274
3.2071051591, 0.718665195756, 20.8547066405, 7.44323580133, 7.53487634099, 3.89975199739, 5.29228791245, 3832.48419205, 695.959879274
2.67756592053, 0.701101642911, 17.2776070978, 7.57222655796, 7.50244209249, 3.89459355818, 5.00058700265, 2702.71691392, 700.367443406
2.67756592053, 0.701101642911, 17.2776070978, 7.57222655796, 7.50244209249, 3.89459355818, 5.00058700265, 2702.71691392, 700.367443406
2.67756592053, 0.701101642911, 17.2776070978, 7.34000436519, 7.37877150836, 3.8920370138, 5.00620304285, 2699.87040686, 701.47993263
2.67756592053, 0.701101642911, 17.2776070978, 7.34000436519, 7.37877150836, 3.8920370138, 5.00620304285, 2699.87040686, 701.47993263
2.67756592053, 0.701101642911, 17.2776070978, 7.34000436519, 7.37877150836, 3.8920370138, 5.00620304285, 2699.87040686, 701.47993263
2.67756592053, 0.701101642911, 17.2776070978, 7.34000436519, 7.37877150836, 3.8920370138, 5.00620304285, 2699.87040686, 701.47993263
2.65390881315, 0.701391783401, 17.0621680873, 7.35052197612, 7.34023507473, 3.40153667118, 5.00196414836, 2506.72732501, 1050.97360861
2.65390881315, 0.701391783401, 17.0621680873, 7.35052197612, 7.34023507473, 3.40153667118, 5.00196414836, 2506.72732501, 1050.97360861
2.67756592053, 0.740967800023, 17.3913512866, 7.44713864626, 7.33146091459, 3.89999053157, 5.00409146613, 2865.23219803, 696.821374357
2.67756592053, 0.740967800023, 17.3913512866, 7.44713864626, 7.33146091459, 3.89999053157, 5.00409146613, 2865.23219803, 696.821374357
2.67756592053, 0.701092513659, 17.079156788, 7.57222655796, 7.37877150836, 3.75935241201, 5.00620304285, 2630.54206756, 778.820958601
2.67756592053, 0.701092513659, 17.079156788, 7.57222655796, 7.37877150836, 3.75935241201, 5.00620304285, 2630.54206756, 778.820958601
2.67756592053, 0.745267392232, 17.3913512866, 7.44713864626, 7.33146091459, 3.89999053157, 5.00409146613, 2881.69160261, 696.777883552
2.67756592053, 0.745267392232, 17.3913512866, 7.44713864626, 7.33146091459, 3.89999053157, 5.00409146613, 2881.69160261, 696.777883552
2.70676856076, 0.708329901409, 18.7054933239, 7.51074443018, 7.74894450066, 3.89999746107, 5.29993862468, 3136.58158614, 696.674573842
2.70676856076, 0.708329901409, 18.7054933239, 7.51074443018, 7.74894450066, 3.89999746107, 5.29993862468, 3136.58158614, 696.674573842
2.60871902189, 0.70255395067, 17.3498819361, 7.31343373001, 7.34556544345, 3.49066104832, 5.00620304285, 2557.33407728, 972.237837118
2.60871902189, 0.70255395067, 17.3498819361, 7.31343373001, 7.34556544345, 3.49066104832, 5.00620304285, 2557.33407728, 972.237837118
3.01120026559, 0.701013783933, 22.4797873327, 7.64158090868, 7.58925817405, 3.89999501945, 5.29993862468, 3916.50043607, 695.699451102
3.01120026559, 0.701013783933, 22.4797873327, 7.64158090868, 7.58925817405, 3.89999501945, 5.29993862468, 3916.50043607, 695.699451102
2.67756592053, 0.703433106136, 17.0566759932, 7.63563598282, 7.36518977449, 2.90452300166, 5.01730267317, 2417.40061208, 1688.838464
2.67756592053, 0.703433106136, 17.0566759932, 7.63563598282, 7.36518977449, 2.90452300166, 5.01730267317, 2417.40061208, 1688.838464
2.67756592053, 0.703433106136, 17.0566759932, 7.63563598282, 7.36518977449, 2.90452300166, 5.01730267317, 2417.40061208, 1688.838464
2.67756592053, 0.703433106136, 17.0566759932, 7.63563598282, 7.36518977449, 2.90452300166, 5.01730267317, 2417.40061208, 1688.838464
2.67756592053, 0.703433106136, 17.0566759932, 7.63563598282, 7.36518977449, 2.90452300166, 5.01730267317, 2417.40061208, 1688.838464
2.67756592053, 0.703433106136, 17.0566759932, 7.63563598282, 7.36518977449, 2.90452300166, 5.01730267317, 2417.40061208, 1688.838464
2.67756592053, 0.703433106136, 17.0566759932, 7.63563598282, 7.36518977449, 2.90452300166, 5.01730267317, 2417.40061208, 1688.838464
2.67756592053, 0.703433106136, 17.0566759932, 7.63563598282, 7.36518977449, 2.90452300166, 5.01730267317, 2417.40061208, 1688.838464
2.67756592053, 0.701101642911, 17.2776070978, 7.57222655796, 7.50244209249, 3.89544589794, 5.00058700265, 2703.0196475, 699.907814062
2.67756592053, 0.701101642911, 17.2776070978, 7.57222655796, 7.50244209249, 3.89544589794, 5.00058700265, 2703.0196475, 699.907814062
2.63525588225, 0.745891209899, 20.8547066405, 8.1610885617, 7.64959261627, 3.89996415058, 5.00620304285, 3447.99624233, 696.170592676
2.63525588225, 0.745891209899, 20.8547066405, 8.1610885617, 7.64959261627, 3.89996415058, 5.00620304285, 3447.99624233, 696.170592676
2.65901788848, 0.704025546538, 17.0566759932, 7.38259600944, 7.40323671167, 3.00507839125, 5.01730267317, 2431.71539526, 1524.24508121
2.65901788848, 0.704025546538, 17.0566759932, 7.38259600944, 7.40323671167, 3.00507839125, 5.01730267317, 2431.71539526, 1524.24508121
3.39362367479, 0.781607144139, 22.9964950606, 8.13983642868, 7.60519107276, 3.89960494025, 5.28717927262, 4951.13845352, 695.567312778
3.39362367479, 0.781607144139, 22.9964950606, 8.13983642868, 7.60519107276, 3.89960494025, 5.28717927262, 4951.13845352, 695.567312778
3.24327880936, 0.701013783933, 22.4797873327, 7.78449525851, 7.58925817405, 3.89999501945, 5.29993862468, 4080.14659053, 695.800083765
2.67756592053, 0.702540107962, 17.0566759932, 7.58461577104, 7.40323671167, 3.09424312926, 5.01730267317, 2455.17727714, 1396.7492738
