0.297790631246, 0.288427034208, 0.865317281177, 0.280298664016, 0.397141324513, 0.206578625537, 0.670609107664, 0.335038971438, 0.262374889767, 0.596671810931, 0.432723626869, 0.718272860889, 0.116992891841, 0.652257086936, 0.191495626876, 0.478819615325, 0.856738371156, 0.817877155304, 0.458785324994, 0.241168511308, 0.0228885788036, 0.422344817841, 0.825662122281, 0.121843485384, 0.371070751347, 0.402149900113, 0.752533816118, 0.20209348785, 0.125894120599, 0.291459587582, 0.297790631246, 3.64820899367
0.297790631246, 0.288427034208, 0.865317281177, 0.280298664016, 0.397141324513, 0.206578625537, 0.670609107664, 0.335038971438, 0.262374889767, 0.596671810931, 0.432723626869, 0.718272860889, 0.116992891841, 0.652257086936, 0.191495626876, 0.478819615325, 0.856738371156, 0.817877155304, 0.458785324994, 0.241168511308, 0.0228885788036, 0.422344817841, 0.825662122281, 0.121843485384, 0.371070751347, 0.402149900113, 0.752533816118, 0.20209348785, 0.125894120599, 0.291459587582, 0.297790631246, 3.64820899367
0.754857417146, 0.153424586014, 0.480218294609, 0.74479832347, 0.304174566899, 0.233175258491, 0.26033992364, 0.252518735777, 0.880679289615, 0.557244303368, 0.38420838517, 0.254397750724, 0.23227868716, 0.564967313925, 0.973620594657, 0.290605791613, 0.835228880133, 0.126361821849, 0.185724279993, 0.290935859927, 0.501211623931, 0.0987174458671, 0.366780016193, 0.442336057053, 0.443840308014, 0.571592631537, 0.105867025278, 0.691511519951, 0.224287029038, 0.0831847835087, 0.754857417146, 2.72030503887
0.754857417146, 0.153424586014, 0.480218294609, 0.74479832347, 0.304174566899, 0.233175258491, 0.26033992364, 0.252518735777, 0.880679289615, 0.557244303368, 0.38420838517, 0.254397750724, 0.23227868716, 0.564967313925, 0.973620594657, 0.290605791613, 0.835228880133, 0.126361821849, 0.185724279993, 0.290935859927, 0.501211623931, 0.0987174458671, 0.366780016193, 0.442336057053, 0.443840308014, 0.571592631537, 0.105867025278, 0.691511519951, 0.224287029038, 0.0831847835087, 0.754857417146, 2.72030503887
0.659770186311, 0.476111335443, 0.326357937378, 0.231880667068, 0.86079614726, 0.746782186731, 0.127944446309, 0.163631640124, 0.0930989304848, 0.0294061819446, 0.88763535001, 0.527708826578, 0.3917219764, 0.131915607581, 0.640927733256, 0.720280679778, 0.631760695536, 0.209943583572, 0.176939536926, 0.935487053426, 0.437525739312, 0.623332619281, 0.269942661151, 0.200947786047, 0.138620354483, 0.056178557684, 0.192734391342, 0.700163558851, 0.418623965276, 0.00827433570689, 0.659770186311, 2.79673507763
0.659770186311, 0.476111335443, 0.326357937378, 0.231880667068, 0.86079614726, 0.746782186731, 0.127944446309, 0.163631640124, 0.0930989304848, 0.0294061819446, 0.88763535001, 0.527708826578, 0.3917219764, 0.131915607581, 0.640927733256, 0.720280679778, 0.631760695536, 0.209943583572, 0.176939536926, 0.935487053426, 0.437525739312, 0.623332619281, 0.269942661151, 0.200947786047, 0.138620354483, 0.056178557684, 0.192734391342, 0.700163558851, 0.418623965276, 0.00827433570689, 0.659770186311, 2.79673507763
0.0738750967131, 0.52526077084, 0.0456515215205, 0.202938629481, 0.974579224101, 0.24726649501, 0.881034190059, 0.34433597801, 0.113574526556, 0.728100060456, 0.116440134556, 0.123646924287, 0.394051570137, 0.714175770772, 0.378932643833, 0.458734936045, 0.259121721021, 0.782385166884, 0.51527004102, 0.542223325599, 0.432859648566, 0.533953650354, 0.641183486022, 0.489385777183, 0.586592296883, 0.151052148631, 0.607331989341, 0.649138748898, 0.612354417946, 0.262174589249, 0.0738750967131, 4.51612945806
0.0738750967131, 0.52526077084, 0.0456515215205, 0.202938629481, 0.974579224101, 0.24726649501, 0.881034190059, 0.34433597801, 0.113574526556, 0.728100060456, 0.116440134556, 0.123646924287, 0.394051570137, 0.714175770772, 0.378932643833, 0.458734936045, 0.259121721021, 0.782385166884, 0.51527004102, 0.542223325599, 0.432859648566, 0.533953650354, 0.641183486022, 0.489385777183, 0.586592296883, 0.151052148631, 0.607331989341, 0.649138748898, 0.612354417946, 0.262174589249, 0.0738750967131, 4.51612945806
0.576913492182, 0.585827655973, 0.0723885590078, 0.26569132988, 0.868043271801, 0.60718079936, 0.152868281011, 0.299094584385, 0.63302934685, 0.412026389528, 0.476325988789, 0.150604968857, 0.399264595803, 0.259814844241, 0.104889652054, 0.819319275335, 0.378898187306, 0.249714674569, 0.438176704325, 0.426871648568, 0.342680832042, 0.376813083592, 0.0398048946408, 0.489877648338, 0.575854833676, 0.898129785746, 0.350735463945, 0.601318019716, 0.222914406911, 0.654023705636, 0.576913492182, 3.11225119545
0.576913492182, 0.585827655973, 0.0723885590078, 0.26569132988, 0.868043271801, 0.60718079936, 0.152868281011, 0.299094584385, 0.63302934685, 0.412026389528, 0.476325988789, 0.150604968857, 0.399264595803, 0.259814844241, 0.104889652054, 0.819319275335, 0.378898187306, 0.249714674569, 0.438176704325, 0.426871648568, 0.342680832042, 0.376813083592, 0.0398048946408, 0.489877648338, 0.575854833676, 0.898129785746, 0.350735463945, 0.601318019716, 0.222914406911, 0.654023705636, 0.576913492182, 3.11225119545
0.0327769231483, 0.416878909239, 0.768778138346, 0.671407644181, 0.177935088568, 0.678258753111, 0.876318937683, 0.213874124632, 0.804295121554, 0.612807908585, 0.0568103596818, 0.395199634391, 0.326143134948, 0.129570838278, 0.825368001983, 0.450518324274, 0.31229057273, 0.51697478025, 0.50704185464, 0.0592974420485, 0.261568267584, 0.270477615603, 0.683987112857, 0.122521627626, 0.898808289161, 0.699380375575, 0.313459689441, 0.951477009205, 0.792400356245, 0.525628110943, 0.0327769231483, 5.02155815818
0.0327769231483, 0.416878909239, 0.768778138346, 0.671407644181, 0.177935088568, 0.678258753111, 0.876318937683, 0.213874124632, 0.804295121554, 0.612807908585, 0.0568103596818, 0.395199634391, 0.326143134948, 0.129570838278, 0.825368001983, 0.450518324274, 0.31229057273, 0.51697478025, 0.50704185464, 0.0592974420485, 0.261568267584, 0.270477615603, 0.683987112857, 0.122521627626, 0.898808289161, 0.699380375575, 0.313459689441, 0.951477009205, 0.792400356245, 0.525628110943, 0.0327769231483, 5.02155815818
0.245824216657, 0.255313335813, 0.217852005512, 0.851597120332, 0.417492264663, 0.43210941374, 0.871915610486, 0.953761859384, 0.191311761469, 0.102701882897, 0.2686598614, 0.0306254879815, 0.929195415815, 0.183986555399, 0.072657754795, 0.438764794698, 0.665696023555, 0.84561155239, 0.5942173856, 0.0481366067049, 0.846996481741, 0.634686111227, 0.0668685256956, 0.161521600263, 0.969826085965, 0.165394234994, 0.632048316528, 0.187514600758, 0.194924433519, 0.246724495654, 0.245824216657, 3.77808476202
0.245824216657, 0.255313335813, 0.217852005512, 0.851597120332, 0.417492264663, 0.43210941374, 0.871915610486, 0.953761859384, 0.191311761469, 0.102701882897, 0.2686598614, 0.0306254879815, 0.929195415815, 0.183986555399, 0.072657754795, 0.438764794698, 0.665696023555, 0.84561155239, 0.5942173856, 0.0481366067049, 0.846996481741, 0.634686111227, 0.0668685256956, 0.161521600263, 0.969826085965, 0.165394234994, 0.632048316528, 0.187514600758, 0.194924433519, 0.246724495654, 0.245824216657, 3.77808476202
0.0502883539401, 0.260219715344, 0.251262365692, 0.731984664139, 0.565440238685, 0.335934889083, 0.576933676039, 0.483237850961, 0.492710889198, 0.467414419514, 0.167889652448, 0.37950530771, 0.507087730721, 0.119793192537, 0.37008065711, 0.696816749182, 0.704839322363, 0.721391215529, 0.842518950436, 0.714463818539, 0.216760965715, 0.669046558351, 0.550956703501, 0.3171592347, 0.995333080462, 0.595625542787, 0.817488170923, 0.0750168486184, 0.193083563503, 0.444742693347, 0.0502883539401, 4.90457587303
0.0502883539401, 0.260219715344, 0.251262365692, 0.731984664139, 0.565440238685, 0.335934889083, 0.576933676039, 0.483237850961, 0.492710889198, 0.467414419514, 0.167889652448, 0.37950530771, 0.507087730721, 0.119793192537, 0.37008065711, 0.696816749182, 0.704839322363, 0.721391215529, 0.842518950436, 0.714463818539, 0.216760965715, 0.669046558351, 0.550956703501, 0.3171592347, 0.995333080462, 0.595625542787, 0.817488170923, 0.0750168486184, 0.193083563503, 0.444742693347, 0.0502883539401, 4.90457587303
0.13389391155, 0.366465459901, 0.74819501537, 0.543781496164, 0.894681242763, 0.0667939268909, 0.917051007331, 0.112867995102, 0.802785117108, 0.43090017536, 0.0753076756953, 0.601606904077, 0.0443099245429, 0.0782937474737, 0.498636739965, 0.0165000814393, 0.952256801172, 0.345645950702, 0.535923946814, 0.518613286474, 0.755277665374, 0.201500879272, 0.630862124279, 0.854633599057, 0.344951299755, 0.905975565318, 0.459271868896, 0.143685652343, 0.467167826131, 0.0605854097662, 0.13389391155, 4.32026433846
0.13389391155, 0.366465459901, 0.74819501537, 0.543781496164, 0.894681242763, 0.0667939268909, 0.917051007331, 0.112867995102, 0.802785117108, 0.43090017536, 0.0753076756953, 0.601606904077, 0.0443099245429, 0.0782937474737, 0.498636739965, 0.0165000814393, 0.952256801172, 0.345645950702, 0.535923946814, 0.518613286474, 0.755277665374, 0.201500879272, 0.630862124279, 0.854633599057, 0.344951299755, 0.905975565318, 0.459271868896, 0.143685652343, 0.467167826131, 0.0605854097662, 0.13389391155, 4.32026433846
0.166092063263, 0.273393673112, 0.0233867191957, 0.0772031919663, 0.133369304218, 0.23877123849, 0.77032759084, 0.730354666077, 0.367310873517, 0.48757141415, 0.0279897337347, 0.327763351049, 0.677915281946, 0.632543610833, 0.31043612909, 0.854577927143, 0.392946514011, 0.580972655298, 0.566552097664, 0.439666506324, 0.0333536854249, 0.897002768045, 0.234824572539, 0.533602105719, 0.300581173395, 0.305288121752, 0.833249340816, 0.131997316575, 0.927462024115, 0.442682478415, 0.166092063263, 3.99403924374
0.166092063263, 0.273393673112, 0.0233867191957, 0.0772031919663, 0.133369304218, 0.23877123849, 0.77032759084, 0.730354666077, 0.367310873517, 0.48757141415, 0.0279897337347, 0.327763351049, 0.677915281946, 0.632543610833, 0.31043612909, 0.854577927143, 0.392946514011, 0.580972655298, 0.566552097664, 0.439666506324, 0.0333536854249, 0.897002768045, 0.234824572539, 0.533602105719, 0.300581173395, 0.305288121752, 0.833249340816, 0.131997316575, 0.927462024115, 0.442682478415, 0.166092063263, 3.99403924374
1.13528768171e-05, 0.147733634438, 0.0635928043645, 0.707644814961, 0.205036093887, 0.912448682361, 0.697309417414, 0.662226203454, 0.138170358505, 0.468592551413, 0.896067864431, 0.501345116091, 0.0541907785968, 0.819584426651, 0.767927937697, 0.8800454781, 0.613203503921, 0.390768108768, 0.800244105319, 0.295041556643, 0.522213079426, 0.102476349077, 0.686970076944, 0.771951235803, 0.595225491065, 0.121392612127, 0.645693371749, 0.850788852946, 0.998862562294, 0.418850946322, 1.13528768171e-05, 5.87528868019
1.13528768171e-05, 0.147733634438, 0.0635928043645, 0.707644814961, 0.205036093887, 0.912448682361, 0.697309417414, 0.662226203454, 0.138170358505, 0.468592551413, 0.896067864431, 0.501345116091, 0.0541907785968, 0.819584426651, 0.767927937697, 0.8800454781, 0.613203503921, 0.390768108768, 0.800244105319, 0.295041556643, 0.522213079426, 0.102476349077, 0.686970076944, 0.771951235803, 0.595225491065, 0.121392612127, 0.645693371749, 0.850788852946, 0.998862562294, 0.418850946322, 1.13528768171e-05, 5.87528868019
0.164887092704, 0.00328524928716, 0.562449038955, 0.0968899843508, 0.902066215766, 0.903858534246, 0.64355585719, 0.401063300669, 0.187998659399, 0.57079648438, 0.426133057829, 0.596049114741, 0.884458844053, 0.328553507945, 0.587751206737, 0.0437759367101, 0.84994266997, 0.140109570557, 0.510309429642, 0.869608800463, 0.492468950411, 0.449633192249, 0.430333909079, 0.132245338089, 0.472809511595, 0.0101920133539, 0.219809285779, 0.0879718866392, 0.691698245379, 0.852425196449, 0.164887092704, 4.22172079789
0.164887092704, 0.00328524928716, 0.562449038955, 0.0968899843508, 0.902066215766, 0.903858534246, 0.64355585719, 0.401063300669, 0.187998659399, 0.57079648438, 0.426133057829, 0.596049114741, 0.884458844053, 0.328553507945, 0.587751206737, 0.0437759367101, 0.84994266997, 0.140109570557, 0.510309429642, 0.869608800463, 0.492468950411, 0.449633192249, 0.430333909079, 0.132245338089, 0.472809511595, 0.0101920133539, 0.219809285779, 0.0879718866392, 0.691698245379, 0.852425196449, 0.164887092704, 4.22172079789
0.485056206479, 0.150741009471, 0.766810470871, 0.011993844641, 0.851038285694, 0.496597254662, 0.296993439874, 0.337219349291, 0.122873825736, 0.511729548751, 0.170233684425, 0.933330780427, 0.0448331939106, 0.162055207559, 0.0623263618592, 0.0500526438276, 0.349727622925, 0.949499324582, 0.0186660100662, 0.813102385626, 0.813661792062, 0.78658506138, 0.485447745343, 0.685562294618, 0.207287436991, 0.0349579669541, 0.80678509697, 0.0254790042532, 0.141572829121, 0.854799964174, 0.485056206479, 3.19525401855
0.485056206479, 0.150741009471, 0.766810470871, 0.011993844641, 0.851038285694, 0.496597254662, 0.296993439874, 0.337219349291, 0.122873825736, 0.511729548751, 0.170233684425, 0.933330780427, 0.0448331939106, 0.162055207559, 0.0623263618592, 0.0500526438276, 0.349727622925, 0.949499324582, 0.0186660100662, 0.813102385626, 0.813661792062, 0.78658506138, 0.485447745343, 0.685562294618, 0.207287436991, 0.0349579669541, 0.80678509697, 0.0254790042532, 0.141572829121, 0.854799964174, 0.485056206479, 3.19525401855
0.868150832125, 0.76827157691, 0.213909881579, 0.175829646064, 0.488131855659, 0.124644474824, 0.644162581173, 0.221240964487, 0.570731324563, 0.418783875624, 0.272293988764, 0.550619225362, 0.242280802379, 0.40145634732, 0.485059950545, 0.217579822883, 0.486470947356, 0.300284524202, 0.909728060283, 0.144975080783, 0.183022826959, 0.568264414453, 0.486160807386, 0.584682250095, 0.269371402297, 0.207302066114, 0.343518356222, 0.141700436043, 0.119923590453, 0.132307808854, 0.868150832125, 2.37736667724
0.868150832125, 0.76827157691, 0.213909881579, 0.175829646064, 0.488131855659, 0.124644474824, 0.644162581173, 0.221240964487, 0.570731324563, 0.418783875624, 0.272293988764, 0.550619225362, 0.242280802379, 0.40145634732, 0.485059950545, 0.217579822883, 0.486470947356, 0.300284524202, 0.909728060283, 0.144975080783, 0.183022826959, 0.568264414453, 0.486160807386, 0.584682250095, 0.269371402297, 0.207302066114, 0.343518356222, 0.141700436043, 0.119923590453, 0.132307808854, 0.868150832125, 2.37736667724
0.341036304134, 0.133019044274, 0.972921387832, 0.530569595503, 0.0429589828194, 0.774628567052, 0.567251427838, 0.603986972035, 0.145661696147, 0.176105535507, 0.345551256704, 0.788334804444, 0.750366295247, 0.583488001593, 0.380459648255, 0.94313570955, 0.151046937502, 0.29789368298, 0.420879243453, 0.262327213554, 0.139979264825, 0.0889342915819, 0.165794747939, 0.506978684685, 0.584637001287, 0.3370891859, 0.601964302669, 0.255582115851, 0.132988147758, 0.278607321683, 0.341036304134, 3.44494446716
0.341036304134, 0.133019044274, 0.972921387832, 0.530569595503, 0.0429589828194, 0.774628567052, 0.567251427838, 0.603986972035, 0.145661696147, 0.176105535507, 0.345551256704, 0.788334804444, 0.750366295247, 0.583488001593, 0.380459648255, 0.94313570955, 0.151046937502, 0.29789368298, 0.420879243453, 0.262327213554, 0.139979264825, 0.0889342915819, 0.165794747939, 0.506978684685, 0.584637001287, 0.3370891859, 0.601964302669, 0.255582115851, 0.132988147758, 0.278607321683, 0.341036304134, 3.44494446716
0.767920494503, 0.743619749876, 0.0961274584172, 0.817334534193, 0.0962517435831, 0.237677004176, 0.055106335872, 0.510701230736, 0.68309088306, 0.716257738259, 0.424067913981, 0.700542534471, 0.315547543632, 0.753922481805, 0.194097393055, 0.220660887349, 0.34910998625, 0.480022451014, 0.547634234738, 0.713473422871, 0.649224511791, 0.393761444707, 0.0791230886895, 0.373533910908, 0.341991859134, 0.634934608775, 0.724344485754, 0.698994608893, 0.20512058396, 0.339878914632, 0.767920494503, 3.09226930133
0.767920494503, 0.743619749876, 0.0961274584172, 0.817334534193, 0.0962517435831, 0.237677004176, 0.055106335872, 0.510701230736, 0.68309088306, 0.716257738259, 0.424067913981, 0.700542534471, 0.315547543632, 0.753922481805, 0.194097393055, 0.220660887349, 0.34910998625, 0.480022451014, 0.547634234738, 0.713473422871, 0.649224511791, 0.393761444707, 0.0791230886895, 0.373533910908, 0.341991859134, 0.634934608775, 0.724344485754, 0.698994608893, 0.20512058396, 0.339878914632, 0.767920494503, 3.09226930133
0.787731121432, 0.735542157397, 0.680146132668, 0.569754262046, 0.568077706781, 0.521993525339, 0.20477614557, 0.992142440013, 0.60735725228, 0.236381436726, 0.0193372693732, 0.329638236158, 0.442932714829, 0.762145810546, 0.278681066585, 0.147258653909, 0.221897154937, 0.540806292345, 0.422266821567, 0.514390068915, 0.467520970532, 0.618796085881, 0.0555630456255, 0.612258149288, 0.0179446753953, 0.264888827317, 0.349227476204, 0.176199107671, 0.791383385952, 0.0292755051504, 0.787731121432, 2.83919714471
0.787731121432, 0.735542157397, 0.680146132668, 0.569754262046, 0.568077706781, 0.521993525339, 0.20477614557, 0.992142440013, 0.60735725228, 0.236381436726, 0.0193372693732, 0.329638236158, 0.442932714829, 0.762145810546, 0.278681066585, 0.147258653909, 0.221897154937, 0.540806292345, 0.422266821567, 0.514390068915, 0.467520970532, 0.618796085881, 0.0555630456255, 0.612258149288, 0.0179446753953, 0.264888827317, 0.349227476204, 0.176199107671, 0.791383385952, 0.0292755051504, 0.787731121432, 2.83919714471
0.126850666568, 0.730833076832, 0.428506161291, 0.0928194020147, 0.886468764265, 0.160321467491, 0.64349954098, 0.0116789721724, 0.0887021281574, 0.785395709997, 0.753738423087, 0.24548297001, 0.660586291725, 0.664316255517, 0.710170416505, 0.227747815074, 0.445291102482, 0.156731555565, 0.8089021508, 0.233922650052, 0.357186610687, 0.45300917488, 0.196541662773, 0.738989154997, 0.833684550854, 0.865794603403, 0.647700118853, 0.771794163729, 0.155972018317, 0.949865441081, 0.126850666568, 4.72371917773
0.126850666568, 0.730833076832, 0.428506161291, 0.0928194020147, 0.886468764265, 0.160321467491, 0.64349954098, 0.0116789721724, 0.0887021281574, 0.785395709997, 0.753738423087, 0.24548297001, 0.660586291725, 0.664316255517, 0.710170416505, 0.227747815074, 0.445291102482, 0.156731555565, 0.8089021508, 0.233922650052, 0.357186610687, 0.45300917488, 0.196541662773, 0.738989154997, 0.833684550854, 0.865794603403, 0.647700118853, 0.771794163729, 0.155972018317, 0.949865441081, 0.126850666568, 4.72371917773
0.758067748802, 0.540794184278, 0.783117848248, 0.543359480006, 0.0344144174874, 0.762871174787, 0.398527564469, 0.223023195939, 0.871507858953, 0.367772373824, 0.212450120393, 0.324506563169, 0.609537353989, 0.0767095445292, 0.552464764406, 0.754603743719, 0.923474594242, 0.144687599738, 0.523189753143, 0.482487451776, 0.203801443409, 0.954164872185, 0.210734884357, 0.278441450248, 0.924975005471, 0.0755391735209, 0.00850242952774, 0.49796820756, 0.797224838049, 0.171930195033, 0.758067748802, 3.14418933795
0.758067748802, 0.540794184278, 0.783117848248, 0.543359480006, 0.0344144174874, 0.762871174787, 0.398527564469, 0.223023195939, 0.871507858953, 0.367772373824, 0.212450120393, 0.324506563169, 0.609537353989, 0.0767095445292, 0.552464764406, 0.754603743719, 0.923474594242, 0.144687599738, 0.523189753143, 0.482487451776, 0.203801443409, 0.954164872185, 0.210734884357, 0.278441450248, 0.924975005471, 0.0755391735209, 0.00850242952774, 0.49796820756, 0.797224838049, 0.171930195033, 0.758067748802, 3.14418933795
0.26202414292, 0.369686164096, 0.538086044969, 0.517469484381, 0.377839422731, 0.609174113027, 0.0867847060194, 0.151322892623, 0.176296681479, 0.91622570803, 0.911974102788, 0.106288151688, 0.272074981758, 0.990879994146, 0.755811369025, 0.705235220211, 0.194613704783, 0.0400909262936, 0.477119452806, 0.135102755278, 0.681290475408, 0.0447087338144, 0.219332508498, 0.427424618313, 0.808982252774, 0.181222084018, 0.50075405329, 0.852271797198, 0.371928465963, 0.297256594961, 0.26202414292, 3.80824033465
0.26202414292, 0.369686164096, 0.538086044969, 0.517469484381, 0.377839422731, 0.609174113027, 0.0867847060194, 0.151322892623, 0.176296681479, 0.91622570803, 0.911974102788, 0.106288151688, 0.272074981758, 0.990879994146, 0.755811369025, 0.705235220211, 0.194613704783, 0.0400909262936, 0.477119452806, 0.135102755278, 0.681290475408, 0.0447087338144, 0.219332508498, 0.427424618313, 0.808982252774, 0.181222084018, 0.50075405329, 0.852271797198, 0.371928465963, 0.297256594961, 0.26202414292, 3.80824033465
0.0533386519193, 0.941864912576, 0.239578735694, 0.913398459034, 0.66523650161, 0.127996978647, 0.265811897684, 0.211962327565, 0.072269329417, 0.792964081738, 0.0918934717196, 0.79536977356, 0.59141765241, 0.0304928333959, 0.657752281759, 0.0252567602365, 0.0602500788832, 0.958720409118, 0.609092684964, 0.467141702252, 0.482555931078, 0.439683908287, 0.220974790888, 0.210125039154, 0.74648528721, 0.572066702576, 0.934871274672, 0.947665665775, 0.561601330312, 0.916730343333, 0.0533386519193, 4.97348745362
0.0533386519193, 0.941864912576, 0.239578735694, 0.913398459034, 0.66523650161, 0.127996978647, 0.265811897684, 0.211962327565, 0.072269329417, 0.792964081738, 0.0918934717196, 0.79536977356, 0.59141765241, 0.0304928333959, 0.657752281759, 0.0252567602365, 0.0602500788832, 0.958720409118, 0.609092684964, 0.467141702252, 0.482555931078, 0.439683908287, 0.220974790888, 0.210125039154, 0.74648528721, 0.572066702576, 0.934871274672, 0.947665665775, 0.561601330312, 0.916730343333, 0.0533386519193, 4.97348745362
0.0507989989101, 0.833259200171, 0.436924370859, 0.268982467111, 0.950161480011, 0.824050721924, 0.889723617083, 0.0407522035907, 0.494314198652, 0.430886811483, 0.182226924999, 0.623075298729, 0.901606579323, 0.340485314177, 0.510701508458, 0.549030249252, 0.566462317141, 0.448009295182, 0.886574349581, 0.258641446063, 0.428970446199, 0.833985960098, 0.647645756115, 0.993154099065, 0.0898866747704, 0.659471244363, 0.291939579919, 0.501564151808, 0.0638128799407, 0.302768346541, 0.0507989989101, 5.19283629313
0.0507989989101, 0.833259200171, 0.436924370859, 0.268982467111, 0.950161480011, 0.824050721924, 0.889723617083, 0.0407522035907, 0.494314198652, 0.430886811483, 0.182226924999, 0.623075298729, 0.901606579323, 0.340485314177, 0.510701508458, 0.549030249252, 0.566462317141, 0.448009295182, 0.886574349581, 0.258641446063, 0.428970446199, 0.833985960098, 0.647645756115, 0.993154099065, 0.0898866747704, 0.659471244363, 0.291939579919, 0.501564151808, 0.0638128799407, 0.302768346541, 0.0507989989101, 5.19283629313
0.155190359165, 0.216678216781, 0.666007729802, 0.0525537497787, 0.0244953689508, 0.35837681886, 0.530592453307, 0.284724541089, 0.776589127034, 0.465032936671, 0.359050874923, 0.749814557602, 0.666140724064, 0.830732308757, 0.765864848173, 0.733182714854, 0.330237671198, 0.151781641868, 0.913256338049, 0.350933074063, 0.391408016018, 0.149983222943, 0.76528733438, 0.36067810041, 0.958713345362, 0.855313065469, 0.547885876006, 0.665566917762, 0.227559145741, 0.797058308869, 0.155190359165, 4.70284219068
0.155190359165, 0.216678216781, 0.666007729802, 0.0525537497787, 0.0244953689508, 0.35837681886, 0.530592453307, 0.284724541089, 0.776589127034, 0.465032936671, 0.359050874923, 0.749814557602, 0.666140724064, 0.830732308757, 0.765864848173, 0.733182714854, 0.330237671198, 0.151781641868, 0.913256338049, 0.350933074063, 0.391408016018, 0.149983222943, 0.76528733438, 0.36067810041, 0.958713345362, 0.855313065469, 0.547885876006, 0.665566917762, 0.227559145741, 0.797058308869, 0.155190359165, 4.70284219068
0.167267031293, 0.452800876063, 0.766549856919, 0.774103138987, 0.182377343095, 0.621246559336, 0.129764387587, 0.449049166579, 0.356447630032, 0.694447684885, 0.799707294779, 0.797290968692, 0.314225741892, 0.858501024139, 0.310986995307, 0.412393259233, 0.431772148919, 0.889051258236, 0.404978795811, 0.232559269958, 0.726318656788, 0.0678683881113, 0.770050646646, 0.0810483173972, 0.0401174476254, 0.466674067575, 0.837833525909, 0.162898978549, 0.00440070988226, 0.0675475266469, 0.167267031293, 4.14588122111
0.167267031293, 0.452800876063, 0.766549856919, 0.774103138987, 0.182377343095, 0.621246559336, 0.129764387587, 0.449049166579, 0.356447630032, 0.694447684885, 0.799707294779, 0.797290968692, 0.314225741892, 0.858501024139, 0.310986995307, 0.412393259233, 0.431772148919, 0.889051258236, 0.404978795811, 0.232559269958, 0.726318656788, 0.0678683881113, 0.770050646646, 0.0810483173972, 0.0401174476254, 0.466674067575, 0.837833525909, 0.162898978549, 0.00440070988226, 0.0675475266469, 0.167267031293, 4.14588122111
0.618430651242, 0.173254972751, 0.574747517079, 0.46715846284, 0.570741217811, 0.799004861119, 0.360202111981, 0.505456819909, 0.220975309933, 0.216684006954, 0.0595489541158, 0.21299404591, 0.518350709719, 0.662195127537, 0.247147853066, 0.355422714687, 0.43405069396, 0.626910302544, 0.245509215777, 0.766939361438, 0.805628530683, 0.358705005246, 0.764568718462, 0.0376035151903, 0.466715914009, 0.522555646239, 0.867881146904, 0.994045075768, 0.0713272036, 0.0311875389769, 0.618430651242, 3.25398663121
0.618430651242, 0.173254972751, 0.574747517079, 0.46715846284, 0.570741217811, 0.799004861119, 0.360202111981, 0.505456819909, 0.220975309933, 0.216684006954, 0.0595489541158, 0.21299404591, 0.518350709719, 0.662195127537, 0.247147853066, 0.355422714687, 0.43405069396, 0.626910302544, 0.245509215777, 0.766939361438, 0.805628530683, 0.358705005246, 0.764568718462, 0.0376035151903, 0.466715914009, 0.522555646239, 0.867881146904, 0.994045075768, 0.0713272036, 0.0311875389769, 0.618430651242, 3.25398663121
0.515673890359, 0.658145082694, 0.729521855591, 0.577916281086, 0.0325560596652, 0.794031635624, 0.624594870207, 0.0294905451125, 0.825519131101, 0.73544825031, 0.161722639695, 0.342075633204, 0.0197268635664, 0.0260968155487, 0.21374097183, 0.693454987934, 0.239267800139, 0.358584762229, 0.0547034501895, 0.546974796561, 0.0146017442061, 0.895889632732, 0.308751962263, 0.352198017582, 0.743805548822, 0.752194358607, 0.519149299209, 0.531585738551, 0.886680320243, 0.134225665086, 0.515673890359, 3.3718105525
0.515673890359, 0.658145082694, 0.729521855591, 0.577916281086, 0.0325560596652, 0.794031635624, 0.624594870207, 0.0294905451125, 0.825519131101, 0.73544825031, 0.161722639695, 0.342075633204, 0.0197268635664, 0.0260968155487, 0.21374097183, 0.693454987934, 0.239267800139, 0.358584762229, 0.0547034501895, 0.546974796561, 0.0146017442061, 0.895889632732, 0.308751962263, 0.352198017582, 0.743805548822, 0.752194358607, 0.519149299209, 0.531585738551, 0.886680320243, 0.134225665086, 0.515673890359, 3.3718105525
0.870250009163, 0.195043438732, 0.0574739894973, 0.156167312193, 0.57759209086, 0.610232221764, 0.464609968211, 0.948664684191, 0.87733527421, 0.144332058059, 0.602546926358, 0.0472426161476, 0.430061229051, 0.0666544026253, 0.249081564015, 0.108861527345, 0.132664942599, 0.179285622198, 0.173619173644, 0.802704650142, 0.106635544735, 0.942397392558, 0.0548608018276, 0.378475473632, 0.109370791071, 0.883165909058, 0.958721876691, 0.891703467161, 0.0964683482304, 0.689390758646, 0.870250009163, 2.68078307969
0.870250009163, 0.195043438732, 0.0574739894973, 0.156167312193, 0.57759209086, 0.610232221764, 0.464609968211, 0.948664684191, 0.87733527421, 0.144332058059, 0.602546926358, 0.0472426161476, 0.430061229051, 0.0666544026253, 0.249081564015, 0.108861527345, 0.132664942599, 0.179285622198, 0.173619173644, 0.802704650142, 0.106635544735, 0.942397392558, 0.0548608018276, 0.378475473632, 0.109370791071, 0.883165909058, 0.958721876691, 0.891703467161, 0.0964683482304, 0.689390758646, 0.870250009163, 2.68078307969
0.918736036586, 0.35087428798, 0.391361616565, 0.153776434134, 0.594731647246, 0.404099414234, 0.402600857813, 0.82820045299, 0.428333662424, 0.181421535793, 0.250123853396, 0.226997681457, 0.635607889817, 0.66959048558, 0.0995893194404, 0.430130194417, 0.966190689314, 0.0429338391213, 0.213965912994, 0.407960244152, 0.357881383058, 0.303224532731, 0.0218443619994, 0.407269789755, 0.309000536109, 0.370987184667, 0.982680471743, 0.164179007636, 0.100333701895, 0.239908404019, 0.918736036586, 2.38468845022
0.918736036586, 0.35087428798, 0.391361616565, 0.153776434134, 0.594731647246, 0.404099414234, 0.402600857813, 0.82820045299, 0.428333662424, 0.181421535793, 0.250123853396, 0.226997681457, 0.635607889817, 0.66959048558, 0.0995893194404, 0.430130194417, 0.966190689314, 0.0429338391213, 0.213965912994, 0.407960244152, 0.357881383058, 0.303224532731, 0.0218443619994, 0.407269789755, 0.309000536109, 0.370987184667, 0.982680471743, 0.164179007636, 0.100333701895, 0.239908404019, 0.918736036586, 2.38468845022
0.369262869834, 0.738466136072, 0.230856021586, 0.674560608938, 0.345285531025, 0.798342131061, 0.465585905952, 0.0528897863126, 0.41987646187, 0.0754528419346, 0.444265270446, 0.609236978092, 0.459169667647, 0.366645570286, 0.507744765124, 0.10551423225, 0.255818329898, 0.758047551098, 0.0137137805161, 0.413365537577, 0.530395853891, 0.0313802469894, 0.959982680595, 0.219265025344, 0.922457218805, 0.898299427286, 0.785348575954, 0.659824062139, 0.00354229142442, 0.0578086882443, 0.369262869834, 3.61821789122
0.369262869834, 0.738466136072, 0.230856021586, 0.674560608938, 0.345285531025, 0.798342131061, 0.465585905952, 0.0528897863126, 0.41987646187, 0.0754528419346, 0.444265270446, 0.609236978092, 0.459169667647, 0.366645570286, 0.507744765124, 0.10551423225, 0.255818329898, 0.758047551098, 0.0137137805161, 0.413365537577, 0.530395853891, 0.0313802469894, 0.959982680595, 0.219265025344, 0.922457218805, 0.898299427286, 0.785348575954, 0.659824062139, 0.00354229142442, 0.0578086882443, 0.369262869834, 3.61821789122
0.0533754435371, 0.277829857155, 0.638095694923, 0.630318771705, 0.0458715124385, 0.123486856241, 0.801993668351, 0.948973651416, 0.472630038112, 0.825268309351, 0.166345380707, 0.100940221852, 0.732748830482, 0.708748768849, 0.413965151421, 0.224143675975, 0.967388546415, 0.759600523302, 0.193721974951, 0.307717922262, 0.0877900066828, 0.148648456369, 0.997517664655, 0.458304271778, 0.886117022894, 0.209315346094, 0.433900592853, 0.550800219208, 0.896036729827, 0.641336477746, 0.0533754435371, 5.00231627679
0.0533754435371, 0.277829857155, 0.638095694923, 0.630318771705, 0.0458715124385, 0.123486856241, 0.801993668351, 0.948973651416, 0.472630038112, 0.825268309351, 0.166345380707, 0.100940221852, 0.732748830482, 0.708748768849, 0.413965151421, 0.224143675975, 0.967388546415, 0.759600523302, 0.193721974951, 0.307717922262, 0.0877900066828, 0.148648456369, 0.997517664655, 0.458304271778, 0.886117022894, 0.209315346094, 0.433900592853, 0.550800219208, 0.896036729827, 0.641336477746, 0.0533754435371, 5.00231627679
0.973136932529, 0.103758174903, 0.804481136395, 0.513738064255, 0.457577382107, 0.190953530521, 0.693379591047, 0.537719668683, 0.308559934261, 0.630745559937, 0.485366592245, 0.146365302853, 0.00674742754832, 0.554412844291, 0.233152269739, 0.00973259398123, 0.215797943317, 0.259496857759, 0.668363185942, 0.376920012949, 0.192787827149, 0.848878401528, 0.875099645591, 0.85948281146, 0.0525077391644, 0.320903380678, 0.50352225691, 0.374174405224, 0.201465332414, 0.229273775498, 0.973136932529, 2.49747661714
0.973136932529, 0.103758174903, 0.804481136395, 0.513738064255, 0.457577382107, 0.190953530521, 0.693379591047, 0.537719668683, 0.308559934261, 0.630745559937, 0.485366592245, 0.146365302853, 0.00674742754832, 0.554412844291, 0.233152269739, 0.00973259398123, 0.215797943317, 0.259496857759, 0.668363185942, 0.376920012949, 0.192787827149, 0.848878401528, 0.875099645591, 0.85948281146, 0.0525077391644, 0.320903380678, 0.50352225691, 0.374174405224, 0.201465332414, 0.229273775498, 0.973136932529, 2.49747661714
0.771908830688, 0.701779805315, 0.845828335422, 0.655103005407, 0.75010538021, 0.104582076679, 0.00174698142485, 0.403738861249, 0.707746327337, 0.447873374174, 0.832334440796, 0.269858405955, 0.480031058033, 0.719272961849, 0.95480901917, 0.492107901987, 0.244621090903, 0.156187354908, 0.116640242622, 0.403568435892, 0.137859175071, 0.107399092642, 0.995054286404, 0.388232607167, 0.964735110139, 0.123371941586, 0.50204455065, 0.425236723073, 0.546136408114, 0.798269343396, 0.771908830688, 3.38315407617
0.569701847978, 0.402137532119, 0.478516341202, 0.867697895534, 0.106220474518, 0.282427341733, 0.367103649088, 0.281845772869, 0.38640604864, 0.884871282175, 0.481508299701, 0.170310589296, 0.999307704511, 0.872629698086, 0.452494568705, 0.0324223208751, 0.676821985894, 0.216918760001, 0.580816845189, 0.110500101975, 0.992923185041, 0.990159465207, 0.148491792644, 0.0249449684973, 0.407207595533, 0.614937940024, 0.424195699665, 0.502753668775, 0.261524942385, 0.34350262446, 0.569701847978, 3.43436958249
0.794059482206, 0.409412931973, 0.96780870658, 0.0981395548675, 0.0115632762317, 0.211887869101, 0.15556371127, 0.454844090953, 0.167748273542, 0.100625805003, 0.988150155982, 0.0947506051611, 0.554818406538, 0.921281580655, 0.761460858623, 0.299430017118, 0.29081332154, 0.452491271921, 0.43535599109, 0.328195347497, 0.127377066874, 0.776909417604, 0.567207525126, 0.552293518535, 0.824371348535, 0.850082993212, 0.707510579144, 0.240087288872, 0.181084206527, 0.23029942431, 0.794059482206, 2.97581429218
0.168511509704, 0.240206846052, 0.927527178268, 0.946650270839, 0.31117772465, 0.925122063384, 0.463032415173, 0.876249893059, 0.310909807912, 0.635315316564, 0.971640650852, 0.231857983191, 0.880346298019, 0.142330098868, 0.0274947458464, 0.0332531869405, 0.946967435168, 0.173074201741, 0.205008844058, 0.626943651468, 0.885105775567, 0.340765400158, 0.626461593153, 0.389531152028, 0.0060722655381, 0.594365407562, 0.931490274391, 0.92117286446, 0.547755684862, 0.484452052192, 0.168511509704, 4.84988819013
0.496861263897, 0.530348314903, 0.787591884971, 0.765545802608, 0.9540235602, 0.885784031626, 0.979195011955, 0.182831438985, 0.858454060538, 0.0804273236256, 0.195873991338, 0.177375700407, 0.357425159039, 0.252416168752, 0.0573206319559, 0.740373978862, 0.075867938577, 0.448186746153, 0.367043580437, 0.664008564947, 0.462554837488, 0.266481903885, 0.856258102741, 0.510316781946, 0.100708972655, 0.460959860968, 0.154812105084, 0.677546903516, 0.98512846771, 0.221383275913, 0.496861263897, 3.7300113277
0.895796378647, 0.588417433373, 0.0481371815677, 0.297257386342, 0.364525298052, 0.587175906082, 0.816994989624, 0.382131604329, 0.956221139872, 0.277460755618, 0.704064315905, 0.119663418507, 0.226976392556, 0.201259218113, 0.257999545452, 0.488960573104, 0.065542523309, 0.142909487741, 0.280483789298, 0.38889217131, 0.598185274681, 0.110849832824, 0.196233511633, 0.275661813778, 0.662585543497, 0.468271839509, 0.732975329151, 0.777302470872, 0.178252671153, 0.963333425524, 0.895796378647, 2.70555015754
0.895796378647, 0.588417433373, 0.0481371815677, 0.297257386342, 0.364525298052, 0.587175906082, 0.816994989624, 0.382131604329, 0.956221139872, 0.277460755618, 0.704064315905, 0.119663418507, 0.226976392556, 0.201259218113, 0.257999545452, 0.488960573104, 0.065542523309, 0.142909487741, 0.280483789298, 0.38889217131, 0.598185274681, 0.110849832824, 0.196233511633, 0.275661813778, 0.662585543497, 0.468271839509, 0.732975329151, 0.777302470872, 0.178252671153, 0.963333425524, 0.895796378647, 2.70555015754
0.180224719225, 0.161773931835, 0.0744404512192, 0.922002968995, 0.924592023208, 0.205523891399, 0.723205695269, 0.294831288754, 0.454733776888, 0.767003874245, 0.346532068091, 0.0398580685464, 0.928056841561, 0.115053802398, 0.951519120625, 0.151653481576, 0.492707525113, 0.567744747383, 0.66395437915, 0.193745978747, 0.498989079346, 0.475394227019, 0.698557129545, 0.317653223157, 0.387002275399, 0.362390759103, 0.996701919158, 0.925582485422, 0.622124728347, 0.224397828222, 0.180224719225, 4.50092776346
0.376134152395, 0.951692148171, 0.660671600423, 0.0859530682911, 0.881833830658, 0.291130126672, 0.400139879991, 0.590292026679, 0.767439435372, 0.393355624535, 0.846766908963, 0.212433318861, 0.999872904608, 0.60247054394, 0.0132126064592, 0.423706684699, 0.485677716515, 0.149752922686, 0.0395747348642, 0.680842098362, 0.682018431948, 0.880897576085, 0.183820164083, 0.240363021223, 0.619808017007, 0.376971724581, 0.186265105941, 0.0558277663954, 0.556463731983, 0.696171079127, 0.376134152395, 3.91495404738
0.794059482206, 0.409412931973, 0.96780870658, 0.0981395548675, 0.0115632762317, 0.211887869101, 0.15556371127, 0.454844090953, 0.167748273542, 0.100625805003, 0.988150155982, 0.0947506051611, 0.554818406538, 0.921281580655, 0.761460858623, 0.299430017118, 0.29081332154, 0.452491271921, 0.43535599109, 0.328195347497, 0.127377066874, 0.776909417604, 0.567207525126, 0.552293518535, 0.824371348535, 0.850082993212, 0.707510579144, 0.240087288872, 0.181084206527, 0.23029942431, 0.794059482206, 2.97581429218
0.223400402604, 0.239362005078, 0.925152876786, 0.839796917258, 0.162004771313, 0.00902550766906, 0.182726088454, 0.404297324464, 0.647778966485, 0.940217185133, 0.479197803331, 0.872047891752, 0.00612946852592, 0.241362312501, 0.605349298823, 0.277272968583, 0.353345926643, 0.646112150791, 0.815566653489, 0.0437280319871, 0.371380558204, 0.0018088591152, 0.908750895575, 0.0484735733247, 0.497394642838, 0.643558377196, 0.980007198162, 0.759159818794, 0.380208423149, 0.655740742787, 0.223400402604, 4.23454456765
0.275664601901, 0.777754516784, 0.36304107536, 0.763062823547, 0.206805156375, 0.191950918802, 0.620962487575, 0.0959042383528, 0.63295505565, 0.133903585782, 0.938343501229, 0.00136192469817, 0.605279513646, 0.00128677509424, 0.412872356336, 0.603392720401, 0.791852172957, 0.482147089625, 0.559417396207, 0.701540271359, 0.340926534041, 0.232749188579, 0.179379360493, 0.765911306729, 0.0263733689018, 0.77306293405, 0.135584092529, 0.580571003062, 0.849644023922, 0.757955020511, 0.275664601901, 4.00071333672
0.496861263897, 0.530348314903, 0.787591884971, 0.765545802608, 0.9540235602, 0.885784031626, 0.979195011955, 0.182831438985, 0.858454060538, 0.0804273236256, 0.195873991338, 0.177375700407, 0.357425159039, 0.252416168752, 0.0573206319559, 0.740373978862, 0.075867938577, 0.448186746153, 0.367043580437, 0.664008564947, 0.462554837488, 0.266481903885, 0.856258102741, 0.510316781946, 0.100708972655, 0.460959860968, 0.154812105084, 0.677546903516, 0.98512846771, 0.221383275913, 0.496861263897, 3.7300113277
0.538488210424, 0.768587082999, 0.416453702442, 0.631750702001, 0.142057376543, 0.909212731041, 0.206755828009, 0.399112507496, 0.252944652365, 0.106714034429, 0.803801921362, 0.76927336709, 0.376437512087, 0.304275222302, 0.214095170829, 0.510014497887, 0.9675305213, 0.166221552364, 0.00268245552037, 0.423330263615, 0.435695127857, 0.0286039793033, 0.641223544541, 0.614103870221, 0.954282052224, 0.452541665322, 0.936657313754, 0.210101808804, 0.38251133159, 0.850139650477, 0.538488210424, 3.61624902608
0.223400402604, 0.239362005078, 0.925152876786, 0.839796917258, 0.162004771313, 0.00902550766906, 0.182726088454, 0.404297324464, 0.647778966485, 0.940217185133, 0.479197803331, 0.872047891752, 0.00612946852592, 0.241362312501, 0.605349298823, 0.277272968583, 0.353345926643, 0.646112150791, 0.815566653489, 0.0437280319871, 0.371380558204, 0.0018088591152, 0.908750895575, 0.0484735733247, 0.497394642838, 0.643558377196, 0.980007198162, 0.759159818794, 0.380208423149, 0.655740742787, 0.223400402604, 4.23454456765
0.372320477555, 0.651772297618, 0.323967236691, 0.313789172314, 0.439315884609, 0.00106613790423, 0.819603657559, 0.400250006192, 0.888943724882, 0.939738453667, 0.296333753951, 0.257361716316, 0.0288470297845, 0.0331566959084, 0.387246223008, 0.246224620021, 0.174065147698, 0.78703004002, 0.212638203827, 0.997224548843, 0.831003565432, 0.407953865533, 0.774252384249, 0.495681355794, 0.762508794355, 0.553535128374, 0.0746012041779, 0.257705983765, 0.646533317779, 0.962570196365, 0.372320477555, 3.9247086003
0.183398243487, 0.0627695177037, 0.612632713248, 0.248784999658, 0.918074299016, 0.309649094491, 0.424785847714, 0.211215698689, 0.0157082217589, 0.820142282957, 0.514396654705, 0.437552683057, 0.588740883968, 0.877574167329, 0.412783473914, 0.804566915855, 0.49058344139, 0.000530637446021, 0.931448726844, 0.771710942097, 0.533001034596, 0.084581331011, 0.918500972088, 0.262273229925, 0.317510691772, 0.927360737363, 0.237901831085, 0.937901952607, 0.20222490788, 0.233492425396, 0.183398243487, 4.38529144646
0.538488210424, 0.768587082999, 0.416453702442, 0.631750702001, 0.142057376543, 0.909212731041, 0.206755828009, 0.399112507496, 0.252944652365, 0.106714034429, 0.803801921362, 0.76927336709, 0.376437512087, 0.304275222302, 0.214095170829, 0.510014497887, 0.9675305213, 0.166221552364, 0.00268245552037, 0.423330263615, 0.435695127857, 0.0286039793033, 0.641223544541, 0.614103870221, 0.954282052224, 0.452541665322, 0.936657313754, 0.210101808804, 0.38251133159, 0.850139650477, 0.538488210424, 3.61624902608
0.275633558044, 0.52774471277, 0.205966156751, 0.632066805538, 0.734543115542, 0.529515698227, 0.935423520005, 0.126696442234, 0.834648792114, 0.384372303984, 0.171379283974, 0.307784369013, 0.549398962751, 0.803176442029, 0.883309997011, 0.695713327092, 0.157368887857, 0.291428963082, 0.177418056975, 0.177342683022, 0.386439511827, 0.11984717807, 0.611090061911, 0.384247228144, 0.960730890353, 0.193967943882, 0.282951445028, 0.266650535072, 0.330349903945, 0.998039591162, 0.275633558044, 4.03748446483
0.376134152395, 0.951692148171, 0.660671600423, 0.0859530682911, 0.881833830658, 0.291130126672, 0.400139879991, 0.590292026679, 0.767439435372, 0.393355624535, 0.846766908963, 0.212433318861, 0.999872904608, 0.60247054394, 0.0132126064592, 0.423706684699, 0.485677716515, 0.149752922686, 0.0395747348642, 0.680842098362, 0.682018431948, 0.880897576085, 0.183820164083, 0.240363021223, 0.619808017007, 0.376971724581, 0.186265105941, 0.0558277663954, 0.556463731983, 0.696171079127, 0.376134152395, 3.91495404738
0.935940179509, 0.613049986502, 0.772749635833, 0.0863951344639, 0.00615103292667, 0.707688868105, 0.960639727397, 0.693961399871, 0.565590159728, 0.352950014706, 0.144951140784, 0.572373535594, 0.0133033196957, 0.762985267807, 0.211361037312, 0.498046140611, 0.513181812606, 0.311275871465, 0.176710026025, 0.860009776296, 0.0961837658133, 0.041969789433, 0.634778506704, 0.306156802339, 0.0348557884214, 0.748764345038, 0.0129203191742, 0.764349591554, 0.138451554753, 0.335897568756, 0.935940179509, 2.60637245318
0.168511509704, 0.240206846052, 0.927527178268, 0.946650270839, 0.31117772465, 0.925122063384, 0.463032415173, 0.876249893059, 0.310909807912, 0.635315316564, 0.971640650852, 0.231857983191, 0.880346298019, 0.142330098868, 0.0274947458464, 0.0332531869405, 0.946967435168, 0.173074201741, 0.205008844058, 0.626943651468, 0.885105775567, 0.340765400158, 0.626461593153, 0.389531152028, 0.0060722655381, 0.594365407562, 0.931490274391, 0.92117286446, 0.547755684862, 0.484452052192, 0.168511509704, 4.84988819013
0.275633558044, 0.52774471277, 0.205966156751, 0.632066805538, 0.734543115542, 0.529515698227, 0.935423520005, 0.126696442234, 0.834648792114, 0.384372303984, 0.171379283974, 0.307784369013, 0.549398962751, 0.803176442029, 0.883309997011, 0.695713327092, 0.157368887857, 0.291428963082, 0.177418056975, 0.177342683022, 0.386439511827, 0.11984717807, 0.611090061911, 0.384247228144, 0.960730890353, 0.193967943882, 0.282951445028, 0.266650535072, 0.330349903945, 0.998039591162, 0.275633558044, 4.03748446483
0.183398243487, 0.0627695177037, 0.612632713248, 0.248784999658, 0.918074299016, 0.309649094491, 0.424785847714, 0.211215698689, 0.0157082217589, 0.820142282957, 0.514396654705, 0.437552683057, 0.588740883968, 0.877574167329, 0.412783473914, 0.804566915855, 0.49058344139, 0.000530637446021, 0.931448726844, 0.771710942097, 0.533001034596, 0.084581331011, 0.918500972088, 0.262273229925, 0.317510691772, 0.927360737363, 0.237901831085, 0.937901952607, 0.20222490788, 0.233492425396, 0.183398243487, 4.38529144646
0.945606869566, 0.102430440706, 0.327994840752, 0.36918598161, 0.695239936569, 0.673289952725, 0.612836619019, 0.291782586919, 0.647824273002, 0.672104177323, 0.00925339694979, 0.0949101605021, 0.183371376652, 0.976648330717, 0.221333048746, 0.827924314887, 0.0480726804525, 0.48243268782, 0.39421856666, 0.0326420530398, 0.0371302012222, 0.0812729699262, 0.903396617003, 0.419163665129, 0.316684452993, 0.0141848096997, 0.392334974417, 0.512332646801, 0.39522853306, 0.915665671679, 0.945606869566, 2.52660077494
0.180224719225, 0.161773931835, 0.0744404512192, 0.922002968995, 0.924592023208, 0.205523891399, 0.723205695269, 0.294831288754, 0.454733776888, 0.767003874245, 0.346532068091, 0.0398580685464, 0.928056841561, 0.115053802398, 0.951519120625, 0.151653481576, 0.492707525113, 0.567744747383, 0.66395437915, 0.193745978747, 0.498989079346, 0.475394227019, 0.698557129545, 0.317653223157, 0.387002275399, 0.362390759103, 0.996701919158, 0.925582485422, 0.622124728347, 0.224397828222, 0.180224719225, 4.50092776346
0.569701847978, 0.402137532119, 0.478516341202, 0.867697895534, 0.106220474518, 0.282427341733, 0.367103649088, 0.281845772869, 0.38640604864, 0.884871282175, 0.481508299701, 0.170310589296, 0.999307704511, 0.872629698086, 0.452494568705, 0.0324223208751, 0.676821985894, 0.216918760001, 0.580816845189, 0.110500101975, 0.992923185041, 0.990159465207, 0.148491792644, 0.0249449684973, 0.407207595533, 0.614937940024, 0.424195699665, 0.502753668775, 0.261524942385, 0.34350262446, 0.569701847978, 3.43436958249
0.935940179509, 0.613049986502, 0.772749635833, 0.0863951344639, 0.00615103292667, 0.707688868105, 0.960639727397, 0.693961399871, 0.565590159728, 0.352950014706, 0.144951140784, 0.572373535594, 0.0133033196957, 0.762985267807, 0.211361037312, 0.498046140611, 0.513181812606, 0.311275871465, 0.176710026025, 0.860009776296, 0.0961837658133, 0.041969789433, 0.634778506704, 0.306156802339, 0.0348557884214, 0.748764345038, 0.0129203191742, 0.764349591554, 0.138451554753, 0.335897568756, 0.935940179509, 2.60637245318
0.771908830688, 0.701779805315, 0.845828335422, 0.655103005407, 0.75010538021, 0.104582076679, 0.00174698142485, 0.403738861249, 0.707746327337, 0.447873374174, 0.832334440796, 0.269858405955, 0.480031058033, 0.719272961849, 0.95480901917, 0.492107901987, 0.244621090903, 0.156187354908, 0.116640242622, 0.403568435892, 0.137859175071, 0.107399092642, 0.995054286404, 0.388232607167, 0.964735110139, 0.123371941586, 0.50204455065, 0.425236723073, 0.546136408114, 0.798269343396, 0.771908830688, 3.38315407617
0.372320477555, 0.651772297618, 0.323967236691, 0.313789172314, 0.439315884609, 0.00106613790423, 0.819603657559, 0.400250006192, 0.888943724882, 0.939738453667, 0.296333753951, 0.257361716316, 0.0288470297845, 0.0331566959084, 0.387246223008, 0.246224620021, 0.174065147698, 0.78703004002, 0.212638203827, 0.997224548843, 0.831003565432, 0.407953865533, 0.774252384249, 0.495681355794, 0.762508794355, 0.553535128374, 0.0746012041779, 0.257705983765, 0.646533317779, 0.962570196365, 0.372320477555, 3.9247086003
