0.325664965906, 0.76827157691, 0.92316643261, 0.175829646064, 0.488131855659, 0.00564622151265, 0.343842665139, 0.0726314053377, 0.0557809977301, 0.27900454973, 0.0469271365289, 0.507768263011, 0.216030520794, 0.00542372507191, 0.0116831387664, 0.237392312595, 0.392054420809, 0.300284524202, 0.909728060283, 0.00404781376261, 0.183022826959, 0.714330701286, 0.305942613551, 0.0771115128506, 0.164004313341, 0.0183369724069, 0.146652499926, 0.0180966135167, 0.64158476505, 0.0584703728472, 0.325664965906, 2.43648753589
0.325664965906, 0.76827157691, 0.92316643261, 0.175829646064, 0.488131855659, 0.00564622151265, 0.343842665139, 0.0726314053377, 0.0557809977301, 0.27900454973, 0.0469271365289, 0.507768263011, 0.216030520794, 0.00542372507191, 0.0116831387664, 0.237392312595, 0.392054420809, 0.300284524202, 0.909728060283, 0.00404781376261, 0.183022826959, 0.714330701286, 0.305942613551, 0.0771115128506, 0.164004313341, 0.0183369724069, 0.146652499926, 0.0180966135167, 0.64158476505, 0.0584703728472, 0.325664965906, 2.43648753589
0.0327769231483, 0.042580002969, 0.051024205684, 0.134716913289, 0.0112659577954, 0.747116412337, 0.301270717244, 0.448611973679, 0.212926051112, 0.762462795335, 0.0463303271467, 0.395199634391, 0.441362859031, 0.0848158869527, 0.896055917451, 0.0478128325593, 0.055047699959, 0.51697478025, 0.203201013829, 0.0592974420485, 0.00580772741266, 0.428861756049, 0.861802034477, 0.0988238054511, 0.0255614586001, 0.080794747924, 0.207527445963, 0.951477009205, 0.0402987807586, 0.525628110943, 0.0327769231483, 3.34721727579
0.0327769231483, 0.042580002969, 0.051024205684, 0.134716913289, 0.0112659577954, 0.747116412337, 0.301270717244, 0.448611973679, 0.212926051112, 0.762462795335, 0.0463303271467, 0.395199634391, 0.441362859031, 0.0848158869527, 0.896055917451, 0.0478128325593, 0.055047699959, 0.51697478025, 0.203201013829, 0.0592974420485, 0.00580772741266, 0.428861756049, 0.861802034477, 0.0988238054511, 0.0255614586001, 0.080794747924, 0.207527445963, 0.951477009205, 0.0402987807586, 0.525628110943, 0.0327769231483, 3.34721727579
0.000174308244052, 0.00328524928716, 0.53229888078, 0.311657721248, 0.249365034791, 0.507958018703, 0.130932397885, 0.401063300669, 0.181810654998, 0.254119892133, 0.172579523564, 0.596049114741, 0.135608813037, 0.328553507945, 0.256548710512, 0.00421100416733, 0.990750370158, 0.0819591142569, 0.0515486272216, 0.246826302083, 0.67212204539, 0.879140733254, 0.430333909079, 0.066710696082, 0.472809511595, 0.0101920133539, 0.0985297011745, 0.500742270563, 0.691698245379, 0.124365574011, 0.000174308244052, 3.88609099314
0.000174308244052, 0.00328524928716, 0.53229888078, 0.311657721248, 0.249365034791, 0.507958018703, 0.130932397885, 0.401063300669, 0.181810654998, 0.254119892133, 0.172579523564, 0.596049114741, 0.135608813037, 0.328553507945, 0.256548710512, 0.00421100416733, 0.990750370158, 0.0819591142569, 0.0515486272216, 0.246826302083, 0.67212204539, 0.879140733254, 0.430333909079, 0.066710696082, 0.472809511595, 0.0101920133539, 0.0985297011745, 0.500742270563, 0.691698245379, 0.124365574011, 0.000174308244052, 3.88609099314
3.57923454986e-07, 0.287662770914, 0.470783522092, 0.499857791983, 0.680923960533, 0.451376994823, 0.194495051549, 0.662226203454, 0.00403405186466, 0.0428745292799, 0.52127718387, 0.166351902475, 0.30770097498, 0.810940261076, 0.706356562364, 0.277685615594, 0.613203503921, 0.629998839289, 0.800244105319, 0.0182399639194, 0.401256799735, 0.102476349077, 0.00602330241147, 0.964932860898, 0.295635492853, 0.0763425485844, 0.749521690056, 0.0217967295148, 0.504825260797, 0.0384274455838, 3.57923454986e-07, 4.50794511681
3.57923454986e-07, 0.287662770914, 0.470783522092, 0.499857791983, 0.680923960533, 0.451376994823, 0.194495051549, 0.662226203454, 0.00403405186466, 0.0428745292799, 0.52127718387, 0.166351902475, 0.30770097498, 0.810940261076, 0.706356562364, 0.277685615594, 0.613203503921, 0.629998839289, 0.800244105319, 0.0182399639194, 0.401256799735, 0.102476349077, 0.00602330241147, 0.964932860898, 0.295635492853, 0.0763425485844, 0.749521690056, 0.0217967295148, 0.504825260797, 0.0384274455838, 3.57923454986e-07, 4.50794511681
0.0779529634285, 0.656122947781, 0.307660523981, 0.0244665885997, 0.00816089168238, 0.707688868105, 0.00216584474098, 0.614608347138, 0.674865893025, 0.352950014706, 0.00765362382275, 0.238726647002, 0.0907958677178, 0.703929083204, 0.0916889971834, 0.498046140611, 0.513181812606, 0.0494882012987, 0.176710026025, 0.860009776296, 0.0909143803954, 0.145272010454, 0.199343205761, 0.637475591738, 0.00944141655759, 0.206811584992, 0.266306937025, 0.00870515638666, 0.138451554753, 0.00211833343763, 0.0779529634285, 3.04322745075
0.0779529634285, 0.656122947781, 0.307660523981, 0.0244665885997, 0.00816089168238, 0.707688868105, 0.00216584474098, 0.614608347138, 0.674865893025, 0.352950014706, 0.00765362382275, 0.238726647002, 0.0907958677178, 0.703929083204, 0.0916889971834, 0.498046140611, 0.513181812606, 0.0494882012987, 0.176710026025, 0.860009776296, 0.0909143803954, 0.145272010454, 0.199343205761, 0.637475591738, 0.00944141655759, 0.206811584992, 0.266306937025, 0.00870515638666, 0.138451554753, 0.00211833343763, 0.0779529634285, 3.04322745075
0.998701695647, 0.00703981051198, 0.409385988639, 0.0132227799385, 0.543801841786, 0.746782186731, 0.0399799209895, 0.243910867095, 0.11670764906, 0.00214328147918, 0.068568948874, 0.527708826578, 0.392712734164, 0.131915607581, 0.708519885746, 0.720280679778, 0.631760695536, 0.00700956304712, 0.176939536926, 0.733211104341, 0.437525739312, 0.242333773501, 0.0355903621491, 0.0913062322991, 0.081071871579, 0.056178557684, 0.192734391342, 0.0742973114591, 0.418623965276, 0.00218298137967, 0.998701695647, 1.58449119962
0.998701695647, 0.00703981051198, 0.409385988639, 0.0132227799385, 0.543801841786, 0.746782186731, 0.0399799209895, 0.243910867095, 0.11670764906, 0.00214328147918, 0.068568948874, 0.527708826578, 0.392712734164, 0.131915607581, 0.708519885746, 0.720280679778, 0.631760695536, 0.00700956304712, 0.176939536926, 0.733211104341, 0.437525739312, 0.242333773501, 0.0355903621491, 0.0913062322991, 0.081071871579, 0.056178557684, 0.192734391342, 0.0742973114591, 0.418623965276, 0.00218298137967, 0.998701695647, 1.58449119962
0.318015231915, 0.195043438732, 0.0525358828879, 0.29636170433, 0.57759209086, 0.610232221764, 0.0986583630191, 0.611238326988, 0.244216119809, 0.00120647450808, 0.602546926358, 0.0117198983977, 0.270139165629, 0.0666544026253, 0.775082234224, 0.108861527345, 0.109662232911, 0.00937149587523, 0.0463469823678, 0.297114985533, 0.106635544735, 0.480054825814, 0.0484212368275, 0.45067643106, 0.411698765057, 0.939944232812, 0.243828365428, 0.339527830464, 0.0929755919537, 0.689390758646, 0.318015231915, 2.63850704383
0.318015231915, 0.195043438732, 0.0525358828879, 0.29636170433, 0.57759209086, 0.610232221764, 0.0986583630191, 0.611238326988, 0.244216119809, 0.00120647450808, 0.602546926358, 0.0117198983977, 0.270139165629, 0.0666544026253, 0.775082234224, 0.108861527345, 0.109662232911, 0.00937149587523, 0.0463469823678, 0.297114985533, 0.106635544735, 0.480054825814, 0.0484212368275, 0.45067643106, 0.411698765057, 0.939944232812, 0.243828365428, 0.339527830464, 0.0929755919537, 0.689390758646, 0.318015231915, 2.63850704383
0.471452351314, 0.353213506176, 0.598393440775, 0.161610791579, 0.293051131874, 0.931335747654, 0.0873165584336, 0.0646190180488, 0.091768441578, 0.214586657878, 0.476325988789, 0.0306254879815, 0.0790156173982, 0.0474202553829, 0.198189862665, 0.00445406823953, 0.378898187306, 0.16171322563, 0.352344249226, 0.103328156595, 0.0222344858827, 0.433971108645, 0.0064618541477, 0.465652183273, 0.23262798988, 0.280072300517, 0.131298128502, 0.601318019716, 0.156974712271, 0.315269083065, 0.471452351314, 2.01822455542
0.471452351314, 0.353213506176, 0.598393440775, 0.161610791579, 0.293051131874, 0.931335747654, 0.0873165584336, 0.0646190180488, 0.091768441578, 0.214586657878, 0.476325988789, 0.0306254879815, 0.0790156173982, 0.0474202553829, 0.198189862665, 0.00445406823953, 0.378898187306, 0.16171322563, 0.352344249226, 0.103328156595, 0.0222344858827, 0.433971108645, 0.0064618541477, 0.465652183273, 0.23262798988, 0.280072300517, 0.131298128502, 0.601318019716, 0.156974712271, 0.315269083065, 0.471452351314, 2.01822455542
0.659770186311, 0.031799433573, 0.409385988639, 0.133944016498, 0.23135955559, 0.746782186731, 0.0399799209895, 0.243910867095, 0.11670764906, 0.00486228185025, 0.068568948874, 0.527708826578, 0.392712734164, 0.131915607581, 0.708519885746, 0.720280679778, 0.631760695536, 0.00986981629695, 0.176939536926, 0.733211104341, 0.437525739312, 0.488506046485, 0.0355903621491, 0.0913062322991, 0.0290891612449, 0.056178557684, 0.192734391342, 0.0742973114591, 0.418623965276, 0.00218298137967, 0.659770186311, 1.93930372155
0.659770186311, 0.031799433573, 0.409385988639, 0.133944016498, 0.23135955559, 0.746782186731, 0.0399799209895, 0.243910867095, 0.11670764906, 0.00486228185025, 0.068568948874, 0.527708826578, 0.392712734164, 0.131915607581, 0.708519885746, 0.720280679778, 0.631760695536, 0.00986981629695, 0.176939536926, 0.733211104341, 0.437525739312, 0.488506046485, 0.0355903621491, 0.0913062322991, 0.0290891612449, 0.056178557684, 0.192734391342, 0.0742973114591, 0.418623965276, 0.00218298137967, 0.659770186311, 1.93930372155
5.5726805559e-07, 0.287662770914, 0.0647239735221, 0.499857791983, 0.680923960533, 0.451376994823, 0.194495051549, 0.662226203454, 0.00403405186466, 0.0014530253769, 0.52127718387, 0.03796316383, 0.30770097498, 0.810940261076, 0.706356562364, 0.34871786929, 0.613203503921, 0.390768108768, 0.800244105319, 0.0923156099808, 0.445889221157, 0.102476349077, 0.374487384192, 0.771951235803, 0.162068713622, 0.0763425485844, 0.496463566603, 0.0217967295148, 0.504825260797, 0.418850946322, 5.5726805559e-07, 4.36611361086
5.5726805559e-07, 0.287662770914, 0.0647239735221, 0.499857791983, 0.680923960533, 0.451376994823, 0.194495051549, 0.662226203454, 0.00403405186466, 0.0014530253769, 0.52127718387, 0.03796316383, 0.30770097498, 0.810940261076, 0.706356562364, 0.34871786929, 0.613203503921, 0.390768108768, 0.800244105319, 0.0923156099808, 0.445889221157, 0.102476349077, 0.374487384192, 0.771951235803, 0.162068713622, 0.0763425485844, 0.496463566603, 0.0217967295148, 0.504825260797, 0.418850946322, 5.5726805559e-07, 4.36611361086
0.166485526622, 0.118782242325, 0.00503119563157, 0.619327794023, 0.906321045735, 0.315670159166, 0.028940462799, 0.0646190180488, 0.108993993503, 0.0270686050205, 0.0736931625255, 0.351275551705, 0.075080391164, 0.286630663719, 0.198189862665, 0.601157758993, 0.378898187306, 0.249714674569, 0.00545692365534, 0.0723332213501, 0.246120916747, 0.614605219405, 0.00339084068094, 0.486334867005, 0.953304677248, 0.831728540144, 0.529292133694, 0.0199972344083, 0.156974712271, 0.157042615775, 0.166485526622, 2.85580116588
0.166485526622, 0.118782242325, 0.00503119563157, 0.619327794023, 0.906321045735, 0.315670159166, 0.028940462799, 0.0646190180488, 0.108993993503, 0.0270686050205, 0.0736931625255, 0.351275551705, 0.075080391164, 0.286630663719, 0.198189862665, 0.601157758993, 0.378898187306, 0.249714674569, 0.00545692365534, 0.0723332213501, 0.246120916747, 0.614605219405, 0.00339084068094, 0.486334867005, 0.953304677248, 0.831728540144, 0.529292133694, 0.0199972344083, 0.156974712271, 0.157042615775, 0.166485526622, 2.85580116588
0.961721884688, 0.0279187990995, 0.00379988900179, 0.00483681334717, 0.414210664599, 0.746782186731, 0.00450861159909, 0.173515482132, 0.144004242674, 0.68905033624, 0.0450062853949, 0.402152674857, 0.392712734164, 0.131915607581, 0.708519885746, 0.720280679778, 0.631760695536, 0.00676107073672, 0.455541408689, 0.991369759189, 0.206824785613, 0.0889342915819, 0.185461397872, 0.0913062322991, 0.081071871579, 0.056178557684, 0.192734391342, 0.262905577029, 0.418623965276, 0.00274450398023, 0.961721884688, 1.71714472731
0.961721884688, 0.0279187990995, 0.00379988900179, 0.00483681334717, 0.414210664599, 0.746782186731, 0.00450861159909, 0.173515482132, 0.144004242674, 0.68905033624, 0.0450062853949, 0.402152674857, 0.392712734164, 0.131915607581, 0.708519885746, 0.720280679778, 0.631760695536, 0.00676107073672, 0.455541408689, 0.991369759189, 0.206824785613, 0.0889342915819, 0.185461397872, 0.0913062322991, 0.081071871579, 0.056178557684, 0.192734391342, 0.262905577029, 0.418623965276, 0.00274450398023, 0.961721884688, 1.71714472731
0.576913492182, 0.15663941588, 0.00503119563157, 0.619327794023, 0.906321045735, 0.315670159166, 0.028940462799, 0.0646190180488, 0.108993993503, 0.0270686050205, 0.0736931625255, 0.351275551705, 0.075080391164, 0.286630663719, 0.198189862665, 0.601157758993, 0.378898187306, 0.249714674569, 0.00545692365534, 0.0687143968418, 0.246120916747, 0.376813083592, 0.000252847157765, 0.486334867005, 0.108797028229, 0.938808381637, 0.529292133694, 0.0199972344083, 0.156974712271, 0.157042615775, 0.576913492182, 1.95233155954
0.576913492182, 0.15663941588, 0.00503119563157, 0.619327794023, 0.906321045735, 0.315670159166, 0.028940462799, 0.0646190180488, 0.108993993503, 0.0270686050205, 0.0736931625255, 0.351275551705, 0.075080391164, 0.286630663719, 0.198189862665, 0.601157758993, 0.378898187306, 0.249714674569, 0.00545692365534, 0.0687143968418, 0.246120916747, 0.376813083592, 0.000252847157765, 0.486334867005, 0.108797028229, 0.938808381637, 0.529292133694, 0.0199972344083, 0.156974712271, 0.157042615775, 0.576913492182, 1.95233155954
2.31426450281e-06, 0.035370741088, 0.422206978148, 0.679809664074, 0.680923960533, 0.766119356924, 0.0288525509294, 0.662226203454, 0.00566836021139, 0.468592551413, 0.128017448021, 0.460813378753, 0.0541907785968, 0.0455326076466, 0.184507539993, 0.16840309047, 0.4869477829, 0.575544165456, 0.931524828153, 0.0182399639194, 0.476302818375, 0.102476349077, 0.402042940957, 0.779250217835, 0.338939204796, 0.121392612127, 0.175364159199, 0.510943331892, 0.131480606723, 0.452212876702, 2.31426450281e-06, 4.19154201714
2.31426450281e-06, 0.035370741088, 0.422206978148, 0.679809664074, 0.680923960533, 0.766119356924, 0.0288525509294, 0.662226203454, 0.00566836021139, 0.468592551413, 0.128017448021, 0.460813378753, 0.0541907785968, 0.0455326076466, 0.184507539993, 0.16840309047, 0.4869477829, 0.575544165456, 0.931524828153, 0.0182399639194, 0.476302818375, 0.102476349077, 0.402042940957, 0.779250217835, 0.338939204796, 0.121392612127, 0.175364159199, 0.510943331892, 0.131480606723, 0.452212876702, 2.31426450281e-06, 4.19154201714
0.230159802638, 0.031799433573, 0.421445069007, 0.133944016498, 0.543801841786, 0.746782186731, 0.517544876293, 0.243910867095, 0.11670764906, 0.00486228185025, 0.0788137589809, 0.527708826578, 0.246071627118, 0.131915607581, 0.708519885746, 0.720280679778, 0.168285571214, 0.00986981629695, 0.176939536926, 0.896502980812, 0.437525739312, 0.242333773501, 0.0355903621491, 0.0913062322991, 0.081071871579, 0.426320626575, 0.192734391342, 0.0742973114591, 0.418623965276, 0.00274450398023, 0.230159802638, 2.70342596918
0.230159802638, 0.031799433573, 0.421445069007, 0.133944016498, 0.543801841786, 0.746782186731, 0.517544876293, 0.243910867095, 0.11670764906, 0.00486228185025, 0.0788137589809, 0.527708826578, 0.246071627118, 0.131915607581, 0.708519885746, 0.720280679778, 0.168285571214, 0.00986981629695, 0.176939536926, 0.896502980812, 0.437525739312, 0.242333773501, 0.0355903621491, 0.0913062322991, 0.081071871579, 0.426320626575, 0.192734391342, 0.0742973114591, 0.418623965276, 0.00274450398023, 0.230159802638, 2.70342596918
0.32775558606, 0.0656519039833, 0.1086417191, 0.00750235935161, 0.543801841786, 0.746782186731, 0.141095277301, 0.08092194016, 0.466928760872, 0.00486228185025, 0.129760620967, 0.335903425272, 0.464667177904, 0.131915607581, 0.658650921018, 0.185678791202, 0.589760747492, 0.00986981629695, 0.176939536926, 0.985290818804, 0.318344762765, 0.297449008036, 0.185461397872, 0.0913062322991, 0.0277954837095, 0.056178557684, 0.381552741683, 0.390654280075, 0.371313345297, 0.00274450398023, 0.32775558606, 2.40316752324
0.32775558606, 0.0656519039833, 0.1086417191, 0.00750235935161, 0.543801841786, 0.746782186731, 0.141095277301, 0.08092194016, 0.466928760872, 0.00486228185025, 0.129760620967, 0.335903425272, 0.464667177904, 0.131915607581, 0.658650921018, 0.185678791202, 0.589760747492, 0.00986981629695, 0.176939536926, 0.985290818804, 0.318344762765, 0.297449008036, 0.185461397872, 0.0913062322991, 0.0277954837095, 0.056178557684, 0.381552741683, 0.390654280075, 0.371313345297, 0.00274450398023, 0.32775558606, 2.40316752324
0.142354901674, 0.118782242325, 0.00503119563157, 0.089179295089, 0.906321045735, 0.315670159166, 0.840017858837, 0.0646190180488, 0.108993993503, 0.0270686050205, 0.0736931625255, 0.150604968857, 0.399264595803, 0.286630663719, 0.198189862665, 0.601157758993, 0.378898187306, 0.115339559912, 0.00545692365534, 0.0807209130196, 0.584601591024, 0.376813083592, 0.00339084068094, 0.176357564314, 0.144593229289, 0.952992382761, 0.684703837161, 0.510151645498, 0.118228942729, 0.063696922888, 0.142354901674, 2.88507266709
0.142354901674, 0.118782242325, 0.00503119563157, 0.089179295089, 0.906321045735, 0.315670159166, 0.840017858837, 0.0646190180488, 0.108993993503, 0.0270686050205, 0.0736931625255, 0.150604968857, 0.399264595803, 0.286630663719, 0.198189862665, 0.601157758993, 0.378898187306, 0.115339559912, 0.00545692365534, 0.0807209130196, 0.584601591024, 0.376813083592, 0.00339084068094, 0.176357564314, 0.144593229289, 0.952992382761, 0.684703837161, 0.510151645498, 0.118228942729, 0.063696922888, 0.142354901674, 2.88507266709
0.325664965906, 0.76827157691, 0.92316643261, 0.175829646064, 0.488131855659, 0.00564622151265, 0.343867794183, 0.221240964487, 0.0557809977301, 0.27900454973, 0.176824783401, 0.507768263011, 0.216030520794, 0.00542372507191, 0.0116831387664, 0.237392312595, 0.392054420809, 0.300284524202, 0.909728060283, 0.00404781376261, 0.183022826959, 0.714330701286, 0.305942613551, 0.0771115128506, 0.164004313341, 0.0183369724069, 0.146652499926, 0.0180966135167, 0.643777399389, 0.0584703728472, 0.325664965906, 2.51041217497
0.325664965906, 0.76827157691, 0.92316643261, 0.175829646064, 0.488131855659, 0.00564622151265, 0.343867794183, 0.221240964487, 0.0557809977301, 0.27900454973, 0.176824783401, 0.507768263011, 0.216030520794, 0.00542372507191, 0.0116831387664, 0.237392312595, 0.392054420809, 0.300284524202, 0.909728060283, 0.00404781376261, 0.183022826959, 0.714330701286, 0.305942613551, 0.0771115128506, 0.164004313341, 0.0183369724069, 0.146652499926, 0.0180966135167, 0.643777399389, 0.0584703728472, 0.325664965906, 2.51041217497
0.0475192346932, 0.161753637485, 0.496865669389, 0.133944016498, 0.543801841786, 0.746782186731, 0.0399799209895, 0.243910867095, 0.466928760872, 0.0038480978799, 0.0116838973751, 0.552444275147, 0.392712734164, 0.131915607581, 0.708519885746, 0.720280679778, 0.631760695536, 0.00986981629695, 0.469632834383, 0.991369759189, 0.437525739312, 0.297449008036, 0.0355903621491, 0.0913062322991, 0.081071871579, 0.340623583859, 0.192734391342, 0.0742973114591, 0.0784675818713, 0.00274450398023, 0.0475192346932, 3.39486709038
0.0475192346932, 0.161753637485, 0.496865669389, 0.133944016498, 0.543801841786, 0.746782186731, 0.0399799209895, 0.243910867095, 0.466928760872, 0.0038480978799, 0.0116838973751, 0.552444275147, 0.392712734164, 0.131915607581, 0.708519885746, 0.720280679778, 0.631760695536, 0.00986981629695, 0.469632834383, 0.991369759189, 0.437525739312, 0.297449008036, 0.0355903621491, 0.0913062322991, 0.081071871579, 0.340623583859, 0.192734391342, 0.0742973114591, 0.0784675818713, 0.00274450398023, 0.0475192346932, 3.39486709038
0.0327769231483, 0.416878909239, 0.424590423328, 0.134716913289, 0.0112659577954, 0.747116412337, 0.301270717244, 0.448611973679, 0.212926051112, 0.99896964887, 0.0463303271467, 0.395199634391, 0.441362859031, 0.0848158869527, 0.896055917451, 0.0478128325593, 0.055047699959, 0.51697478025, 0.203201013829, 0.0592974420485, 0.00580772741266, 0.428861756049, 0.861802034477, 0.0988238054511, 0.0255614586001, 0.162259896324, 0.207527445963, 0.951477009205, 0.0110153657794, 0.525628110943, 0.0327769231483, 3.65407394709
0.0327769231483, 0.416878909239, 0.424590423328, 0.134716913289, 0.0112659577954, 0.747116412337, 0.301270717244, 0.448611973679, 0.212926051112, 0.99896964887, 0.0463303271467, 0.395199634391, 0.441362859031, 0.0848158869527, 0.896055917451, 0.0478128325593, 0.055047699959, 0.51697478025, 0.203201013829, 0.0592974420485, 0.00580772741266, 0.428861756049, 0.861802034477, 0.0988238054511, 0.0255614586001, 0.162259896324, 0.207527445963, 0.951477009205, 0.0110153657794, 0.525628110943, 0.0327769231483, 3.65407394709
0.000174308244052, 0.00328524928716, 0.53229888078, 0.311657721248, 0.249365034791, 0.507958018703, 0.130932397885, 0.401063300669, 0.181810654998, 0.254119892133, 0.172579523564, 0.596049114741, 0.135608813037, 0.632003166214, 0.121499614569, 0.00421100416733, 0.990750370158, 0.0819591142569, 0.0515486272216, 0.246826302083, 0.67212204539, 0.879140733254, 0.430333909079, 0.066710696082, 0.472809511595, 0.0101920133539, 0.0985297011745, 0.368462255122, 0.691698245379, 0.124365574011, 0.000174308244052, 3.89726343228
0.000174308244052, 0.00328524928716, 0.53229888078, 0.311657721248, 0.249365034791, 0.507958018703, 0.130932397885, 0.401063300669, 0.181810654998, 0.254119892133, 0.172579523564, 0.596049114741, 0.135608813037, 0.632003166214, 0.121499614569, 0.00421100416733, 0.990750370158, 0.0819591142569, 0.0515486272216, 0.246826302083, 0.67212204539, 0.879140733254, 0.430333909079, 0.066710696082, 0.472809511595, 0.0101920133539, 0.0985297011745, 0.368462255122, 0.691698245379, 0.124365574011, 0.000174308244052, 3.89726343228
3.57923454986e-07, 0.287662770914, 0.470783522092, 0.499857791983, 0.680923960533, 0.451376994823, 0.194495051549, 0.662226203454, 0.00403405186466, 0.0428745292799, 0.52127718387, 0.166351902475, 0.30770097498, 0.810940261076, 0.706356562364, 0.338630311558, 0.613203503921, 0.455432059176, 0.800244105319, 0.0182399639194, 0.445889221157, 0.102476349077, 0.374487384192, 0.964932860898, 0.295635492853, 0.0763425485844, 0.645693371749, 0.0217967295148, 0.504825260797, 0.0384274455838, 3.57923454986e-07, 4.56865434758
3.57923454986e-07, 0.287662770914, 0.470783522092, 0.499857791983, 0.680923960533, 0.451376994823, 0.194495051549, 0.662226203454, 0.00403405186466, 0.0428745292799, 0.52127718387, 0.166351902475, 0.30770097498, 0.810940261076, 0.706356562364, 0.338630311558, 0.613203503921, 0.455432059176, 0.800244105319, 0.0182399639194, 0.445889221157, 0.102476349077, 0.374487384192, 0.964932860898, 0.295635492853, 0.0763425485844, 0.645693371749, 0.0217967295148, 0.504825260797, 0.0384274455838, 3.57923454986e-07, 4.56865434758
0.0779529634285, 0.656122947781, 0.307660523981, 0.0186183576008, 0.00816089168238, 0.707688868105, 0.00216584474098, 0.614608347138, 0.674865893025, 0.352950014706, 0.00765362382275, 0.238726647002, 0.00880014700373, 0.411207984858, 0.211361037312, 0.498046140611, 0.770843635079, 0.0494882012987, 0.176710026025, 0.860009776296, 0.0909143803954, 0.145272010454, 0.199343205761, 0.637475591738, 0.00944141655759, 0.206811584992, 0.266306937025, 0.105146481118, 0.138451554753, 0.00211833343763, 0.0779529634285, 3.07002201901
0.0779529634285, 0.656122947781, 0.307660523981, 0.0186183576008, 0.00816089168238, 0.707688868105, 0.00216584474098, 0.614608347138, 0.674865893025, 0.352950014706, 0.00765362382275, 0.238726647002, 0.00880014700373, 0.411207984858, 0.211361037312, 0.498046140611, 0.770843635079, 0.0494882012987, 0.176710026025, 0.860009776296, 0.0909143803954, 0.145272010454, 0.199343205761, 0.637475591738, 0.00944141655759, 0.206811584992, 0.266306937025, 0.105146481118, 0.138451554753, 0.00211833343763, 0.0779529634285, 3.07002201901
0.998701695647, 0.031799433573, 0.409385988639, 0.133944016498, 0.543801841786, 0.746782186731, 0.0287482990724, 0.243910867095, 0.11670764906, 0.00214328147918, 0.068568948874, 0.527708826578, 0.392712734164, 0.131915607581, 0.708519885746, 0.720280679778, 0.631760695536, 0.00986981629695, 0.176939536926, 0.733211104341, 0.437525739312, 0.242333773501, 0.0355903621491, 0.0913062322991, 0.081071871579, 0.056178557684, 0.192734391342, 0.0742973114591, 0.418623965276, 0.00218298137967, 0.998701695647, 1.61560956297
0.998701695647, 0.031799433573, 0.409385988639, 0.133944016498, 0.543801841786, 0.746782186731, 0.0287482990724, 0.243910867095, 0.11670764906, 0.00214328147918, 0.068568948874, 0.527708826578, 0.392712734164, 0.131915607581, 0.708519885746, 0.720280679778, 0.631760695536, 0.00986981629695, 0.176939536926, 0.733211104341, 0.437525739312, 0.242333773501, 0.0355903621491, 0.0913062322991, 0.081071871579, 0.056178557684, 0.192734391342, 0.0742973114591, 0.418623965276, 0.00218298137967, 0.998701695647, 1.61560956297
0.519723243167, 0.353213506176, 0.0941613331983, 0.161610791579, 0.467247451727, 0.696506960105, 0.0873165584336, 0.0446211060925, 0.63302934685, 0.169936865797, 0.0851863463186, 0.0306254879815, 0.399264595803, 0.195933031735, 0.198189862665, 0.00445406823953, 0.378898187306, 0.249714674569, 0.352344249226, 0.124671985998, 0.0483698900533, 0.433971108645, 0.0064618541477, 0.00689701855641, 0.23262798988, 0.991666749315, 0.350735463945, 0.601318019716, 0.156974712271, 0.210761358404, 0.519723243167, 2.07902733231
0.519723243167, 0.353213506176, 0.0941613331983, 0.161610791579, 0.467247451727, 0.696506960105, 0.0873165584336, 0.0446211060925, 0.63302934685, 0.169936865797, 0.0851863463186, 0.0306254879815, 0.399264595803, 0.195933031735, 0.198189862665, 0.00445406823953, 0.378898187306, 0.249714674569, 0.352344249226, 0.124671985998, 0.0483698900533, 0.433971108645, 0.0064618541477, 0.00689701855641, 0.23262798988, 0.991666749315, 0.350735463945, 0.601318019716, 0.156974712271, 0.210761358404, 0.519723243167, 2.07902733231
0.491105724883, 0.195043438732, 0.0525358828879, 0.491189859467, 0.57759209086, 0.610232221764, 0.0986583630191, 0.611238326988, 0.346420763709, 0.00120647450808, 0.553884624888, 0.0117198983977, 0.270139165629, 0.0666544026253, 0.775082234224, 0.108861527345, 0.109662232911, 0.00937149587523, 0.0343293844615, 0.00679565544983, 0.106635544735, 0.480054825814, 0.0484212368275, 0.479500691816, 0.109370791071, 0.883165909058, 0.243828365428, 0.339527830464, 0.138451554753, 0.689390758646, 0.491105724883, 2.28836471588
0.491105724883, 0.195043438732, 0.0525358828879, 0.491189859467, 0.57759209086, 0.610232221764, 0.0986583630191, 0.611238326988, 0.346420763709, 0.00120647450808, 0.553884624888, 0.0117198983977, 0.270139165629, 0.0666544026253, 0.775082234224, 0.108861527345, 0.109662232911, 0.00937149587523, 0.0343293844615, 0.00679565544983, 0.106635544735, 0.480054825814, 0.0484212368275, 0.479500691816, 0.109370791071, 0.883165909058, 0.243828365428, 0.339527830464, 0.138451554753, 0.689390758646, 0.491105724883, 2.28836471588
5.5726805559e-07, 0.287662770914, 0.388553263231, 0.499857791983, 0.680923960533, 0.451376994823, 0.170199490398, 0.710627109544, 0.00403405186466, 0.0014530253769, 0.52127718387, 0.604198970015, 0.30770097498, 0.810940261076, 0.706356562364, 0.34871786929, 0.613203503921, 0.390768108768, 0.800244105319, 0.0923156099808, 0.445889221157, 0.102476349077, 0.374487384192, 0.29049897392, 0.295635492853, 0.0763425485844, 0.496463566603, 0.0217967295148, 0.504825260797, 0.332040556402, 5.5726805559e-07, 4.51488970981
5.5726805559e-07, 0.287662770914, 0.388553263231, 0.499857791983, 0.680923960533, 0.451376994823, 0.170199490398, 0.710627109544, 0.00403405186466, 0.0014530253769, 0.52127718387, 0.604198970015, 0.30770097498, 0.810940261076, 0.706356562364, 0.34871786929, 0.613203503921, 0.390768108768, 0.800244105319, 0.0923156099808, 0.445889221157, 0.102476349077, 0.374487384192, 0.29049897392, 0.295635492853, 0.0763425485844, 0.496463566603, 0.0217967295148, 0.504825260797, 0.332040556402, 5.5726805559e-07, 4.51488970981
0.970808670204, 0.76827157691, 0.841551341988, 0.175829646064, 0.488131855659, 0.040669538608, 0.343867794183, 0.221240964487, 0.0557809977301, 0.27900454973, 0.176824783401, 0.507768263011, 0.216030520794, 0.00542372507191, 0.427638959899, 0.788772493551, 0.243584253962, 0.300284524202, 0.909728060283, 0.00181020991376, 0.183022826959, 0.717244073134, 0.305942613551, 0.0771115128506, 0.164004313341, 0.0103692075785, 0.0354989470532, 0.0180966135167, 0.354199007813, 0.0584703728472, 0.970808670204, 1.80847912315
0.970808670204, 0.76827157691, 0.841551341988, 0.175829646064, 0.488131855659, 0.040669538608, 0.343867794183, 0.221240964487, 0.0557809977301, 0.27900454973, 0.176824783401, 0.507768263011, 0.216030520794, 0.00542372507191, 0.427638959899, 0.788772493551, 0.243584253962, 0.300284524202, 0.909728060283, 0.00181020991376, 0.183022826959, 0.717244073134, 0.305942613551, 0.0771115128506, 0.164004313341, 0.0103692075785, 0.0354989470532, 0.0180966135167, 0.354199007813, 0.0584703728472, 0.970808670204, 1.80847912315
0.961721884688, 0.0279187990995, 0.421445069007, 0.00483681334717, 0.414210664599, 0.725454781611, 0.00450861159909, 0.173515482132, 0.0183869415121, 0.648926084931, 0.0450062853949, 0.254555689194, 0.10950363278, 0.113739943877, 0.708519885746, 0.720280679778, 0.631760695536, 0.00986981629695, 0.455541408689, 0.991369759189, 0.437525739312, 0.0889342915819, 0.185461397872, 0.0913062322991, 0.081071871579, 0.056178557684, 0.192734391342, 0.9015381129, 0.418623965276, 0.000677280098577, 0.961721884688, 1.86769558949
0.961721884688, 0.0279187990995, 0.421445069007, 0.00483681334717, 0.414210664599, 0.725454781611, 0.00450861159909, 0.173515482132, 0.0183869415121, 0.648926084931, 0.0450062853949, 0.254555689194, 0.10950363278, 0.113739943877, 0.708519885746, 0.720280679778, 0.631760695536, 0.00986981629695, 0.455541408689, 0.991369759189, 0.437525739312, 0.0889342915819, 0.185461397872, 0.0913062322991, 0.081071871579, 0.056178557684, 0.192734391342, 0.9015381129, 0.418623965276, 0.000677280098577, 0.961721884688, 1.86769558949
0.638714642518, 0.281560118822, 0.409385988639, 0.133944016498, 0.23135955559, 0.746782186731, 0.0399799209895, 0.243910867095, 0.11670764906, 0.00486228185025, 0.0462834510851, 0.527708826578, 0.392712734164, 0.131915607581, 0.708519885746, 0.720280679778, 0.631760695536, 0.00986981629695, 0.176939536926, 0.733211104341, 0.437525739312, 0.242333773501, 0.0355903621491, 0.0913062322991, 0.00839213523668, 0.056178557684, 0.192734391342, 0.0742973114591, 0.418623965276, 0.00218298137967, 0.638714642518, 1.95397181073
0.638714642518, 0.281560118822, 0.409385988639, 0.133944016498, 0.23135955559, 0.746782186731, 0.0399799209895, 0.243910867095, 0.11670764906, 0.00486228185025, 0.0462834510851, 0.527708826578, 0.392712734164, 0.131915607581, 0.708519885746, 0.720280679778, 0.631760695536, 0.00986981629695, 0.176939536926, 0.733211104341, 0.437525739312, 0.242333773501, 0.0355903621491, 0.0913062322991, 0.00839213523668, 0.056178557684, 0.192734391342, 0.0742973114591, 0.418623965276, 0.00218298137967, 0.638714642518, 1.95397181073
2.31426450281e-06, 0.035370741088, 0.422206978148, 0.679809664074, 0.680923960533, 0.766119356924, 0.0737640336429, 0.662226203454, 0.00776272079633, 0.468592551413, 0.128017448021, 0.460813378753, 0.0541907785968, 0.0455326076466, 0.662443205261, 0.215420897276, 0.4869477829, 0.122201524415, 0.291728710098, 0.0182399639194, 0.476302818375, 0.102476349077, 0.402042940957, 0.779250217835, 0.338939204796, 0.121392612127, 0.822671512752, 0.856251258505, 0.131480606723, 0.46295729181, 2.31426450281e-06, 4.34112907583
2.31426450281e-06, 0.035370741088, 0.422206978148, 0.679809664074, 0.680923960533, 0.766119356924, 0.0737640336429, 0.662226203454, 0.00776272079633, 0.468592551413, 0.128017448021, 0.460813378753, 0.0541907785968, 0.0455326076466, 0.662443205261, 0.215420897276, 0.4869477829, 0.122201524415, 0.291728710098, 0.0182399639194, 0.476302818375, 0.102476349077, 0.402042940957, 0.779250217835, 0.338939204796, 0.121392612127, 0.822671512752, 0.856251258505, 0.131480606723, 0.46295729181, 2.31426450281e-06, 4.34112907583
0.245824216657, 0.217203105417, 0.0223808966037, 0.148209196005, 0.376981555662, 0.615932965616, 0.999502686167, 0.947881524672, 0.0860790113252, 0.0572056583937, 0.547374236647, 0.0306254879815, 0.177551547357, 0.183986555399, 0.680370365086, 0.141085957003, 0.627439491446, 0.552825260288, 0.0652950820731, 0.0481366067049, 0.889364776801, 0.101491032204, 0.74178956542, 0.00742129117758, 0.0224677129446, 0.0328668336105, 0.477306486205, 0.00584842675322, 0.194924433519, 0.10241234958, 0.245824216657, 2.85509926667
0.245824216657, 0.217203105417, 0.0223808966037, 0.148209196005, 0.376981555662, 0.615932965616, 0.999502686167, 0.947881524672, 0.0860790113252, 0.0572056583937, 0.547374236647, 0.0306254879815, 0.177551547357, 0.183986555399, 0.680370365086, 0.141085957003, 0.627439491446, 0.552825260288, 0.0652950820731, 0.0481366067049, 0.889364776801, 0.101491032204, 0.74178956542, 0.00742129117758, 0.0224677129446, 0.0328668336105, 0.477306486205, 0.00584842675322, 0.194924433519, 0.10241234958, 0.245824216657, 2.85509926667
0.341036304134, 0.217409969966, 0.972921387832, 0.283561213748, 0.0429589828194, 0.999592380287, 0.227057610444, 0.469392554647, 0.0674169374051, 0.00563818781228, 0.0181085562889, 0.939033186511, 0.00830197047724, 0.583488001593, 0.0234395817934, 0.39132926583, 0.151046937502, 0.0709556834186, 0.0643762336912, 0.25333555, 0.0244743989746, 0.0889342915819, 0.165794747939, 0.171106062535, 0.184540332462, 0.3370891859, 0.848367510124, 0.223834665969, 0.0388444118688, 0.426469862149, 0.341036304134, 2.47124313267
0.341036304134, 0.217409969966, 0.972921387832, 0.283561213748, 0.0429589828194, 0.999592380287, 0.227057610444, 0.469392554647, 0.0674169374051, 0.00563818781228, 0.0181085562889, 0.939033186511, 0.00830197047724, 0.583488001593, 0.0234395817934, 0.39132926583, 0.151046937502, 0.0709556834186, 0.0643762336912, 0.25333555, 0.0244743989746, 0.0889342915819, 0.165794747939, 0.171106062535, 0.184540332462, 0.3370891859, 0.848367510124, 0.223834665969, 0.0388444118688, 0.426469862149, 0.341036304134, 2.47124313267
0.32775558606, 0.0656519039833, 0.738465776805, 0.00750235935161, 0.0157710638006, 0.746782186731, 0.141095277301, 0.08092194016, 0.466928760872, 0.00486228185025, 0.129760620967, 0.335903425272, 0.464667177904, 0.131915607581, 0.658650921018, 0.185678791202, 0.589760747492, 0.00986981629695, 0.176939536926, 0.985290818804, 0.506783673515, 0.297449008036, 0.185461397872, 0.0913062322991, 0.0277954837095, 0.056178557684, 0.381552741683, 0.390654280075, 0.371313345297, 0.00274450398023, 0.32775558606, 2.47948627279
0.32775558606, 0.0656519039833, 0.738465776805, 0.00750235935161, 0.0157710638006, 0.746782186731, 0.141095277301, 0.08092194016, 0.466928760872, 0.00486228185025, 0.129760620967, 0.335903425272, 0.464667177904, 0.131915607581, 0.658650921018, 0.185678791202, 0.589760747492, 0.00986981629695, 0.176939536926, 0.985290818804, 0.506783673515, 0.297449008036, 0.185461397872, 0.0913062322991, 0.0277954837095, 0.056178557684, 0.381552741683, 0.390654280075, 0.371313345297, 0.00274450398023, 0.32775558606, 2.47948627279
0.142354901674, 0.118782242325, 0.00503119563157, 0.089179295089, 0.906321045735, 0.315670159166, 0.840017858837, 0.344612204913, 0.00211562994765, 0.0270686050205, 0.0736931625255, 0.150604968857, 0.399264595803, 0.286630663719, 0.198189862665, 0.601157758993, 0.530156442737, 0.249714674569, 0.00545692365534, 0.0807209130196, 0.584601591024, 0.376813083592, 0.00339084068094, 0.176357564314, 0.144593229289, 0.952992382761, 0.684703837161, 0.0199972344083, 0.156974712271, 0.20228520095, 0.142354901674, 2.92587248821
0.142354901674, 0.118782242325, 0.00503119563157, 0.089179295089, 0.906321045735, 0.315670159166, 0.840017858837, 0.344612204913, 0.00211562994765, 0.0270686050205, 0.0736931625255, 0.150604968857, 0.399264595803, 0.286630663719, 0.198189862665, 0.601157758993, 0.530156442737, 0.249714674569, 0.00545692365534, 0.0807209130196, 0.584601591024, 0.376813083592, 0.00339084068094, 0.176357564314, 0.144593229289, 0.952992382761, 0.684703837161, 0.0199972344083, 0.156974712271, 0.20228520095, 0.142354901674, 2.92587248821
3.57923454986e-07, 0.287662770914, 0.470783522092, 0.499857791983, 0.680923960533, 0.451376994823, 0.194495051549, 0.662226203454, 0.00403405186466, 0.468592551413, 0.52127718387, 0.166351902475, 0.30770097498, 0.871844578841, 0.706356562364, 0.338630311558, 0.613203503921, 0.629998839289, 0.800244105319, 0.0182399639194, 0.445889221157, 0.102476349077, 0.374487384192, 0.972629494476, 0.295635492853, 0.0763425485844, 0.645693371749, 0.0217967295148, 0.504825260797, 0.0384274455838, 3.57923454986e-07, 4.77621085667
3.57923454986e-07, 0.287662770914, 0.470783522092, 0.499857791983, 0.680923960533, 0.451376994823, 0.194495051549, 0.662226203454, 0.00403405186466, 0.468592551413, 0.52127718387, 0.166351902475, 0.30770097498, 0.871844578841, 0.706356562364, 0.338630311558, 0.613203503921, 0.629998839289, 0.800244105319, 0.0182399639194, 0.445889221157, 0.102476349077, 0.374487384192, 0.972629494476, 0.295635492853, 0.0763425485844, 0.645693371749, 0.0217967295148, 0.504825260797, 0.0384274455838, 3.57923454986e-07, 4.77621085667
0.970808670204, 0.76827157691, 0.841551341988, 0.175829646064, 0.488131855659, 0.040669538608, 0.343867794183, 0.221240964487, 0.0557809977301, 0.27900454973, 0.176824783401, 0.507768263011, 0.216030520794, 0.00542372507191, 0.427638959899, 0.636032076895, 0.243584253962, 0.300284524202, 0.909728060283, 0.00181020991376, 0.183022826959, 0.717244073134, 0.305942613551, 0.0771115128506, 0.164004313341, 0.0103692075785, 0.0354989470532, 0.0180966135167, 0.778777454475, 0.0584703728472, 0.970808670204, 1.87137201268
0.970808670204, 0.76827157691, 0.841551341988, 0.175829646064, 0.488131855659, 0.040669538608, 0.343867794183, 0.221240964487, 0.0557809977301, 0.27900454973, 0.176824783401, 0.507768263011, 0.216030520794, 0.00542372507191, 0.427638959899, 0.636032076895, 0.243584253962, 0.300284524202, 0.909728060283, 0.00181020991376, 0.183022826959, 0.717244073134, 0.305942613551, 0.0771115128506, 0.164004313341, 0.0103692075785, 0.0354989470532, 0.0180966135167, 0.778777454475, 0.0584703728472, 0.970808670204, 1.87137201268
0.961721884688, 0.0279187990995, 0.421445069007, 0.00483681334717, 0.414210664599, 0.746782186731, 0.00450861159909, 0.173515482132, 0.144004242674, 0.68905033624, 0.0450062853949, 0.402152674857, 0.10950363278, 0.131915607581, 0.708519885746, 0.720280679778, 0.686458516306, 0.00986981629695, 0.455541408689, 0.991369759189, 0.437525739312, 0.0889342915819, 0.185461397872, 0.0913062322991, 0.081071871579, 0.056178557684, 0.192734391342, 0.9015381129, 0.418623965276, 0.00274450398023, 0.961721884688, 1.9629888882
0.659770186311, 0.031799433573, 0.519182604057, 0.133944016498, 0.543801841786, 0.746782186731, 0.0399799209895, 0.243910867095, 0.11670764906, 0.00486228185025, 0.0788137589809, 0.527708826578, 0.392712734164, 0.131915607581, 0.708519885746, 0.720280679778, 0.631760695536, 0.00258376559121, 0.176939536926, 0.733211104341, 0.437525739312, 0.0830354875727, 0.0355903621491, 0.293845255076, 0.081071871579, 0.0236180308916, 0.192734391342, 0.0742973114591, 0.398195224737, 0.00218298137967, 0.659770186311, 1.99302476519
0.491105724883, 0.195043438732, 0.0525358828879, 0.29636170433, 0.57759209086, 0.610232221764, 0.0986583630191, 0.611238326988, 0.244216119809, 0.00120647450808, 0.553884624888, 0.0117198983977, 0.270139165629, 0.066178609294, 0.775082234224, 0.108861527345, 0.109662232911, 0.00937149587523, 0.293760682604, 0.297114985533, 0.106635544735, 0.517832360962, 0.0484212368275, 0.45067643106, 0.109370791071, 0.883165909058, 0.243828365428, 0.339527830464, 0.138451554753, 0.689390758646, 0.491105724883, 2.35458382504
0.519723243167, 0.353213506176, 0.323002952071, 0.161610791579, 0.0611723216661, 0.597962217535, 0.0873165584336, 0.0646190180488, 0.844427674879, 0.169936865797, 0.476325988789, 0.0306254879815, 0.399264595803, 0.195933031735, 0.00467086794794, 0.00445406823953, 0.378898187306, 0.249714674569, 0.352344249226, 0.253008167166, 0.113420405249, 0.0819575589066, 0.0064618541477, 0.465652183273, 0.23262798988, 0.54206619287, 0.350735463945, 0.601318019716, 0.128941540596, 0.315269083065, 0.519723243167, 2.0990778594
0.245824216657, 0.187855218741, 0.00133340813236, 0.148209196005, 0.536767577228, 0.615932965616, 0.871915610486, 0.947881524672, 0.191311761469, 0.0572056583937, 0.304700549977, 0.0306254879815, 0.121133819351, 0.183986555399, 0.402398753786, 0.141085957003, 0.627439491446, 0.828380567286, 0.0652950820731, 0.0481366067049, 0.889364776801, 0.101491032204, 0.74178956542, 0.161521600263, 0.0224677129446, 0.0328668336105, 0.804804858087, 0.00584842675322, 0.194924433519, 0.10241234958, 0.245824216657, 2.92754859793
0.341036304134, 0.0656519039833, 0.972921387832, 0.302449423281, 0.0429589828194, 0.999592380287, 0.403462096932, 0.469392554647, 0.0674169374051, 0.00563818781228, 0.0450062853949, 0.939033186511, 0.00830197047724, 0.583488001593, 0.0234395817934, 0.39132926583, 0.151046937502, 0.0709556834186, 0.0643762336912, 0.25333555, 0.0244743989746, 0.0889342915819, 0.165794747939, 0.171106062535, 0.184540332462, 0.3370891859, 0.848367510124, 0.223834665969, 0.0388444118688, 0.426469862149, 0.341036304134, 2.48973124314
0.0634567019008, 0.00448608664042, 0.599591636352, 0.0114561431065, 0.466729862159, 0.185180260046, 0.949451217639, 0.271598235761, 0.621909672551, 0.244976185584, 0.0519770565706, 0.968483039436, 0.16473653799, 0.112567919633, 0.23935293046, 0.0500526438276, 0.434145349192, 0.0812294975695, 0.0186660100662, 0.017344978229, 0.712917818415, 0.891620080624, 0.485447745343, 0.685562294618, 0.0427100215352, 0.464081654913, 0.325702546903, 0.0254790042532, 0.0615343273031, 0.656164429343, 0.0634567019008, 3.5481042505
0.0779529634285, 0.107781220439, 0.0135170093938, 0.12353651664, 0.888138685953, 0.554951944746, 0.109991289255, 0.0646190180488, 0.689500192289, 0.0270686050205, 0.230962565978, 0.150604968857, 0.249525366019, 0.286630663719, 0.140324712388, 0.736460638905, 0.632699819324, 0.249714674569, 0.171879018646, 0.124671985998, 0.192478504536, 0.376813083592, 0.0059353067018, 0.928455218111, 0.575854833676, 0.169385533639, 0.413651437166, 0.0199972344083, 0.0385430550094, 0.262981669023, 0.0779529634285, 3.11595111444
0.640894081577, 0.934645330261, 0.421445069007, 0.133944016498, 0.543801841786, 0.746782186731, 0.0399799209895, 0.243910867095, 0.11670764906, 0.00486228185025, 0.0788137589809, 0.238726647002, 0.392712734164, 0.131915607581, 0.708519885746, 0.308297386911, 0.631760695536, 0.00986981629695, 0.176939536926, 0.733211104341, 0.50280963453, 0.242333773501, 0.0148410666638, 0.232040811699, 0.0177651385436, 0.0454005929052, 0.192734391342, 0.0742973114591, 0.398195224737, 0.00218298137967, 0.640894081577, 2.06676810489
2.31426450281e-06, 0.035370741088, 0.0360789039513, 0.679809664074, 0.680923960533, 0.766119356924, 0.194495051549, 0.662226203454, 0.00776272079633, 0.468592551413, 0.128017448021, 0.409897088604, 0.0541907785968, 0.0455326076466, 0.890515595567, 0.215420897276, 0.4869477829, 0.210039697248, 0.800244105319, 0.711964115074, 0.476302818375, 0.102476349077, 0.374487384192, 0.771951235803, 0.338939204796, 0.121392612127, 0.175364159199, 0.510943331892, 0.0226350209617, 0.46295729181, 2.31426450281e-06, 4.36145587847
0.325664965906, 0.664168811685, 0.841551341988, 0.240724369355, 0.488131855659, 0.0146933366923, 0.343867794183, 0.221240964487, 0.0557809977301, 0.27900454973, 0.175010018636, 0.507768263011, 0.216030520794, 0.00542372507191, 0.0906760026029, 0.237392312595, 0.392054420809, 0.300284524202, 0.909728060283, 0.00404781376261, 0.183022826959, 0.717244073134, 0.0938924820713, 0.417121981358, 0.164004313341, 0.000707474645579, 0.146652499926, 0.0180966135167, 0.643777399389, 0.0584703728472, 0.325664965906, 2.53115125363
0.189173188373, 0.195043438732, 0.0574739894973, 0.0220750579511, 0.784052826528, 0.610232221764, 0.521787980019, 0.65320880634, 0.443894360164, 0.144332058059, 0.602546926358, 0.0472426161476, 0.131035386443, 0.00237840230984, 0.249081564015, 0.026433301161, 0.132664942599, 0.0220040736057, 0.0463469823678, 0.633149854265, 0.0192794131667, 0.948381494543, 0.00994944217118, 0.116176135277, 0.525248469689, 0.721050843314, 0.525742101857, 0.529666631063, 0.0964683482304, 0.297964130276, 0.189173188373, 2.97770767082
0.0327769231483, 0.416878909239, 0.128383524988, 0.134716913289, 0.0112659577954, 0.668208593931, 0.301270717244, 0.683025594428, 0.85515858099, 0.99896964887, 0.252910378669, 0.395199634391, 0.326143134948, 0.016881840019, 0.90772944764, 0.0478128325593, 0.055047699959, 0.51697478025, 0.203201013829, 0.0592974420485, 0.00580772741266, 0.428861756049, 0.940353040747, 0.0988238054511, 0.0255614586001, 0.162259896324, 0.207527445963, 0.951477009205, 0.0110153657794, 0.525628110943, 0.0327769231483, 3.83646972959
0.000174308244052, 0.00328524928716, 0.0856171252818, 0.957038307168, 0.624261672617, 0.507958018703, 0.130932397885, 0.401063300669, 0.181810654998, 0.254119892133, 0.585609802224, 0.779495847449, 0.135608813037, 0.2363740023, 0.282616260418, 0.00421100416733, 0.990750370158, 0.0819591142569, 0.0515486272216, 0.896502980812, 0.67212204539, 0.449633192249, 0.290883598243, 0.066710696082, 0.335834213197, 0.00371825255951, 0.197788927525, 0.15771534006, 0.691698245379, 0.124365574011, 0.000174308244052, 4.13276606129
0.0917130747862, 0.76827157691, 0.187264425116, 0.0736060523005, 0.107733157935, 0.0446110752799, 0.810099448453, 0.966151598063, 0.0353013860421, 0.27900454973, 0.176824783401, 0.105596485796, 0.216030520794, 0.00452993111369, 0.485059950545, 0.955118736648, 0.0674516738937, 0.300284524202, 0.906016267257, 0.00404781376261, 0.183022826959, 0.20003624407, 0.142847587584, 0.584682250095, 0.192539894143, 0.205499995496, 0.349473825626, 0.084638654707, 0.0829136706917, 0.0584703728472, 0.0917130747862, 3.08234967758
0.000174308244052, 0.00328524928716, 0.0856171252818, 0.957038307168, 0.624261672617, 0.507958018703, 0.130932397885, 0.401063300669, 0.181810654998, 0.254119892133, 0.585609802224, 0.779495847449, 0.135608813037, 0.2363740023, 0.282616260418, 0.00421100416733, 0.990750370158, 0.0819591142569, 0.0515486272216, 0.896502980812, 0.67212204539, 0.449633192249, 0.290883598243, 0.066710696082, 0.335834213197, 0.00371825255951, 0.197788927525, 0.15771534006, 0.691698245379, 0.124365574011, 0.000174308244052, 4.13276606129
0.245824216657, 0.187855218741, 0.00133340813236, 0.148209196005, 0.536767577228, 0.615932965616, 0.871915610486, 0.947881524672, 0.191311761469, 0.0572056583937, 0.304700549977, 0.0306254879815, 0.121133819351, 0.183986555399, 0.402398753786, 0.141085957003, 0.627439491446, 0.828380567286, 0.0652950820731, 0.0481366067049, 0.889364776801, 0.101491032204, 0.74178956542, 0.161521600263, 0.0224677129446, 0.0328668336105, 0.804804858087, 0.00584842675322, 0.194924433519, 0.10241234958, 0.245824216657, 2.92754859793
0.189173188373, 0.195043438732, 0.0574739894973, 0.0220750579511, 0.784052826528, 0.610232221764, 0.521787980019, 0.65320880634, 0.443894360164, 0.144332058059, 0.602546926358, 0.0472426161476, 0.131035386443, 0.00237840230984, 0.249081564015, 0.026433301161, 0.132664942599, 0.0220040736057, 0.0463469823678, 0.633149854265, 0.0192794131667, 0.948381494543, 0.00994944217118, 0.116176135277, 0.525248469689, 0.721050843314, 0.525742101857, 0.529666631063, 0.0964683482304, 0.297964130276, 0.189173188373, 2.97770767082
