0.961721884688, 0.0279187990995, 0.421445069007, 0.00483681334717, 0.414210664599, 0.743634984282, 0.00450861159909, 0.173515482132, 0.0183869415121, 0.648926084931, 0.0450062853949, 0.254555689194, 0.10950363278, 0.113739943877, 0.708519885746, 0.720280679778, 0.0404030196753, 0.00986981629695, 0.968821596493, 0.281075092435, 0.287115071162, 0.0889342915819, 0.185461397872, 0.0913062322991, 0.081071871579, 0.72728267679, 0.192734391342, 0.202199009617, 0.418623965276, 0.000677280098577, 0.961721884688, 1.64907858367
0.961721884688, 0.0279187990995, 0.421445069007, 0.00483681334717, 0.414210664599, 0.743634984282, 0.00450861159909, 0.173515482132, 0.0183869415121, 0.648926084931, 0.0450062853949, 0.254555689194, 0.10950363278, 0.113739943877, 0.708519885746, 0.720280679778, 0.0404030196753, 0.00986981629695, 0.968821596493, 0.281075092435, 0.287115071162, 0.0889342915819, 0.185461397872, 0.0913062322991, 0.081071871579, 0.72728267679, 0.192734391342, 0.202199009617, 0.418623965276, 0.000677280098577, 0.961721884688, 1.64907858367
0.998701695647, 0.031799433573, 0.409385988639, 0.133944016498, 0.543801841786, 0.746782186731, 0.0287482990724, 0.243910867095, 0.11670764906, 0.00214328147918, 0.068568948874, 0.527708826578, 0.392712734164, 0.208204709896, 0.313948653006, 0.720280679778, 0.631760695536, 0.00986981629695, 0.176939536926, 0.733211104341, 0.437525739312, 0.242333773501, 0.0355903621491, 0.0913062322991, 0.020230617649, 0.056178557684, 0.192734391342, 0.0742973114591, 0.490311425476, 0.00218298137967, 0.998701695647, 1.54593293769
0.998701695647, 0.031799433573, 0.409385988639, 0.133944016498, 0.543801841786, 0.746782186731, 0.0287482990724, 0.243910867095, 0.11670764906, 0.00214328147918, 0.068568948874, 0.527708826578, 0.392712734164, 0.208204709896, 0.313948653006, 0.720280679778, 0.631760695536, 0.00986981629695, 0.176939536926, 0.733211104341, 0.437525739312, 0.242333773501, 0.0355903621491, 0.0913062322991, 0.020230617649, 0.056178557684, 0.192734391342, 0.0742973114591, 0.490311425476, 0.00218298137967, 0.998701695647, 1.54593293769
0.0475192346932, 0.0428227380365, 0.496865669389, 0.133944016498, 0.543801841786, 0.746782186731, 0.0399799209895, 0.243910867095, 0.466928760872, 0.0038480978799, 0.0116838973751, 0.593434475626, 0.208614176096, 0.131915607581, 0.341598228404, 0.954468681509, 0.631760695536, 0.00986981629695, 0.469632834383, 0.998870148774, 0.437525739312, 0.297449008036, 0.123003987975, 0.0913062322991, 0.081071871579, 0.340623583859, 0.192734391342, 0.0742973114591, 0.0784675818713, 0.00274450398023, 0.0475192346932, 3.30702836094
0.0475192346932, 0.0428227380365, 0.496865669389, 0.133944016498, 0.543801841786, 0.746782186731, 0.0399799209895, 0.243910867095, 0.466928760872, 0.0038480978799, 0.0116838973751, 0.593434475626, 0.208614176096, 0.131915607581, 0.341598228404, 0.954468681509, 0.631760695536, 0.00986981629695, 0.469632834383, 0.998870148774, 0.437525739312, 0.297449008036, 0.123003987975, 0.0913062322991, 0.081071871579, 0.340623583859, 0.192734391342, 0.0742973114591, 0.0784675818713, 0.00274450398023, 0.0475192346932, 3.30702836094
2.03468959126e-07, 0.287662770914, 0.0374295055171, 0.499857791983, 0.680923960533, 0.451376994823, 0.131508606617, 0.662226203454, 0.00403405186466, 0.0428745292799, 0.52127718387, 0.386232607329, 0.235094544229, 0.810940261076, 0.706356562364, 0.338630311558, 0.613203503921, 0.455432059176, 0.732165125718, 0.0182399639194, 0.445889221157, 0.0871778349605, 0.374487384192, 0.964932860898, 0.295635492853, 0.0763425485844, 0.645693371749, 0.0217967295148, 0.504825260797, 0.0384274455838, 2.03468959126e-07, 4.43477661025
2.03468959126e-07, 0.287662770914, 0.0374295055171, 0.499857791983, 0.680923960533, 0.451376994823, 0.131508606617, 0.662226203454, 0.00403405186466, 0.0428745292799, 0.52127718387, 0.386232607329, 0.235094544229, 0.810940261076, 0.706356562364, 0.338630311558, 0.613203503921, 0.455432059176, 0.732165125718, 0.0182399639194, 0.445889221157, 0.0871778349605, 0.374487384192, 0.964932860898, 0.295635492853, 0.0763425485844, 0.645693371749, 0.0217967295148, 0.504825260797, 0.0384274455838, 2.03468959126e-07, 4.43477661025
0.0327769231483, 0.042580002969, 0.051024205684, 0.134716913289, 0.0112659577954, 0.747116412337, 0.301270717244, 0.707656055342, 0.212926051112, 0.762462795335, 0.0463303271467, 0.856057159426, 0.441362859031, 0.0848158869527, 0.896055917451, 0.0478128325593, 0.055047699959, 0.51697478025, 0.203201013829, 0.0293077898105, 0.00580772741266, 0.141245498679, 0.861802034477, 0.0940927352994, 0.0255614586001, 0.080794747924, 0.207527445963, 0.951477009205, 0.0402987807586, 0.245896338029, 0.0327769231483, 3.38206828984
0.0327769231483, 0.042580002969, 0.051024205684, 0.134716913289, 0.0112659577954, 0.747116412337, 0.301270717244, 0.707656055342, 0.212926051112, 0.762462795335, 0.0463303271467, 0.856057159426, 0.441362859031, 0.0848158869527, 0.896055917451, 0.0478128325593, 0.055047699959, 0.51697478025, 0.203201013829, 0.0293077898105, 0.00580772741266, 0.141245498679, 0.861802034477, 0.0940927352994, 0.0255614586001, 0.080794747924, 0.207527445963, 0.951477009205, 0.0402987807586, 0.245896338029, 0.0327769231483, 3.38206828984
4.47145414473e-07, 0.035370741088, 0.422206978148, 0.679809664074, 0.680923960533, 0.766119356924, 0.0288525509294, 0.662226203454, 0.00358017656374, 0.791643320375, 0.128017448021, 0.460813378753, 0.0541907785968, 0.00113675682679, 0.184507539993, 0.0663140475457, 0.391435679916, 0.575544165456, 0.931524828153, 0.0182399639194, 0.476302818375, 0.102476349077, 0.402042940957, 0.30540318395, 0.687982525438, 0.121392612127, 0.175364159199, 0.510943331892, 0.131480606723, 0.452212876702, 4.47145414473e-07, 4.17906487676
4.47145414473e-07, 0.035370741088, 0.422206978148, 0.679809664074, 0.680923960533, 0.766119356924, 0.0288525509294, 0.662226203454, 0.00358017656374, 0.791643320375, 0.128017448021, 0.460813378753, 0.0541907785968, 0.00113675682679, 0.184507539993, 0.0663140475457, 0.391435679916, 0.575544165456, 0.931524828153, 0.0182399639194, 0.476302818375, 0.102476349077, 0.402042940957, 0.30540318395, 0.687982525438, 0.121392612127, 0.175364159199, 0.510943331892, 0.131480606723, 0.452212876702, 4.47145414473e-07, 4.17906487676
0.970808670204, 0.76827157691, 0.865143172263, 0.175829646064, 0.488131855659, 0.040669538608, 0.343867794183, 0.221240964487, 0.449759217643, 0.27900454973, 0.0830748344279, 0.507768263011, 0.191270392902, 0.00542372507191, 0.427638959899, 0.636032076895, 0.243584253962, 0.300284524202, 0.909728060283, 0.00181020991376, 0.183022826959, 0.481870348526, 0.0195599421368, 0.0771115128506, 0.164004313341, 0.0103692075785, 0.0210120475805, 0.0180966135167, 0.0388444118688, 0.0584703728472, 0.970808670204, 1.64647284934
0.970808670204, 0.76827157691, 0.865143172263, 0.175829646064, 0.488131855659, 0.040669538608, 0.343867794183, 0.221240964487, 0.449759217643, 0.27900454973, 0.0830748344279, 0.507768263011, 0.191270392902, 0.00542372507191, 0.427638959899, 0.636032076895, 0.243584253962, 0.300284524202, 0.909728060283, 0.00181020991376, 0.183022826959, 0.481870348526, 0.0195599421368, 0.0771115128506, 0.164004313341, 0.0103692075785, 0.0210120475805, 0.0180966135167, 0.0388444118688, 0.0584703728472, 0.970808670204, 1.64647284934
0.471452351314, 0.322555523741, 0.598393440775, 0.161610791579, 0.293051131874, 0.0408792518694, 0.398015106094, 0.0646190180488, 0.091768441578, 0.214586657878, 0.476325988789, 0.0306254879815, 0.0243300121767, 0.0474202553829, 0.198189862665, 0.00445406823953, 0.378898187306, 0.16171322563, 0.352344249226, 0.103328156595, 0.0222344858827, 0.433971108645, 0.0064618541477, 0.0595088428788, 0.23262798988, 0.280072300517, 0.131298128502, 0.601318019716, 0.156974712271, 0.315269083065, 0.471452351314, 1.75070925948
0.471452351314, 0.322555523741, 0.598393440775, 0.161610791579, 0.293051131874, 0.0408792518694, 0.398015106094, 0.0646190180488, 0.091768441578, 0.214586657878, 0.476325988789, 0.0306254879815, 0.0243300121767, 0.0474202553829, 0.198189862665, 0.00445406823953, 0.378898187306, 0.16171322563, 0.352344249226, 0.103328156595, 0.0222344858827, 0.433971108645, 0.0064618541477, 0.0595088428788, 0.23262798988, 0.280072300517, 0.131298128502, 0.601318019716, 0.156974712271, 0.315269083065, 0.471452351314, 1.75070925948
2.31426450281e-06, 0.160068065776, 0.0574739894973, 0.0210838020713, 0.784052826528, 0.783163838675, 0.521787980019, 0.65320880634, 0.443894360164, 0.144332058059, 0.602546926358, 0.0472426161476, 0.0256280933794, 0.00237840230984, 0.249081564015, 0.026433301161, 0.917332890492, 0.0220040736057, 0.0461695833341, 0.00404781376261, 0.0192794131667, 0.102476349077, 0.00994944217118, 0.116176135277, 0.525248469689, 0.721050843314, 0.525742101857, 0.529666631063, 0.0964683482304, 0.297964130276, 2.31426450281e-06, 3.62136511318
2.31426450281e-06, 0.160068065776, 0.0574739894973, 0.0210838020713, 0.784052826528, 0.783163838675, 0.521787980019, 0.65320880634, 0.443894360164, 0.144332058059, 0.602546926358, 0.0472426161476, 0.0256280933794, 0.00237840230984, 0.249081564015, 0.026433301161, 0.917332890492, 0.0220040736057, 0.0461695833341, 0.00404781376261, 0.0192794131667, 0.102476349077, 0.00994944217118, 0.116176135277, 0.525248469689, 0.721050843314, 0.525742101857, 0.529666631063, 0.0964683482304, 0.297964130276, 2.31426450281e-06, 3.62136511318
0.191430927994, 0.119013344158, 0.00503119563157, 0.432820842479, 0.906321045735, 0.315670159166, 0.028940462799, 0.0646190180488, 0.108993993503, 0.0204962878473, 0.203832320356, 0.035192889979, 0.075080391164, 0.286630663719, 0.198189862665, 0.601157758993, 0.378898187306, 0.249714674569, 0.00545692365534, 0.00632562571978, 0.176657062373, 0.376813083592, 0.000252847157765, 0.486334867005, 0.108797028229, 0.938808381637, 0.529292133694, 0.0199972344083, 0.156974712271, 0.0909784825338, 0.191430927994, 2.37333215664
0.191430927994, 0.119013344158, 0.00503119563157, 0.432820842479, 0.906321045735, 0.315670159166, 0.028940462799, 0.0646190180488, 0.108993993503, 0.0204962878473, 0.203832320356, 0.035192889979, 0.075080391164, 0.286630663719, 0.198189862665, 0.601157758993, 0.378898187306, 0.249714674569, 0.00545692365534, 0.00632562571978, 0.176657062373, 0.376813083592, 0.000252847157765, 0.486334867005, 0.108797028229, 0.938808381637, 0.529292133694, 0.0199972344083, 0.156974712271, 0.0909784825338, 0.191430927994, 2.37333215664
1.74906882577e-06, 0.035370741088, 0.422206978148, 0.679809664074, 0.680923960533, 0.766119356924, 0.0288525509294, 0.0993488824871, 0.00566836021139, 0.468592551413, 0.0973717388705, 0.460813378753, 0.0240795461679, 0.0234525790654, 0.0110888523144, 0.16840309047, 0.4869477829, 0.575544165456, 0.847641095858, 0.0182399639194, 0.195793398684, 0.0692211505693, 0.226414840774, 0.863973568998, 0.521562076712, 0.121392612127, 0.175364159199, 0.510943331892, 0.131480606723, 0.452212876702, 1.74906882577e-06, 3.84290670219
1.74906882577e-06, 0.035370741088, 0.422206978148, 0.679809664074, 0.680923960533, 0.766119356924, 0.0288525509294, 0.0993488824871, 0.00566836021139, 0.468592551413, 0.0973717388705, 0.460813378753, 0.0240795461679, 0.0234525790654, 0.0110888523144, 0.16840309047, 0.4869477829, 0.575544165456, 0.847641095858, 0.0182399639194, 0.195793398684, 0.0692211505693, 0.226414840774, 0.863973568998, 0.521562076712, 0.121392612127, 0.175364159199, 0.510943331892, 0.131480606723, 0.452212876702, 1.74906882577e-06, 3.84290670219
0.39833473116, 0.281560118822, 0.0386765015366, 0.633847348215, 0.133541847107, 0.746782186731, 0.0399799209895, 0.243910867095, 0.0629303144225, 0.00486228185025, 0.0462834510851, 0.527708826578, 0.200996567572, 0.131915607581, 0.708519885746, 0.720280679778, 0.548750981819, 0.129223099041, 0.176939536926, 0.733211104341, 0.437525739312, 0.242333773501, 0.0805779009077, 0.0913062322991, 0.00839213523668, 0.00138416695688, 0.192734391342, 0.252306220709, 0.418623965276, 0.00159686106119, 0.39833473116, 2.26284243281
0.39833473116, 0.281560118822, 0.0386765015366, 0.633847348215, 0.133541847107, 0.746782186731, 0.0399799209895, 0.243910867095, 0.0629303144225, 0.00486228185025, 0.0462834510851, 0.527708826578, 0.200996567572, 0.131915607581, 0.708519885746, 0.720280679778, 0.548750981819, 0.129223099041, 0.176939536926, 0.733211104341, 0.437525739312, 0.242333773501, 0.0805779009077, 0.0913062322991, 0.00839213523668, 0.00138416695688, 0.192734391342, 0.252306220709, 0.418623965276, 0.00159686106119, 0.39833473116, 2.26284243281
0.0506252711212, 0.353213506176, 0.598393440775, 0.161610791579, 0.293051131874, 0.0408792518694, 0.398015106094, 0.0646190180488, 0.091768441578, 0.214586657878, 0.476325988789, 0.0306254879815, 0.0567971354354, 0.0474202553829, 0.198189862665, 0.00445406823953, 0.378898187306, 0.16171322563, 0.352344249226, 0.103328156595, 0.0222344858827, 0.11997174209, 0.0064618541477, 0.465652183273, 0.23262798988, 0.280072300517, 0.131298128502, 0.601318019716, 0.156974712271, 0.315269083065, 0.0506252711212, 2.58523956435
0.0506252711212, 0.353213506176, 0.598393440775, 0.161610791579, 0.293051131874, 0.0408792518694, 0.398015106094, 0.0646190180488, 0.091768441578, 0.214586657878, 0.476325988789, 0.0306254879815, 0.0567971354354, 0.0474202553829, 0.198189862665, 0.00445406823953, 0.378898187306, 0.16171322563, 0.352344249226, 0.103328156595, 0.0222344858827, 0.11997174209, 0.0064618541477, 0.465652183273, 0.23262798988, 0.280072300517, 0.131298128502, 0.601318019716, 0.156974712271, 0.315269083065, 0.0506252711212, 2.58523956435
0.320748265602, 0.353213506176, 0.0941613331983, 0.161610791579, 0.467247451727, 0.696506960105, 0.0873165584336, 0.0446211060925, 0.63302934685, 0.169936865797, 0.0851863463186, 0.0306254879815, 0.399264595803, 0.195933031735, 0.198189862665, 0.00445406823953, 0.378898187306, 0.175339757327, 0.352344249226, 0.0230064238261, 0.0330136585938, 0.433971108645, 0.405817491196, 0.00689701855641, 0.23262798988, 0.994688342861, 0.350735463945, 0.0451128751832, 0.156974712271, 0.210761358404, 0.320748265602, 2.27389863498
0.320748265602, 0.353213506176, 0.0941613331983, 0.161610791579, 0.467247451727, 0.696506960105, 0.0873165584336, 0.0446211060925, 0.63302934685, 0.169936865797, 0.0851863463186, 0.0306254879815, 0.399264595803, 0.195933031735, 0.198189862665, 0.00445406823953, 0.378898187306, 0.175339757327, 0.352344249226, 0.0230064238261, 0.0330136585938, 0.433971108645, 0.405817491196, 0.00689701855641, 0.23262798988, 0.994688342861, 0.350735463945, 0.0451128751832, 0.156974712271, 0.210761358404, 0.320748265602, 2.27389863498
0.876193195948, 0.15663941588, 0.56780716212, 0.619327794023, 0.906321045735, 0.139895891983, 0.028940462799, 0.0646190180488, 0.435334477893, 0.0270686050205, 0.0736931625255, 0.351275551705, 0.228986826196, 0.286630663719, 0.198189862665, 0.601157758993, 0.310628672795, 0.136582911801, 0.00545692365534, 0.0687143968418, 0.246120916747, 0.172550100716, 0.000252847157765, 0.426376089365, 0.108797028229, 0.938808381637, 0.288122660998, 0.00766860972884, 0.195771747015, 0.157042615775, 0.876193195948, 1.67758336195
0.876193195948, 0.15663941588, 0.56780716212, 0.619327794023, 0.906321045735, 0.139895891983, 0.028940462799, 0.0646190180488, 0.435334477893, 0.0270686050205, 0.0736931625255, 0.351275551705, 0.228986826196, 0.286630663719, 0.198189862665, 0.601157758993, 0.310628672795, 0.136582911801, 0.00545692365534, 0.0687143968418, 0.246120916747, 0.172550100716, 0.000252847157765, 0.426376089365, 0.108797028229, 0.938808381637, 0.288122660998, 0.00766860972884, 0.195771747015, 0.157042615775, 0.876193195948, 1.67758336195
0.998701695647, 0.031799433573, 0.409385988639, 0.0173714552655, 0.543801841786, 0.746782186731, 0.305491774595, 0.243910867095, 0.11670764906, 0.00214328147918, 0.068568948874, 0.527708826578, 0.392712734164, 0.208204709896, 0.313948653006, 0.720280679778, 0.0617176222758, 0.00986981629695, 0.176939536926, 0.733211104341, 0.437525739312, 0.242333773501, 0.0699131996268, 0.495291928154, 0.081071871579, 0.056178557684, 0.192734391342, 0.0742973114591, 0.490311425476, 0.00218298137967, 0.998701695647, 1.56612966564
0.998701695647, 0.031799433573, 0.409385988639, 0.0173714552655, 0.543801841786, 0.746782186731, 0.305491774595, 0.243910867095, 0.11670764906, 0.00214328147918, 0.068568948874, 0.527708826578, 0.392712734164, 0.208204709896, 0.313948653006, 0.720280679778, 0.0617176222758, 0.00986981629695, 0.176939536926, 0.733211104341, 0.437525739312, 0.242333773501, 0.0699131996268, 0.495291928154, 0.081071871579, 0.056178557684, 0.192734391342, 0.0742973114591, 0.490311425476, 0.00218298137967, 0.998701695647, 1.56612966564
0.0475192346932, 0.0428227380365, 0.496865669389, 0.133944016498, 0.733337141689, 0.540730206478, 0.0399799209895, 0.243910867095, 0.466928760872, 0.0766556914145, 0.0116838973751, 0.416938538462, 0.35910365857, 0.131915607581, 0.708519885746, 0.954468681509, 0.631760695536, 0.00986981629695, 0.469632834383, 0.991369759189, 0.437525739312, 0.521883480008, 0.0355903621491, 0.0913062322991, 0.081071871579, 0.0688017394498, 0.192734391342, 0.0742973114591, 0.0784675818713, 0.00274450398023, 0.0475192346932, 3.38169442257
0.0475192346932, 0.0428227380365, 0.496865669389, 0.133944016498, 0.733337141689, 0.540730206478, 0.0399799209895, 0.243910867095, 0.466928760872, 0.0766556914145, 0.0116838973751, 0.416938538462, 0.35910365857, 0.131915607581, 0.708519885746, 0.954468681509, 0.631760695536, 0.00986981629695, 0.469632834383, 0.991369759189, 0.437525739312, 0.521883480008, 0.0355903621491, 0.0913062322991, 0.081071871579, 0.0688017394498, 0.192734391342, 0.0742973114591, 0.0784675818713, 0.00274450398023, 0.0475192346932, 3.38169442257
3.57923454986e-07, 0.287662770914, 0.0374295055171, 0.499857791983, 0.680923960533, 0.451376994823, 0.131508606617, 0.662226203454, 0.00403405186466, 0.00442706470354, 0.52127718387, 0.386232607329, 0.30770097498, 0.810940261076, 0.681160158138, 0.338630311558, 0.613203503921, 0.455432059176, 0.732165125718, 0.0182399639194, 0.445889221157, 0.329554822719, 0.374487384192, 0.964932860898, 0.295635492853, 0.0763425485844, 0.645693371749, 0.0217967295148, 0.504825260797, 0.0384274455838, 3.57923454986e-07, 4.51245750619
3.57923454986e-07, 0.287662770914, 0.0374295055171, 0.499857791983, 0.680923960533, 0.451376994823, 0.131508606617, 0.662226203454, 0.00403405186466, 0.00442706470354, 0.52127718387, 0.386232607329, 0.30770097498, 0.810940261076, 0.681160158138, 0.338630311558, 0.613203503921, 0.455432059176, 0.732165125718, 0.0182399639194, 0.445889221157, 0.329554822719, 0.374487384192, 0.964932860898, 0.295635492853, 0.0763425485844, 0.645693371749, 0.0217967295148, 0.504825260797, 0.0384274455838, 3.57923454986e-07, 4.51245750619
0.0327769231483, 0.042580002969, 0.051024205684, 0.0924881722142, 0.0112659577954, 0.747116412337, 0.245344510558, 0.707656055342, 0.212926051112, 0.762462795335, 0.0463303271467, 0.856057159426, 0.417141847879, 0.0848158869527, 0.896055917451, 0.0478128325593, 0.055047699959, 0.51697478025, 0.203201013829, 0.0293077898105, 0.00580772741266, 0.428861756049, 0.861802034477, 0.223359132344, 0.0255614586001, 0.080794747924, 0.207527445963, 0.979847241301, 0.0402987807586, 0.245896338029, 0.0327769231483, 3.47760714034
0.0327769231483, 0.042580002969, 0.051024205684, 0.0924881722142, 0.0112659577954, 0.747116412337, 0.245344510558, 0.707656055342, 0.212926051112, 0.762462795335, 0.0463303271467, 0.856057159426, 0.417141847879, 0.0848158869527, 0.896055917451, 0.0478128325593, 0.055047699959, 0.51697478025, 0.203201013829, 0.0293077898105, 0.00580772741266, 0.428861756049, 0.861802034477, 0.223359132344, 0.0255614586001, 0.080794747924, 0.207527445963, 0.979847241301, 0.0402987807586, 0.245896338029, 0.0327769231483, 3.47760714034
5.5726805559e-07, 0.287662770914, 0.388553263231, 0.499857791983, 0.680923960533, 0.451376994823, 0.170199490398, 0.0945819217901, 0.00403405186466, 0.0014530253769, 0.52127718387, 0.852874546852, 0.30770097498, 0.508424874965, 0.706356562364, 0.34871786929, 0.613203503921, 0.390768108768, 0.800244105319, 0.0923156099808, 0.276046472515, 0.102476349077, 0.585997752864, 0.29049897392, 0.351877621119, 0.0763425485844, 0.496463566603, 0.0217967295148, 0.504825260797, 0.135231345997, 5.5726805559e-07, 4.27634390151
5.5726805559e-07, 0.287662770914, 0.388553263231, 0.499857791983, 0.680923960533, 0.451376994823, 0.170199490398, 0.0945819217901, 0.00403405186466, 0.0014530253769, 0.52127718387, 0.852874546852, 0.30770097498, 0.508424874965, 0.706356562364, 0.34871786929, 0.613203503921, 0.390768108768, 0.800244105319, 0.0923156099808, 0.276046472515, 0.102476349077, 0.585997752864, 0.29049897392, 0.351877621119, 0.0763425485844, 0.496463566603, 0.0217967295148, 0.504825260797, 0.135231345997, 5.5726805559e-07, 4.27634390151
0.491105724883, 0.195043438732, 0.0525358828879, 0.655139486859, 0.57759209086, 0.610232221764, 0.0493651743603, 0.0646190180488, 0.244216119809, 0.00120647450808, 0.0181085562889, 0.0117198983977, 0.270139165629, 0.066178609294, 0.0234395817934, 0.0750452278128, 0.109662232911, 0.200403961095, 0.293760682604, 0.297114985533, 0.106635544735, 0.517832360962, 0.0484212368275, 0.481996997009, 0.109370791071, 0.00400673161257, 0.243828365428, 0.500627124768, 0.138451554753, 0.689390758646, 0.491105724883, 1.83866313198
0.491105724883, 0.195043438732, 0.0525358828879, 0.655139486859, 0.57759209086, 0.610232221764, 0.0493651743603, 0.0646190180488, 0.244216119809, 0.00120647450808, 0.0181085562889, 0.0117198983977, 0.270139165629, 0.066178609294, 0.0234395817934, 0.0750452278128, 0.109662232911, 0.200403961095, 0.293760682604, 0.297114985533, 0.106635544735, 0.517832360962, 0.0484212368275, 0.481996997009, 0.109370791071, 0.00400673161257, 0.243828365428, 0.500627124768, 0.138451554753, 0.689390758646, 0.491105724883, 1.83866313198
0.471452351314, 0.887301427041, 0.598393440775, 0.161610791579, 0.293051131874, 0.0408792518694, 0.398015106094, 0.0646190180488, 0.091768441578, 0.214586657878, 0.476325988789, 0.0306254879815, 0.0567971354354, 0.0474202553829, 0.198189862665, 0.00445406823953, 0.378898187306, 0.104430057813, 0.352344249226, 0.103328156595, 0.0222344858827, 0.347333461729, 0.0064618541477, 0.0595088428788, 0.23262798988, 0.280072300517, 0.131298128502, 0.601318019716, 0.156974712271, 0.315269083065, 0.471452351314, 1.86347889617
0.471452351314, 0.887301427041, 0.598393440775, 0.161610791579, 0.293051131874, 0.0408792518694, 0.398015106094, 0.0646190180488, 0.091768441578, 0.214586657878, 0.476325988789, 0.0306254879815, 0.0567971354354, 0.0474202553829, 0.198189862665, 0.00445406823953, 0.378898187306, 0.104430057813, 0.352344249226, 0.103328156595, 0.0222344858827, 0.347333461729, 0.0064618541477, 0.0595088428788, 0.23262798988, 0.280072300517, 0.131298128502, 0.601318019716, 0.156974712271, 0.315269083065, 0.471452351314, 1.86347889617
0.576913492182, 0.0656519039833, 0.138659203282, 0.619327794023, 0.906321045735, 0.315670159166, 0.028940462799, 0.0646190180488, 0.108993993503, 0.0172615443824, 0.0736931625255, 0.351275551705, 0.075080391164, 0.286630663719, 0.104951239977, 0.198773105532, 0.378898187306, 0.249714674569, 0.00460992891268, 0.0174468148431, 0.246120916747, 0.266201240097, 0.000252847157765, 0.486334867005, 0.108797028229, 0.938808381637, 0.529292133694, 0.0199972344083, 0.156974712271, 0.048000858574, 0.576913492182, 1.77257022822
0.576913492182, 0.0656519039833, 0.138659203282, 0.619327794023, 0.906321045735, 0.315670159166, 0.028940462799, 0.0646190180488, 0.108993993503, 0.0172615443824, 0.0736931625255, 0.351275551705, 0.075080391164, 0.286630663719, 0.104951239977, 0.198773105532, 0.378898187306, 0.249714674569, 0.00460992891268, 0.0174468148431, 0.246120916747, 0.266201240097, 0.000252847157765, 0.486334867005, 0.108797028229, 0.938808381637, 0.529292133694, 0.0199972344083, 0.156974712271, 0.048000858574, 0.576913492182, 1.77257022822
0.000174308244052, 0.00328524928716, 0.53229888078, 0.311657721248, 0.249365034791, 0.507958018703, 0.130932397885, 0.401063300669, 0.0331465898339, 0.254119892133, 0.172579523564, 0.596049114741, 0.646199354359, 0.202251914871, 0.966631089341, 0.00421100416733, 0.62195569302, 0.208157937764, 0.0515486272216, 0.0807209130196, 0.67212204539, 0.879140733254, 0.430333909079, 0.066710696082, 0.0746897520635, 0.0101920133539, 0.0304490515388, 0.500742270563, 0.246968543976, 0.124365574011, 0.000174308244052, 3.77043579972
0.000174308244052, 0.00328524928716, 0.53229888078, 0.311657721248, 0.249365034791, 0.507958018703, 0.130932397885, 0.401063300669, 0.0331465898339, 0.254119892133, 0.172579523564, 0.596049114741, 0.646199354359, 0.202251914871, 0.966631089341, 0.00421100416733, 0.62195569302, 0.208157937764, 0.0515486272216, 0.0807209130196, 0.67212204539, 0.879140733254, 0.430333909079, 0.066710696082, 0.0746897520635, 0.0101920133539, 0.0304490515388, 0.500742270563, 0.246968543976, 0.124365574011, 0.000174308244052, 3.77043579972
0.191430927994, 0.15663941588, 0.00503119563157, 0.432820842479, 0.906321045735, 0.315670159166, 0.028940462799, 0.0646190180488, 0.108993993503, 0.0204962878473, 0.203832320356, 0.351275551705, 0.075080391164, 0.286630663719, 0.304972856145, 0.255429864204, 0.378898187306, 0.249714674569, 0.00545692365534, 0.00632562571978, 0.176657062373, 0.376813083592, 0.000252847157765, 0.756054998873, 0.108797028229, 0.938808381637, 0.529292133694, 0.0199972344083, 0.156974712271, 0.0909784825338, 0.191430927994, 2.47808347059
0.191430927994, 0.15663941588, 0.00503119563157, 0.432820842479, 0.906321045735, 0.315670159166, 0.028940462799, 0.0646190180488, 0.108993993503, 0.0204962878473, 0.203832320356, 0.351275551705, 0.075080391164, 0.286630663719, 0.304972856145, 0.255429864204, 0.378898187306, 0.249714674569, 0.00545692365534, 0.00632562571978, 0.176657062373, 0.376813083592, 0.000252847157765, 0.756054998873, 0.108797028229, 0.938808381637, 0.529292133694, 0.0199972344083, 0.156974712271, 0.0909784825338, 0.191430927994, 2.47808347059
0.318015231915, 0.195043438732, 0.0307489804833, 0.239461683875, 0.00816089168238, 0.662366982614, 0.0683047316177, 0.870620723137, 0.244216119809, 0.00120647450808, 0.602546926358, 0.0117198983977, 0.270139165629, 0.0666544026253, 0.775082234224, 0.303576337078, 0.109662232911, 0.00937149587523, 0.0463469823678, 0.297114985533, 0.00834257743081, 0.585368625696, 0.0484212368275, 0.45067643106, 0.411698765057, 0.939944232812, 0.243828365428, 0.437398819272, 0.0929755919537, 0.000829035392597, 0.318015231915, 2.43873337206
0.318015231915, 0.195043438732, 0.0307489804833, 0.239461683875, 0.00816089168238, 0.662366982614, 0.0683047316177, 0.870620723137, 0.244216119809, 0.00120647450808, 0.602546926358, 0.0117198983977, 0.270139165629, 0.0666544026253, 0.775082234224, 0.303576337078, 0.109662232911, 0.00937149587523, 0.0463469823678, 0.297114985533, 0.00834257743081, 0.585368625696, 0.0484212368275, 0.45067643106, 0.411698765057, 0.939944232812, 0.243828365428, 0.437398819272, 0.0929755919537, 0.000829035392597, 0.318015231915, 2.43873337206
1.74906882577e-06, 0.035370741088, 0.422206978148, 0.679809664074, 0.680923960533, 0.766119356924, 0.173113892205, 0.00787537307796, 0.00566836021139, 0.468592551413, 0.0973717388705, 0.460813378753, 0.0240795461679, 0.0455326076466, 0.0110888523144, 0.16840309047, 0.4869477829, 0.575544165456, 0.931524828153, 0.0182399639194, 0.102758266421, 0.102476349077, 0.819930188507, 0.779250217835, 0.594496934148, 0.121392612127, 0.175364159199, 0.510943331892, 0.131480606723, 0.452212876702, 1.74906882577e-06, 4.05408768171
1.74906882577e-06, 0.035370741088, 0.422206978148, 0.679809664074, 0.680923960533, 0.766119356924, 0.173113892205, 0.00787537307796, 0.00566836021139, 0.468592551413, 0.0973717388705, 0.460813378753, 0.0240795461679, 0.0455326076466, 0.0110888523144, 0.16840309047, 0.4869477829, 0.575544165456, 0.931524828153, 0.0182399639194, 0.102758266421, 0.102476349077, 0.819930188507, 0.779250217835, 0.594496934148, 0.121392612127, 0.175364159199, 0.510943331892, 0.131480606723, 0.452212876702, 1.74906882577e-06, 4.05408768171
0.189173188373, 0.160068065776, 0.0574739894973, 0.0217947289332, 0.784052826528, 0.610232221764, 0.521787980019, 0.65320880634, 0.443894360164, 0.144332058059, 0.602546926358, 0.0472426161476, 0.0256280933794, 0.00237840230984, 0.249081564015, 0.026433301161, 0.0396761612267, 0.0106969164729, 0.0463469823678, 0.0159254908516, 0.0192794131667, 0.948381494543, 0.00994944217118, 0.116176135277, 0.12397439519, 0.723849572737, 0.525742101857, 0.529666631063, 0.0964683482304, 0.297964130276, 0.189173188373, 2.63112253053
0.189173188373, 0.160068065776, 0.0574739894973, 0.0217947289332, 0.784052826528, 0.610232221764, 0.521787980019, 0.65320880634, 0.443894360164, 0.144332058059, 0.602546926358, 0.0472426161476, 0.0256280933794, 0.00237840230984, 0.249081564015, 0.026433301161, 0.0396761612267, 0.0106969164729, 0.0463469823678, 0.0159254908516, 0.0192794131667, 0.948381494543, 0.00994944217118, 0.116176135277, 0.12397439519, 0.723849572737, 0.525742101857, 0.529666631063, 0.0964683482304, 0.297964130276, 0.189173188373, 2.63112253053
0.0508797739928, 0.353213506176, 0.598393440775, 0.315481521917, 0.366206079893, 0.0408792518694, 0.398015106094, 0.0646190180488, 0.091768441578, 0.214586657878, 0.476325988789, 0.0306254879815, 0.0567971354354, 0.0474202553829, 0.198189862665, 0.00445406823953, 0.378898187306, 0.16171322563, 0.0489955996637, 0.103328156595, 0.0222344858827, 0.433971108645, 0.0064618541477, 0.465652183273, 0.23262798988, 0.280072300517, 0.131298128502, 0.601318019716, 0.194372281776, 0.742065203393, 0.0508797739928, 2.78809188891
0.0508797739928, 0.353213506176, 0.598393440775, 0.315481521917, 0.366206079893, 0.0408792518694, 0.398015106094, 0.0646190180488, 0.091768441578, 0.214586657878, 0.476325988789, 0.0306254879815, 0.0567971354354, 0.0474202553829, 0.198189862665, 0.00445406823953, 0.378898187306, 0.16171322563, 0.0489955996637, 0.103328156595, 0.0222344858827, 0.433971108645, 0.0064618541477, 0.465652183273, 0.23262798988, 0.280072300517, 0.131298128502, 0.601318019716, 0.194372281776, 0.742065203393, 0.0508797739928, 2.78809188891
0.320748265602, 0.353213506176, 0.0941613331983, 0.0876487989464, 0.467247451727, 0.696506960105, 0.0873165584336, 0.0446211060925, 0.63302934685, 0.169936865797, 0.0851863463186, 0.0306254879815, 0.399264595803, 0.195933031735, 0.198189862665, 0.00445406823953, 0.378898187306, 0.173024496084, 0.352344249226, 0.124671985998, 0.0483698900533, 0.433971108645, 0.405817491196, 0.00689701855641, 0.23262798988, 0.991666749315, 0.350735463945, 0.232088806694, 0.156974712271, 0.339355074003, 0.320748265602, 2.36659768151
0.320748265602, 0.353213506176, 0.0941613331983, 0.0876487989464, 0.467247451727, 0.696506960105, 0.0873165584336, 0.0446211060925, 0.63302934685, 0.169936865797, 0.0851863463186, 0.0306254879815, 0.399264595803, 0.195933031735, 0.198189862665, 0.00445406823953, 0.378898187306, 0.173024496084, 0.352344249226, 0.124671985998, 0.0483698900533, 0.433971108645, 0.405817491196, 0.00689701855641, 0.23262798988, 0.991666749315, 0.350735463945, 0.232088806694, 0.156974712271, 0.339355074003, 0.320748265602, 2.36659768151
0.961721884688, 0.0279187990995, 0.421445069007, 0.00483681334717, 0.414210664599, 0.725454781611, 0.00450861159909, 0.173515482132, 0.0183869415121, 0.648926084931, 0.0450062853949, 0.254555689194, 0.10950363278, 0.113739943877, 0.708519885746, 0.514514296094, 0.631760695536, 0.00986981629695, 0.536849701336, 0.281075092435, 0.437525739312, 0.0889342915819, 0.185461397872, 0.0913062322991, 0.081071871579, 0.72728267679, 0.684703837161, 0.0742973114591, 0.418623965276, 0.000677280098577, 0.961721884688, 1.75235732282
0.961721884688, 0.0279187990995, 0.421445069007, 0.00483681334717, 0.414210664599, 0.725454781611, 0.00450861159909, 0.173515482132, 0.0183869415121, 0.648926084931, 0.0450062853949, 0.254555689194, 0.10950363278, 0.113739943877, 0.708519885746, 0.514514296094, 0.631760695536, 0.00986981629695, 0.536849701336, 0.281075092435, 0.437525739312, 0.0889342915819, 0.185461397872, 0.0913062322991, 0.081071871579, 0.72728267679, 0.684703837161, 0.0742973114591, 0.418623965276, 0.000677280098577, 0.961721884688, 1.75235732282
0.970808670204, 0.76827157691, 0.865143172263, 0.175829646064, 0.488131855659, 0.040669538608, 0.343867794183, 0.221240964487, 0.449759217643, 0.27900454973, 0.176824783401, 0.507768263011, 0.191270392902, 0.00542372507191, 0.427638959899, 0.636032076895, 0.243584253962, 0.300284524202, 0.909728060283, 0.00181020991376, 0.183022826959, 0.74807719905, 0.0195599421368, 0.0771115128506, 0.164004313341, 0.0103692075785, 0.0210120475805, 0.0180966135167, 0.0388444118688, 0.0584703728472, 0.970808670204, 1.72894062669
0.970808670204, 0.76827157691, 0.865143172263, 0.175829646064, 0.488131855659, 0.040669538608, 0.343867794183, 0.221240964487, 0.449759217643, 0.27900454973, 0.176824783401, 0.507768263011, 0.191270392902, 0.00542372507191, 0.427638959899, 0.636032076895, 0.243584253962, 0.300284524202, 0.909728060283, 0.00181020991376, 0.183022826959, 0.74807719905, 0.0195599421368, 0.0771115128506, 0.164004313341, 0.0103692075785, 0.0210120475805, 0.0180966135167, 0.0388444118688, 0.0584703728472, 0.970808670204, 1.72894062669
0.998701695647, 0.031799433573, 0.409385988639, 0.133944016498, 0.543801841786, 0.746782186731, 0.0287482990724, 0.243910867095, 0.11670764906, 0.00214328147918, 0.068568948874, 0.527708826578, 0.392712734164, 0.208204709896, 0.313948653006, 0.720280679778, 0.631760695536, 0.00986981629695, 0.176939536926, 0.733211104341, 0.437525739312, 0.242333773501, 0.0355903621491, 0.0913062322991, 0.081071871579, 0.056178557684, 0.00177093377806, 0.0742973114591, 0.490311425476, 0.529534007062, 0.998701695647, 1.63602679827
0.998701695647, 0.031799433573, 0.409385988639, 0.133944016498, 0.543801841786, 0.746782186731, 0.0287482990724, 0.243910867095, 0.11670764906, 0.00214328147918, 0.068568948874, 0.527708826578, 0.392712734164, 0.208204709896, 0.313948653006, 0.720280679778, 0.631760695536, 0.00986981629695, 0.176939536926, 0.733211104341, 0.437525739312, 0.242333773501, 0.0355903621491, 0.0913062322991, 0.081071871579, 0.056178557684, 0.00177093377806, 0.0742973114591, 0.490311425476, 0.529534007062, 0.998701695647, 1.63602679827
3.57923454986e-07, 0.287662770914, 0.0374295055171, 0.499857791983, 0.680923960533, 0.451376994823, 0.131508606617, 0.662226203454, 0.00403405186466, 0.00442706470354, 0.52127718387, 0.386232607329, 0.30770097498, 0.810940261076, 0.681160158138, 0.338630311558, 0.613203503921, 0.455432059176, 0.732165125718, 0.0182399639194, 0.469656453781, 0.329554822719, 0.374487384192, 0.986179789378, 0.295635492853, 0.0763425485844, 0.645693371749, 0.0217967295148, 0.504825260797, 0.0384274455838, 3.57923454986e-07, 4.52642545283
3.57923454986e-07, 0.287662770914, 0.0374295055171, 0.499857791983, 0.680923960533, 0.451376994823, 0.131508606617, 0.662226203454, 0.00403405186466, 0.00442706470354, 0.52127718387, 0.386232607329, 0.30770097498, 0.810940261076, 0.681160158138, 0.338630311558, 0.613203503921, 0.455432059176, 0.732165125718, 0.0182399639194, 0.469656453781, 0.329554822719, 0.374487384192, 0.986179789378, 0.295635492853, 0.0763425485844, 0.645693371749, 0.0217967295148, 0.504825260797, 0.0384274455838, 3.57923454986e-07, 4.52642545283
0.876193195948, 0.15663941588, 0.00503119563157, 0.619327794023, 0.906321045735, 0.139895891983, 0.028940462799, 0.747229478049, 0.435334477893, 0.0270686050205, 0.0736931625255, 0.350540573491, 0.228986826196, 0.286630663719, 0.198189862665, 0.601157758993, 0.378898187306, 0.249714674569, 0.00545692365534, 0.0687143968418, 0.246120916747, 0.376813083592, 0.000252847157765, 0.486334867005, 0.108797028229, 0.993542058644, 0.288122660998, 0.00766860972884, 0.195771747015, 0.157042615775, 0.876193195948, 1.82173614627
0.491105724883, 0.195043438732, 0.0525358828879, 0.655139486859, 0.57759209086, 0.610232221764, 0.0986583630191, 0.0347003805307, 0.244216119809, 0.00120647450808, 0.0181085562889, 0.0117198983977, 0.270139165629, 0.066178609294, 0.0234395817934, 0.108861527345, 0.109662232911, 0.200403961095, 0.293760682604, 0.297114985533, 0.106635544735, 0.773513830415, 0.0484212368275, 0.481996997009, 0.109370791071, 0.00400673161257, 0.243828365428, 0.215447946453, 0.138451554753, 0.689390758646, 0.491105724883, 1.84454555425
0.325664965906, 0.76827157691, 0.92316643261, 0.646911734977, 0.488131855659, 0.202048361564, 0.343842665139, 0.0726314053377, 0.0557809977301, 0.232909574314, 0.0469271365289, 0.507768263011, 0.107596722841, 0.0050093513516, 0.0116831387664, 0.0721144668029, 0.392054420809, 0.300284524202, 0.909728060283, 0.00404781376261, 0.183022826959, 0.331017538697, 0.305942613551, 0.0771115128506, 0.164004313341, 0.00579014276438, 0.067496645611, 0.011715554316, 0.64158476505, 0.187028854904, 0.325664965906, 2.43502104654
0.471452351314, 0.353213506176, 0.598393440775, 0.161610791579, 0.278838166438, 0.931335747654, 0.0873165584336, 0.0646190180488, 0.091768441578, 0.422129146854, 0.476325988789, 0.0306254879815, 0.0790156173982, 0.03756775331, 0.198189862665, 0.00445406823953, 0.378898187306, 0.16171322563, 0.352344249226, 0.103328156595, 0.0222344858827, 0.132736730039, 0.0064618541477, 0.465652183273, 0.23262798988, 0.280072300517, 0.131298128502, 0.601318019716, 0.0300564361468, 0.315269083065, 0.471452351314, 1.95681977563
0.471452351314, 0.353213506176, 0.598393440775, 0.161610791579, 0.278838166438, 0.931335747654, 0.0873165584336, 0.0646190180488, 0.091768441578, 0.422129146854, 0.476325988789, 0.0306254879815, 0.0790156173982, 0.03756775331, 0.198189862665, 0.00445406823953, 0.378898187306, 0.16171322563, 0.352344249226, 0.103328156595, 0.0222344858827, 0.132736730039, 0.0064618541477, 0.465652183273, 0.23262798988, 0.280072300517, 0.131298128502, 0.601318019716, 0.0300564361468, 0.315269083065, 0.471452351314, 1.95681977563
0.325664965906, 0.76827157691, 0.92316643261, 0.646911734977, 0.488131855659, 0.202048361564, 0.343842665139, 0.0726314053377, 0.0557809977301, 0.232909574314, 0.0469271365289, 0.507768263011, 0.107596722841, 0.0050093513516, 0.0116831387664, 0.0721144668029, 0.392054420809, 0.300284524202, 0.909728060283, 0.00404781376261, 0.183022826959, 0.331017538697, 0.305942613551, 0.0771115128506, 0.164004313341, 0.00579014276438, 0.067496645611, 0.011715554316, 0.64158476505, 0.187028854904, 0.325664965906, 2.43502104654
0.0327769231483, 0.416878909239, 0.424590423328, 0.134716913289, 0.0112659577954, 0.747116412337, 0.301270717244, 0.448611973679, 0.212926051112, 0.999997985, 0.0233591147867, 0.395199634391, 0.762684781032, 0.376927368239, 0.449769985104, 0.0478128325593, 0.055047699959, 0.51697478025, 0.203201013829, 0.0592974420485, 0.00580772741266, 0.428861756049, 0.903642611603, 0.0988238054511, 0.245326795703, 0.162259896324, 0.207527445963, 0.0199972344083, 0.0110153657794, 0.525628110943, 0.0327769231483, 3.49867586178
0.230159802638, 0.031799433573, 0.0364891285935, 0.133944016498, 0.532767796739, 0.437456037947, 0.517544876293, 0.243910867095, 0.11670764906, 0.0028150805096, 0.0788137589809, 0.527708826578, 0.246071627118, 0.131915607581, 0.708519885746, 0.720280679778, 0.168285571214, 0.00986981629695, 0.176939536926, 0.914367965061, 0.437525739312, 0.242333773501, 0.0355903621491, 0.0913062322991, 0.081071871579, 0.426320626575, 0.545923643146, 0.0742973114591, 0.0125106367703, 0.00274450398023, 0.230159802638, 2.50256349755
0.000174308244052, 0.00328524928716, 0.5362465453, 0.311657721248, 0.249365034791, 0.991346575286, 0.514929014543, 0.390295158673, 0.181810654998, 0.254119892133, 0.172579523564, 0.596049114741, 0.135608813037, 0.109727616585, 0.256548710512, 0.00359084077928, 0.990750370158, 0.047862015079, 0.0515486272216, 0.0807209130196, 0.67212204539, 0.879140733254, 0.00339084068094, 0.066710696082, 0.472809511595, 0.0101920133539, 0.0985297011745, 0.500742270563, 0.691698245379, 0.158446244141, 0.000174308244052, 3.90095450208
0.0779529634285, 0.107781220439, 0.0135170093938, 0.12353651664, 0.888138685953, 0.554951944746, 0.0317113861372, 0.0459903506303, 0.689500192289, 0.0268417843073, 0.230962565978, 0.150604968857, 0.249525366019, 0.286630663719, 0.0764357089662, 0.736460638905, 0.526915887355, 0.249714674569, 0.171879018646, 0.124671985998, 0.524962168401, 0.376813083592, 0.0059353067018, 0.928455218111, 0.575854833676, 0.169385533639, 0.413651437166, 0.0199972344083, 0.0385430550094, 0.262981669023, 0.0779529634285, 3.13484573386
0.142354901674, 0.118782242325, 0.00503119563157, 0.089179295089, 0.911447714502, 0.315670159166, 0.840017858837, 0.344612204913, 0.00211562994765, 0.0270686050205, 0.0736931625255, 0.150604968857, 0.399264595803, 0.286630663719, 0.198189862665, 0.72304109268, 0.530156442737, 0.249714674569, 0.00545692365534, 0.0807209130196, 0.223045722471, 0.376813083592, 0.00339084068094, 0.176357564314, 0.144593229289, 0.952992382761, 0.684703837161, 0.0159189870819, 0.156974712271, 0.20228520095, 0.142354901674, 2.85917047287
0.000174308244052, 0.00328524928716, 0.5362465453, 0.311657721248, 0.249365034791, 0.991346575286, 0.514929014543, 0.390295158673, 0.181810654998, 0.254119892133, 0.172579523564, 0.596049114741, 0.135608813037, 0.109727616585, 0.256548710512, 0.00359084077928, 0.990750370158, 0.047862015079, 0.0515486272216, 0.0807209130196, 0.67212204539, 0.879140733254, 0.00339084068094, 0.066710696082, 0.472809511595, 0.0101920133539, 0.0985297011745, 0.500742270563, 0.691698245379, 0.158446244141, 0.000174308244052, 3.90095450208
0.142354901674, 0.118782242325, 0.00503119563157, 0.089179295089, 0.911447714502, 0.315670159166, 0.840017858837, 0.344612204913, 0.00211562994765, 0.0270686050205, 0.0736931625255, 0.150604968857, 0.399264595803, 0.286630663719, 0.198189862665, 0.72304109268, 0.530156442737, 0.249714674569, 0.00545692365534, 0.0807209130196, 0.223045722471, 0.376813083592, 0.00339084068094, 0.176357564314, 0.144593229289, 0.952992382761, 0.684703837161, 0.0159189870819, 0.156974712271, 0.20228520095, 0.142354901674, 2.85917047287
0.876193195948, 0.15663941588, 0.00503119563157, 0.619327794023, 0.906321045735, 0.139895891983, 0.028940462799, 0.747229478049, 0.435334477893, 0.0270686050205, 0.0736931625255, 0.350540573491, 0.228986826196, 0.286630663719, 0.198189862665, 0.601157758993, 0.378898187306, 0.249714674569, 0.00545692365534, 0.0687143968418, 0.246120916747, 0.376813083592, 0.000252847157765, 0.486334867005, 0.108797028229, 0.993542058644, 0.288122660998, 0.00766860972884, 0.195771747015, 0.157042615775, 0.876193195948, 1.82173614627
0.0779529634285, 0.107781220439, 0.0135170093938, 0.12353651664, 0.888138685953, 0.554951944746, 0.0317113861372, 0.0459903506303, 0.689500192289, 0.0268417843073, 0.230962565978, 0.150604968857, 0.249525366019, 0.286630663719, 0.0764357089662, 0.736460638905, 0.526915887355, 0.249714674569, 0.171879018646, 0.124671985998, 0.524962168401, 0.376813083592, 0.0059353067018, 0.928455218111, 0.575854833676, 0.169385533639, 0.413651437166, 0.0199972344083, 0.0385430550094, 0.262981669023, 0.0779529634285, 3.13484573386
2.30453771e-06, 0.035370741088, 0.422206978148, 0.679809664074, 0.680923960533, 0.766119356924, 0.0288525509294, 0.662226203454, 0.00566836021139, 0.791643320375, 0.128017448021, 0.460813378753, 0.39554466987, 0.00113675682679, 0.184507539993, 0.0663140475457, 0.391435679916, 0.575544165456, 0.931524828153, 0.0182399639194, 0.476302818375, 0.102476349077, 0.474278195259, 0.30540318395, 0.687982525438, 0.121392612127, 0.175364159199, 0.275243877391, 0.131480606723, 0.452212876702, 2.30453771e-06, 4.2331627591
0.189173188373, 0.295276059362, 0.0574739894973, 0.499857791983, 0.9218106474, 0.610232221764, 0.521787980019, 0.65320880634, 0.443894360164, 0.144332058059, 0.602546926358, 0.0472426161476, 0.0256280933794, 0.00237840230984, 0.249081564015, 0.026433301161, 0.132664942599, 0.0220040736057, 0.0461695833341, 0.00124250380165, 0.0192794131667, 0.0651050124777, 0.00994944217118, 0.116176135277, 0.295635492853, 0.721050843314, 0.525742101857, 0.529666631063, 0.0964683482304, 0.297964130276, 0.189173188373, 2.66566613303
0.189173188373, 0.295276059362, 0.0574739894973, 0.499857791983, 0.9218106474, 0.610232221764, 0.521787980019, 0.65320880634, 0.443894360164, 0.144332058059, 0.602546926358, 0.0472426161476, 0.0256280933794, 0.00237840230984, 0.249081564015, 0.026433301161, 0.132664942599, 0.0220040736057, 0.0461695833341, 0.00124250380165, 0.0192794131667, 0.0651050124777, 0.00994944217118, 0.116176135277, 0.295635492853, 0.721050843314, 0.525742101857, 0.529666631063, 0.0964683482304, 0.297964130276, 0.189173188373, 2.66566613303
2.30453771e-06, 0.035370741088, 0.422206978148, 0.679809664074, 0.680923960533, 0.766119356924, 0.0288525509294, 0.662226203454, 0.00566836021139, 0.791643320375, 0.128017448021, 0.460813378753, 0.39554466987, 0.00113675682679, 0.184507539993, 0.0663140475457, 0.391435679916, 0.575544165456, 0.931524828153, 0.0182399639194, 0.476302818375, 0.102476349077, 0.474278195259, 0.30540318395, 0.687982525438, 0.121392612127, 0.175364159199, 0.275243877391, 0.131480606723, 0.452212876702, 2.30453771e-06, 4.2331627591
0.0559039942126, 0.244372452435, 0.00503119563157, 0.089179295089, 0.815694101968, 0.315670159166, 0.840017858837, 0.344612204913, 0.00211562994765, 0.0270686050205, 0.0736931625255, 0.150604968857, 0.399264595803, 0.150874135324, 0.198189862665, 0.601157758993, 0.990750370158, 0.249714674569, 0.00545692365534, 0.246826302083, 0.584601591024, 0.376813083592, 0.00160661988232, 0.176357564314, 0.144593229289, 0.952992382761, 0.790401553451, 0.0199972344083, 0.156974712271, 0.177439197999, 0.0559039942126, 3.37112136182
0.230159802638, 0.031799433573, 0.0364891285935, 0.133944016498, 0.532767796739, 0.437456037947, 0.517544876293, 0.243910867095, 0.11670764906, 0.0028150805096, 0.0788137589809, 0.527708826578, 0.246071627118, 0.131915607581, 0.708519885746, 0.720280679778, 0.168285571214, 0.00986981629695, 0.176939536926, 0.914367965061, 0.437525739312, 0.242333773501, 0.0355903621491, 0.0913062322991, 0.081071871579, 0.426320626575, 0.545923643146, 0.0742973114591, 0.0125106367703, 0.00274450398023, 0.230159802638, 2.50256349755
0.0327769231483, 0.416878909239, 0.424590423328, 0.134716913289, 0.0112659577954, 0.747116412337, 0.301270717244, 0.448611973679, 0.212926051112, 0.999997985, 0.0233591147867, 0.395199634391, 0.762684781032, 0.376927368239, 0.449769985104, 0.0478128325593, 0.055047699959, 0.51697478025, 0.203201013829, 0.0592974420485, 0.00580772741266, 0.428861756049, 0.903642611603, 0.0988238054511, 0.245326795703, 0.162259896324, 0.207527445963, 0.0199972344083, 0.0110153657794, 0.525628110943, 0.0327769231483, 3.49867586178
0.0559039942126, 0.244372452435, 0.00503119563157, 0.089179295089, 0.815694101968, 0.315670159166, 0.840017858837, 0.344612204913, 0.00211562994765, 0.0270686050205, 0.0736931625255, 0.150604968857, 0.399264595803, 0.150874135324, 0.198189862665, 0.601157758993, 0.990750370158, 0.249714674569, 0.00545692365534, 0.246826302083, 0.584601591024, 0.376813083592, 0.00160661988232, 0.176357564314, 0.144593229289, 0.952992382761, 0.790401553451, 0.0199972344083, 0.156974712271, 0.177439197999, 0.0559039942126, 3.37112136182
0.0475192346932, 0.0428227380365, 0.496865669389, 0.133944016498, 0.543801841786, 0.746782186731, 0.0399799209895, 0.243910867095, 0.478279247834, 0.0038480978799, 0.0116838973751, 0.593434475626, 0.208614176096, 0.131915607581, 0.708519885746, 0.954468681509, 0.631760695536, 0.00986981629695, 0.469632834383, 0.998870148774, 0.437525739312, 0.297449008036, 0.151015122253, 0.0913062322991, 0.081071871579, 0.340623583859, 0.192734391342, 0.0742973114591, 0.0784675818713, 0.00274450398023, 0.0475192346932, 3.42605767607
