2.6103756385, 0.700362218159, 17.267510774, 7.70394332035, 7.36896548845, 2.93259579312, 5.00620304285, 2406.71868369, 1640.82262051
2.6103756385, 0.700362218159, 17.267510774, 7.70394332035, 7.36896548845, 2.93259579312, 5.00620304285, 2406.71868369, 1640.82262051
2.6008949648, 0.703381159014, 17.2135437937, 7.35499111973, 7.94323964858, 3.68370786207, 5.0138504527, 2613.98777736, 827.377309001
2.6008949648, 0.703381159014, 17.2135437937, 7.35499111973, 7.94323964858, 3.68370786207, 5.0138504527, 2613.98777736, 827.377309001
2.61268082926, 0.760673030806, 24.1476612518, 7.8943896831, 8.29525994919, 3.89979665768, 5.49862483754, 4483.55247309, 695.23358489
2.61268082926, 0.760673030806, 24.1476612518, 7.8943896831, 8.29525994919, 3.89979665768, 5.49862483754, 4483.55247309, 695.23358489
2.61268082926, 0.760673030806, 24.1476612518, 7.8943896831, 8.29525994919, 3.89979665768, 5.49862483754, 4483.55247309, 695.23358489
2.61268082926, 0.760673030806, 24.1476612518, 7.8943896831, 8.29525994919, 3.89979665768, 5.49862483754, 4483.55247309, 695.23358489
2.60648139985, 0.701518871773, 17.267510774, 7.70394332035, 7.34028302796, 2.9972616335, 5.00620304285, 2422.11523863, 1536.86203564
2.60648139985, 0.701518871773, 17.267510774, 7.70394332035, 7.34028302796, 2.9972616335, 5.00620304285, 2422.11523863, 1536.86203564
2.64114514745, 0.742189051615, 19.8017333625, 7.49076383896, 8.26490438906, 3.89979665768, 5.40159283166, 3506.06230257, 696.084992162
2.64114514745, 0.742189051615, 19.8017333625, 7.49076383896, 8.26490438906, 3.89979665768, 5.40159283166, 3506.06230257, 696.084992162
2.61694730045, 0.790764551131, 19.3700003176, 8.16319756625, 7.84784722938, 3.89992609671, 5.1391538269, 3478.15651144, 696.290389573
2.61694730045, 0.790764551131, 19.3700003176, 8.16319756625, 7.84784722938, 3.89992609671, 5.1391538269, 3478.15651144, 696.290389573
2.62844232253, 0.700770608041, 17.0558733706, 8.07605881956, 7.74960254916, 3.84113691279, 5.00751217808, 2648.47483492, 730.795364396
2.62844232253, 0.700770608041, 17.0558733706, 8.07605881956, 7.74960254916, 3.84113691279, 5.00751217808, 2648.47483492, 730.795364396
2.61268082926, 0.701518871773, 17.0971912628, 7.70394332035, 7.34028302796, 3.62254207449, 5.00620304285, 2565.27398634, 870.613750831
2.61268082926, 0.701518871773, 17.0971912628, 7.70394332035, 7.34028302796, 3.62254207449, 5.00620304285, 2565.27398634, 870.613750831
2.61268082926, 0.701518871773, 17.0971912628, 7.70394332035, 7.34028302796, 3.62254207449, 5.00620304285, 2565.27398634, 870.613750831
2.61268082926, 0.701518871773, 17.0971912628, 7.70394332035, 7.34028302796, 3.62254207449, 5.00620304285, 2565.27398634, 870.613750831
2.61268082926, 0.701518871773, 17.0971912628, 7.70394332035, 7.34028302796, 3.62254207449, 5.00620304285, 2565.27398634, 870.613750831
2.61268082926, 0.701518871773, 17.0971912628, 7.70394332035, 7.34028302796, 3.62254207449, 5.00620304285, 2565.27398634, 870.613750831
2.61044355578, 0.701518871773, 17.267510774, 7.70394332035, 7.31046956931, 3.67112056635, 5.00620304285, 2601.28242611, 836.39784053
2.61044355578, 0.701518871773, 17.267510774, 7.70394332035, 7.31046956931, 3.67112056635, 5.00620304285, 2601.28242611, 836.39784053
2.61044355578, 0.701518871773, 17.267510774, 7.70394332035, 7.31046956931, 3.31441567177, 5.00620304285, 2498.31900383, 1136.54837343
2.61044355578, 0.701518871773, 17.267510774, 7.70394332035, 7.31046956931, 3.31441567177, 5.00620304285, 2498.31900383, 1136.54837343
2.64827589981, 0.741352819264, 17.1629164767, 7.96241375403, 7.88474556812, 3.89987107553, 5.00177689578, 2834.66074196, 697.537532463
2.64827589981, 0.741352819264, 17.1629164767, 7.96241375403, 7.88474556812, 3.89987107553, 5.00177689578, 2834.66074196, 697.537532463
2.61268082926, 0.701518871773, 17.267510774, 7.70394332035, 7.34028302796, 3.00289552261, 5.00620304285, 2425.90189159, 1528.22809314
2.61268082926, 0.701518871773, 17.267510774, 7.70394332035, 7.34028302796, 3.00289552261, 5.00620304285, 2425.90189159, 1528.22809314
2.64827589981, 0.741352819264, 17.1629164767, 7.96241375403, 7.72198832158, 3.89919626001, 5.00317328283, 2832.03343288, 697.899753741
2.64827589981, 0.741352819264, 17.1629164767, 7.96241375403, 7.72198832158, 3.89919626001, 5.00317328283, 2832.03343288, 697.899753741
2.66574470192, 0.710372545653, 17.0558733706, 7.76479054126, 7.48210688717, 3.70215096732, 5.00751217808, 2641.33313133, 815.624758821
2.66574470192, 0.710372545653, 17.0558733706, 7.76479054126, 7.48210688717, 3.70215096732, 5.00751217808, 2641.33313133, 815.624758821
2.64114514745, 0.742189051615, 19.8017333625, 7.90376725483, 8.26490438906, 3.89979665768, 5.32332006837, 3458.40102494, 696.418533042
2.64114514745, 0.742189051615, 19.8017333625, 7.90376725483, 8.26490438906, 3.89979665768, 5.32332006837, 3458.40102494, 696.418533042
2.61268082926, 0.700161479182, 17.0971912628, 7.70394332035, 7.34028302796, 3.62254207449, 5.00620304285, 2560.641271, 870.636336174
2.61268082926, 0.700161479182, 17.0971912628, 7.70394332035, 7.34028302796, 3.62254207449, 5.00620304285, 2560.641271, 870.636336174
2.6103756385, 0.700362218159, 17.267510774, 7.70394332035, 7.36896548845, 2.91917142964, 5.00620304285, 2403.97475033, 1663.56378225
2.6103756385, 0.700362218159, 17.267510774, 7.70394332035, 7.36896548845, 2.91917142964, 5.00620304285, 2403.97475033, 1663.56378225
2.69710961094, 0.741997278906, 24.1476612518, 7.74413776839, 7.4330464862, 3.89939051771, 5.45386154599, 4376.70986667, 695.474634618
2.69710961094, 0.741997278906, 24.1476612518, 7.74413776839, 7.4330464862, 3.89939051771, 5.45386154599, 4376.70986667, 695.474634618
2.69710961094, 0.741997278906, 24.1476612518, 7.74413776839, 7.4330464862, 3.89939051771, 5.45386154599, 4376.70986667, 695.474634618
2.69710961094, 0.741997278906, 24.1476612518, 7.74413776839, 7.4330464862, 3.89939051771, 5.45386154599, 4376.70986667, 695.474634618
2.60882119559, 0.760673030806, 18.354518768, 7.68113183965, 8.00433086066, 3.89946557005, 5.31912705466, 3272.29017335, 696.748283111
2.60882119559, 0.760673030806, 18.354518768, 7.68113183965, 8.00433086066, 3.89946557005, 5.31912705466, 3272.29017335, 696.748283111
2.61268082926, 0.701518871773, 17.1019422227, 7.32812777879, 7.32347463144, 3.12719722434, 5.00620304285, 2428.8384147, 1352.4526589
2.61268082926, 0.701518871773, 17.1019422227, 7.32812777879, 7.32347463144, 3.12719722434, 5.00620304285, 2428.8384147, 1352.4526589
3.29901007891, 0.795567961803, 24.455332315, 7.3003742501, 7.46560770346, 3.89977256245, 5.35930566327, 5428.9779448, 694.747960778
3.29901007891, 0.795567961803, 24.455332315, 7.3003742501, 7.46560770346, 3.89977256245, 5.35930566327, 5428.9779448, 694.747960778
2.61044355578, 0.701518871773, 17.2135437937, 7.70394332035, 7.34028302796, 3.31441567177, 5.00620304285, 2491.83420072, 1136.5951577
2.61044355578, 0.701518871773, 17.2135437937, 7.70394332035, 7.34028302796, 3.31441567177, 5.00620304285, 2491.83420072, 1136.5951577
2.60206764468, 0.758947400662, 17.5022721963, 7.55757960861, 7.57205792837, 3.89942351495, 5.00651708096, 2921.84144034, 697.009130614
2.60206764468, 0.758947400662, 17.5022721963, 7.55757960861, 7.57205792837, 3.89942351495, 5.00651708096, 2921.84144034, 697.009130614
2.62844232253, 0.710372545653, 17.0558733706, 8.07605881956, 7.74960254916, 3.84113691279, 5.00751217808, 2681.51722252, 730.650411134
2.62844232253, 0.710372545653, 17.0558733706, 8.07605881956, 7.74960254916, 3.84113691279, 5.00751217808, 2681.51722252, 730.650411134
2.60893420859, 0.701518871773, 17.2645316066, 7.4546568123, 7.44950366243, 3.40133219917, 5.00620304285, 2520.99611065, 1051.19017681
2.60893420859, 0.701518871773, 17.2645316066, 7.4546568123, 7.44950366243, 3.40133219917, 5.00620304285, 2520.99611065, 1051.19017681
2.66574470192, 0.708187554404, 17.0558733706, 7.37008328309, 7.48210688717, 3.40918939679, 5.00751217808, 2542.60588173, 1043.82804591
2.66574470192, 0.708187554404, 17.0558733706, 7.37008328309, 7.48210688717, 3.40918939679, 5.00751217808, 2542.60588173, 1043.82804591
2.67756592053, 0.701681733272, 20.1994101121, 8.16319756625, 8.09118210551, 3.89992609671, 5.1391538269, 3231.55946377, 696.830317132
2.67756592053, 0.701681733272, 20.1994101121, 8.16319756625, 8.09118210551, 3.89992609671, 5.1391538269, 3231.55946377, 696.830317132
2.61685175784, 0.705662905462, 17.4800053902, 8.07549396702, 7.32347463144, 3.89807096162, 5.00620304285, 2728.06875396, 698.923158729
2.61685175784, 0.705662905462, 17.4800053902, 8.07549396702, 7.32347463144, 3.89807096162, 5.00620304285, 2728.06875396, 698.923158729
2.61268082926, 0.701518871773, 17.267510774, 8.00323188671, 7.43048611798, 2.91378418231, 5.00620304285, 2411.06538377, 1673.64005211
2.61268082926, 0.701518871773, 17.267510774, 8.00323188671, 7.43048611798, 2.91378418231, 5.00620304285, 2411.06538377, 1673.64005211
3.29901007891, 0.795567961803, 24.455332315, 7.35194326208, 7.46560770346, 3.89977256245, 5.35930566327, 5429.59391296, 694.770628398
3.29901007891, 0.795567961803, 24.455332315, 7.35194326208, 7.46560770346, 3.89977256245, 5.35930566327, 5429.59391296, 694.770628398
2.61268082926, 0.701518871773, 17.267510774, 7.70394332035, 7.30881127912, 2.9972616335, 5.00620304285, 2424.07363337, 1536.86203564
2.61268082926, 0.701518871773, 17.267510774, 7.64945134068, 7.34028302796, 3.29704551518, 5.00620304285, 2494.86393553, 1154.49986576
2.64114514745, 0.760673030806, 24.1476612518, 7.8943896831, 7.70490857855, 3.89979665768, 5.48548219569, 4487.64252369, 695.23358489
2.65806554532, 0.761535436291, 24.1476612518, 7.7453319075, 7.3714776806, 3.89811035513, 5.40974968094, 4447.92473399, 696.053155072
2.62144594928, 0.760673030806, 19.8017333625, 7.8943896831, 8.00433086066, 3.89995500797, 5.47064845673, 3629.7237459, 696.169015948
2.61268082926, 0.701518871773, 17.267510774, 7.70394332035, 7.30881127912, 2.9972616335, 5.00620304285, 2424.07363337, 1536.86203564
2.60334397992, 0.708187554404, 17.0558733706, 7.85958081951, 7.48210688717, 3.5490021633, 5.00751217808, 2561.64330773, 926.026158651
2.66574470192, 0.708187554404, 17.0558733706, 7.43080068756, 7.48210688717, 3.40918939679, 5.00751217808, 2543.16013256, 1043.93234523
2.6008949648, 0.703381159014, 17.2135437937, 7.35499111973, 7.94323964858, 3.68370786207, 5.04247299035, 2630.88670839, 827.377309001
2.6008949648, 0.703381159014, 17.2135437937, 7.35499111973, 7.94323964858, 3.68370786207, 5.04247299035, 2630.88670839, 827.377309001
2.60334397992, 0.708187554404, 17.0558733706, 7.85958081951, 7.48210688717, 3.5490021633, 5.00751217808, 2561.64330773, 926.026158651
2.62844232253, 0.710372545653, 17.0558733706, 8.07605881956, 7.74960254916, 3.81735255867, 5.00214331114, 2670.13031378, 744.392826742
2.61268082926, 0.701518871773, 17.2645316066, 7.4546568123, 7.44950366243, 3.40133219917, 5.00620304285, 2522.53887983, 1051.19017681
2.61044355578, 0.701518871773, 17.267510774, 7.70394332035, 7.34028302796, 3.31441567177, 5.00620304285, 2498.90584446, 1136.54837343
2.61685175784, 0.705662905462, 17.4800053902, 8.26173141237, 7.32347463144, 3.89807096162, 5.00620304285, 2730.29133387, 699.149441757
2.62144594928, 0.760673030806, 17.2509054476, 7.8943896831, 7.68352050079, 3.89992065185, 5.47064845673, 3201.46703194, 697.175114506
2.60206764468, 0.758947400662, 17.8563429857, 7.50472952963, 7.33382892647, 3.8985583656, 5.00651708096, 2971.56051618, 697.280077077
2.62844232253, 0.710372545653, 17.0558733706, 8.07605881956, 7.74960254916, 3.81735255867, 5.00214331114, 2670.13031378, 744.392826742
2.64114514745, 0.754703621992, 18.354518768, 7.68113183965, 8.00433086066, 3.89946557005, 5.45386154599, 3355.68916927, 696.802736708
2.61613676683, 0.760673030806, 19.8017333625, 7.90376725483, 7.85046695224, 3.89979665768, 5.32332006837, 3522.96520539, 696.261221406
2.64827589981, 0.741352819264, 17.1629164767, 7.96241375403, 7.88474556812, 3.89987107553, 5.00651708096, 2837.42765758, 697.537532463
2.60206764468, 0.758947400662, 17.8563429857, 7.50472952963, 7.33382892647, 3.8985583656, 5.00651708096, 2971.56051618, 697.280077077
2.61268082926, 0.701518871773, 17.267510774, 7.64945134068, 7.34028302796, 3.29704551518, 5.00620304285, 2494.86393553, 1154.49986576
2.64114514745, 0.754703621992, 18.354518768, 7.68113183965, 8.00433086066, 3.89946557005, 5.45386154599, 3355.68916927, 696.802736708
