2.65915026209, 0.71684626778, 17.2988186604, 7.58353093215, 7.63806957779, 3.15868344888, 5.02158078637, 2553.50206497, 1312.42920066
2.67048368558, 0.783815890259, 22.6806111142, 7.7161413494, 7.63806957779, 3.89998506281, 5.02158078637, 4061.36274937, 695.174604162
2.60339181028, 0.700335827645, 17.0194038166, 7.59900629792, 7.5183470354, 3.61197999045, 5.04815019124, 2571.26977692, 878.186580647
2.65854256246, 0.701879405591, 21.7536542344, 7.48571074479, 7.3810395958, 3.89998506281, 5.02158078637, 3376.22212828, 695.764029472
2.65915026209, 0.770844716072, 26.6699808166, 7.7161413494, 7.72649272044, 3.89953661414, 5.02158078637, 4856.32462201, 694.87493595
2.65854256246, 0.749191397162, 17.2988186604, 7.58353093215, 7.63806957779, 3.89999551897, 5.02158078637, 2891.38818569, 696.913971173
2.63122705239, 0.701115282235, 17.2071782913, 7.67776757004, 7.92524260045, 3.04904501521, 5.02141818669, 2454.54809226, 1459.89347163
2.65915026209, 0.71684626778, 17.2988186604, 7.58353093215, 7.63806957779, 3.15868344888, 5.02158078637, 2553.50206497, 1312.42920066
2.67048368558, 0.783815890259, 22.9880553146, 7.7161413494, 7.63806957779, 3.89998506281, 5.02158078637, 4127.5863098, 695.117814195
2.65854256246, 0.700335827645, 17.0194038166, 7.48571074479, 7.5183470354, 3.61197999045, 5.04815019124, 2591.90100061, 878.015376322
2.60039301394, 0.700570735889, 17.0744712684, 8.26807762423, 8.10194531989, 3.89989957583, 5.02158078637, 2677.46443655, 698.495758092
2.65854256246, 0.71684626778, 17.2988186604, 7.58353093215, 7.3810395958, 3.89999551897, 5.02158078637, 2766.22302769, 697.271436397
2.63122705239, 0.701693525708, 20.9092023405, 7.67776757004, 7.92524260045, 3.89953661414, 5.18805762561, 3336.27866854, 696.383570677
2.61033164971, 0.715364120918, 17.2071782913, 7.67776757004, 8.04464892504, 3.1361754516, 5.02141818669, 2517.82342769, 1341.21737683
2.62299568036, 0.714691176357, 17.2988186604, 7.3769119113, 7.7474462119, 3.89977224688, 5.18805762561, 2848.93225471, 697.187950789
2.91148944354, 0.774508525293, 17.2071782913, 7.68971570888, 7.3810395958, 3.89998512961, 5.3913431599, 3328.35200177, 696.812410261
2.65915026209, 0.71684626778, 17.2988186604, 7.58353093215, 7.63806957779, 3.15868344888, 5.02158078637, 2553.50206497, 1312.42920066
2.67048368558, 0.783815890259, 22.6806111142, 7.7161413494, 7.63806957779, 3.89998506281, 5.02158078637, 4061.36274937, 695.174604162
2.60339181028, 0.700335827645, 17.0194038166, 7.59900629792, 7.5183470354, 3.61197999045, 5.04815019124, 2571.26977692, 878.186580647
2.65854256246, 0.701879405591, 21.7536542344, 7.48571074479, 7.3810395958, 3.89998506281, 5.02158078637, 3376.22212828, 695.764029472
2.65915026209, 0.770844716072, 26.6699808166, 7.7161413494, 7.72649272044, 3.89953661414, 5.02158078637, 4856.32462201, 694.87493595
2.65854256246, 0.749191397162, 17.2988186604, 7.58353093215, 7.63806957779, 3.89999551897, 5.02158078637, 2891.38818569, 696.913971173
2.63122705239, 0.701115282235, 17.2071782913, 7.67776757004, 7.92524260045, 3.04904501521, 5.02141818669, 2454.54809226, 1459.89347163
2.65915026209, 0.71684626778, 17.2988186604, 7.58353093215, 7.63806957779, 3.15868344888, 5.02158078637, 2553.50206497, 1312.42920066
2.67048368558, 0.783815890259, 22.9880553146, 7.7161413494, 7.63806957779, 3.89998506281, 5.02158078637, 4127.5863098, 695.117814195
2.65854256246, 0.700335827645, 17.0194038166, 7.48571074479, 7.5183470354, 3.61197999045, 5.04815019124, 2591.90100061, 878.015376322
2.60039301394, 0.700570735889, 17.0744712684, 8.26807762423, 8.10194531989, 3.89989957583, 5.02158078637, 2677.46443655, 698.495758092
2.65854256246, 0.71684626778, 17.2988186604, 7.58353093215, 7.3810395958, 3.89999551897, 5.02158078637, 2766.22302769, 697.271436397
2.63122705239, 0.701693525708, 20.9092023405, 7.67776757004, 7.92524260045, 3.89953661414, 5.18805762561, 3336.27866854, 696.383570677
2.61033164971, 0.715364120918, 17.2071782913, 7.67776757004, 8.04464892504, 3.1361754516, 5.02141818669, 2517.82342769, 1341.21737683
2.62299568036, 0.714691176357, 17.2988186604, 7.3769119113, 7.7474462119, 3.89977224688, 5.18805762561, 2848.93225471, 697.187950789
2.91148944354, 0.774508525293, 17.2071782913, 7.68971570888, 7.3810395958, 3.89998512961, 5.3913431599, 3328.35200177, 696.812410261
2.91148944354, 0.715364120918, 18.7167337752, 7.63691659924, 8.10194531989, 3.89998506281, 5.3913431599, 3340.12615869, 696.726434793
2.91148944354, 0.715364120918, 18.7167337752, 7.63691659924, 8.10194531989, 3.89998506281, 5.3913431599, 3340.12615869, 696.726434793
2.62299568036, 0.700335827645, 21.7536542344, 7.48571074479, 7.3810395958, 3.89998506281, 5.17069253629, 3434.19868059, 695.7760534
2.62299568036, 0.700335827645, 21.7536542344, 7.48571074479, 7.3810395958, 3.89998506281, 5.17069253629, 3434.19868059, 695.7760534
3.31918401917, 0.701879405591, 21.7536542344, 7.59900629792, 7.3810395958, 3.89998506281, 5.02158078637, 3812.52492094, 695.847124985
2.62299568036, 0.700335827645, 21.7536542344, 7.99476421325, 7.63806957779, 3.89998506281, 5.17069253629, 3445.67699788, 696.16080984
2.62397980759, 0.715364120918, 21.7536542344, 8.00921319037, 7.36104753596, 3.89998506281, 5.48262150912, 3726.83595864, 696.041912745
2.62777778591, 0.700731792319, 17.1658622783, 7.44099797891, 8.10194531989, 3.03550659049, 5.19266307198, 2549.57224419, 1478.9784002
3.31918401917, 0.701879405591, 21.7536542344, 7.59900629792, 7.3810395958, 3.89998506281, 5.02158078637, 3812.52492094, 695.847124985
2.62299568036, 0.700335827645, 21.7536542344, 7.99476421325, 7.63806957779, 3.89998506281, 5.17069253629, 3445.67699788, 696.16080984
2.62397980759, 0.715364120918, 21.7536542344, 8.00921319037, 7.36104753596, 3.89998506281, 5.48262150912, 3726.83595864, 696.041912745
2.62777778591, 0.700731792319, 17.1658622783, 7.44099797891, 8.10194531989, 3.03550659049, 5.19266307198, 2549.57224419, 1478.9784002
2.62397980759, 0.715364120918, 21.7536542344, 8.00921319037, 7.3810395958, 3.89998506281, 5.48262150912, 3727.30794013, 696.041912745
2.62397980759, 0.715364120918, 21.7536542344, 8.00921319037, 7.3810395958, 3.89998506281, 5.48262150912, 3727.30794013, 696.041912745
2.65854256246, 0.74828498277, 17.1725791995, 7.67776757004, 7.82880964065, 3.89998506281, 5.18805762561, 2974.64432497, 697.084832916
2.65854256246, 0.74828498277, 17.1725791995, 7.67776757004, 7.82880964065, 3.89998506281, 5.18805762561, 2974.64432497, 697.084832916
2.60039301394, 0.700570735889, 17.0744712684, 8.26807762423, 8.10194531989, 3.89989957583, 5.02732206614, 2680.85644973, 698.495758092
2.60039301394, 0.700570735889, 17.0744712684, 8.26807762423, 8.10194531989, 3.89989957583, 5.02732206614, 2680.85644973, 698.495758092
2.60407389184, 0.715364120918, 20.3675051638, 8.00921319037, 7.3810395958, 3.89998506281, 5.48262150912, 3488.42908991, 696.464224633
2.60407389184, 0.715364120918, 20.3675051638, 8.00921319037, 7.3810395958, 3.89998506281, 5.48262150912, 3488.42908991, 696.464224633
2.60407389184, 0.715364120918, 20.3675051638, 8.00921319037, 8.09106032522, 3.89998506281, 5.48262150912, 3505.191577, 696.464224633
2.60407389184, 0.715364120918, 20.3675051638, 8.00921319037, 8.09106032522, 3.89998506281, 5.48262150912, 3505.191577, 696.464224633
2.67048368558, 0.725512155806, 17.2071782913, 7.63691659924, 8.10194531989, 3.89998506281, 5.02147777751, 2804.83577889, 697.279669736
2.67048368558, 0.715364120918, 17.2071782913, 7.69450480495, 8.10194531989, 3.89998506281, 5.02147777751, 2768.69669144, 697.466495712
2.67048368558, 0.725512155806, 17.2071782913, 7.63691659924, 8.10194531989, 3.89998506281, 5.02147777751, 2804.83577889, 697.279669736
2.67048368558, 0.715364120918, 17.2071782913, 7.69450480495, 8.10194531989, 3.89998506281, 5.02147777751, 2768.69669144, 697.466495712
2.60043186637, 0.707893207974, 17.0194038166, 8.26807762423, 8.10194531989, 3.89950534733, 5.05242922344, 2713.33848035, 698.630810221
2.62299568036, 0.701879405591, 17.0194038166, 7.59900629792, 7.5183470354, 3.74901262399, 5.17814061136, 2706.76235872, 785.343271698
2.60043186637, 0.707893207974, 17.0194038166, 8.26807762423, 8.10194531989, 3.89950534733, 5.05242922344, 2713.33848035, 698.630810221
2.62299568036, 0.701879405591, 17.0194038166, 7.59900629792, 7.5183470354, 3.74901262399, 5.17814061136, 2706.76235872, 785.343271698
2.63122705239, 0.701693525708, 17.1725791995, 7.67776757004, 7.45121630221, 3.89953661414, 5.18805762561, 2786.84538462, 697.879514737
2.63122705239, 0.701693525708, 17.1725791995, 7.67776757004, 7.45121630221, 3.89953661414, 5.18805762561, 2786.84538462, 697.879514737
2.62397980759, 0.751463798566, 17.044739741, 7.96241375403, 7.63806957779, 2.90794347134, 5.00919844658, 2567.38147342, 1682.37997179
2.62397980759, 0.751463798566, 17.044739741, 7.96241375403, 7.63806957779, 2.90794347134, 5.00919844658, 2567.38147342, 1682.37997179
2.73949549028, 0.701768405323, 17.2845100455, 7.9637353967, 7.60384230204, 3.5469377172, 5.01990965835, 2635.64016116, 927.758980176
2.63122705239, 0.701693525708, 17.0194038166, 7.8644811901, 7.92524260045, 3.36340894068, 5.19569192877, 2616.31823189, 1088.11602118
2.73949549028, 0.701768405323, 17.2845100455, 7.9637353967, 7.60384230204, 3.5469377172, 5.01990965835, 2635.64016116, 927.758980176
2.63122705239, 0.701693525708, 17.0194038166, 7.8644811901, 7.92524260045, 3.36340894068, 5.19569192877, 2616.31823189, 1088.11602118
2.62299568036, 0.701879405591, 17.0744712684, 7.59900629792, 7.5183470354, 3.74901262399, 5.17814061136, 2713.94822847, 785.310104596
2.67048368558, 0.715364120918, 17.023084209, 7.63691659924, 7.63806957779, 3.89328442042, 5.00583674754, 2721.81232181, 701.102784688
2.62299568036, 0.701879405591, 17.0744712684, 7.59900629792, 7.5183470354, 3.74901262399, 5.17814061136, 2713.94822847, 785.310104596
2.67048368558, 0.715364120918, 17.023084209, 7.63691659924, 7.63806957779, 3.89328442042, 5.00583674754, 2721.81232181, 701.102784688
2.63122705239, 0.701693525708, 17.1725791995, 7.8961647587, 7.45121630221, 3.89953661414, 5.18805762561, 2789.45372308, 698.144377565
2.63122705239, 0.701693525708, 17.1725791995, 7.8961647587, 7.45121630221, 3.89953661414, 5.18805762561, 2789.45372308, 698.144377565
2.81807750544, 0.704607682127, 17.2845100455, 7.9637353967, 7.3446549987, 3.45574125446, 5.01990965835, 2647.17912936, 1003.10829272
2.81807750544, 0.704607682127, 17.2845100455, 7.9637353967, 7.3446549987, 3.45574125446, 5.01990965835, 2647.17912936, 1003.10829272
2.65915026209, 0.71684626778, 17.0194038166, 7.63691659924, 7.63806957779, 3.3951924871, 5.14015452919, 2646.27448196, 1057.12571742
2.65024018222, 0.701693525708, 17.1725791995, 7.67776757004, 7.92524260045, 3.36340894068, 5.19569192877, 2642.44837057, 1087.62813842
2.81807750544, 0.704607682127, 17.2845100455, 7.9637353967, 7.3446549987, 3.45574125446, 5.01990965835, 2647.17912936, 1003.10829272
2.81807750544, 0.704607682127, 17.2845100455, 7.9637353967, 7.3446549987, 3.45574125446, 5.01990965835, 2647.17912936, 1003.10829272
2.65915026209, 0.71684626778, 17.0194038166, 7.63691659924, 7.63806957779, 3.3951924871, 5.14015452919, 2646.27448196, 1057.12571742
2.65024018222, 0.701693525708, 17.1725791995, 7.67776757004, 7.92524260045, 3.36340894068, 5.19569192877, 2642.44837057, 1087.62813842
2.65915026209, 0.711808891373, 17.1725791995, 7.67776757004, 7.63806957779, 3.32486666919, 5.14015452919, 2631.0892345, 1125.68301274
2.65915026209, 0.711808891373, 17.1725791995, 7.67776757004, 7.63806957779, 3.32486666919, 5.14015452919, 2631.0892345, 1125.68301274
2.67048368558, 0.716339707299, 17.023084209, 7.63691659924, 7.63806957779, 3.88869364345, 5.02158078637, 2732.81978535, 703.576556452
2.67048368558, 0.716339707299, 17.023084209, 7.63691659924, 7.63806957779, 3.88869364345, 5.02158078637, 2732.81978535, 703.576556452
2.67048368558, 0.716339707299, 17.023084209, 7.63691659924, 7.63806957779, 3.88869364345, 5.02158078637, 2732.81978535, 703.576556452
2.67048368558, 0.716339707299, 17.023084209, 7.63691659924, 7.63806957779, 3.88869364345, 5.02158078637, 2732.81978535, 703.576556452
2.65915026209, 0.701693525708, 17.1725791995, 7.67776757004, 7.92524260045, 3.36340894068, 5.19569192877, 2646.05577335, 1087.62813842
2.65915026209, 0.701693525708, 17.1725791995, 7.67776757004, 7.92524260045, 3.36340894068, 5.19569192877, 2646.05577335, 1087.62813842
