2.67048368558, 0.700335827645, 22.6806111142, 7.7161413494, 7.63806957779, 3.89998506281, 5.02158078637, 3538.96412767, 695.714305548
2.63259496586, 0.701879405591, 21.7536542344, 7.61529110263, 7.33240924305, 3.89998506281, 5.02158078637, 3359.7237257, 695.859170692
2.65854256246, 0.75183282246, 17.2988186604, 7.59900629792, 7.36666815868, 3.89999551897, 5.02158078637, 2896.23775116, 696.902511637
2.63122705239, 0.701115282235, 17.2071782913, 7.67776757004, 7.92524260045, 3.41611827678, 5.02141818669, 2545.57460077, 1038.03973552
2.65595752923, 0.796877770385, 22.9880553146, 7.48571074479, 7.5183470354, 3.89998506281, 5.02158078637, 4197.69228651, 694.931697585
2.61033164971, 0.702776037285, 17.2071782913, 7.67776757004, 8.04464892504, 3.1361754516, 5.02141818669, 2473.8750798, 1341.5231314
2.65854256246, 0.701879405591, 21.7536542344, 7.48571074479, 8.24023239209, 3.89998506281, 5.00849872949, 3385.53487468, 695.764029472
2.65915026209, 0.749191397162, 26.6699808166, 7.7161413494, 7.63806957779, 3.89999551897, 5.02158078637, 4667.34205901, 694.723455193
2.63122705239, 0.701115282235, 17.1311020955, 7.67776757004, 7.41761721991, 3.04904501521, 5.02141818669, 2434.495505, 1459.97876085
2.65854256246, 0.71684626778, 17.2988186604, 7.42374472514, 7.3810395958, 3.89999551897, 5.02158078637, 2764.31423659, 697.09503291
2.63122705239, 0.701693525708, 20.9092023405, 7.67776757004, 7.92524260045, 3.89953661414, 5.18805762561, 3336.27866854, 696.383570677
2.61033164971, 0.715364120918, 17.1188128137, 7.67776757004, 8.04464892504, 3.1361754516, 5.02141818669, 2505.83119824, 1341.30494007
2.62397980759, 0.715364120918, 18.7959779113, 7.44099797891, 7.36104753596, 3.89998506281, 5.48262150912, 3251.84695301, 696.510455299
2.62299568036, 0.753054945604, 21.7536542344, 7.59900629792, 7.63806957779, 3.89998506281, 5.17069253629, 3734.41378668, 695.478416786
2.67048368558, 0.783815890259, 22.6806111142, 7.7161413494, 7.55577334197, 3.89998506281, 5.02158078637, 4059.73288384, 695.174604162
2.60339181028, 0.700335827645, 21.7536542344, 7.59900629792, 8.08650374783, 3.89998506281, 5.02158078637, 3347.00939675, 695.859514146
2.65854256246, 0.749191397162, 17.2988186604, 7.7161413494, 7.33240924305, 3.89999551897, 5.02158078637, 2886.91877682, 697.050655104
2.63122705239, 0.701115282235, 17.2071782913, 7.67776757004, 7.92524260045, 3.41611827678, 5.02141818669, 2545.57460077, 1038.03973552
2.67048368558, 0.783815890259, 22.9880553146, 7.48571074479, 7.5183470354, 3.89998506281, 5.02158078637, 4122.46253375, 694.995383931
2.60039301394, 0.700570735889, 17.0744712684, 8.26807762423, 8.10194531989, 3.89997449637, 5.02158078637, 2677.49149998, 698.455503464
2.65854256246, 0.71684626778, 17.1581537205, 7.58353093215, 7.3810395958, 3.89999551897, 5.02158078637, 2746.63402863, 697.341075664
2.63122705239, 0.701693525708, 20.9092023405, 7.67776757004, 7.92524260045, 3.89953661414, 5.18805762561, 3336.27866854, 696.383570677
2.61033164971, 0.702006064827, 17.2071782913, 7.88343543048, 7.7474462119, 3.1361754516, 5.02141818669, 2466.91530394, 1342.01913504
2.61221448792, 0.783815890259, 21.7536542344, 7.48571074479, 7.3810395958, 3.89998506281, 5.02158078637, 3810.04723005, 695.223938274
2.63122705239, 0.701115282235, 17.2071782913, 7.67776757004, 7.92524260045, 3.04904501521, 5.02141818669, 2454.54809226, 1459.89347163
2.65854256246, 0.704511192562, 17.0194038166, 7.94805360826, 7.5183470354, 3.89998506281, 5.04815019124, 2707.0627615, 698.016488412
2.63122705239, 0.701693525708, 20.9092023405, 7.67776757004, 7.92524260045, 3.89953661414, 5.18805762561, 3336.27866854, 696.383570677
2.62299568036, 0.715364120918, 21.7536542344, 7.59900629792, 7.63806957779, 3.89998506281, 5.17069253629, 3522.4358697, 695.742272218
2.61218079475, 0.753054945604, 17.1658622783, 7.44099797891, 8.10194531989, 3.89998506281, 5.19266307198, 2975.60820237, 696.79451878
2.62299568036, 0.700335827645, 22.4386746866, 7.48571074479, 8.1918910591, 3.89998506281, 5.17069253629, 3563.52144867, 695.61149057
2.65915026209, 0.71684626778, 17.1616733132, 7.58353093215, 7.89726437258, 3.15868344888, 5.02158078637, 2539.53042886, 1312.55695927
2.60039301394, 0.700570735889, 17.0744712684, 8.26807762423, 8.24627059699, 3.64240510341, 5.02732206614, 2596.5517507, 857.35228036
2.60039301394, 0.700570735889, 17.0744712684, 8.0282277438, 8.10194531989, 3.89989957583, 5.02732206614, 2677.99136645, 698.187208972
2.65915026209, 0.709768427708, 17.2988186604, 8.08309609654, 7.63806957779, 3.15868344888, 5.02158078637, 2531.84240711, 1313.69345821
2.67048368558, 0.700335827645, 22.6806111142, 7.7161413494, 7.63806957779, 3.89998506281, 5.02158078637, 3538.96412767, 695.714305548
2.63259496586, 0.701879405591, 21.7536542344, 7.61529110263, 7.33240924305, 3.89998506281, 5.02158078637, 3359.7237257, 695.859170692
2.65854256246, 0.75183282246, 17.2988186604, 7.59900629792, 7.36666815868, 3.89999551897, 5.02158078637, 2896.23775116, 696.902511637
2.63122705239, 0.701115282235, 17.2071782913, 7.67776757004, 7.92524260045, 3.41611827678, 5.02141818669, 2545.57460077, 1038.03973552
2.65595752923, 0.796877770385, 22.9880553146, 7.48571074479, 7.5183470354, 3.89998506281, 5.02158078637, 4197.69228651, 694.931697585
2.61033164971, 0.702776037285, 17.2071782913, 7.67776757004, 8.04464892504, 3.1361754516, 5.02141818669, 2473.8750798, 1341.5231314
2.65854256246, 0.701879405591, 21.7536542344, 7.48571074479, 8.24023239209, 3.89998506281, 5.00849872949, 3385.53487468, 695.764029472
2.65915026209, 0.749191397162, 26.6699808166, 7.7161413494, 7.63806957779, 3.89999551897, 5.02158078637, 4667.34205901, 694.723455193
2.63122705239, 0.701115282235, 17.1311020955, 7.67776757004, 7.41761721991, 3.04904501521, 5.02141818669, 2434.495505, 1459.97876085
2.65854256246, 0.71684626778, 17.2988186604, 7.42374472514, 7.3810395958, 3.89999551897, 5.02158078637, 2764.31423659, 697.09503291
2.63122705239, 0.701693525708, 20.9092023405, 7.67776757004, 7.92524260045, 3.89953661414, 5.18805762561, 3336.27866854, 696.383570677
2.61033164971, 0.715364120918, 17.1188128137, 7.67776757004, 8.04464892504, 3.1361754516, 5.02141818669, 2505.83119824, 1341.30494007
2.62397980759, 0.715364120918, 18.7959779113, 7.44099797891, 7.36104753596, 3.89998506281, 5.48262150912, 3251.84695301, 696.510455299
2.62299568036, 0.753054945604, 21.7536542344, 7.59900629792, 7.63806957779, 3.89998506281, 5.17069253629, 3734.41378668, 695.478416786
2.67048368558, 0.783815890259, 22.6806111142, 7.7161413494, 7.55577334197, 3.89998506281, 5.02158078637, 4059.73288384, 695.174604162
2.60339181028, 0.700335827645, 21.7536542344, 7.59900629792, 8.08650374783, 3.89998506281, 5.02158078637, 3347.00939675, 695.859514146
2.65854256246, 0.749191397162, 17.2988186604, 7.7161413494, 7.33240924305, 3.89999551897, 5.02158078637, 2886.91877682, 697.050655104
2.63122705239, 0.701115282235, 17.2071782913, 7.67776757004, 7.92524260045, 3.41611827678, 5.02141818669, 2545.57460077, 1038.03973552
2.67048368558, 0.783815890259, 22.9880553146, 7.48571074479, 7.5183470354, 3.89998506281, 5.02158078637, 4122.46253375, 694.995383931
2.60039301394, 0.700570735889, 17.0744712684, 8.26807762423, 8.10194531989, 3.89997449637, 5.02158078637, 2677.49149998, 698.455503464
2.65854256246, 0.71684626778, 17.1581537205, 7.58353093215, 7.3810395958, 3.89999551897, 5.02158078637, 2746.63402863, 697.341075664
2.63122705239, 0.701693525708, 20.9092023405, 7.67776757004, 7.92524260045, 3.89953661414, 5.18805762561, 3336.27866854, 696.383570677
2.61033164971, 0.702006064827, 17.2071782913, 7.88343543048, 7.7474462119, 3.1361754516, 5.02141818669, 2466.91530394, 1342.01913504
2.61221448792, 0.783815890259, 21.7536542344, 7.48571074479, 7.3810395958, 3.89998506281, 5.02158078637, 3810.04723005, 695.223938274
2.63122705239, 0.701115282235, 17.2071782913, 7.67776757004, 7.92524260045, 3.04904501521, 5.02141818669, 2454.54809226, 1459.89347163
2.65854256246, 0.704511192562, 17.0194038166, 7.94805360826, 7.5183470354, 3.89998506281, 5.04815019124, 2707.0627615, 698.016488412
2.63122705239, 0.701693525708, 20.9092023405, 7.67776757004, 7.92524260045, 3.89953661414, 5.18805762561, 3336.27866854, 696.383570677
2.62299568036, 0.715364120918, 21.7536542344, 7.59900629792, 7.63806957779, 3.89998506281, 5.17069253629, 3522.4358697, 695.742272218
2.61218079475, 0.753054945604, 17.1658622783, 7.44099797891, 8.10194531989, 3.89998506281, 5.19266307198, 2975.60820237, 696.79451878
2.62299568036, 0.700335827645, 22.4386746866, 7.48571074479, 8.1918910591, 3.89998506281, 5.17069253629, 3563.52144867, 695.61149057
2.65915026209, 0.71684626778, 17.1616733132, 7.58353093215, 7.89726437258, 3.15868344888, 5.02158078637, 2539.53042886, 1312.55695927
2.60039301394, 0.700570735889, 17.0744712684, 8.26807762423, 8.24627059699, 3.64240510341, 5.02732206614, 2596.5517507, 857.35228036
2.60039301394, 0.700570735889, 17.0744712684, 8.0282277438, 8.10194531989, 3.89989957583, 5.02732206614, 2677.99136645, 698.187208972
2.65915026209, 0.709768427708, 17.2988186604, 8.08309609654, 7.63806957779, 3.15868344888, 5.02158078637, 2531.84240711, 1313.69345821
2.65854256246, 0.701879405591, 26.2172959295, 7.7161413494, 7.63806957779, 3.89998506281, 5.02158078637, 4186.81489406, 695.032100483
2.65854256246, 0.701879405591, 26.2172959295, 7.7161413494, 7.63806957779, 3.89998506281, 5.02158078637, 4186.81489406, 695.032100483
2.65854256246, 0.749191397162, 26.6699808166, 7.7161413494, 8.24023239209, 3.89999551897, 5.02158078637, 4678.57453934, 694.723455193
2.65854256246, 0.749191397162, 26.6699808166, 7.7161413494, 8.24023239209, 3.89999551897, 5.02158078637, 4678.57453934, 694.723455193
2.65915026209, 0.770844716072, 26.6699808166, 7.85281430918, 7.72649272044, 3.89953661414, 5.14970260254, 4934.97311537, 694.932115784
2.65915026209, 0.770844716072, 26.6699808166, 7.85281430918, 7.72649272044, 3.89953661414, 5.14970260254, 4934.97311537, 694.932115784
2.65854256246, 0.704511192562, 17.0194038166, 7.98006960664, 7.5183470354, 3.89998506281, 5.04815019124, 2707.44521958, 698.056565293
2.65854256246, 0.704511192562, 17.0194038166, 7.98006960664, 7.5183470354, 3.89998506281, 5.04815019124, 2707.44521958, 698.056565293
2.95237858755, 0.770844716072, 26.6699808166, 8.05527985955, 7.72649272044, 3.89953661414, 5.14970260254, 5291.99907983, 695.018657439
2.65854256246, 0.700335827645, 17.0194038166, 7.7161413494, 7.63806957779, 3.61197999045, 5.04815019124, 2596.65838634, 878.366254963
2.65854256246, 0.700335827645, 17.0194038166, 7.7161413494, 7.63806957779, 3.61197999045, 5.04815019124, 2596.65838634, 878.366254963
2.67048368558, 0.701693525708, 17.0135636585, 7.63691659924, 7.92524260045, 3.89998506281, 5.14015452919, 2761.29831939, 697.675368867
2.95237858755, 0.770844716072, 26.6699808166, 8.05527985955, 7.72649272044, 3.89953661414, 5.14970260254, 5291.99907983, 695.018657439
2.65854256246, 0.700335827645, 17.0194038166, 7.7161413494, 7.63806957779, 3.61197999045, 5.04815019124, 2596.65838634, 878.366254963
2.65854256246, 0.700335827645, 17.0194038166, 7.7161413494, 7.63806957779, 3.61197999045, 5.04815019124, 2596.65838634, 878.366254963
2.67048368558, 0.701693525708, 17.0135636585, 7.63691659924, 7.92524260045, 3.89998506281, 5.14015452919, 2761.29831939, 697.675368867
2.63122705239, 0.701693525708, 19.5624618093, 7.67776757004, 7.92524260045, 3.89953661414, 5.0504481812, 3046.8719733, 696.825452649
2.65915026209, 0.770844716072, 17.2988186604, 7.58353093215, 7.63806957779, 3.89953661414, 5.02158078637, 2974.87586348, 696.945305041
2.91148944354, 0.706069609722, 18.7167337752, 7.63691659924, 8.10194531989, 3.89998506281, 5.17560357807, 3158.1024595, 696.824021795
2.65854256246, 0.74828498277, 17.1725791995, 7.47034126066, 7.82880964065, 3.89998506281, 5.19355227618, 2975.60941471, 696.869503442
2.63122705239, 0.701693525708, 19.5624618093, 7.67776757004, 7.92524260045, 3.89953661414, 5.0504481812, 3046.8719733, 696.825452649
2.65915026209, 0.770844716072, 17.2988186604, 7.58353093215, 7.63806957779, 3.89953661414, 5.02158078637, 2974.87586348, 696.945305041
2.91148944354, 0.706069609722, 18.7167337752, 7.63691659924, 8.10194531989, 3.89998506281, 5.17560357807, 3158.1024595, 696.824021795
2.65854256246, 0.74828498277, 17.1725791995, 7.47034126066, 7.82880964065, 3.89998506281, 5.19355227618, 2975.60941471, 696.869503442
