2.67048368558, 0.700335827645, 22.6806111142, 7.7161413494, 7.63806957779, 3.89998506281, 5.02158078637, 3538.96412767, 695.714305548
2.65854256246, 0.75183282246, 17.2988186604, 7.59900629792, 7.36666815868, 3.89999551897, 5.02158078637, 2896.23775116, 696.902511637
2.61033164971, 0.796877770385, 20.5051971457, 7.48571074479, 7.5183470354, 3.89998506281, 5.02158078637, 3636.66812661, 695.418255843
2.63122705239, 0.701115282235, 17.1311020955, 7.67776757004, 7.41761721991, 3.04904501521, 5.00587315428, 2425.44098601, 1459.97876085
2.65854256246, 0.71684626778, 17.2988186604, 7.42374472514, 7.3810395958, 3.89999551897, 5.02158078637, 2764.31423659, 697.09503291
2.66830641093, 0.783815890259, 22.6806111142, 7.59900629792, 7.55577334197, 3.89998506281, 5.01530202707, 4052.68695659, 695.110201838
2.63122705239, 0.701115282235, 17.2071782913, 7.34501602379, 7.92524260045, 3.41611827678, 5.02141818669, 2542.52476273, 1037.46181995
2.67048368558, 0.783815890259, 22.9880553146, 7.48571074479, 7.5183470354, 3.89998506281, 5.02158078637, 4122.46253375, 694.995383931
2.65854256246, 0.71684626778, 20.9092023405, 7.58353093215, 7.3810395958, 3.89999551897, 5.02158078637, 3317.44139236, 695.93544632
2.61221448792, 0.702006064827, 19.2903746766, 7.88343543048, 7.3810395958, 3.89998506281, 5.02158078637, 2973.21833077, 696.880017964
2.62299568036, 0.715808077801, 25.635891778, 7.59900629792, 7.63806957779, 3.89998506281, 5.17069253629, 4233.39268163, 694.982752073
2.62299568036, 0.700335827645, 22.4386746866, 7.48571074479, 8.1918910591, 3.89998506281, 5.17069253629, 3563.52144867, 695.61149057
2.60039301394, 0.700570735889, 17.0744712684, 8.27740094945, 7.89726437258, 3.64240510341, 5.02732206614, 2589.72106546, 857.367223492
2.67048368558, 0.700335827645, 22.6806111142, 7.7161413494, 7.63806957779, 3.89998506281, 5.02158078637, 3538.96412767, 695.714305548
2.63259496586, 0.701879405591, 21.023165599, 7.61529110263, 7.33240924305, 3.89998506281, 5.02158078637, 3242.51613872, 696.05848141
2.65854256246, 0.701840863622, 21.7536542344, 7.48571074479, 7.80204936207, 3.89999081185, 5.02158078637, 3384.35219125, 695.761251827
2.65915026209, 0.749191397162, 26.6699808166, 7.7161413494, 7.63806957779, 3.89999551897, 5.00849872949, 4659.70078771, 694.723455193
2.63122705239, 0.701115282235, 17.1311020955, 7.42374472514, 7.41761721991, 3.04904501521, 5.02141818669, 2432.64072953, 1459.34955851
2.63122705239, 0.715364120918, 17.1188128137, 7.67776757004, 7.92524260045, 3.1361754516, 5.02141818669, 2512.35102286, 1341.30494007
2.62299568036, 0.753054945604, 18.7959779113, 7.44099797891, 7.55090941554, 3.89998506281, 5.17069253629, 3212.05288424, 696.171928279
2.60339181028, 0.700335827645, 21.7536542344, 7.59900629792, 8.08650374783, 3.89998506281, 5.02158078637, 3347.00939675, 695.859514146
2.60315344816, 0.749191397162, 17.2988186604, 7.7161413494, 7.92524260045, 3.89999551897, 5.02158078637, 2872.42469415, 697.050655104
2.63122705239, 0.701115282235, 17.2071782913, 7.67776757004, 7.33240924305, 3.41611827678, 5.01557553704, 2530.42865229, 1038.03973552
2.60039301394, 0.700570735889, 17.0744712684, 7.48571074479, 7.6331070329, 3.89997449637, 5.02158078637, 2658.86024188, 697.482144854
2.61033164971, 0.783815890259, 17.2071782913, 7.48571074479, 7.7474462119, 3.89998506281, 5.02158078637, 2986.51772876, 696.530799572
2.63122705239, 0.701115282235, 17.0194038166, 7.67776757004, 7.55692278814, 3.89998506281, 5.0016100776, 2654.86799738, 697.729490981
2.62299568036, 0.700335827645, 22.4386746866, 7.48571074479, 8.1918910591, 3.89998506281, 5.17069253629, 3563.52144867, 695.61149057
2.60039301394, 0.700570735889, 17.0744712684, 8.26807762423, 8.24627059699, 3.64240510341, 5.02732206614, 2596.5517507, 857.35228036
2.65854256246, 0.74828498277, 17.1725791995, 7.34999051809, 7.82880964065, 3.89998506281, 5.19355227618, 2974.1717237, 696.747240987
2.67048368558, 0.700335827645, 22.6806111142, 7.7161413494, 7.63806957779, 3.89998506281, 5.02158078637, 3538.96412767, 695.714305548
2.65854256246, 0.75183282246, 17.2988186604, 7.59900629792, 7.36666815868, 3.89999551897, 5.02158078637, 2896.23775116, 696.902511637
2.61033164971, 0.796877770385, 20.5051971457, 7.48571074479, 7.5183470354, 3.89998506281, 5.02158078637, 3636.66812661, 695.418255843
2.63122705239, 0.701115282235, 17.1311020955, 7.67776757004, 7.41761721991, 3.04904501521, 5.00587315428, 2425.44098601, 1459.97876085
2.65854256246, 0.71684626778, 17.2988186604, 7.42374472514, 7.3810395958, 3.89999551897, 5.02158078637, 2764.31423659, 697.09503291
2.66830641093, 0.783815890259, 22.6806111142, 7.59900629792, 7.55577334197, 3.89998506281, 5.01530202707, 4052.68695659, 695.110201838
2.63122705239, 0.701115282235, 17.2071782913, 7.34501602379, 7.92524260045, 3.41611827678, 5.02141818669, 2542.52476273, 1037.46181995
2.67048368558, 0.783815890259, 22.9880553146, 7.48571074479, 7.5183470354, 3.89998506281, 5.02158078637, 4122.46253375, 694.995383931
2.65854256246, 0.71684626778, 20.9092023405, 7.58353093215, 7.3810395958, 3.89999551897, 5.02158078637, 3317.44139236, 695.93544632
2.61221448792, 0.702006064827, 19.2903746766, 7.88343543048, 7.3810395958, 3.89998506281, 5.02158078637, 2973.21833077, 696.880017964
2.62299568036, 0.715808077801, 25.635891778, 7.59900629792, 7.63806957779, 3.89998506281, 5.17069253629, 4233.39268163, 694.982752073
2.62299568036, 0.700335827645, 22.4386746866, 7.48571074479, 8.1918910591, 3.89998506281, 5.17069253629, 3563.52144867, 695.61149057
2.60039301394, 0.700570735889, 17.0744712684, 8.27740094945, 7.89726437258, 3.64240510341, 5.02732206614, 2589.72106546, 857.367223492
2.67048368558, 0.700335827645, 22.6806111142, 7.7161413494, 7.63806957779, 3.89998506281, 5.02158078637, 3538.96412767, 695.714305548
2.63259496586, 0.701879405591, 21.023165599, 7.61529110263, 7.33240924305, 3.89998506281, 5.02158078637, 3242.51613872, 696.05848141
2.65854256246, 0.701840863622, 21.7536542344, 7.48571074479, 7.80204936207, 3.89999081185, 5.02158078637, 3384.35219125, 695.761251827
2.65915026209, 0.749191397162, 26.6699808166, 7.7161413494, 7.63806957779, 3.89999551897, 5.00849872949, 4659.70078771, 694.723455193
2.63122705239, 0.701115282235, 17.1311020955, 7.42374472514, 7.41761721991, 3.04904501521, 5.02141818669, 2432.64072953, 1459.34955851
2.63122705239, 0.715364120918, 17.1188128137, 7.67776757004, 7.92524260045, 3.1361754516, 5.02141818669, 2512.35102286, 1341.30494007
2.62299568036, 0.753054945604, 18.7959779113, 7.44099797891, 7.55090941554, 3.89998506281, 5.17069253629, 3212.05288424, 696.171928279
2.60339181028, 0.700335827645, 21.7536542344, 7.59900629792, 8.08650374783, 3.89998506281, 5.02158078637, 3347.00939675, 695.859514146
2.60315344816, 0.749191397162, 17.2988186604, 7.7161413494, 7.92524260045, 3.89999551897, 5.02158078637, 2872.42469415, 697.050655104
2.63122705239, 0.701115282235, 17.2071782913, 7.67776757004, 7.33240924305, 3.41611827678, 5.01557553704, 2530.42865229, 1038.03973552
2.60039301394, 0.700570735889, 17.0744712684, 7.48571074479, 7.6331070329, 3.89997449637, 5.02158078637, 2658.86024188, 697.482144854
2.61033164971, 0.783815890259, 17.2071782913, 7.48571074479, 7.7474462119, 3.89998506281, 5.02158078637, 2986.51772876, 696.530799572
2.63122705239, 0.701115282235, 17.0194038166, 7.67776757004, 7.55692278814, 3.89998506281, 5.0016100776, 2654.86799738, 697.729490981
2.62299568036, 0.700335827645, 22.4386746866, 7.48571074479, 8.1918910591, 3.89998506281, 5.17069253629, 3563.52144867, 695.61149057
2.60039301394, 0.700570735889, 17.0744712684, 8.26807762423, 8.24627059699, 3.64240510341, 5.02732206614, 2596.5517507, 857.35228036
2.65854256246, 0.74828498277, 17.1725791995, 7.34999051809, 7.82880964065, 3.89998506281, 5.19355227618, 2974.1717237, 696.747240987
2.67048368558, 0.783815890259, 22.6806111142, 7.7161413494, 7.55577334197, 3.89998506281, 5.02158078637, 4059.73288384, 695.174604162
2.67048368558, 0.783815890259, 22.6806111142, 7.7161413494, 7.55577334197, 3.89998506281, 5.02158078637, 4059.73288384, 695.174604162
2.63122705239, 0.701115282235, 17.2071782913, 7.67776757004, 7.92524260045, 2.94543169094, 5.02141818669, 2432.3862861, 1619.44353241
2.63122705239, 0.701115282235, 17.2071782913, 7.67776757004, 7.92524260045, 2.94543169094, 5.02141818669, 2432.3862861, 1619.44353241
2.74730459137, 0.701879405591, 21.7536542344, 7.48571074479, 8.24023239209, 3.89998506281, 5.00849872949, 3443.99108013, 695.764029472
2.74730459137, 0.701879405591, 21.7536542344, 7.48571074479, 8.24023239209, 3.89998506281, 5.00849872949, 3443.99108013, 695.764029472
2.65854256246, 0.749191397162, 17.2988186604, 7.7161413494, 7.33240924305, 3.89999551897, 5.02158078637, 2886.91877682, 697.050655104
2.65854256246, 0.704511192562, 17.2071782913, 7.94805360826, 7.5183470354, 3.04904501521, 5.04815019124, 2487.38436007, 1460.4811096
2.65854256246, 0.701879405591, 26.2172959295, 7.7161413494, 7.63806957779, 3.89998506281, 5.02158078637, 4186.81489406, 695.032100483
2.65854256246, 0.701879405591, 26.2172959295, 7.7161413494, 7.63806957779, 3.89998506281, 5.02158078637, 4186.81489406, 695.032100483
2.65854256246, 0.749191397162, 17.2988186604, 7.7161413494, 7.33240924305, 3.89999551897, 5.02158078637, 2886.91877682, 697.050655104
2.65854256246, 0.704511192562, 17.2071782913, 7.94805360826, 7.5183470354, 3.04904501521, 5.04815019124, 2487.38436007, 1460.4811096
2.65854256246, 0.701879405591, 26.2172959295, 7.7161413494, 7.63806957779, 3.89998506281, 5.02158078637, 4186.81489406, 695.032100483
2.65854256246, 0.701879405591, 26.2172959295, 7.7161413494, 7.63806957779, 3.89998506281, 5.02158078637, 4186.81489406, 695.032100483
2.63259496586, 0.701787308531, 21.7536542344, 7.61529110263, 7.33240924305, 3.89998506281, 5.02158078637, 3359.22678885, 695.85991075
2.65915026209, 0.749191397162, 26.6699808166, 7.7161413494, 7.63806957779, 3.89999551897, 5.02158078637, 4667.34205901, 694.723455193
2.62299568036, 0.753054945604, 21.7536542344, 7.59900629792, 7.62525590427, 3.89998506281, 5.17069253629, 3734.14471873, 695.478416786
2.67048368558, 0.758058015636, 17.0135636585, 7.63691659924, 7.92524260045, 3.89998506281, 5.14015452919, 2964.21327747, 697.012713065
2.63259496586, 0.701787308531, 21.7536542344, 7.61529110263, 7.33240924305, 3.89998506281, 5.02158078637, 3359.22678885, 695.85991075
2.65915026209, 0.749191397162, 26.6699808166, 7.7161413494, 7.63806957779, 3.89999551897, 5.02158078637, 4667.34205901, 694.723455193
2.62299568036, 0.753054945604, 21.7536542344, 7.59900629792, 7.62525590427, 3.89998506281, 5.17069253629, 3734.14471873, 695.478416786
2.67048368558, 0.758058015636, 17.0135636585, 7.63691659924, 7.92524260045, 3.89998506281, 5.14015452919, 2964.21327747, 697.012713065
2.65854256246, 0.749675203679, 18.7167337752, 7.47034126066, 8.03499507438, 3.89998506281, 5.19355227618, 3229.01694772, 696.252202019
2.65854256246, 0.749675203679, 18.7167337752, 7.47034126066, 8.03499507438, 3.89998506281, 5.19355227618, 3229.01694772, 696.252202019
2.61218079475, 0.753054945604, 17.1658622783, 7.44099797891, 8.25245483294, 3.89998506281, 5.19266307198, 2978.79559186, 696.79451878
2.65854256246, 0.700335827645, 17.0051506696, 7.7161413494, 7.63806957779, 3.61197999045, 5.04815019124, 2594.78491227, 878.376254356
2.61218079475, 0.753054945604, 17.1658622783, 7.44099797891, 8.25245483294, 3.89998506281, 5.19266307198, 2978.79559186, 696.79451878
2.65854256246, 0.700335827645, 17.0051506696, 7.7161413494, 7.63806957779, 3.61197999045, 5.04815019124, 2594.78491227, 878.376254356
2.65854256246, 0.71684626778, 17.1581537205, 7.58353093215, 7.3810395958, 3.89999551897, 5.18805762561, 2846.99291743, 697.341075664
2.65854256246, 0.71684626778, 17.1581537205, 7.58353093215, 7.3810395958, 3.89999551897, 5.18805762561, 2846.99291743, 697.341075664
2.65915026209, 0.709768427708, 17.2988186604, 8.08309609654, 7.63806957779, 3.15868344888, 5.02158078637, 2531.84240711, 1313.69345821
2.65915026209, 0.71684626778, 17.1616733132, 7.62567068722, 7.53729806915, 3.15868344888, 5.02158078637, 2532.73155988, 1312.64710392
2.65854256246, 0.749191397162, 26.6699808166, 7.7161413494, 8.24023239209, 3.89999551897, 5.02158078637, 4678.57453934, 694.723455193
2.65915026209, 0.709768427708, 17.2988186604, 8.08309609654, 7.63806957779, 3.15868344888, 5.02158078637, 2531.84240711, 1313.69345821
