$x1,$x2,$x3,$x4,$x5,$x6,$x7,$x8,$x9,$x10,$x11,$x12,$x13,$x14,>>f1,>>f2,>>f3,>>f4,>>f5
0.24148743511060689, 0.1668625455858822, 0.8505861610561294, 0.3180611191598097, 0.9000021209568585, 0.41256867561610355, 0.6032042885005094, 0.8556831696709495, 0.6727622592828326, 0.3994532210436236, 0.5255236053564588, 0.437907876853881, 0.6065547474215907, 0.3172787991252991
0.8506078801738693, 0.9530571783565659, 0.8582495249955175, 0.2791199734184838, 0.8127771944048154, 0.21878225585354671, 0.7196571963213017, 0.348080508388113, 0.6419960551861974, 0.7740612393363725, 0.8932171363591594, 0.20840361317380618, 0.913254653791374, 0.5499770888851678
0.11375224889924862, 0.8563110073123714, 0.8409873790049752, 0.40068626207053204, 0.48058659895376565, 0.5358197522472029, 0.48243016677538353, 0.6609415658685345, 0.7880803333031535, 0.8710960421046307, 0.9503416907834518, 0.047264064052457866, 0.32356486255550343, 0.2892853800479952
0.16901611460957222, 0.8783901573742, 0.6384368989813223, 0.8230645743597025, 0.042311679801700475, 0.9436054014252507, 0.3089505699687485, 0.19271641479481716, 0.5154977564297214, 0.44159774330419466, 0.5649690403039138, 0.2179270651378734, 0.35388887274301195, 0.3741496450021341
0.49269311019559625, 0.14589793944217666, 0.32943636281772737, 0.8299838726103946, 0.5605525504070095, 0.6453348625712246, 0.33461196214923683, 0.5544087873260929, 0.514687969844218, 0.32000993318569837, 0.4012400604274884, 0.9478558912485399, 0.6120003103817497, 0.9332993589194156
0.5518908940384551, 0.9287626854168931, 0.47839858751250963, 0.5291917184767188, 0.2711600285695205, 0.5392698231246486, 0.7522145630449436, 0.368542513343171, 0.7819129345345621, 0.18580209939894599, 0.624579755813652, 0.10403171770496711, 0.6751404589777663, 0.05616272149296364
0.30917622170861514, 0.7425297838865137, 0.9556248060677887, 0.42157420904638154, 0.15365958252982592, 0.5342619501297501, 0.8947011320914225, 0.03974238437605404, 0.9635454556248287, 0.2877012288024977, 0.6142328337637071, 0.9633855936542813, 0.013051422866349194, 0.4703573261029067
0.7613918410647057, 0.6852199593303664, 0.09131282891572334, 0.13319690432525544, 0.011850074078070816, 0.3526602221453159, 0.3778485196565332, 0.861651342140052, 0.3298618652341154, 0.44421666938357585, 0.6935011662359922, 0.8342366911944891, 0.9720927895200878, 0.8251049602268009
0.2624529998875502, 0.7696304155773764, 0.2679159030352938, 0.22089778596698895, 0.2972054144445303, 0.17401514347953428, 0.2293719160432648, 0.11846442480691155, 0.6755333294814216, 0.0282655009719458, 0.014206681155177647, 0.4842852839229792, 0.9738120454396517, 0.38102213698287124
0.33200964585274506, 0.033288416167411294, 0.014128696898329962, 0.35873328760715617, 0.24482574901514054, 0.9963030021109217, 0.39367701511908215, 0.5532631182182063, 0.21835254739916454, 0.49474102539883114, 0.8676320319596521, 0.6932852390038293, 0.9127847593762464, 0.3674423170747093
0.44455403239244407, 0.481445872950652, 0.32053118392539703, 0.20451729396607043, 0.6821928135268752, 0.9750969081630217, 0.16874165573474187, 0.5843055103510875, 0.8953910991712574, 0.5943986484921442, 0.4367082760832435, 0.9522480787077283, 0.3544740406282818, 0.9203777719529788
0.7383348891645405, 0.5459897021741892, 0.19851390992220086, 0.18268275692441172, 0.8042544564075129, 0.8306557472524229, 0.4259607556864574, 0.449228602320648, 0.6047232051951065, 0.8236021495829742, 0.028461913713153653, 0.16848336373101547, 0.13817694190739405, 0.27249527519998495
0.26552806609216895, 0.06297457775940474, 0.4249413602067108, 0.9272284024070049, 0.362145747702048, 0.5007137829405861, 0.5681046568388576, 0.17584973280218608, 0.8648540242609047, 0.4078378420067733, 0.5843061605662978, 0.3809548951347347, 0.46281896631962294, 0.784782367724464
0.11225039717996244, 0.4372502299061676, 0.22798177215732207, 0.09756431168823376, 0.13106990300061205, 0.32863850697437, 0.92280080041373, 0.6550089699320314, 0.28908929095318814, 0.5341370542136105, 0.9543741835203639, 0.1471559672904178, 0.46599569050396183, 0.7473069437501719
0.7224938530654109, 0.6515055569025116, 0.2583078668555967, 0.8094444233231898, 0.5065136130654174, 0.17598685948846293, 0.6825838780909127, 0.8891504925222369, 0.4351080866933107, 0.45503130774653633, 0.8086764689139444, 0.7159216403449712, 0.5962864329780867, 0.6650070643580869
0.9424149873160379, 0.7867548067258546, 0.9234117873423612, 0.35262836622191573, 0.5306330978203582, 0.433022721537611, 0.6924145364202772, 0.7468629599904683, 0.8638257974294158, 0.948768925795237, 0.2753899573367601, 0.8580518134996812, 0.02777074851974337, 0.6055001494355216
0.21556712384957333, 0.22652254971264651, 0.2499548360390862, 0.9044019299445523, 0.12251554965502565, 0.03472443403982606, 0.6943812997735432, 0.47151209187648313, 0.1855729299378076, 0.16990959623976087, 0.3478737134905664, 0.2139109042410292, 0.36809844547677395, 0.024777670104093485
0.6177932972395656, 0.3893082331401534, 0.8059040262752366, 0.5882299264855859, 0.33788690928229503, 0.4944467672361367, 0.9408672567543777, 0.11904996567561166, 0.4066871880317321, 0.7551560098390775, 0.8305266407970788, 0.4881719720758657, 0.7342347787424423, 0.5948294670878731
0.1583429122053066, 0.23476542502892095, 0.44190134970177275, 0.5239050768941911, 0.528133472220431, 0.4999882134250294, 0.6787328201395073, 0.4716056640629036, 0.3977586169110764, 0.24207165495039984, 0.07348655222383738, 0.619586275452355, 0.13311114024809134, 0.6389577028901595
0.5169863581161659, 0.6499195851437155, 0.21280820856458782, 0.055634674089009795, 0.9362160104409976, 0.18744019940700962, 0.232596250412632, 0.7403985238783454, 0.07752593635635141, 0.6030311929090844, 0.7377357672555986, 0.7916795167327599, 0.6752564493258832, 0.3277115073121434
0.2826026311130556, 0.19441886174208856, 0.6975192550600088, 0.36305861837569975, 0.9657542069716585, 0.27139381712420585, 0.4155372511608777, 0.44839646256277876, 0.9388749048030154, 0.19319679099327614, 0.614085810721221, 0.6742808568600339, 0.5418158991593367, 0.41255757556718453
0.3210108119731395, 0.6696713702152074, 0.1171513989752262, 0.10791532160144113, 0.5620303225665728, 0.9964087860738312, 0.8345373541271288, 0.19332820685733976, 0.1574094372127366, 0.03570075844487841, 0.2600080576114463, 0.6356552279181783, 0.5980303732575476, 0.0005027414452053458
0.47924886009201195, 0.15489168204379333, 0.5472716973379504, 0.893992289703558, 0.27260058981054114, 0.986707467716266, 0.5722247419101066, 0.9978571399621392, 0.6146821037391655, 0.304277142719254, 0.6434348661803487, 0.2914313211774986, 0.7105332183351282, 0.7527774371746189
0.6767963170078566, 0.5212400539459665, 0.4666893312462924, 0.572971634908765, 0.5322680575667117, 0.6639101021240645, 0.5757999477741728, 0.8251692182520638, 0.7719660402789271, 0.999290461242714, 0.9660195001746247, 0.5855569227629346, 0.3725233175070197, 0.6573182314250862
0.9759512865664963, 0.4552339574643358, 0.3808266810821408, 0.8947497721187857, 0.5714649332833849, 0.1107737632792215, 0.9843481081327542, 0.5958419779574973, 0.4430533615744613, 0.7809098684960284, 0.46384082521844106, 0.679769800534147, 0.43664909271087804, 0.7224005993769881
0.980076268871055, 0.6094559297366248, 0.7170843908808934, 0.6901617750936029, 0.17407140951813493, 0.017254570621395016, 0.405171762210222, 0.4985042946206081, 0.4980027626400404, 0.4597445957740237, 0.9906832980988133, 0.7580808903409109, 0.04587638662456561, 0.43982214955515553
0.10745708647363816, 0.10829536396338146, 0.525547662577814, 0.5167434896982948, 0.6299102291177846, 0.2481387641002164, 0.5902566171512611, 0.8578526557665023, 0.8338924835638963, 0.4010924849214996, 0.35258897230408126, 0.16756153515370853, 0.26384708920573596, 0.23638314524755555
0.8197772571881704, 0.05878966517959072, 0.3642823944963972, 0.3405326835509771, 0.7673518130770987, 0.8568136986330122, 0.3493189919399363, 0.10675988615032461, 0.7234489477200248, 0.40874838299701377, 0.31075999949336286, 0.9936495735486498, 0.6281143973769743, 0.42428159738543547
0.13435012147375303, 0.34206368819886124, 0.361553142900629, 0.9710988277000947, 0.866921839782573, 0.22725906008082808, 0.620180188738072, 0.0781451509537825, 0.4883042428240788, 0.06489728330790578, 0.62701451938679, 0.3123768141942552, 0.42524982128126887, 0.7380074349208648
0.17477921546913644, 0.2653857032362008, 0.9807908599037988, 0.9391565349965949, 0.7093691956495424, 0.16104181562652264, 0.0653910762309452, 0.15642686840122955, 0.28297853404284556, 0.7931222512187942, 0.28078917552440363, 0.5577105977118635, 0.049931907892094674, 0.28063697141303157
0.05419696556967746, 0.6854289523821929, 0.828922170362272, 0.4114958189852419, 0.540047844419785, 0.5142088582761797, 0.5930649752797165, 0.16039403129476326, 0.46277961002822765, 0.45180711839613763, 0.8323579519856337, 0.1294612806698836, 0.7419086013948933, 0.19924458305933523
0.057598810084758756, 0.5281836421662565, 0.9818992286710979, 0.8483059621459336, 0.02091078062611884, 0.4873004253999774, 0.769115609421146, 0.6574136545456711, 0.7879286276370543, 0.755816232165571, 0.42512784737624365, 0.7102701931743316, 0.09055653517277773, 0.8462244737222104
0.7677274651349846, 0.7267385533785462, 0.7810359431463539, 0.08403500144364373, 0.37857360193653833, 0.740469725100135, 0.08224515720295356, 0.5543040625145338, 0.19037377332798222, 0.0026713000021290068, 0.13974801312315788, 0.6870317182068044, 0.05020704666415177, 0.7411552990772694
0.7868725773701959, 0.873193421548701, 0.6021147069369074, 0.6405191026211895, 0.4970886702823414, 0.18747855394871316, 0.09713532322809859, 0.9524323483352696, 0.016900313575809456, 0.6935325080179353, 0.17924935221221927, 0.5078385115962579, 0.20419316935692977, 0.4264791311686704
0.03245910112680117, 0.3699155353861363, 0.558705735263574, 0.4993799111411765, 0.48732734889391516, 0.06068718691644026, 0.6785823288393581, 0.6674958061174919, 0.13499222943037137, 0.9070821909837563, 0.26165498496581197, 0.14121192241899294, 0.2205712609688678, 0.001194379995990702
0.16840327349594797, 0.45162366964172074, 0.5075321869423037, 0.006553359680164128, 0.30943153472562035, 0.02221434047375337, 0.7200931577155479, 0.4729328094424451, 0.2620511802054749, 0.6495323228597197, 0.5755943515283269, 0.030234610439442755, 0.6995899663578078, 0.1975367439206649
0.03385178932824162, 0.44695064314588206, 0.8242881868710303, 0.7360827185465931, 0.43284198404927154, 0.06712894939636249, 0.8567235515889002, 0.1950523440650057, 0.26506886425888154, 0.42041947040237426, 0.42102706689956304, 0.17358240302679606, 0.8974372357043688, 0.38076235811122516
0.9078467156324138, 0.48422101006106844, 0.9682730805268358, 0.30068316069087964, 0.908498670694106, 0.8956459846821959, 0.6304430077884761, 0.19005345225071535, 0.8142333891234991, 0.8499239757021109, 0.2633606781721698, 0.39123034651665856, 0.07304633693988627, 0.896174331801949
0.6264010238825568, 0.9306796551960823, 0.7773163734138456, 0.6952409209284411, 0.18648387664334032, 0.8099130079222726, 0.8515058182096127, 0.4796893185040578, 0.0537208907190857, 0.36416918992309244, 0.6355301461495655, 0.7589023162728865, 0.6913518901235756, 0.4335225933448986
0.7704344052441445, 0.2740645354389183, 0.39034199351219534, 0.6227551808095014, 0.07544983707025987, 0.0678667185221048, 0.14652867940869296, 0.167016101431967, 0.9436316650595734, 0.26444795891078854, 0.09318206227981218, 0.0516846742991105, 0.42473568357228797, 0.3365282067771137
0.6210805489190298, 0.14355221116360917, 0.4900525150527498, 0.8759399244226855, 0.34881160719509496, 0.7064464913334165, 0.8542395579260733, 0.9095919979244969, 0.8805640106620779, 0.823834254641151, 0.2834218074180328, 0.6643686177412806, 0.8953225043984645, 0.47430931770021656
0.24436976860901571, 0.4433954766537179, 0.7433391362288402, 0.45304556329919266, 0.36905996508417926, 0.05176818435252806, 0.19072331305289514, 0.2823096554949809, 0.025371503795084904, 0.43102185666209547, 0.5832355662722599, 0.07327880109444762, 0.4637742528354506, 0.8543182981366823
0.9550311816838573, 0.3348867691272275, 0.9454758822373963, 0.984516828149753, 0.5002803096204674, 0.42976789624087186, 0.5275568527299767, 0.5720752200651127, 0.10684312953329111, 0.8446552667575936, 0.8845393090273772, 0.8031394947256889, 0.13244619788363343, 0.790703672314587
0.8382948132505635, 0.781345141338353, 0.9737926175334158, 0.3333969368837649, 0.043949985610418074, 0.35401121515274714, 0.15846354822497266, 0.6237505010075195, 0.34993832050707385, 0.4647867201154169, 0.7278708785542451, 0.17022129190750557, 0.7232304471143429, 0.9437245879176059
0.41934927881668016, 0.33645890150851865, 0.830224361195534, 0.38530476790286017, 0.8849702433342049, 0.0742590076519698, 0.07155519279605915, 0.4334856321817333, 0.17756404896122835, 0.42287923074129086, 0.7992513807255427, 0.8833507706685995, 0.6196010551962745, 0.6242826311382099
0.4950314434255275, 0.28143152914530645, 0.5521450088928637, 0.7687344630626485, 0.8657016195229785, 0.8480958236138104, 0.4183002953952779, 0.4931960352515983, 0.17779787512906542, 0.37372579289733665, 0.5814386442414629, 0.4513218671357395, 0.44100800050535005, 0.5647388450827002
0.03580896009843193, 0.9380967100849662, 0.07401961736619045, 0.4282602278912647, 0.9457035107675257, 0.7715373935244666, 0.9877200179281364, 0.04270970963062459, 0.9468149942556252, 0.29058633112202925, 0.024445418953975895, 0.10396230670077711, 0.3017497825643043, 0.21643330043724418
0.6007727591412141, 0.5827874516373567, 0.36011409149583273, 0.006235851555151384, 0.11235663528411055, 0.6416586645413963, 0.7602378596279884, 0.4892202428107082, 0.9597478546388798, 0.40018270405207923, 0.026316850523432467, 0.05455623196664017, 0.4128815903981713, 0.23233661693733754
0.5600074643955072, 0.6310192047223726, 0.36453947082876736, 0.49048655567389154, 0.633316739010386, 0.5446421101604687, 0.5861776357527495, 0.5563548688158743, 0.43914679458270933, 0.14113843089481837, 0.27182927760754616, 0.3284801076668179, 0.8148852836261367, 0.34499741694107267
0.15723518674829307, 0.027026986106867157, 0.534131652439132, 0.6302873632264342, 0.6280779187874117, 0.17286045857874488, 0.01580599792822812, 0.6002416312887531, 0.38954659825261084, 0.7683888101656982, 0.8511407476496993, 0.14979510768747528, 0.9561068055222806, 0.07954105341309392
0.38929195754186263, 0.35968443670967143, 0.977785146237761, 0.5219540031286293, 0.25836841410278344, 0.9989969422209467, 0.3897093806470423, 0.5322724265624654, 0.9286125665087716, 0.21980788117440297, 0.13479585462134858, 0.361973298995371, 0.15762173905153254, 0.9380712045591546
0.28409735451740936, 0.5145466783406754, 0.6707001099098595, 0.9111062397565654, 0.22099776376887892, 0.06886839976229508, 0.2132286390616549, 0.3064429785691598, 0.10509860823223993, 0.010748754817420103, 0.07995631386607327, 0.8048566703005707, 0.16056827792339878, 0.2890508766839791
0.8973926233539057, 0.6948237548627846, 0.17602996023231443, 0.3499768281418729, 0.12205329568764645, 0.3797783191476082, 0.7805352161102056, 0.22083927842781037, 0.04914575322632153, 0.2430918282547545, 0.990732665289503, 0.8648538847545492, 0.8465383015219184, 0.9828771811833794
0.3619733159703479, 0.8815692698584842, 0.22915560146308334, 0.14013446402349583, 0.6074305394186679, 0.007604803741618982, 0.11190718968652258, 0.7455549270322451, 0.954633767744053, 0.1674110669183395, 0.5969432136757347, 0.7357515402764191, 0.14061881075671023, 0.9131046307008489
0.7450900627709364, 0.5773685696573114, 0.899310946544697, 0.28674259803561, 0.4290731968518664, 0.22442377719098638, 0.8464163102494159, 0.27338715677372816, 0.9791705459307166, 0.0759277329503022, 0.8587395972581187, 0.6920547929034252, 0.1847960073183854, 0.5999818127235033
0.39949565670675613, 0.8485064986810449, 0.4421231647100835, 0.835001214853242, 0.11134923036045419, 0.4038546527793576, 0.40594736762551464, 0.5231382687050657, 0.9697372934054719, 0.7762712199741882, 0.6299878490028331, 0.5755568411521791, 0.7892420316869502, 0.4548058674493042
0.38472842164578835, 0.9902048613241661, 0.6662782403611797, 0.21107643972841839, 0.9546982546566646, 0.22129321376210187, 0.5307364642951267, 0.21461505449068485, 0.5906696991604947, 0.6703889112407524, 0.5544432984446911, 0.567623362633106, 0.925651012593381, 0.7867305883812967
0.5253533920310643, 0.6488396750523122, 0.28703028746669745, 0.6902910013168241, 0.19225467365882076, 0.5860315272731014, 0.9259833478677512, 0.41450717254753355, 0.7294724396165229, 0.8016029453239879, 0.013962844046844669, 0.9580648828170789, 0.4561590240014596, 0.29941556652847
0.21036303119272415, 0.3401086272979329, 0.2803823654898697, 0.37299962436387535, 0.5738504733974477, 0.11870647692741731, 0.6721555880957495, 0.7511831796354455, 0.30204911704508397, 0.28902918065983074, 0.591131627319968, 0.02051021329719238, 0.8759469242273645, 0.4731216377642774
0.09160824031783943, 0.582387311788346, 0.17037770206358904, 0.13067764042019858, 0.8611946400285929, 0.16916390903107614, 0.7952843250003657, 0.9726169227008837, 0.8517982701464296, 0.8289873322099727, 0.6355580236551678, 0.9562267042529501, 0.7260250832689796, 0.5174362056353681
0.41512480811952235, 0.952508383934404, 0.764267034525605, 0.4381846199990008, 0.937344327131953, 0.11120698927225359, 0.6270098213501758, 0.5878023712130209, 0.9825607757094468, 0.4826728197134905, 0.7252691074271003, 0.6469824971024545, 0.0746379081528179, 0.9008459299199474
0.9578487589177174, 0.8609509693118278, 0.8290738548713894, 0.5321126133266914, 0.6422487289898626, 0.7510987872560233, 0.36502591864113965, 0.9565833279572701, 0.0754739180307169, 0.5197559389344576, 0.014588170757410479, 0.8992184752474596, 0.30641137271338015, 0.17478074433061352
0.9429417171484262, 0.5702506916850277, 0.8116546661143184, 0.7113302491230964, 0.23947930067098733, 0.5797995648041522, 0.8042018474237237, 0.27345325480087124, 0.9122022984783597, 0.02274512790985872, 0.6598065557119533, 0.7159011151936998, 0.41235401588512677, 0.7034369501997204
0.03194809394527154, 0.06776230409505968, 0.9482310828970859, 0.7989424287109401, 0.8091899249262854, 0.30521137199027326, 0.21297110121281315, 0.979690579679327, 0.8217076674384661, 0.399081306444398, 0.6624905324734843, 0.8214755462176426, 0.1391912175568828, 0.46146738552789857
0.332001081206839, 0.6076975786381619, 0.33172856347929824, 0.9393682274032948, 0.2707285903521274, 0.5285945888743728, 0.22795701821394476, 0.39574061707996167, 0.9174104854383738, 0.021911077838230764, 0.604183548175682, 0.08538612929247458, 0.9029739228407255, 0.9562157745452347
0.5274467369307517, 0.07734588267847742, 0.9943831208333083, 0.3391708720985226, 0.9737843821693554, 0.6664745705311255, 0.8345154732982804, 0.43652334790602576, 0.1349940979283859, 0.1501223466740812, 0.9559658946297461, 0.022877644574227585, 0.0025437913574687387, 0.1501949712500128
0.8791306862299293, 0.3512255460153494, 0.549847927952239, 0.5689763759447176, 0.3580667991550568, 0.1545331757373658, 0.27957721615716735, 0.4781478288512132, 0.8783367533265776, 0.6567377559971025, 0.3267185518346931, 0.09663611555375307, 0.8292706911555003, 0.5210274157669887
0.5331585879181244, 0.495014464305758, 0.5058668762874879, 0.6212261547739072, 0.16505327025295236, 0.33202362652325246, 0.797264673968688, 0.26162922123145316, 0.31702759373548595, 0.708244180686776, 0.9979726374697069, 0.9807118474407039, 0.40374744167613463, 0.1252466083272321
0.43525214869345186, 0.3950569728992249, 0.7975357617481525, 0.1944274795217107, 0.31811963476420657, 0.010362812392271659, 0.27624677183158886, 0.9477449185314616, 0.5295350086114803, 0.045878028095205914, 0.9194230341913594, 0.4435728703259342, 0.9020960320377629, 0.86160922633496
0.07605682994272567, 0.7679308934713198, 0.13283166585177242, 0.46210992376644466, 0.49953373531728695, 0.35301490290518345, 0.2632033061521929, 0.12958863352708538, 0.9141770706834066, 0.4649366928259626, 0.6763561378702728, 0.8260283227405268, 0.1450356436702379, 0.7901741089120264
0.36636247665250365, 0.9256843551471239, 0.1347714340240289, 0.9995649858460128, 0.9533199430445378, 0.9311528176012531, 0.8380741764180496, 0.10484937421859086, 0.2179693115160617, 0.22468228410403768, 0.9133263473818315, 0.7822233833745696, 0.6725241165639443, 0.8021826144473709
0.16287839319922948, 0.45794224891038904, 0.4248760751244195, 0.14175591346032435, 0.23655848074826202, 0.6299831955653353, 0.7438929410464348, 0.13609327697879015, 0.8734861336708404, 0.7352027609838178, 0.5345910190466432, 0.031105781051901205, 0.3362319856277628, 0.20863253845325314
0.37455967813416535, 0.09936953701493867, 0.6793170507955569, 0.45357760858030827, 0.7390118575398842, 0.40873131846926114, 0.7536788699333775, 0.8442799075433772, 0.8875022730417884, 0.9152167776769176, 0.850021570583312, 0.18508440820561356, 0.4722141252686216, 0.7202819669098303
0.6422349563533591, 0.6670305028951475, 0.3437972619795995, 0.8922930896663113, 0.32452158590883007, 0.8645017010075486, 0.3384949486136225, 0.03932276559339487, 0.3784845785750669, 0.7584406573763149, 0.04397327163172715, 0.5393053630979335, 0.6856206012459344, 0.7925293032461519
0.6026689858432585, 0.18195353769228706, 0.2591430802045199, 0.8856018639638683, 0.10666331257158335, 0.3375967767094368, 0.40750139847367617, 0.9551871306312549, 0.871364547595191, 0.058437952128971626, 0.24621665741646437, 0.5690169483567663, 0.49737246800348256, 0.2707652394318144
0.3319257093910378, 0.19494675574820375, 0.5653062398667421, 0.22676343426403933, 0.6223535225998561, 0.19179380589994877, 0.7663309454613507, 0.5994336493335453, 0.5014598281779448, 0.07221681829233906, 0.35430027391514374, 0.42304036188865446, 0.25890884159841376, 0.7343919257615337
0.891541919542687, 0.1462150101223565, 0.7314791774688795, 0.28081897072708784, 0.1924514194125314, 0.237759069285019, 0.003987501886624001, 0.7846101731129432, 0.15841905851611282, 0.6679347139765596, 0.78013940015752, 0.8159230808076154, 0.24078282644127347, 0.018986907353030658
0.8027204977223475, 0.5636833241366712, 0.6257829435015642, 0.20755152424412493, 0.18432883027845948, 0.90503894284205, 0.9126327335370077, 0.8006129901536321, 0.6358934989656635, 0.4649430172191624, 0.10854078389411626, 0.4944400640427806, 0.9864389448778533, 0.19131666219440469
0.7836239945449108, 0.3745014868709594, 0.8992512664807247, 0.5242756443118527, 0.9103894350547275, 0.34228890542203627, 0.11753325069849474, 0.8476696856167523, 0.8169151037263636, 0.2673496880482221, 0.04987749747287307, 0.5056001768227911, 0.45727921274564987, 0.06757855683851133
0.5135131570333996, 0.5701729588033024, 0.9822898493950677, 0.9943211587810435, 0.6249574315216806, 0.18339013280890615, 0.35259037608629873, 0.4556612086400055, 0.3946645924895723, 0.6916394928842001, 0.867677136091804, 0.2823355061318882, 0.10489420100574576, 0.9637666048238814
0.7181698876292764, 0.14893199852644234, 0.25284360003735873, 0.24809678932128665, 0.3879087812914779, 0.8092200219203237, 0.022052208866373935, 0.18043141804363316, 0.06741861779587166, 0.12894603743785016, 0.6685615172031487, 0.19263355564630735, 0.7151260943740396, 0.3303485171216771
0.14705989328037472, 0.03448976198902631, 0.40262700599679646, 0.4255157714191996, 0.1079196494932575, 0.9788190032600497, 0.5782452545126772, 0.10235848534243286, 0.923396249681589, 0.7940086452382857, 0.5964535663039511, 0.7073833078636506, 0.3992684426011235, 0.2821907939875329
0.4813854201412019, 0.6039677675064855, 0.29801997743819253, 0.9484155505785845, 0.7302882075585041, 0.15833488266064788, 0.7465986384790941, 0.2793264841355254, 0.9413685333383701, 0.5982581576283847, 0.9920047965996696, 0.3548406147420561, 0.7390362633168696, 0.5433980568932995
0.08725762292902883, 0.8627038963927965, 0.1843714844364639, 0.19623840214526467, 0.7928298893863107, 0.055302860633381745, 0.0954672473592354, 0.7000468875408646, 0.8924249649682461, 0.3634060560362029, 0.1055575999092212, 0.23968920086788992, 0.23472195270917806, 0.5862428843770595
0.10474773371461543, 0.3469588720822041, 0.9087140635421329, 0.3722155484193369, 0.8615960654711494, 0.6674553768914168, 0.34300614109329086, 0.5096884303311646, 0.7777815431802961, 0.9216639767755923, 0.8277019656677499, 0.18094339656191571, 0.5756474205193047, 0.3466330716865087
0.7704104269501079, 0.9540436883540675, 0.2793867462066534, 0.4693892779860813, 0.14850819246481306, 0.32361863246276057, 0.028172422209678083, 0.8839989099529594, 0.41946271374285427, 0.7117985999251241, 0.08339000454746692, 0.787707740291382, 0.7401893482080498, 0.5035246374202239
0.4500376076126569, 0.5546740098188689, 0.4148474454721581, 0.6322232132286313, 0.7807957331235038, 0.15643723318128622, 0.3188233533060638, 0.7772863703045336, 0.1226560163730831, 0.7805936108106974, 0.8561106111853517, 0.386791820919822, 0.40963469506066397, 0.6894246671062166
0.6544439140412656, 0.5532229614968419, 0.7297976652351872, 0.7359668164584947, 0.4883119014350047, 0.6967875458487485, 0.6135608114407024, 0.15626145677772907, 0.16350370102638312, 0.990520870682924, 0.5130363746656063, 0.6358958845728319, 0.879102988143129, 0.35799887986764745
0.2547083573091512, 0.1827729756854447, 0.6308143813914996, 0.9430069097516781, 0.3406669139419881, 0.3602972168377421, 0.22890223249415875, 0.8190839058239852, 0.4748353169862718, 0.6870993751416155, 0.42512917639888137, 0.9183249204355454, 0.011680033667376688, 0.5759208753432875
0.7200338966259733, 0.9861532916612668, 0.8105359809599687, 0.6664073477174006, 0.9468352377504453, 0.9007856808316039, 0.6378094207483774, 0.8229813226624373, 0.8448382038461028, 0.43298148869503794, 0.8445559784783393, 0.7033539767756294, 0.4305114452106765, 0.43686282361313966
0.23234286763654266, 0.958626380243833, 0.8168863108978572, 0.716142641654588, 0.6217844693845687, 0.04827560047175328, 0.23931929814498443, 0.3802322679368473, 0.5071762017176037, 0.26825676592083647, 0.3324472084458937, 0.8891350446546109, 0.9690463059660315, 0.4218078775335249
0.886318602607079, 0.5061443884934165, 0.7732086537671896, 0.483082877042912, 0.2997824850649181, 0.24907384951758405, 0.09565715123066398, 0.9784015676689418, 0.9830000698698669, 0.26271353513201146, 0.9954305926438893, 0.088654309863482, 0.5734530805030215, 0.9459988539791371
0.038202589216,1.82565064031,2.8755761095
1.06093722062e-226,1.30823055301e-29,1.91950055893
1.8306613091e-271,9.88846923815e-31,1.65147725692
0.0,5.16768558301e-29,1.96117739627
3.47633291214e-235,1.16373492003e-28,1.65031863845
