$x1,$x2,$x3,$x4,$x5,$x6,$x7,$x8,$x9,$x10,$x11,$x12,$x13,$x14,$x15,$x16,$x17,$x18,$x19,$x20,$x21,$x22,$x23,$x24,>>f1,>>f2,>>f3,>>f4,>>f5,>>f6,>>f7,>>f8,>>f9,>>f10,>>f11,>>f12,>>f13,>>f14,>>f15
0.6997260821099862, 0.3936598829831064, 0.33589704460288694, 0.4593139341622562, 0.3068640304040261, 0.8620700724039346, 0.5822184989193631, 0.8952742576399005, 0.028955249879662026, 0.3811828697577786, 0.5940527831489315, 0.054504054125362855, 0.9551496792781293, 0.4901375273896623, 0.582871221953387, 0.5635213647816802, 0.5651927298126976, 0.0777174252878774, 0.34755726093525474, 0.7794029224678402, 0.8642860616480998, 0.8648963911935915, 0.6501877486171439, 0.2975756363929748
0.3962637835495497, 0.46266323128029974, 0.6920377389139897, 0.3395534761242921, 0.6353585285407823, 0.111125056426564, 0.153317251769998, 0.07646459485693957, 0.7211964119554716, 0.2040205350138018, 0.3224858286854885, 0.07438574691289634, 0.07584485072531122, 0.29627263974449514, 0.9765920246549394, 0.927953854319446, 0.9268529191966444, 0.6268216306841774, 0.3208764642443337, 0.5707760372997522, 0.6913870593388224, 0.38803057547074005, 0.7899597970204392, 0.9952179980367536
0.09370605985134162, 0.3851674753776845, 0.12023978952053926, 0.9196686879426181, 0.6811658647684595, 0.4635214200097989, 0.8523165666452875, 0.8849916788905599, 0.795217048865453, 0.5653239271105275, 0.511556926839649, 0.21724613808485016, 0.1517220421660579, 0.9757404215537235, 0.4523229307642158, 0.7740309092863417, 0.5493823859492191, 0.47118580381023123, 0.9947112633203531, 0.31641930276412167, 0.7379732672045869, 0.9673072892559842, 0.7540687771679923, 0.6723389656377123
0.11249846943703423, 0.3731214069574883, 0.9991980676128526, 0.5392220704099269, 0.4851487555827694, 0.20955266873759515, 0.2973379586525742, 0.6504326964965442, 0.4233838921634385, 0.25839203311470027, 0.8510348099403753, 0.64828667470388, 0.30227550402122183, 0.18966252601466438, 0.0038309055387631963, 0.8586367521897874, 0.9184450378012775, 0.3395315090811657, 0.98637009549712, 0.5804113779602535, 0.09159765842107415, 0.8109331925537443, 0.00782740766086465, 0.6052988306129209
0.049775477323680595, 0.8769622150085479, 0.2727440517142278, 0.11998010663341185, 0.4837017603430005, 0.3281740834823005, 0.5510252729885747, 0.05063845364665309, 0.9048450095069875, 0.4358433461367366, 0.559154726171313, 0.5253650265659715, 0.5509993982981198, 0.06275248240026865, 0.4333586085911506, 0.6698443281283752, 0.15174106167429147, 0.2905640620822497, 0.009072055333846918, 0.380162005642678, 0.7523260348931116, 0.19613752482062485, 0.5984441392817236, 0.3736577966853437
0.7938337358835953, 0.5240711817542031, 0.2976671975391716, 0.47236290492511834, 0.6332670066173587, 0.7161989452729715, 0.30489736822802493, 0.6451763691628576, 0.26894515395317076, 0.15350698539841123, 0.8642224264809434, 0.43929889319984494, 0.5880205521354878, 0.13607863033139322, 0.9801011611741008, 0.48393890019860253, 0.28711345857507076, 0.7908274725328815, 0.3495115142311511, 0.41223323854214333, 0.7356374152396861, 0.4439711803143508, 0.23804823230363348, 0.006249577547745466
0.2643684353425445, 0.4462921423417858, 0.6592643583843312, 0.7088269308867244, 0.833897272237955, 0.4991054232297749, 0.6191657856964434, 0.4325168917704014, 0.8458578378577452, 0.6057806788181842, 0.7757397865738438, 0.3447431265082621, 0.013582556819457525, 0.968945769162967, 0.5003176417374099, 0.2625152576408767, 0.2307023796019585, 0.1725248493667486, 0.6511146299413231, 0.9865059016855589, 0.7723587085088657, 0.9489086452073972, 0.3437606521278057, 0.12018530533230054
0.09874391181629472, 0.5156552936859301, 0.07506452729318547, 0.8639436265135598, 0.6882586263509238, 0.5834181631962861, 0.5813918378105959, 0.013918019193848274, 0.9352910625256525, 0.4897498837985804, 0.8147512061861231, 0.8549235868556389, 0.36398186054164394, 0.046057916523546516, 0.23349358304842538, 0.903127983608468, 0.05869548842623007, 0.6546234100180474, 0.7415357206074881, 0.10659253948716096, 0.0416556054092968, 0.42587579637125617, 0.23947708151847436, 0.7156188482768275
0.781871284236505, 0.010004417209331429, 0.1576685782438606, 0.1262065066172784, 0.7369126766706826, 0.7176977497689074, 0.7676198837675798, 0.2740059003415469, 0.1482401964496931, 0.30302261198732605, 0.744127987841176, 0.6035018653588282, 0.8248911027078001, 0.9292150152926579, 0.0926958917949251, 0.026076706562310425, 0.8802845835132987, 0.11523523084376397, 0.2266785014679209, 0.6460563390032267, 0.18266022689364325, 0.046109566396537516, 0.9128894587482914, 0.78334616927928
0.9923767664720943, 0.6112522168346686, 0.2984405937677823, 0.042750152000432196, 0.873331627804672, 0.1220440917222766, 0.24769814312767613, 0.2613991048821951, 0.43473316795307393, 0.6934800810614388, 0.07651940417865355, 0.6703026691413176, 0.6827401816895471, 0.2186082144726602, 0.2844660767702911, 0.0563306664985207, 0.25647011113152773, 0.7065142253732106, 0.06558048842304198, 0.019518194878005324, 0.1267367901383024, 0.058157863263618825, 0.7430195153979986, 0.6321129557364038
0.22177820359314881, 0.36625644907120614, 0.45439373526667537, 0.8999367259147101, 0.2269681198638579, 0.8933978887659172, 0.7915966583364219, 0.8432575211199314, 0.5633235468007203, 0.7454931496567448, 0.13686038242443455, 0.27684617300171976, 0.20930979451908627, 0.7552003256019615, 0.9229886522078721, 0.6909984045777199, 0.7049953732172802, 0.8791101193540477, 0.8139275232560147, 0.42689092616512614, 0.6330449134308754, 0.21131873102901189, 0.34815002816774976, 0.4237643951507789
0.6947463450422446, 0.30203286910517946, 0.59455951251429, 0.3183951481194348, 0.610224800360119, 0.06062760943249623, 0.996296673116354, 0.6729047006034834, 0.2638756894605512, 0.7634522810145369, 0.17914999927771758, 0.500668224878247, 0.6394157612878376, 0.6745445505541279, 0.5237137753877688, 0.39950270929833887, 0.35987619468545673, 0.9267922673573592, 0.7932273383831806, 0.9429379709333734, 0.9469148002190564, 0.12736918673701003, 0.1806376055557306, 0.2144840591003624
0.7438637652174491, 0.996579244827398, 0.18398746106433683, 0.5965760910325852, 0.27324832196611093, 0.26492940666435716, 0.9271191981408411, 0.995419474120092, 0.2871381424849281, 0.5290942033630619, 0.8037279720580234, 0.9414384662953678, 0.6067412328590309, 0.7123363766564199, 0.8191005485088195, 0.39007923374628406, 0.27596092836056507, 0.22949264699808758, 0.5741773817776984, 0.760649332448162, 0.07256520015829526, 0.7284243288717419, 0.6405316949405293, 0.3345813903379904
0.6958507297417448, 0.5956119818035269, 0.33577335064786984, 0.3048033501750187, 0.47040248765510495, 0.30958088372679116, 0.6680069770265615, 0.42299803374801537, 0.9948431506039581, 0.49957078179566483, 0.5395619531194178, 0.8303073538115155, 0.8423130591018094, 0.9479868538339785, 0.800359518943417, 0.32640433034248884, 0.8103719492876161, 0.7906140210186403, 0.042039368051666415, 0.04630326845988364, 0.2655585274435741, 0.2277724732892078, 0.39833143862517817, 0.14413411052747782
0.1845715159296064, 0.23489986002766594, 0.11329210089467145, 0.6092395493350388, 0.41387655562966996, 0.9991335346171937, 0.9723820988089458, 0.10174306523952215, 0.09557436649384343, 0.5552505000240229, 0.2063401736285212, 0.9243183229167619, 0.833344354055109, 0.7855573561950785, 0.6980815302273292, 0.8429359941776917, 0.9581587591042271, 0.5640941461579617, 0.6771180197499845, 0.18050061526051586, 0.6270086943530107, 0.3486655342137477, 0.2030750336649817, 0.6721153150316702
0.1669015780241776, 0.18045436305253126, 0.9219046359441749, 0.4140860333867886, 0.10819402345084994, 0.9093466512909214, 0.24925269054067323, 0.5390118252293405, 0.7498262507606925, 0.38678648884936706, 0.08661579565320054, 0.010486361411059186, 0.7133104710332103, 0.9593387582763186, 0.8306730580219069, 0.702344547790542, 0.5600814884612584, 0.5970951161013475, 0.47175675336922607, 0.5131936039929685, 0.5408203364626187, 0.14367154114644276, 0.4478168530205251, 0.9063886827227828
0.18943301162112658, 0.9749701452810935, 0.9257182767766996, 0.17979174604187076, 0.25808429005687294, 0.8431937830587172, 0.5210011570169689, 0.4648126122577344, 0.7178097715659252, 0.9602796968171539, 0.9393990858313119, 0.4760885022425051, 0.02488538812154162, 0.42386445124386585, 0.6706600280445434, 0.6460221193377641, 0.3070886221717355, 0.587385324689734, 0.7954996017260857, 0.6591752235188183, 0.038257834030272164, 0.5215867083815195, 0.9994376186222513, 0.39015820773528365
0.5893027845185771, 0.011444441388852145, 0.7254454362996925, 0.412322262334352, 0.833305322688979, 0.7569391570640273, 0.1010361796178646, 0.8803693785653386, 0.007991966283695251, 0.04315365897651646, 0.2104861872938264, 0.17834276438448593, 0.5422303494169927, 0.16338861285559725, 0.5622067624036065, 0.13782340304803475, 0.6415554718960039, 0.8536124710353282, 0.9593297643242362, 0.487967336082086, 0.3672185741760109, 0.8301750228635688, 0.4213073340009267, 0.5273569388755301
0.20275789674193, 0.9728349151554633, 0.3630394957699178, 0.30422746779980936, 0.7369300446210781, 0.952447764967244, 0.04122485599449954, 0.2260044215689836, 0.9107587366596568, 0.9800550510864271, 0.9685504507835111, 0.8378229979688634, 0.439591163409925, 0.11929755133127551, 0.16263219165756226, 0.8022557686277881, 0.8435801652774898, 0.5538576032856917, 0.38135533943995603, 0.45310831841127164, 0.48964873065178804, 0.5164924534721113, 0.7214914664517403, 0.839494297324329
0.8313986726259658, 0.035568228173959104, 0.8574957734603486, 0.684667897871912, 0.5819115808456603, 0.7075160840645789, 0.746703175609464, 0.0540901341910448, 0.39782646306401237, 0.764248031787395, 0.489570757904467, 0.1682953516020782, 0.5374011434637582, 0.8629850942888173, 0.49441869958495366, 0.36016222341679016, 0.5061899334114632, 0.2047376018057201, 0.26673433669631996, 0.9363900134192007, 0.07436688824008042, 0.7718564956075834, 0.8393657131577204, 0.1396037432140529
0.21333541736578177, 0.9096436280429308, 0.7328552759351327, 0.08706201983827666, 0.5600482712626413, 0.5461478657375917, 0.3888529105995209, 0.3580884761871552, 0.4790891647138762, 0.147284014506176, 0.9731680834811124, 0.6013942906786737, 0.4944059225683666, 0.32773940547210756, 0.3693208446555849, 0.05519477762196001, 0.5966643906553105, 0.4314155417078215, 0.24486597596640636, 0.6284643505272534, 0.7621140052683951, 0.5887669276814231, 0.3708375287824184, 0.05475758992002644
0.023801657196344528, 0.769165168276057, 0.3588297903725083, 0.9088660736437506, 0.6944362824597422, 0.19802141982765986, 0.6796795657546015, 0.06977399256448513, 0.07308244560975641, 0.7679369296220356, 0.4454763199333659, 0.28237948411983205, 0.8210768478768642, 0.3300582598008618, 0.7629299777306277, 0.34732668771209063, 0.6582313791429777, 0.007823146139871673, 0.5178557658303268, 0.42836105193489626, 0.39891756735970385, 0.8282683932825733, 0.02056391523865131, 0.5717833067522518
0.10466165746618372, 0.0037637362358037274, 0.34666364520898607, 0.806615194566483, 0.19076395006007818, 0.7236578416297139, 0.8563257703731268, 0.926564571005765, 0.16638721519667565, 0.09621915366809097, 0.43489877826220835, 0.3485195170413312, 0.5770239689760278, 0.6337712734729523, 0.661969911432668, 0.6139468696719721, 0.006364538118183938, 0.5397722464228926, 0.18450444098637386, 0.2932191034374103, 0.9106777782853207, 0.19395731780267955, 0.8950616489194314, 0.32990436631561204
0.5655485839420216, 0.13613142572047332, 0.9760209035897269, 0.2818535873864281, 0.6575108548798354, 0.9744930679578564, 0.41560599440850365, 0.7117972888734881, 0.5830835679857962, 0.3873577765643337, 0.34841186794920886, 0.2290259827441269, 0.7027151451185865, 0.3685886603835762, 0.8680403324634737, 0.545409562722307, 0.050423890162918705, 0.9265692316402228, 0.31114127212818454, 0.8078238166896048, 0.9277216225813402, 0.8076372788028466, 0.09450734605920197, 0.7338894030104861
0.8287436030964902, 0.7620205975207571, 0.8682311217467275, 0.3781992571145697, 0.9233285731384887, 0.256684220283771, 0.1697227015592666, 0.2269654572866202, 0.4713293686272513, 0.8602401985268121, 0.5545869454932334, 0.6667628801765432, 0.5453377997735258, 0.13984666990956973, 0.5188231346398257, 0.6986183051332416, 0.45575980874918054, 0.671139142069643, 0.9393199337417241, 0.18178656671217264, 0.22595371758587313, 0.9692152774052973, 0.5269897634579647, 0.7624924026008731
0.7789264494824186, 0.3161136687623951, 0.38483340341289274, 0.7536995474872492, 0.47203479942285154, 0.04407384687552163, 0.1928628580031566, 0.6120290903002181, 0.39150860038768076, 0.46658852919684335, 0.11470519452906303, 0.9656462094072799, 0.6880127895669597, 0.05425860017015549, 0.8187301145019392, 0.22192435455679427, 0.22675942160699514, 0.8173526084567369, 0.21866835916990912, 0.748179402444938, 0.7918506026310913, 0.47209378214114484, 0.6802832468872074, 0.8700642995508419
0.2429430552241849, 0.9799601382707536, 0.02128481197570853, 0.39364197622393104, 0.3349445991390859, 0.031142575495462066, 0.8098119514814167, 0.4656479671970034, 0.870345303765255, 0.9492317878184692, 0.26567902433871016, 0.39622683034002404, 0.6104180302821101, 0.6800135111586836, 0.573214166509005, 0.459859200562744, 0.19338876799377613, 0.6648692512232083, 0.10998427333611549, 0.9832736469901631, 0.5533566176196162, 0.3808222909302913, 0.17307934261297242, 0.9138398048005069
0.8343009500391965, 0.1881786937505615, 0.24047941995559596, 0.3154508220282718, 0.9874941534203818, 0.4960771734324436, 0.08926367782695299, 0.3864491913493042, 0.049855187921464816, 0.7629185547415613, 0.6335054811836321, 0.04962284341593293, 0.3422235572977832, 0.7043597634007847, 0.7844526326464765, 0.8449958040055658, 0.7144938369483422, 0.10602619777819433, 0.7575006173012749, 0.06853793831767652, 0.012285865267425478, 0.8735404089840862, 0.9664228301905203, 0.3538912224453653
0.02163877903304212, 0.7364908144205475, 0.2831207018539542, 0.9329562139851021, 0.2918955548142709, 0.2863962927483503, 0.18257329234288788, 0.5442493520383732, 0.6887596507863031, 0.6289698755828587, 0.6420250811844052, 0.8164756422797638, 0.4067821775940996, 0.1682461955504424, 0.41707425017855726, 0.6269368176971146, 0.711508170989896, 0.421167160383661, 0.49701275273614665, 0.35579098633564843, 0.47091219591710265, 0.7104652650879862, 0.08935356636499758, 0.2612419724420869
0.4117671984726802, 0.4050312075339919, 0.7754766955860785, 0.8277411715348765, 0.7753725730968493, 0.9394843984427058, 0.13655950076722267, 0.18036326829798677, 0.5199289593628266, 0.8395116823246447, 0.22507641392301703, 0.2786794321638303, 0.2925714389142112, 0.7628244303093922, 0.7304076513808265, 0.5533373969669602, 0.5191488846424333, 0.9662752670068881, 0.7243256876176466, 0.0024175054132544727, 0.8207711760756374, 0.7266757411404852, 0.5476112534669301, 0.22550409529349513
0.00920902117008715, 0.8435114971789099, 0.2756718556046037, 0.3245543051275357, 0.5220948076769921, 0.637581587983036, 0.38587360399762205, 0.6559110362478009, 0.6218863757426562, 0.03666452682117316, 0.6922706245043379, 0.07606598211658877, 0.06495817103478674, 0.48398145628956, 0.9739588470634418, 0.5968083599109407, 0.35371399748547205, 0.7361881638173154, 0.2778881227902692, 0.689754452134455, 0.2303501555117664, 0.07880500881159136, 0.8052120620922725, 0.9816155256309668
0.04799736440760227, 0.2449641735285747, 0.45430843152029476, 0.4567543138747102, 0.9101896201020122, 0.7074818290648617, 0.6020123461732975, 0.6201805697990388, 0.6665721626447367, 0.5580595131602631, 0.43470686868716324, 0.8963866877759198, 0.03700863535044374, 0.4574129345779031, 0.567306831070324, 0.7310573820227568, 0.6758919770971878, 0.1638790613670842, 0.738907658387942, 0.9663053439552934, 0.5812980847970017, 0.5721100186550903, 0.9227683980904341, 0.04155153510845511
0.5288399380918487, 0.6149776476012969, 0.7154612164763863, 0.9897449384330708, 0.021163075038128643, 0.3055473758505164, 0.6878909012855963, 0.09362162122640816, 0.2977141586486999, 0.3384058272826933, 0.17537446985959482, 0.8829311646682519, 0.32423328300570164, 0.7278895364741965, 0.014996927394166581, 0.15926394258574206, 0.8908856389892611, 0.971977449370947, 0.5599577806885921, 0.9318990522357078, 0.305184657970343, 0.5331353079144231, 0.9210676458890101, 0.2541403657603619
0.8690318591557666, 0.6580030195462987, 0.49900552041791735, 0.3085576337239304, 0.4325015836058529, 0.02086183226441307, 0.17242262401058417, 0.2737289607546757, 0.44103893234601454, 0.8451071144402285, 0.22387485513834904, 0.8869076413099293, 0.7814076909272003, 0.3735012020965024, 0.03645195920809863, 0.18587122209782714, 0.6500318865156843, 0.0978880735775165, 0.7174104221655524, 0.7776658385650923, 0.6794038471049707, 0.7975712076504718, 0.9313053005074261, 0.721518370965588
0.6815784502185581, 0.5719371098084769, 0.44392199269344523, 0.4171629733534121, 0.5360034234632313, 0.77423464448544, 0.8629411548267281, 0.9012671884412772, 0.8981173302713226, 0.738884887924955, 0.17201669472851155, 0.8945496270156115, 0.3222520557606431, 0.16829377007139135, 0.0790404675155445, 0.15410732859944765, 0.09063569113915881, 0.3878038273865162, 0.44059599889657886, 0.37154818049719673, 0.29395188385757, 0.4467323279435407, 0.036673201303458414, 0.364425351459157
0.2907128680671037, 0.8149206933067631, 0.17038254441174083, 0.13357576251305847, 0.7858206288618254, 0.23464478237348552, 0.5785091687159395, 0.0677892925999185, 0.8673052325329051, 0.33721644564587716, 0.701045971270443, 0.6977152976772909, 0.9327020299513835, 0.6898374638741996, 0.5230940849013819, 0.6894194997622196, 0.8509147235730299, 0.4022311570797594, 0.4568198781298699, 0.5161143544230732, 0.49643266078353165, 0.9491250480021787, 0.06173125697185888, 0.9049010443017423
0.7196789457049217, 0.4616174905326704, 0.05888006672784696, 0.42000304627888174, 0.7102375123863015, 0.0931113066401078, 0.891657794995308, 0.7988656921907211, 0.22844174809826923, 0.5753763192979141, 0.3559048227257725, 0.4049091250887915, 0.34203375411344206, 0.46612445524185586, 0.9558993438441677, 0.48625061356775157, 0.2766951887608178, 0.7719633880225367, 0.8571018036127822, 0.8494933357369219, 0.008117310800492716, 0.8156049570056016, 0.31160701231252097, 0.8926760012539882
0.5809272375988053, 0.5246305058460864, 0.7588308552908289, 0.15501078843936666, 0.6798077867841734, 0.36100199920217824, 0.14404149149172207, 0.7506450494453983, 0.876451900864819, 0.6168252316438402, 0.52441836869445, 0.011085465963097785, 0.49391442025442134, 0.764273965464737, 0.1506449325562228, 0.2967007709912868, 0.4297834749512075, 0.7401102296243952, 0.4824909121135127, 0.07716593747456535, 0.6055483117498033, 0.4576134603579691, 0.9248964038758805, 0.575414809917307
0.8352187479835929, 0.3815082782530528, 0.28436002495900836, 0.2614092340471894, 0.18960332290855908, 0.0033086394998259605, 0.20395977899880424, 0.7600575167216744, 0.6717364824631916, 0.33478752141476775, 0.7693594194139103, 0.6206618473175421, 0.4729617547784237, 0.10085496810031802, 0.6208279461060618, 0.7577667833845931, 0.7827957439856235, 0.5740420771989193, 0.5823065721754257, 0.9583654801615163, 0.9826454976184914, 0.3759756645860597, 0.5765063592947317, 0.6732230480381662
0.36401868599727927, 0.13088720671016563, 0.6715578603093559, 0.7832638505969896, 0.06630088492560215, 0.27055980258208556, 0.5103824813689448, 0.10730343264919207, 0.1388731191922058, 0.009290541704982447, 0.4300875423984396, 0.2043875999576319, 0.21110362233710844, 0.8352785898027666, 0.490809062001233, 0.24830721789054233, 0.5214458882765947, 0.41154101880167926, 0.24264275765044474, 0.754578214486242, 0.7534664846479746, 0.43310298403375724, 0.035894609808050926, 0.2915622445623901
0.030973823929517974, 0.12811346695621872, 0.05618771270637335, 0.03991689366354345, 0.696164207119283, 0.19968282732428522, 0.4806515749367668, 0.1059500411900941, 0.9862792730582226, 0.8715800474588851, 0.00591450823143258, 0.8497653626920333, 0.26661955207979227, 0.06686149208205816, 0.272524843674396, 0.7784655304528921, 0.21462485937490317, 0.5653573824131723, 0.32715394552872634, 0.5117804206856191, 0.7219275134614385, 0.14961024847911597, 0.9071494827153621, 0.25280695412516085
0.53095066999631, 0.8679274028163343, 0.31546112688144556, 0.4667628593296609, 0.5663481169040833, 0.7153410592680748, 0.8861759227011284, 0.6232801034896241, 0.38740397278806393, 0.3233290327918297, 0.19528303415861814, 0.03344514211827465, 0.2514962461487419, 0.5265469555066222, 0.20691498335860026, 0.6165571288204644, 0.7096050964676692, 0.7671629233529944, 0.10840164269742936, 0.5811818355972629, 0.7619905272891311, 0.7163992553876987, 0.17046217850123113, 0.5343655658077167
0.06573001670099277, 0.6571584886872279, 0.654973068014429, 0.8281052782184651, 0.35575657610712663, 0.4970593347324189, 0.633728567493966, 0.13106968098392757, 0.9253033410287954, 0.5885780785337907, 0.3158679367359245, 0.35920826704348685, 0.365460650305204, 0.06383207288501791, 0.9904539645597442, 0.5486150166099297, 0.014958910785021096, 0.3725705085599582, 0.3528118609293843, 0.5491193731128826, 0.35376561889171687, 0.32684844353972664, 0.8462598474834107, 0.632147906148225
0.5705369874185084, 0.2974472126101596, 0.9666266873932763, 0.40061621340764186, 0.8467902419564296, 0.5094339712394026, 0.6891657944036756, 0.15168643733820786, 0.40230643641137565, 0.3321684012678744, 0.8392043561230436, 0.6840642520216917, 0.20209336742218464, 0.2750344350425261, 0.05064623590862838, 0.792131430839559, 0.5232647221328175, 0.6452080577134308, 0.2455038695302828, 0.8533942845505189, 0.9417994881539583, 0.08168713382398918, 0.36367645127400683, 0.7055906762151231
0.11238294255128534, 0.46477882935818404, 0.9545600664516648, 0.31420099675578406, 0.01802771465548414, 0.0016953078559517332, 0.030244723530678863, 0.9182678551078598, 0.09903158858060601, 0.028016970268457175, 0.2465977952186943, 0.0016890932393033298, 0.8388202685113909, 0.892517777785109, 0.34785460365523735, 0.7610423332906893, 0.2095884594002856, 0.8965080877449769, 0.9365215955162826, 0.7235643291648466, 0.11878124282856584, 0.22876203637499481, 0.40940967589104404, 0.5425634207192761
0.8861516877376803, 0.5235613035842837, 0.2716279411973268, 0.17854295699633083, 0.17520789747499854, 0.8041563561757723, 0.7551187179114176, 0.8182091205917191, 0.3181892486648713, 0.7289398542815121, 0.03776442671613711, 0.013806810811876624, 0.45074395506887877, 0.540183279215775, 0.9337164270659399, 0.7059414547707236, 0.7498854206813349, 0.22895665163540435, 0.7511011269387943, 0.33799780619246445, 0.313707428552891, 0.890306450517243, 0.9312885575232862, 0.061597126236192734
0.6844343052852019, 0.8159301102129554, 0.02349224605562139, 0.6323136099982215, 0.63503154129179, 0.5030398358051098, 0.6430947624635813, 0.667938022427409, 0.7212512168907744, 0.08178105940970293, 0.18813610927581637, 0.039020858180099594, 0.507386413419799, 0.9600452758899527, 0.0850839783492664, 0.6253549875528579, 0.1623566602720682, 0.5260193887477698, 0.44521915328072803, 0.6197408085446344, 0.8173077954929766, 0.522659325952007, 0.310085574377995, 0.42703426148064627
0.7307203639794599, 0.9352387364357658, 0.5063351150655326, 0.21343869493808143, 0.48062261599112566, 0.4673969263248273, 0.9465202543106654, 0.053347807048864326, 0.31849365776077176, 0.5472213386035233, 0.9381826962472791, 0.5489457415979366, 0.41252872016886377, 0.8250491969319982, 0.25153657290452314, 0.2562466792967498, 0.7907108325572394, 0.15930128946114386, 0.11861824287564804, 0.9219703579779108, 0.9230209587388633, 0.2621518719583342, 0.8556697040136712, 0.38188609070038504
0.8456185609012944, 0.8635088298156761, 0.932764051487234, 0.9630237369775505, 0.5994993064507899, 0.41280620776163335, 0.771040263857401, 0.5444063045358751, 0.6483570856255361, 0.5956270443492807, 0.860235524949406, 0.2937119941601132, 0.6932924947155333, 0.872429789458457, 0.8697216174508563, 0.6897310402597695, 0.5080516022733126, 0.0853565457612212, 0.27654927151618236, 0.11728599279841823, 0.3881425842763343, 0.35265157913372314, 0.02761898781246941, 0.44975006635808223
0.981344320573542, 0.4201897625802379, 0.06545596769657991, 0.5335326782880654, 0.16602043262801436, 0.9845377934366218, 0.12369493191060899, 0.5225606140411745, 0.37937149962257555, 0.48478327884104777, 0.779002711680817, 0.7209185268434805, 0.07047232134856529, 0.9627089917401476, 0.5235815391757034, 0.21675882727743612, 0.33112732899764485, 0.9160606113543445, 0.04244500955186514, 0.6542936883602245, 0.6544961023445716, 0.9216896983056753, 0.7168218768713056, 0.8150274779346309
0.38272308630837515, 0.08951047386974131, 0.7653830839947571, 0.1175561656827363, 0.8754317872277174, 0.41945967690092567, 0.044955320408957555, 0.3736702694297447, 0.8119469331079299, 0.7977821101560771, 0.7022502381167199, 0.7313302249724551, 0.3289255617893122, 0.44600967819667725, 0.5098045444660355, 0.790010279033551, 0.6492576276379831, 0.13139113789422552, 0.09043278978331049, 0.30040600492099534, 0.5790040622366086, 0.6680160963539034, 0.49531136808706333, 0.6266106426816713
0.04670342657419824, 0.24849268727933438, 0.2890319980232545, 0.4672565422349415, 0.40402950387518255, 0.11891772683308588, 0.8466399696023338, 0.6349868075835061, 0.041127877434922855, 0.6807153832136805, 0.8180866124073425, 0.7240091602368852, 0.907489197753562, 0.7798311121441549, 0.17163964479962524, 0.20985395792409167, 0.7579070669088798, 0.1398247559200806, 0.3885189866253008, 0.34581569864960426, 0.8648585471953346, 0.19046780882260272, 0.11842667489849601, 0.6379375057821635
0.11855544810273422, 0.2945276487537126, 0.8246671770201079, 0.36139540854756336, 0.9327813967753689, 0.44689352093441004, 0.03342173787764513, 0.8218254721831284, 0.895387090530047, 0.08822099276574658, 0.8094938204650628, 0.4726110234217491, 0.8704022948589585, 0.6660577784666885, 0.5523829897461839, 0.8942190149504236, 0.25922104874778484, 0.6820157439323894, 0.44929125134882, 0.879681457803863, 0.3166586181318818, 0.46684440232268987, 0.8261049960787651, 0.8716651823328602
0.11592031943022574, 0.5582166797951925, 0.33239823654445333, 0.12149073281464262, 0.16555834426630045, 0.17722249704539006, 0.16609159569445542, 0.6926698832306694, 0.3789678630775226, 0.02683541855625249, 0.7544493085818644, 0.003174881430208165, 0.6610752046715581, 0.26020963090322546, 0.4512955794052559, 0.6337894311522211, 0.7468618153218742, 0.6689812933881774, 0.33665625429551116, 0.7226068127366596, 0.277958057842161, 0.2524730984766653, 0.5932790647787621, 0.4647789738146576
0.8282804657672269, 0.7561132848127509, 0.8882427761840442, 0.744030732339103, 0.22455873317920672, 0.21615660121248403, 0.5195502360358981, 0.5984593017579922, 0.5953461643012908, 0.7725304523000291, 0.9393660113534974, 0.929045268320836, 0.33340022445946993, 0.986039625267384, 0.13034843011463837, 0.8857271282066745, 0.6877906425618507, 0.9772896175276525, 0.8027402249950691, 0.15671889043249976, 0.6932990094276077, 0.021417154518877823, 0.7475331430517046, 0.3521468038942638
0.09708567692603975, 0.4737551497688033, 0.39529805843146926, 0.6102569974722284, 0.2660708458463681, 0.9213885663277834, 0.2251142043198472, 0.8515373598280949, 0.642776526953478, 0.4992708379387417, 0.15990033993972064, 0.2794928993925503, 0.35835931405200216, 0.8841911765768896, 0.8482317404591876, 0.08918703898833047, 0.784367197722884, 0.06822836298667956, 0.9649161388258335, 0.9243238034548453, 0.8167565951971488, 0.3815405567504092, 0.052000900742633305, 0.707129637048081
0.4364261899228242, 0.5826625885766121, 0.032390986321224724, 0.5264679514049605, 0.41868882150911757, 0.2516417182255468, 0.049198584005368584, 0.09927470244956604, 0.8224201895453297, 0.7981569795267235, 0.3543898452303469, 0.8690777607343113, 0.2922917872112193, 0.33706425151961705, 0.622432959617078, 0.5412594579988345, 0.039553779021908486, 0.6436817526561025, 0.04832841575820879, 0.17840384073454452, 0.25502379856588897, 0.7149921451561635, 0.08210010715296745, 0.7599212516604956
0.6858718684925932, 0.9042574228083754, 0.6151083239414636, 0.3242599484660774, 0.6775039825774323, 0.6378894341305774, 0.14527659888723665, 0.059386204138038634, 0.003266451848162766, 0.16591845198601396, 0.027312792752460235, 0.9100590918525178, 0.666903584495915, 0.02537352471310239, 0.3894636845304511, 0.6327487992959974, 0.4111075385051587, 0.20884120922652738, 0.876843498597936, 0.11981141412792407, 0.37059126317503355, 0.7010516327839706, 0.5011331517078593, 0.8643393016025736
0.716980022738531, 0.7721609034683959, 0.16105633302752886, 0.2569305269403379, 0.7208755536854873, 0.6405819226911476, 0.036744371688140376, 0.6410718480306196, 0.8173525582711356, 0.45863115536937094, 0.7272914192941026, 0.433852936414607, 0.9190865614096024, 0.35724435379327335, 0.05180101099618262, 0.21113274435959528, 0.7043313795575059, 0.11627050766506897, 0.1163292892440031, 0.6578862256025306, 0.874306481495161, 0.49335974957002093, 0.8318032530939052, 0.07425320241350797
0.4396061640899923, 0.2839225690382976, 0.5387924903809559, 0.3827177879730077, 0.24628877454348563, 0.09834783009379144, 0.5686954915819556, 0.7766219117318197, 0.1824241758114692, 0.3043962281223994, 0.5581994902987921, 0.310202200218213, 0.7554800901555326, 0.49620680287075747, 0.7359255310096181, 0.9624186776385006, 0.7621211909422148, 0.5336663417036694, 0.4137196060446947, 0.972324707397143, 0.1223294164525428, 0.7592080435800185, 0.875360810397564, 0.31408338789556667
0.4222629485751471, 0.1942691477959264, 0.8196041086000835, 0.22224643004499245, 0.45032249740237107, 0.387770732844932, 0.14656767778504642, 0.1260793448508104, 0.9415397059154829, 0.41494340802019125, 0.6622557521066416, 0.5100091973236386, 0.09176903106588385, 0.01034047991859055, 0.7470606031596959, 0.22689207328245442, 0.835816872728705, 0.3373936328417393, 0.7550128454980123, 0.972398761662785, 0.2763775926395359, 0.12551439139085852, 0.08167931131929607, 0.46849089484509276
0.3123174051377344, 0.6986918817523032, 0.3632036754824558, 0.10345452467988026, 0.692689270077493, 0.26737837981770085, 0.5029208127342343, 0.7974123054082144, 0.32581080917691363, 0.23537591802336877, 0.20452383439983435, 0.3554963748091319, 0.06761369689856711, 0.1418879514962086, 0.9502674264580862, 0.4672360538414657, 0.09118941574241812, 0.02509862425360354, 0.5279831404857376, 0.22589783777510564, 0.5678937836634819, 0.20329881932228355, 0.5081602098747414, 0.07463771196182067
0.5070747168500951, 0.01169961911339179, 0.6183665898182116, 0.9968823215079826, 0.49691229812947646, 0.575531377702029, 0.07399567948502395, 0.9206577125806374, 0.2934373323871168, 0.48201122508551175, 0.9492642011847207, 0.18373930787053117, 0.09905296656524587, 0.723491825804117, 0.9457131750437784, 0.9194592863107693, 0.9236338921592662, 0.9709069124122015, 0.3438552186411147, 0.11318058711415346, 0.8871502818425778, 0.5492216625518332, 0.48820887463182905, 0.10138148016966408
0.7786862724722351, 0.9729895058174395, 0.3861368812904131, 0.6012675880184576, 0.7223427102670137, 0.8167892198877283, 0.34245220368911977, 0.3861253147605376, 0.43241520965023617, 0.36263840001936265, 0.8139599864582882, 0.9342307443303931, 0.2743762146142321, 0.4859113030004064, 0.15090668274596042, 0.8556214318568657, 0.2784720981363281, 0.42538383628632725, 0.6805369709113475, 0.392405315703499, 0.33097824141073073, 0.6911279722076371, 0.39812101852675297, 0.42063230741450053
0.1731379291353322, 0.48993208551378364, 0.639136908129653, 0.3771261053616807, 0.6985900870566104, 0.9076089967713945, 0.19594915982767325, 0.8509502851309974, 0.9437145145255106, 0.5001659412813729, 0.08152241963463902, 0.28052556512713545, 0.586404429350299, 0.12541114118811625, 0.15492565405227499, 0.18935342689863743, 0.2508338601139787, 0.00336634229638777, 0.4490454041378945, 0.9351377453951286, 0.8899329928880857, 0.3937997321698995, 0.412139910757629, 0.8937342618515748
0.2205672245750211, 0.4247256889355344, 0.04837956944105282, 0.09213228149287278, 0.38552463137392246, 0.8906630628486493, 0.746176356418645, 0.36903516566565675, 0.23186599934682217, 0.9416404622609038, 0.8812221279142297, 0.7538703298015605, 0.7105083204782974, 0.019052900450842403, 0.1313346670957104, 0.706455777671003, 0.912259183523962, 0.21081153893323634, 0.1843051469586049, 0.13631978628845198, 0.5178641457637879, 0.3893398745657034, 0.7002604352114319, 0.4076364450692965
0.9228886314540139, 0.2377314805624391, 0.5760956706763894, 0.41401432537082516, 0.27077469095723383, 0.8774351113311613, 0.4873187318675444, 0.44078189150344904, 0.6005520758072298, 0.7235578813604744, 0.7091969762390665, 0.11864804050429756, 0.6718802029917559, 0.5044660743369642, 0.012905672876913132, 0.4534410814966505, 0.22004351653571874, 0.6026641358051184, 0.3119189982998972, 0.2991107769028998, 0.8435503491569065, 0.2190824486239218, 0.0344570503283671, 0.9316016833322619
0.34129328676486625, 0.8735474070003476, 0.04633025887097064, 0.22943287377884936, 0.2324049707239798, 0.6349957779575145, 0.7227368347709695, 0.8707517048690656, 0.9087399668606719, 0.06821344368718107, 0.9811354166159092, 0.4882122553744048, 0.9335047218826434, 0.26782476026577273, 0.27414861167883886, 0.1534848032733943, 0.7311524996545806, 0.1560146259154671, 0.7404180984476056, 0.46896930065698383, 0.8391810850435812, 0.498502928523456, 0.26082960433416547, 0.15892800412767016
0.2547936256298876, 0.6421427802718452, 0.0635473302066979, 0.3199863256089981, 0.5060508567333145, 0.31031593209917696, 0.49256821591559796, 0.030072227428397214, 0.6887434689166779, 0.15066297627382208, 0.020520444705299123, 0.9458702340535323, 0.4762797129868087, 0.45169684982917513, 0.5822943450339115, 0.9821351545540171, 0.5891893402711393, 0.2393880105761328, 0.9742950480629722, 0.9862555240838847, 0.9516031157596387, 0.32502759527559777, 0.24733248440969458, 0.40589891539707734
0.19962365876905364, 0.8292184871299779, 0.2502597179633391, 0.019530712222242674, 0.20761769355489812, 0.850039664417231, 0.6549783957804539, 0.7862344177562447, 0.8476961788258044, 0.003869626923457048, 0.9524477742869096, 0.10666188659585285, 0.2523753919429186, 0.6691748134821957, 0.6064655668803727, 0.758008422329466, 0.8220711823485369, 0.2617105761621604, 0.1801588611981365, 0.5652251013391951, 0.05753929714352912, 0.6512702621498383, 0.05638701697970028, 0.415736669819881
0.853114917355139, 0.11005213414356585, 0.8912844726950554, 0.9965909480948703, 0.6573119945802647, 0.42072981955791855, 0.8616943377488243, 0.4577544794455737, 0.5447134755814866, 0.110885307302096, 0.4392089185067952, 0.41014422303270137, 0.21648561027874147, 0.11259201928666229, 0.5675312272336044, 0.6034916631239304, 0.04629293977245952, 0.06740379489699411, 0.39221519499517044, 0.4227578719440387, 0.5727642392614791, 0.02255950253189065, 0.5848035537192331, 0.814391911119013
0.5737180752293664, 0.693427652178524, 0.46358430149573915, 0.6432080896466281, 0.038949162985469354, 0.974005002541108, 0.17261732148771958, 0.25786549878327514, 0.25079351571709774, 0.7761640420878014, 0.9919390009551043, 0.7576492491406516, 0.6404888868484117, 0.2196103958584431, 0.0022873446336718617, 0.4151756790020621, 0.09911796500073577, 0.7853588200509708, 0.3258328694870579, 0.8479809859294763, 0.8345027944756631, 0.28117261047521813, 0.6332365267143375, 0.6970958843141729
0.7420118616791098, 0.393952613147205, 0.3877349623221059, 0.6657160077894797, 0.6012080519530003, 0.21903633132689326, 0.9389066978258794, 0.13927577467748453, 0.33222598361423794, 0.8703433440233521, 0.3090050211381975, 0.704042696744685, 0.1851059221615119, 0.20684067720803956, 0.6707493247962708, 0.17665503810062677, 0.9311870925489577, 0.49175826227820607, 0.3511210295882756, 0.16333776936413102, 0.5693700459270945, 0.8299382301833902, 0.06752147332772718, 0.5488042748516084
0.6161269953816235, 0.07471576827093152, 0.3563081535438205, 0.35800379778807256, 0.08656977498587037, 0.601606444777291, 0.6449931063025353, 0.9652550797177146, 0.5991161134150244, 0.33300727213686143, 0.42485729442316167, 0.6882473972756054, 0.8298852065695285, 0.5179686168262295, 0.14265960232144614, 0.7272271131639204, 0.06588029642700555, 0.45655193897784696, 0.6898298057489093, 0.4444485540618619, 0.3424846372022067, 0.3910851610898771, 0.554576358398889, 0.5043642165861514
0.677283388225558, 0.3093195219738002, 0.3699189662571055, 0.4637851215987878, 0.15800043347313564, 0.2566536718007164, 0.4196097151461985, 0.850014590769373, 0.5571966934140025, 0.15558344213834463, 0.06933656551665779, 0.45310845419011214, 0.571412412398975, 0.6537318659372818, 0.10634111641823796, 0.8167953263494165, 0.6844110244720609, 0.2824310889387154, 0.7463860186251772, 0.6370768121603672, 0.9803439442669367, 0.5977868834058536, 0.3970296810806385, 0.13699914867949436
0.44430338669501546, 0.8822131789809311, 0.38365356178809795, 0.3374697015175919, 0.12352436693268132, 0.4524703030032623, 0.10739894858610066, 0.5299552187980725, 0.9051639802246426, 0.4552742659046195, 0.9407064338754569, 0.7950356558696219, 0.7557083446202435, 0.2641292914635769, 0.9941644679238608, 0.019458782978978184, 0.13195196480959703, 0.5871958306866175, 0.3420012707486071, 0.8861850314905172, 0.16852228211926434, 0.43088053839779006, 0.07005874424322067, 0.04977782032557565
0.5914446000061848, 0.6644316397783463, 0.26304470629599774, 0.9865263073407119, 0.41061630322332143, 0.7521171810756316, 0.19004660257651385, 0.7752734851898648, 0.5811186990304461, 0.2262054721714799, 0.771291739103367, 0.8793835742461686, 0.7890004942002538, 0.5650648128423295, 0.17280001221509877, 0.5756566941300549, 0.2984136473919209, 0.08395815559239828, 0.8526934253742624, 0.9441310679607156, 0.3210321483545582, 0.7174419087028571, 0.21219754997743756, 0.2549933683925565
0.9334986181303379, 0.1659219268428025, 0.6981080827117294, 0.284503886966574, 0.19952517826727578, 0.3821668809311507, 0.24456542335505482, 0.9708418533762958, 0.04406621135455313, 0.5994654856752788, 0.9906472436404943, 0.6825991733296166, 0.9650371642232634, 0.21622631648443646, 0.49721402440128926, 0.31419585478797174, 0.6561016392543861, 0.6540858083371032, 0.17394809465676686, 0.46519985160890576, 0.440053803855432, 0.03563348131802535, 0.23363646759996093, 0.13755983810647932
0.5994573933434312, 0.5053708266278337, 0.7518523084646568, 0.6713824626302229, 0.9973190993199958, 0.03177024316186905, 0.13299572732617926, 0.9605261947584698, 0.6177914852081083, 0.5461833232002113, 0.4113492234218028, 0.5968861746556838, 0.656197841131683, 0.7413597348347963, 0.15435216179312494, 0.7564168889761177, 0.11098753457834298, 0.9687922752041097, 0.7715355360887219, 0.507114001940432, 0.5010854241813932, 0.17385104635644688, 0.7275393165713967, 0.7128558083324267
0.5597008850343438, 0.3205978866768121, 0.016173427006419216, 0.27362304536651105, 0.8405468871499123, 0.9800716233125655, 0.23468871365163746, 0.8111769556415583, 0.6995143568984942, 0.004387180565675108, 0.5745812845952668, 0.9368777016528425, 0.2811383727204467, 0.43623813469632444, 0.09197603972569379, 0.9822978772744583, 0.48588474367769985, 0.2803259162111169, 0.23737428810109928, 0.3884222303044905, 0.37119515489680877, 0.4989495810941681, 0.2832531752276001, 0.908492696341998
0.0904526878902796, 0.18075458434906588, 0.5488285411002033, 0.38270029840188147, 0.9516007664407642, 0.9004306108431831, 0.43043001874912334, 0.6372376056165224, 0.8214909340229073, 0.47505216223165936, 0.26670023285788724, 0.9414025634995338, 0.18271717492986173, 0.7786662612322076, 0.049808062921185337, 0.6550622479012088, 0.20545048141597755, 0.35298085319375594, 0.9671513649305651, 0.03735805636531453, 0.6631743612307546, 0.5631057680614979, 0.6990054844107452, 0.257669445835344
0.3112332451573063, 0.012907565908133578, 0.14822436112078186, 0.5167152218022287, 0.29334973791219976, 0.9538686576773244, 0.44504118308805585, 0.9142518903301365, 0.912046085796647, 0.38875025209582137, 0.6733972201153152, 0.9277142765355594, 0.7478390707299032, 0.5817011783503961, 0.6385034698924141, 0.9428566244005838, 0.32925557292255814, 0.6254925546772339, 0.09584933625496805, 0.5837301661189787, 0.220207709896433, 0.9821840608167327, 0.5050086256598991, 0.07924172195226264
0.7437881299390632, 0.40434205513224464, 0.06196846381500931, 0.8150688487790269, 0.6216517989803737, 0.3260886900714629, 0.5771820329017319, 0.6771005554864223, 0.13720229872256418, 0.8326096952518631, 0.07389368418984121, 0.5934946701962363, 0.23431705241147582, 0.25557970385141193, 0.6406134625667183, 0.34556110725616906, 0.9896838386927733, 0.275198049026817, 0.5825540240340519, 0.05548557481109595, 0.836593612735819, 0.11348047779163595, 0.30670263026654676, 0.45824693579178544
0.18340992713280047, 0.40594416714012027, 0.36641360412533497, 0.7633908463139185, 0.6293314065365515, 0.28751994201434583, 0.4648564089421203, 0.045361302602500264, 0.7463819644197583, 0.7021754698247856, 0.9266852574068438, 0.28296357615938483, 0.8496488425074772, 0.6975294842029971, 0.23133445196956803, 0.9504816889549449, 0.09952845050668524, 0.37718444795468586, 0.6052777159259493, 0.8859968908707168, 0.7544935842675965, 0.3276800309513196, 0.30179589952278707, 0.49414296037255656
0.8013794681568337, 0.4412057277590854, 0.8315303656515688, 0.4917623184440537, 0.2623162126515274, 0.8093444856164623, 0.7913799408142533, 0.9091278636332486, 0.18548754278409652, 0.15615986359951128, 0.4673279935500032, 0.6639881384356825, 0.7162582816961374, 0.35269088161281426, 0.3202484934376738, 0.7819501738044647, 0.9021497309702899, 0.7239950677048888, 0.43524254348545244, 0.31925628279257146, 0.7422614750976112, 0.014645640313311059, 0.8644669367613208, 0.04430602712094611
0.730546734122486, 0.7252350949482796, 0.10540313192275308, 0.3561085324502601, 0.8614258860823121, 0.0468287166782283, 0.7630253084849817, 0.7888830174035373, 0.6887663060356478, 0.9914961138027601, 0.13245609152701177, 0.34843938955111875, 0.10703731373828629, 0.24198661806407062, 0.430130347954222, 0.5576137592391361, 0.6228603961650278, 0.4254317996315137, 0.9856125793090775, 0.12342795011033036, 0.5160357721455958, 0.35195895401224064, 0.9819707175981435, 0.5742064083778963
0.5815224596940324, 0.35966101490026836, 0.3774957675543207, 0.29824861351512, 0.05261114268610545, 0.20998265561022444, 0.8528248994055735, 0.5683282707673186, 0.6103883326318856, 0.2294033307582346, 0.46534790624759403, 0.7065433222571933, 0.3454970692255772, 0.09191148724421172, 0.8264643776181406, 0.5348267808216973, 0.7452507833028156, 0.806438845834017, 0.10196550784721836, 0.5272060182114974, 0.7537071104935609, 0.9212073307256905, 0.24827878741723686, 0.18852321530891902
0.5011425262071257, 0.10712185833602716, 0.19984888678917367, 0.13780956004339462, 0.07022307826646734, 0.33377880155458517, 0.945112961194939, 0.273163037929837, 0.7640125012157555, 0.5786744504172184, 0.9032791361393264, 0.1757648701238671, 0.7919823635158147, 0.31937620753570095, 0.7984932594676881, 0.6190689568320483, 0.3512417845393626, 0.8775647535672179, 0.3032400118915799, 0.2566486746631347, 0.7004507052100193, 0.6714842346993422, 0.2761990583369335, 0.3187754960756205
0.8098136840060031, 0.9066303375158523, 0.06066612986732911, 0.5195463696567034, 0.5227816608722995, 0.49104263771764867, 0.8340061833562249, 0.4349593490991156, 0.7134116298846243, 0.07192272082818918, 0.044383307404393446, 0.38466346210809865, 0.13348848180152917, 0.5780950356269197, 0.09931949110911165, 0.36240366725515727, 0.6393833353580429, 0.8316743719279345, 0.5726831180972054, 0.09415725505132366, 0.709958133058445, 0.978814047299996, 0.7662336248094737, 0.42255488782615014
0.30204315336777077, 0.9402612642145268, 0.6645125835684843, 0.8379829920804651, 0.2715794753676871, 0.3624790557663832, 0.3068198201288259, 0.30509280654006754, 0.4769341259285037, 0.8157545769590333, 0.549977609089047, 0.844051338354187, 0.18097384370550262, 0.47292070036923406, 0.4687571818095717, 0.9185294258595981, 0.6965636419034562, 0.17488953941601404, 0.2766114295789579, 0.001982602152033053, 0.839676079514589, 0.45748068103188566, 0.8203882041992336, 0.5630573421971625
0.39281606519272716, 0.4058673923778503, 0.3079201552235934, 0.6988372652802023, 0.7097293229221106, 0.9285714664527532, 0.3620867159964819, 0.5117281976175851, 0.35689916340448624, 0.6347145967040656, 0.8812449897112212, 0.3635069809822452, 0.7292126592884174, 0.1662717120665741, 0.8255078746320762, 0.06713176686865252, 0.22072055589713602, 0.4618923806484714, 0.02448426369637946, 0.3246432652305733, 0.746137557453323, 0.8995069690950488, 0.7658898746663523, 0.09476861724038221
0.43181402553551074, 0.09023545000902577, 0.8726599120033135, 0.7247326057560274, 0.7576574566823031, 0.2851452688202799, 0.01144259268585246, 0.6362131478535056, 0.03236390439741177, 0.3889676221760915, 0.8699909286577919, 0.07193682682627955, 0.800180586453113, 0.6833042025930597, 0.009185115103690578, 0.9375525492718045, 0.7854578534064408, 0.5212674617227953, 0.3806787252699301, 0.5307260169611183, 0.30968359481894525, 0.8261162119662377, 0.6313050943324066, 0.36840364344219223
2.90807390383e-10,0.000144119338218,0.0965733573981
1.51404111007e-10,0.00013638031281,0.128410461045
5.22503127187e-09,0.000318821939427,0.417139232783
3.11214070024e-09,0.000662042272405,0.640845985904
4.9383794168e-08,0.00137483800041,0.785773555668
4.09309134958e-08,0.00300294109112,0.608188813708
2.3321075861e-08,0.0054280667727,0.787635341149
3.94406853855e-07,0.011183257577,0.936836124055
3.36294493809e-08,0.0217428221402,1.25620467808
2.20767412825e-06,0.0435745176604,1.17847247958
1.20359113467e-05,0.0692424631116,1.47649032777
2.26218849133e-05,0.154540311124,1.66714299014
0.000482217205018,0.33186678453,1.86855554362
0.000249046722859,0.636778404871,2.08009307235
0.0012326432429,1.24479727869,2.48493473342
