$x1,$x2,$x3,$x4,$x5,$x6,$x7,$x8,$x9,$x10,$x11,$x12,>>f1,>>f2,>>f3
0.7745192157775104, 0.9605396802882604, 0.7846979456991686, 0.21905762874378898, 0.7237226947056353, 0.018395038867366265, 0.02115566867767593, 0.7357278014667632, 0.3728169736393079, 0.5581425345994687, 0.8744875841740547, 0.7119836289852797
0.6209604965958889, 0.6421740518756553, 0.7612081150906751, 0.043575947872493304, 0.9677362420970854, 0.5645468482790692, 0.9254642583182973, 0.39380820849870046, 0.4846115030749186, 0.680551537862075, 0.44316089474843157, 0.6861453170988973
0.19755908007090206, 0.5251029134998737, 0.09917101783290139, 0.29951504332621304, 0.6091277875488658, 0.17975290401965993, 0.5546123029434418, 0.17550077422582833, 0.4312880925081003, 0.20644723374473362, 0.250546571884089, 0.36374466535146643
0.13343102364812032, 0.8061587136238602, 0.5607420301905686, 0.6101737086500392, 0.029821775576898246, 0.243649584246863, 0.6907585337053591, 0.27368473167892104, 0.8715335428367009, 0.17689533582576789, 0.07560683408528046, 0.1817596069427334
0.48236146125265145, 0.5187686725686907, 0.8353101539960308, 0.5411278648294827, 0.422629681544733, 0.5822908075317184, 0.5156615600981467, 0.16144187695602008, 0.4523483938721298, 0.2997730558691244, 0.1725751405339102, 0.3589061059358182
0.9426182891064269, 0.3734513688633131, 0.5720683697230148, 0.6371316822687437, 0.8197292303400014, 0.3150174979990227, 0.08949692539259357, 0.19696535511434987, 0.131550946055762, 0.7927962452730059, 0.5417811952221788, 0.48447852380679046
0.784636194825771, 0.05790564358429817, 0.35198160451734983, 0.9632385560702974, 0.9586219469232441, 0.5211216781084766, 0.8218708689538489, 0.8414988973222389, 0.998121175750772, 0.26061537846422, 0.7105936930803262, 0.708099733911084
0.6046597275798741, 0.7270702692067068, 0.5105579470444107, 0.33876349818554263, 0.795477147124354, 0.827682692745592, 0.9204601231026086, 0.6691249088873259, 0.08072222650199035, 0.6409860708554955, 0.3393945451104151, 0.280323287274866
0.9312819240460247, 0.9670700449748494, 0.9611930668124826, 0.5692707555125592, 0.33413033072554077, 0.1133359460307447, 0.48084189197048466, 0.23451919915051855, 0.3233077314534235, 0.6134351435178665, 0.6412851522921753, 0.03012097207775355
0.14940484758475137, 0.3710553111700716, 0.7092616359283943, 0.4359825369222404, 0.254743803845743, 0.35510245070276913, 0.6801204027123774, 0.49029820801614443, 0.47796577381166594, 0.8210634392592151, 0.14878704674530685, 0.34087939726235883
0.09821488018679214, 0.5523248621357587, 0.6473904520358316, 0.834718717078184, 0.7784707649584938, 0.5760609703643376, 0.7029489531590515, 0.25354538852444997, 0.5688285974803146, 0.5887008008972618, 0.005029772861287918, 0.5696738757779265
0.7565701555922292, 0.8562458588345662, 0.7388616922086704, 0.13939199002725644, 0.7067290836221674, 0.5530225959213072, 0.3584874069867593, 0.9899357853565484, 0.9075417001197579, 0.00919438228916436, 0.570660310256375, 0.4684732110080002
0.8908444664267033, 0.09671834143608582, 0.09361834782944034, 0.041004113801537345, 0.3937712377545556, 0.5555050401167727, 0.11447683066482284, 0.6517960993760128, 0.3394158953743748, 0.6945552437713428, 0.26306744268531035, 0.4320875056437794
0.47678659925419664, 0.04763681572041323, 0.26496921920361927, 0.9518725369002089, 0.8718982675090451, 0.05567551432794693, 0.22850442632189827, 0.4506551889101762, 0.06379558929046192, 0.06543921667993513, 0.6740556440157849, 0.017745381456059417
0.21054435163014829, 0.7447971053199752, 0.31969326535852216, 0.9443470746079662, 0.4435187045078879, 0.7144344450085912, 0.7923973707652725, 0.4455240089842183, 0.2159937657315445, 0.6591870721624494, 0.3217870702591781, 0.9205787374873098
0.5927016346039767, 0.6996673352613256, 0.8845036478317361, 0.7532624414951726, 0.5101003611395848, 0.7647644800632282, 0.10938087762650606, 0.005166350695723243, 0.8686271692634407, 0.48775694141749915, 0.46769703345243063, 0.6326092507475457
0.5314345180800337, 0.7835434641845666, 0.9553113320499577, 0.14737938211713053, 0.2198894510397238, 0.9882018393142206, 0.617416232726088, 0.6714111139831547, 0.23656759221176438, 0.8131885982418279, 0.2335375840260031, 0.20369182553712206
0.742390880450311, 0.7529652260521098, 0.7879250300093279, 0.7600868987601762, 0.7311066295267578, 0.4706969927941205, 0.5606925981949512, 0.10161294788704367, 0.5782410732811363, 0.9624166889764035, 0.5962869828220347, 0.7908114895414745
0.052483969732336266, 0.005939759974053049, 0.46517250174591673, 0.6201697680140531, 0.45282070334031255, 0.34004120860259535, 0.6048141377304885, 0.66685868265588, 0.3527363436052905, 0.8134335709484932, 0.3906671200171743, 0.32600847911138686
0.6678511614274081, 0.2570598931520641, 0.49046642570506094, 0.8309313722062512, 0.23272885657190512, 0.03570561729947275, 0.722981352295887, 0.6686195510539672, 0.8446146346742791, 0.8382405534202855, 0.9392055827337866, 0.7007212288886595
0.9666949837759307, 0.9651865473464973, 0.4282883808058391, 0.9028183403500956, 0.7991892667491767, 0.9522095503696562, 0.8076283070819484, 0.18961301070280911, 0.7560794275959953, 0.46532835060987887, 0.7965408089857168, 0.9695670455896069
0.04005842224593903, 0.2797319542993687, 0.3827766866284674, 0.838004857151242, 0.057252757775396845, 0.46537656867169497, 0.159460394501153, 0.4686116216323002, 0.49045450267046864, 0.5856765531985069, 0.15016460607997484, 0.9885124121622568
0.7204378592216154, 0.8743303514971847, 0.1454829388962473, 0.20994813309801053, 0.9592902303343223, 0.22274432252374265, 0.11538024313290307, 0.36090317169247155, 0.24270236984825433, 0.5863750178791467, 0.966636437402716, 0.861572769706033
0.12046554021219869, 0.33820354095782246, 0.7127144034010519, 0.6944915001844026, 0.3701784043713824, 0.1931207725864844, 0.7530384697231657, 0.6962013179120812, 0.06806818413470128, 0.48359432381413303, 0.4928076267442545, 0.23682162704115983
0.0022298250741019654, 0.6531056997547015, 0.9156653373203054, 0.708796275218824, 0.3003978347927275, 0.318856954714695, 0.5172530310698946, 0.7549779369003194, 0.16534419815618362, 0.0642439648312002, 0.38971025779224144, 0.6279476735526259
0.166972421408892, 0.727888713043138, 0.4488626458316788, 0.5885393567345584, 0.6172185114679646, 0.9446682997837286, 0.08776240116841694, 0.7207960942745962, 0.20845349837944782, 0.9260983524881361, 0.305948265671814, 0.435929870521809
0.2217092957173069, 0.9809624048790025, 0.7679409543031532, 0.5750197011354387, 0.9475383824657201, 0.7927705943139104, 0.3806704128682509, 0.1087669678158133, 0.9937127795855233, 0.260389847388416, 0.04304183885042523, 0.4948340762661526
0.8354089600894802, 0.0033825627705035277, 0.14520403068176535, 0.6996836600988788, 0.7668872645869746, 0.472744065886581, 0.09157830228254071, 0.4022797257027839, 0.8480386474773987, 0.34233663452280927, 0.9032338594692135, 0.7442394566739666
0.31214855108489425, 0.3264644897597997, 0.4922393170144145, 0.44052475920555034, 0.4406145883123882, 0.673047418468915, 0.349622528345787, 0.030633154177550304, 0.4482342938574816, 0.047972116221977945, 0.5278005710514067, 0.40859793599642247
0.4312313804772412, 0.08592654779913689, 0.2844223426442708, 0.6240027834510008, 0.6606713882563996, 0.5649758415643058, 0.4632365988899775, 0.9194730507731136, 0.343996671049984, 0.13989731047809328, 0.021594023123299833, 0.45163837602177925
0.23825265434365628, 0.9601915879591982, 0.3525708419827094, 0.09263871105056865, 0.7569918187097637, 0.29964349733547546, 0.051808582448859, 0.5210362820290313, 0.44546202855412653, 0.033324627710424104, 0.32274451245612445, 0.8649528471104534
0.027647530076576055, 0.19055325223383923, 0.03980498891714024, 0.9057911409538675, 0.25814387273047423, 0.7951094350863805, 0.30002227345162813, 0.032100822988140654, 0.20317094095650112, 0.41758823295058867, 0.9826999610322673, 0.65661615021221
0.021224967671029216, 0.6835713606521258, 0.07196459419492995, 0.11324780173432691, 0.40959899486226514, 0.5272521837207793, 0.48075166802184577, 0.8583354726807226, 0.41874475041877834, 0.2103105641152433, 0.3122584940607843, 0.10790924349095687
0.08456018002977772, 0.7356144185503076, 0.3793553959176186, 0.1984048417995311, 0.6447332540241719, 0.6859868932627173, 0.7558240835504052, 0.8158104274403306, 0.5635062807984329, 0.9740539681427403, 0.38585937214297383, 0.27184489561039216
0.09305662436303808, 0.815844495532883, 0.2651663449748539, 0.08524422189091796, 0.2790644266063075, 0.057289133753979926, 0.9869651139629542, 0.3119850363243517, 0.6216091791948689, 0.15252820400092493, 0.39187247280283266, 0.8734398334128013
0.740439617571325, 0.23298799579745433, 0.7572345119441037, 0.07587444580250491, 0.8523535818046668, 0.7430543929241868, 0.6471157203357157, 0.8666177394090093, 0.9190975445791146, 0.2458584850328268, 0.6271224024616406, 0.5203702846212137
0.031253794820330305, 0.27275558953893064, 0.441573722301267, 0.0030527662295799507, 0.7959257898566642, 0.0592433333909399, 0.3939332694377703, 0.8059542440924675, 0.3340802449294369, 0.16715297014548913, 0.3598575805757048, 0.8212828847937582
0.06126229809897965, 0.9860236690952463, 0.3753714628009659, 0.7236274669206852, 0.9395579735970605, 0.27316417482257505, 0.8915524461743467, 0.39393721534048975, 0.27136838021299026, 0.5149820029563361, 0.27119638847767646, 0.04749695868796333
0.8520255103924395, 0.6701665976784371, 0.7385966469217181, 0.34567208719008435, 0.9103586474897493, 0.4402875889929292, 0.15593530487381657, 0.8500401441581282, 0.9640623039839664, 0.8535683413185389, 0.7405666194197421, 0.49959113693186774
0.7781721879676426, 0.4097305067226682, 0.8240511748689272, 0.7704446755054045, 0.40541845938362686, 0.09479112396291023, 0.27927588191239083, 0.7287660198518925, 0.708312731646278, 0.3723400048824662, 0.4676313701719125, 0.9533887367330447
0.2324586052828952, 0.652105905184319, 0.4368741974524928, 0.7730308853092799, 0.8961737434038676, 0.9693776940801183, 0.3766344348097199, 0.32890796607492645, 0.5222313250827996, 0.7620562519867111, 0.06591480702499841, 0.7855874241570516
0.9315342130527754, 0.8402743542402165, 0.8682846457263628, 0.6397233026870497, 0.7362304390501578, 0.7721742753524597, 0.5323900891465667, 0.06938222839727726, 0.9402583247668779, 0.996941141365765, 0.4564115812380921, 0.6402176322646662
0.6764916748609842, 0.06615289679926784, 0.9209435007750696, 0.32461879541490657, 0.33666932196214383, 0.5221272663882255, 0.08256448244985226, 0.7170336849533742, 0.48296718297194063, 0.9472238515840403, 0.7128731653559206, 0.865954308148338
0.12875640974278502, 0.3898509285579944, 0.04466071889793699, 0.21100810732277953, 0.4603424422857403, 0.021580137476890582, 0.6040345155704003, 0.8605459570420609, 0.8145616356883622, 0.11098473223279204, 0.8261731823907265, 0.13170534288757774
0.7679991518427822, 0.3282873786302857, 0.10763237147475124, 0.642769327364616, 0.5245725589678341, 0.1486074116549414, 0.7879521538519897, 0.3456880985764881, 0.662051077293227, 0.4596171635919305, 0.7738200679327321, 0.0091770250942248
0.8174436575241546, 0.44167725064703267, 0.6208428908222798, 0.07046870091063018, 0.11914200019975674, 0.15356075161440053, 0.11098252904763628, 0.608837793811224, 0.4476633662614852, 0.8169649701280922, 0.06475255896374243, 0.39361832491577076
0.2978791650150495, 0.9399629603702716, 0.41320815578121317, 0.4255782107004711, 0.8709923683190703, 0.5620262781207046, 0.3829677567905565, 0.26664322335831925, 0.37256721471122933, 0.13262430350977839, 0.273106980726356, 0.5239034002538132
0.9310211905341883, 0.6431440581402434, 0.6028278486628372, 0.2215364206180137, 0.019760361396422454, 0.6572848842601826, 0.32409929907384094, 0.9250634652870019, 0.3434200436942133, 0.4461530825382881, 0.7108317562784515, 0.29489849761162823
0.04474803644868752, 0.8705461121756549, 0.6232676861060256, 0.3500224393522817, 0.48950103525345956, 0.9483981155064523, 0.014914345405224405, 0.7892720286228827, 0.1389857086075117, 0.5837397680182066, 0.25383552468948933, 0.06786599232366808
0.2976249839832601, 0.8835892654928788, 0.9688636016972042, 0.06657997983366803, 0.5222072994013823, 0.5004203400742935, 0.027713264619589784, 0.40609793514107884, 0.6886499716159564, 0.06391238123370035, 0.7923826883518438, 0.6373589198609583
0.3494761082539872, 0.6538245014944696, 0.10529717694183993, 0.4072562846148172, 0.5482819857055651, 0.13037219381265297, 0.7170454296242138, 0.5728057922502408, 0.2664321887350527, 0.13414636892878673, 0.5498936192809614, 0.4866506536359325
0.7181050115652001, 0.42629790146725677, 0.17072034112062406, 0.7924964033566938, 0.7874466747214799, 0.8608131490977058, 0.7581854631668983, 0.5936219443217933, 0.6019829145998368, 0.7694780744515257, 0.7947045284493667, 0.752105550370737
0.49671844064546855, 0.8436991661681902, 0.6652316916570078, 0.5402416926658675, 0.10868162946657223, 0.08979525960133994, 0.6843810394116634, 0.9616242700986063, 0.25930247225143865, 0.7735526545315569, 0.7196759344291925, 0.28285338725891074
0.9020961542172368, 0.9692299326636521, 0.35354149683282066, 0.9892390488176523, 0.35656871577837, 0.428696534066486, 0.0952676305495681, 0.20030035061028173, 0.3605674621889088, 0.3985896810583369, 0.26255351585082565, 0.879638543982032
0.2537390314402004, 0.8033562073862041, 0.21689762767640164, 0.986651588861816, 0.343855127879129, 0.5511878390039462, 0.8191505167099111, 0.7336773809123164, 0.4598109158657404, 0.01388303966329274, 0.2011116017116129, 0.1732109898414952
0.9607182968533086, 0.30654268154825015, 0.7091519555600576, 0.010053658648261021, 0.892731375959845, 0.46453306055640353, 0.9024097884313965, 0.4106124564819946, 0.03411495349380356, 0.41487562693666524, 0.6470745578721291, 0.037036065178913
0.1828117279678515, 0.9042218879752703, 0.8020124671660432, 0.30097502899594164, 0.602312651110638, 0.9777049383068066, 0.9577086258692807, 0.9974368975420174, 0.05375803382065225, 0.30489737118451954, 0.017864239233141066, 0.9689222378107554
0.9847477207990165, 0.5365242554262567, 0.11478761170669582, 0.07125628346178559, 0.9268714001227009, 0.4497665913316674, 0.6903560199856386, 0.11689248125165763, 0.9234974787394854, 0.8559313838866975, 0.8036608093627589, 0.41113823198963717
0.672405896582693, 0.1443321726664869, 0.07091984991875766, 0.7177685729899617, 0.2828624184066537, 0.6503100541918154, 0.7996741179530007, 0.7544756223442967, 0.8780923703070529, 0.6873408574970339, 0.9793447824023812, 0.3077438428577569
0.827315903907063, 0.5536870768580243, 0.520130983757909, 0.28255974560570696, 0.9637318358125111, 0.6332918546401168, 0.10435340146808925, 0.9937737452087236, 0.7077199088080667, 0.9073568319413409, 0.26514628131218665, 0.8439750880490889
0.1038690691510138, 0.05985108255952498, 0.10685281813183722, 0.5398479910579475, 0.8679320926677428, 0.7395345796616039, 0.10701502681800645, 0.054221065167628035, 0.1945026651869176, 0.42118377995384493, 0.7884796319020679, 0.5585024930218296
0.7052696744402248, 0.9706297166666639, 0.84940576372723, 0.3017323124129462, 0.26875908338309074, 0.5770455213413536, 0.022867671387752253, 0.8485485387622775, 0.007285912101072323, 0.43306369872491113, 0.5273098144291213, 0.9064325106677698
0.6179607877448201, 0.9319194155904457, 0.6048484851085523, 0.9766013869350927, 0.27837228932732205, 0.8675281053237609, 0.16177044437080013, 0.28265089713500835, 0.15677560473024255, 0.8369369462722465, 0.9011957210601678, 0.6163742086807188
0.12749192277040255, 0.14473102967521811, 0.46468212991432745, 0.3459322491773634, 0.20812773560492437, 0.7028668109246913, 0.3826802656445437, 0.7368710688784137, 0.884368638324089, 0.5312558914706481, 0.443459386525468, 0.22467486594041863
0.5872232411736766, 0.5538371676984292, 0.9997679538086308, 0.6230123277005966, 0.45415006131288216, 0.16816731470278967, 0.07703702853577787, 0.4384255408374763, 0.3066849887081047, 0.9136072579605478, 0.7339251294172814, 0.8223894386047754
0.8971871534801589, 0.536181606362619, 0.1738675416980584, 0.7671685412425935, 0.9504746068085321, 0.8138293221884206, 0.5795868420938076, 0.6232580575441174, 0.9573880253162775, 0.6862758995289531, 0.17550381375554136, 0.04103194297447754
0.49575292926283365, 0.8489132089098285, 0.10555854101858875, 0.21875893490684184, 0.3074476970836233, 0.017888855465055364, 0.7306499468215673, 0.08096224951853204, 0.5235549403817253, 0.9967519772245041, 0.5730110646861153, 0.03940272518300558
0.47481521979543584, 0.8766529555231735, 0.44499838400818503, 0.28906753439510446, 0.18700640300634208, 0.5112281874348794, 0.7393151361087202, 0.27032643125371747, 0.838177400437755, 0.027976291908874518, 0.6954341388351802, 0.4270356864192939
0.7518141779320777, 0.32438349194103133, 0.1602177983932941, 0.252410344708927, 0.5268998118041817, 0.6167715030657276, 0.6120796296273019, 0.5533819867517411, 0.8215861187740987, 0.539784315516085, 0.5982856428999528, 0.6938047104220083
0.31506542820705485, 0.9843622860190208, 0.2587346630387345, 0.3852266161308775, 0.5814821853699957, 0.5032380185156642, 0.4731185620796775, 0.8202698522562958, 0.9468907625327405, 0.7417306069025467, 0.08810225057489518, 0.046615542055923886
0.18233569159263607, 0.8678131996022902, 0.9662745644389954, 0.9642161754047599, 0.7124092992643268, 0.7256193119252824, 0.9013752734525852, 0.500223988084253, 0.6478011269197577, 0.5067393345578082, 0.5178026719150021, 0.8222747052392843
0.52191718735394, 0.14554159006884126, 0.5978692148654878, 0.1912016057647038, 0.23887033007055225, 0.3491888404020106, 0.4064616237570259, 0.8828460828017713, 0.6199820464974752, 0.9388123786654673, 0.31998629219757724, 0.2717541359522737
0.41994510151480746, 0.7890449953121471, 0.3820975595286845, 0.03770755280075433, 0.9589714513335306, 0.7813900331939875, 0.04054188257963942, 0.9835366298496577, 0.43421555087617825, 0.07907730805360358, 0.06578387215520809, 0.16851199101106007
0.7010479263349872, 0.5573509644624572, 0.02161062803383551, 0.2078920837275401, 0.4638201917364616, 0.05614826686747876, 0.8202969606060047, 0.006957817172602132, 0.7439204202513446, 0.7831190444068823, 0.008634093013112909, 0.13205622357183067
0.5565560233804766, 0.15212694200607624, 0.38682391466605415, 0.31539140866708737, 0.4549303196927482, 0.22703664052708394, 0.8626027299636142, 0.18837677654215268, 0.004549647721627581, 0.2917179501083196, 0.7598726486486503, 0.1435360446751074
0.5654099485460893, 0.8467745101878259, 0.5025995925201839, 0.5971516908696041, 0.5796246899318646, 0.1998879916722377, 0.24903483200479826, 0.9913874704260399, 0.9301237770233176, 0.19824561537510554, 0.18540443804664508, 0.943904019011788
0.6273966543626402, 0.07202077806829876, 0.5618945068878105, 0.211882852470212, 0.23659907880590814, 0.37362144316966206, 0.9859777690842518, 0.4945984418014113, 0.40104507150360424, 0.04602137772201953, 0.25349539364975904, 0.2884539502221559
0.8632313121335063, 0.07468762212831137, 0.1597125976024355, 0.3367803893544562, 0.6679203180900303, 0.2750200346795697, 0.7639812469675328, 0.9751618704490789, 0.961425406152406, 0.16497933696513, 0.4005626139780578, 0.6374906686110771
0.37671825544724813, 0.09291923934510782, 0.22681473831556642, 0.14324018725973153, 0.0920878052167885, 0.3688813756113736, 0.8487073423115012, 0.5373312335128533, 0.2238593809207856, 0.6543755429171075, 0.6931088046474452, 0.33892721638356393
0.6359505784149555, 0.4638319498517818, 0.1679737376791245, 0.5685561318480384, 0.593884202614522, 0.4408378183715874, 0.8700970684839746, 0.4725519913167353, 0.21000488065394907, 0.4525372805722381, 0.30380592734744316, 0.3349762128877689
0.6398455464744247, 0.4578340571059325, 0.9046475885346272, 0.02080435639417344, 0.03503179861968775, 0.6187162745738025, 0.1024617818312018, 0.24843906530747106, 0.033609499152097544, 0.6631337362566316, 0.4289587121078169, 0.7087428115659649
0.2551139126970372, 0.5645904283412986, 0.7009391632977215, 0.31686868753291686, 0.46749088178847964, 0.30596762535579436, 0.26610442505607335, 0.5140815622387007, 0.5267819446748219, 0.6424455102292546, 0.6127299282640596, 0.9948371384221555
0.16268196581900374, 0.43219197358748895, 0.2082748752463861, 0.9473607961541455, 0.8908397008236795, 0.3662314416265514, 0.3176965426512247, 0.33544087962770586, 0.8095939189844761, 0.35383377609172917, 0.9609198931697719, 0.1831222103611615
0.7115936796207508, 0.6873582223720968, 0.9417169262346285, 0.9865752483278265, 0.4616716769330831, 0.15884259294081005, 0.8576418341220037, 0.7565463749349786, 0.6189485225297557, 0.6403390549871488, 0.5096586372418423, 0.03950919526261598
0.06649776035855681, 0.7107296251156696, 0.45511944304488183, 0.5054438674912456, 0.7457033232879958, 0.38973254034497473, 0.7491415579150379, 0.37707038821764416, 0.8804316141299128, 0.34921669030082525, 0.04595083011638168, 0.6897450872085473
0.45486919062265685, 0.5850809242877916, 0.34508491245453177, 0.10069852858144202, 0.4208558247149725, 0.4646037681079631, 0.8406784048539391, 0.5929275305307804, 0.6120646831484245, 0.8123533495744902, 0.7574817936934124, 0.7523382802750128
0.2431599788316774, 0.41729759774075526, 0.2625197677178496, 0.610225640214349, 0.7237238620939394, 0.3538818866126332, 0.168985192826823, 0.5866807240426881, 0.9819692655324876, 0.44459765707623167, 0.7017046080086157, 0.120439447289858
0.4747522652501711, 0.5596839955537714, 0.464284339643135, 0.16826565030133134, 0.655826766206062, 0.54504416936914, 0.441813153129862, 0.8995098142159317, 0.6048998366883437, 0.9993347079443382, 0.9829640742758636, 0.4556834263530972
0.8350666390005442, 0.08746878903148392, 0.575585644991, 0.16817234742317033, 0.4176889202197299, 0.7645733559033678, 0.8115377783512712, 0.9759287733422045, 0.38400663763495413, 0.36698799711628594, 0.0018089480448560957, 0.013582837326526875
0.9847149294154537, 0.7835098466562428, 0.8083526629596708, 0.27243660568309125, 0.7458096911596588, 0.3928238522977513, 0.8111365353203951, 0.5376102230663266, 0.36339849014263004, 0.45189734932375225, 0.8607054594136526, 0.14052031976381651
0.6583003412548221, 0.6274911918456774, 0.4647700192062486, 0.503558951627667, 0.021142904203061752, 0.14461229004375598, 0.4663132752977991, 0.31717919890008306, 0.019950424887988705, 0.6579477719525081, 0.3757282577899447, 0.21560061724224056
0.7472362384216591, 0.045622539725926226, 0.160813793591421, 0.21251515903652185, 0.8043243996074755, 0.8589620758311393, 0.47500920019853743, 0.06239527632611519, 0.953028350242556, 0.3548973110373581, 0.4615328520903118, 0.6243576163057418
0.0394583345149,1.80568966419,2.5950367808
0.0,8.47855339569e-28,1.68417298045
0.0,4.05666540599e-27,2.08295349052
