$x1,$x2,$x3,$x4,$x5,$x6,$x7,$x8,$x9,$x10,$x11,$x12,$x13,$x14,>>f1,>>f2,>>f3,>>f4,>>f5,>>f6,>>f7,>>f8,>>f9,>>f10
0.03835582655139469, 0.3139496570896053, 0.8520850884574015, 0.7988531600117385, 0.6783329188123002, 0.6310060582352774, 0.7039412371139404, 0.07571120769290474, 0.011473653634132996, 0.4430690857140812, 0.24269001311223415, 0.14583546560618155, 0.6214130090621605, 0.6760495163872203
0.8888267523874812, 0.3260138033906692, 0.9087217068433852, 0.020405180818358404, 0.9916748593654904, 0.1404588556103895, 0.7249621423170869, 0.823575464560889, 0.6259114388393741, 0.3993199316614483, 0.9779505115985538, 0.3405043544844176, 0.21969127613572714, 0.782408726570627
0.3622177645736716, 0.953227521210468, 0.8589272780117172, 0.8577152513318275, 0.46574208941750717, 0.3489059621127829, 0.22823188528073945, 0.27279751889752124, 0.9786197324748372, 0.04612541280365201, 0.6823381625268419, 0.7366918782949671, 0.9334859911559789, 0.45445300336018046
0.3160326997557361, 0.8055859377387088, 0.763863875956402, 0.33648804666725807, 0.565578714181345, 0.879694844869234, 0.60208718487529, 0.02794413442140542, 0.8123560199436076, 0.19084235051354081, 0.43903523846037484, 0.05525726793296437, 0.9877988964171399, 0.6109721350509476
0.9749529155593857, 0.7740011322746081, 0.1035599852088348, 0.6343873169996316, 0.02125294701826863, 0.45904219479162667, 0.8774710808027908, 0.6822296638430272, 0.46952879153902727, 0.6714401509610302, 0.855009397283511, 0.8421255968310144, 0.2170807014284576, 0.40326817242100066
0.7467950657466418, 0.38046930216800623, 0.5212798534312423, 0.5860597336911636, 0.7146851697968672, 0.8980487821043085, 0.2042638228363265, 0.8649966809748052, 0.17824182113137366, 0.45616292819837323, 0.1822736415924776, 0.6546309115563507, 0.6689280427460892, 0.9668578352508087
0.03413843409907369, 0.8536291506725504, 0.567218163353041, 0.15076597033245653, 0.3658759691890249, 0.16267110814968555, 0.7523503112904019, 0.14147397237124715, 0.5935982598732162, 0.5962334278353465, 0.9368387411276202, 0.4118902168873041, 0.8552478346772727, 0.8916493604008938
0.14422465997026002, 0.12281846503022342, 0.03143178542800373, 0.10581539372140647, 0.7162013522738852, 0.6655132998114763, 0.5388108746853388, 0.1357823205917985, 0.12472039918440136, 0.640057852202087, 0.6057780151621294, 0.613590553752834, 0.7579828669439367, 0.6693794134090627
0.7204886225735063, 0.19763366694173534, 0.4784304077752871, 0.08451207114222026, 0.8001895790916561, 0.5779182890530877, 0.9293020511249096, 0.3452885136138567, 0.6160340455167762, 0.237128257835294, 0.18702556925089564, 0.30316862225580754, 0.382291849076307, 0.10537101492112855
0.7729083470250793, 0.7083447944230044, 0.17154267983030014, 0.6544111353281433, 0.601835359542471, 0.6181653413557906, 0.7418517975340999, 0.41955506219618277, 0.7903314030438553, 0.9951122641739436, 0.9967383887168946, 0.8772253409418211, 0.8508757082295515, 0.5789683615499865
0.6751868543004153, 0.7426472427838624, 0.201916369277508, 0.22350392388188267, 0.3190342451384117, 0.11260600579734581, 0.948983765309986, 0.8727049050774186, 0.7418994412549985, 0.7046002053125888, 0.22107875282987188, 0.4317927680001812, 0.4565372769894279, 0.032372076948752104
0.06890496025609782, 0.2926350196170261, 0.9479160603499528, 0.7173696951248342, 0.8422498842082227, 0.0762216377814614, 0.8019213271915545, 0.7256610232852565, 0.1754334062603634, 0.7057699692982042, 0.45872848920345977, 0.580429935468238, 0.8414944872061584, 0.46386449089211934
0.8653420371165886, 0.10651683344672791, 0.08985054649174617, 0.030072475090337947, 0.1570209768577483, 0.759469792290518, 0.15576787770865208, 0.8536341436753491, 0.13840017020128925, 0.9844860321730564, 0.24208104749108417, 0.8590959752486288, 0.8370713709701321, 0.4241108879642951
0.228969699393883, 0.5351636036255073, 0.48852943650959857, 0.4522962673628276, 0.4022432055820786, 0.9171231742251122, 0.4852798258717129, 0.028349265235600107, 0.5408780276890457, 0.8236511388210478, 0.4565859430601519, 0.0018940438494847722, 0.7466221327246505, 0.9751715038527868
0.24241977210705978, 0.7198930820130104, 0.3756441010978465, 0.005235735542684972, 0.6840925698637266, 0.05406382432539658, 0.3170378595292337, 0.267174469029544, 0.1446917554754702, 0.35712806226955185, 0.3680360179375184, 0.3822853823328608, 0.07274293169503598, 0.14033023617440554
0.09524551114341118, 0.33602199140930666, 0.015457264929004122, 0.43721777034729103, 0.05735134726587143, 0.053302586150626996, 0.10402830957610221, 0.5391790992379423, 0.9702048165213655, 0.6128389054504463, 0.9127776715433366, 0.36492478893340063, 0.7141121590780257, 0.5206518764636379
0.8538255941018402, 0.06582151822364501, 0.31280822672266784, 0.056772350804609184, 0.31726041463317833, 0.7949656384862207, 0.5492521730692311, 0.3545391200001543, 0.781798805005513, 0.6412298397018913, 0.48027184645902377, 0.5424480443685181, 0.2950024676139562, 0.8053401577321776
0.6301185065121988, 0.6825592435513276, 0.8515117136232971, 0.2586379114191152, 0.6303372609064941, 0.12878545556642962, 0.49527702515341643, 0.04900863276105383, 0.6741617151068835, 0.7462292159758542, 0.029255687633992333, 0.7916358265912709, 0.1506406427336956, 0.46117067349040397
0.6926700322229608, 0.8288980152914366, 0.9406364780558288, 0.21048938476689394, 0.4149277180806472, 0.6944025340628951, 0.28874904587550454, 0.363420390929613, 0.8095798796523701, 0.8934605546832765, 0.31778634655358384, 0.14834194254877597, 0.05811814311586683, 0.2404147897179909
0.8967378068094249, 0.12417856386748582, 0.37646136321578205, 0.36548508421845594, 0.7473241059019677, 0.47510994796760964, 0.9562120078027085, 0.17546398640285443, 0.16276842776957623, 0.12159629434544383, 0.581991045801553, 0.8491828083341393, 0.9376615949743031, 0.4485273057602107
0.9663674474273735, 0.28928898034283945, 0.7794030518720032, 0.38513916029697837, 0.5198650981815969, 0.5705980582994821, 0.3344253741736418, 0.1908291178034337, 0.029982454779749257, 0.6487851438161368, 0.3041793864568245, 0.1467547993522934, 0.4536399340432882, 0.6929296513631162
0.7767196359951866, 0.4991379406075962, 0.9715985464926141, 0.14824509978909228, 0.661589531069675, 0.8980387381234878, 0.09306024420503922, 0.6848477899190919, 0.2549177918001124, 0.16586691162892409, 0.8348874948428229, 0.9839664940524405, 0.05388574732382123, 0.4553506770793012
0.7945302540402936, 0.44357671891955464, 0.5227133716995608, 0.2013507116214156, 0.1252153225328535, 0.7744538101884747, 0.1060139570459232, 0.28033320841722364, 0.8375756259744549, 0.8947393369389423, 0.8876431837419507, 0.5626185239086531, 0.7609558615638136, 0.06911744156961552
0.36067419166033365, 0.5130407198786044, 0.5596832445542346, 0.386376082156186, 0.5641144012526867, 0.7119240695103145, 0.7575983215111641, 0.5194882500969212, 0.5784490925848326, 0.10164807682597354, 0.4545905498308208, 0.081163318182075, 0.930370771351116, 0.8001172879098105
0.3596910824913986, 0.024406975579060575, 0.6938989587961586, 0.004778712985521905, 0.3844298857200742, 0.8533206713553203, 0.828927351343576, 0.4540541445888663, 0.25837724355870795, 0.324597990155436, 0.8486493649005442, 0.5216143345272033, 0.8226618029861525, 0.666569264544021
0.1985911060589296, 0.21791955917836958, 0.24910224136053327, 0.4914400131267028, 0.2818205350988927, 0.31148227457366784, 0.6083829391105358, 0.6773579190925818, 0.7815507091506857, 0.7127248497515898, 0.2268809083125236, 0.3112321611578601, 0.36237666892934606, 0.8115632415754515
0.12401074403704937, 0.3868909347800391, 0.09738680167866076, 0.1678652502990069, 0.6400401651956463, 0.24294160052520675, 0.49205643497595464, 0.6571283511136958, 0.576025782916253, 0.9862548721609913, 0.4235960563873894, 0.965357401682162, 0.6263327600100373, 0.8401670094567345
0.9959568006694263, 0.19216418804680813, 0.45546511224591835, 0.06717668719674819, 0.40513945482391356, 0.9379992365685882, 0.2819934589106874, 0.984652242257465, 0.16082183940887929, 0.4588729011782976, 0.8818179172388385, 0.10861401848567587, 0.047112536926364745, 0.29072721314688366
0.42956982402609944, 0.02323598099420543, 0.4606137180226907, 0.8999997389836519, 0.32965989481530855, 0.5609269274907346, 0.592317455880237, 0.7551333936672101, 0.10519562616302092, 0.2582032801374876, 0.8237691387756744, 0.4052672302499156, 0.3677983744622044, 0.6177075231315544
0.9716256314419912, 0.2603515418906561, 0.13349851779687782, 0.9235426351631182, 0.29065761175526506, 0.3688820521735503, 0.11518888221370227, 0.586498267406568, 0.6592299733408014, 0.17931763539781254, 0.678314541397001, 0.5440227436706726, 0.35189230630813806, 0.6126898671463549
0.040458959732273425, 0.7963862824422863, 0.5418149895218191, 0.07094352148316396, 0.7232545620063662, 0.29538995727055195, 0.5961106888198618, 0.4076131965936304, 0.04400899956801385, 0.23721604624493708, 0.39165132151496485, 0.6951208257563857, 0.2644642345283731, 0.7776225297273112
0.07056100989968028, 0.5305534678158482, 0.09492813975289993, 0.3419742619860775, 0.11311049576469867, 0.5740637691711736, 0.6308829351211904, 0.8377355527781711, 0.009375995451149755, 0.41343042713947364, 0.2088883166440152, 0.21282327536044765, 0.5280246960926668, 0.21184106324859553
0.8245353491938847, 0.47277262661915354, 0.08318821266435594, 0.2164605254356482, 0.8006236476074731, 0.8657912155411361, 0.041767261811133105, 0.9746647779668811, 0.11629635222814283, 0.5544637273900376, 0.12411070843807437, 0.10483407292969604, 0.07540569959087873, 0.158639999400091
0.21937639345812399, 0.4405300144047072, 0.7063015944385256, 0.4688785095250494, 0.5823144897998451, 0.09610547553675974, 0.5803881498468424, 0.7809167340884056, 0.6079390232683604, 0.4341089500606894, 0.14203209561877472, 0.7496615195319413, 0.9378851842467694, 0.6153155953304159
0.696220534820632, 0.8475783375924187, 0.1009286370969179, 0.505736832506899, 0.5343389648898088, 0.5555073894983268, 0.7722249190837485, 0.3379381711701882, 0.5832168597373547, 0.5343503143585122, 0.5132295780765811, 0.4002642813665537, 0.885987932475328, 0.11621462731799725
0.28096254063304515, 0.6869090195944807, 0.19066498149652822, 0.7241676630462258, 0.794046577917459, 0.07235090143842648, 0.14328422253384987, 0.7970918481849999, 0.2599279822126177, 0.8818957328149626, 0.8625856343772491, 0.406172793329025, 0.7172605008008904, 0.3205456507320614
0.6315783172942814, 0.7390266513569302, 0.7505320866592373, 0.19344015460593722, 0.3884771656529966, 0.19836342765943438, 0.9768119787812785, 0.8081128365680753, 0.3904354999370424, 0.19014204144440194, 0.11973385443484763, 0.447883958331485, 0.6551553187640401, 0.9846133720506217
0.9114286649518903, 0.7796176451705293, 0.7987056543111073, 0.40541247964994154, 0.6857129649904865, 0.09009536162220244, 0.7162269176542059, 0.7304656940258861, 0.8353907497774642, 0.4048448309270284, 0.4492716917348113, 0.9426940986506044, 0.2430884304706079, 0.39092555665258344
0.6151934975311634, 0.5227693766476768, 0.07671706770837039, 0.02704451323524848, 0.07881878324555303, 0.13212894094290895, 0.5624584671375996, 0.5254761001925449, 0.8322373029323874, 0.9184360411651825, 0.5031185858425847, 0.29608570060828066, 0.5889813103622547, 0.3157779084598701
0.5004116495178305, 0.4219231178348348, 0.2362046963969806, 0.2677885464283407, 0.9155950271095408, 0.11987116066358872, 0.18250316859677884, 0.47617109314167216, 0.5349196550892515, 0.8769394404167214, 0.2786758174314853, 0.25329091740160603, 0.7109751687845225, 0.37452835687161035
0.16248496313039462, 0.0328583737969228, 0.9207240406606809, 0.05976815990145645, 0.1191576242794884, 0.22712239812042045, 0.14519735583154836, 0.26772248641957175, 0.2692498380895274, 0.5023063542975628, 0.2999404443509449, 0.7742422055473182, 0.334166735490949, 0.6701383554585724
0.8608449795998506, 0.34525694411333707, 0.7398294412786093, 0.1574805891890042, 0.11315433495872562, 0.12270021372180573, 0.4450022763302278, 0.8987746282971459, 0.32137607310250216, 0.5435341922944674, 0.04453753606725097, 0.5934354575974696, 0.9407688266209889, 0.5790843868227874
0.44802129798233614, 0.2099448097290486, 0.21951970461839154, 0.8498003558602643, 0.12591703355542805, 0.7677784400387948, 0.25359673681469674, 0.4977752741041688, 0.6713672014853663, 0.7839105214898473, 0.3814523417744662, 0.8234720800168142, 0.7845358891615517, 0.8662392322222018
0.9522837106426686, 0.32831012605560395, 0.08436242473085598, 0.44047161103812826, 0.6304903517597997, 0.06442165289841784, 0.16260284453626594, 0.2985804468095863, 0.5241649811940838, 0.9578127688827199, 0.4389779197549648, 0.7280698507021804, 0.39645282167387697, 0.6301500252518736
0.6389476633208752, 0.016797973567328595, 0.6341192301674359, 0.033322807491517614, 0.004237825182742627, 0.3253146852930927, 0.030890072202257035, 0.7338381259973331, 0.9797958352107231, 0.7046783353216454, 0.9008460568507454, 0.9674025916662459, 0.36458019756097704, 0.8227512607464194
0.13355198309972083, 0.6138275440863953, 0.03091915661811029, 0.8264965118769572, 0.11780378811427794, 0.08554124446300093, 0.3434046560533569, 0.5404738919555713, 0.10558700001976018, 0.9845468109672583, 0.3952053262762477, 0.1640318572567402, 0.35384753819859327, 0.4157857407613894
0.5906253900635254, 0.6694876073356568, 0.6129419705616385, 0.6918916252150772, 0.29730245034163616, 0.5391895581427885, 0.47405926737905546, 0.3295114019801014, 0.16276565218395977, 0.32836800294854374, 0.7720969440750369, 0.12994131014770127, 0.014374531824721593, 0.40686553799226777
0.2614981661157513, 0.864737570573745, 0.4840931232406588, 0.34251278862858625, 0.8031955529089726, 0.9606345656491774, 0.30781122326977484, 0.17606339851369646, 0.3964697671288897, 0.29909290417750123, 0.7827662887960952, 0.6864914486054633, 0.9001631094337729, 0.9494674292541546
0.23892736418855143, 0.777001915249597, 0.8301133529583066, 0.5966240406806999, 0.2813027904868789, 0.07554053153541762, 0.837497468422558, 0.09122829160533352, 0.8934646194622711, 0.254923408671313, 0.11957218242459844, 0.10082599345706955, 0.2286964622405614, 0.6038275263113279
0.4092724426874642, 0.8425315320728247, 0.4851009648225012, 0.4956313158028892, 0.808548555081711, 0.502648422416056, 0.3970645518440873, 0.7109556380483375, 0.9357787359793773, 0.21706473936926474, 0.7021712957616764, 0.45704135478284547, 0.05845577531317192, 0.771648189897492
0.7969864776320978, 0.8451986744931459, 0.5414391534047657, 0.6711967966305568, 0.5676966675459898, 0.7156628782417259, 0.326709031957614, 0.7485385998349864, 0.5749089115828325, 0.7471396023126521, 0.1660561683335655, 0.008373848186381982, 0.15209505074935348, 0.39021133224152793
0.3654802509383033, 0.6409609090049609, 0.3327843283652163, 0.17882158517105384, 0.7678970221281005, 0.10092305444993388, 0.6194014513173476, 0.4769010003788666, 0.3907397201940431, 0.545338434455205, 0.9666521469975977, 0.022449870408444705, 0.5902703112227909, 0.8040973964768839
0.6462324914917263, 0.6645509118476711, 0.04415323024046691, 0.368575407543136, 0.8601890217935488, 0.34791166040543153, 0.9230223727081928, 0.8664804517436503, 0.6622320772223826, 0.2203288503097911, 0.9544834145989822, 0.7048868299706589, 0.6063515609933037, 0.6609871486375434
0.12100041635114756, 0.3870808087894849, 0.061964599185544866, 0.4613684259171835, 0.9032835430341667, 0.9476137305973362, 0.1392165978077654, 0.6857865984547771, 0.13921266521446773, 0.38232974406639264, 0.4510566154407394, 0.41750690441274263, 0.9783567614377674, 0.009212737736837395
0.27751456882114267, 0.5093990762225327, 0.6658884894214911, 0.6879056682620258, 0.19060802453587466, 0.19984824772090004, 0.12762320029469032, 0.34072848847178105, 0.12566624942842752, 0.5194195948369671, 0.5131221195352174, 0.8331233592155244, 0.14855209403612202, 0.47330055877815447
0.6926699318799089, 0.9952122466032695, 0.03298562234074287, 0.9314084407520106, 0.2578782353710728, 0.5910938208010443, 0.9550791265341781, 0.6222306255326567, 0.42970493640569973, 0.357046520422039, 0.07763889669627355, 0.654328644331088, 0.5620616896418226, 0.45051897073700353
0.10641200654148442, 0.3048673679563926, 0.1510901351669428, 0.3581166053926833, 0.1802931265427702, 0.6377986057426474, 0.5010070587992028, 0.467698893124429, 0.33152010821056166, 0.8494662877743737, 0.49391685934372354, 0.9308364226106436, 0.8246736293377869, 0.9367805875015376
0.7412913512877404, 0.7306182381636178, 0.09344965834250418, 0.7225737319953569, 0.6537785214412007, 0.19563338837075106, 0.8664345301520726, 0.09727272514868568, 0.33964618877281083, 0.5027237086861309, 0.49544269929479523, 0.13858790666977305, 0.8394835267769181, 0.36353690136830963
0.33079002482572106, 0.11238362606389285, 0.08876807447862012, 0.9984826939953695, 0.6773496998244009, 0.8274445884025953, 0.9158888988862843, 0.3679852508339265, 0.3101034538666544, 0.7748576209626787, 0.7281358323937802, 0.7476471139547959, 0.8741114927740148, 0.7800123847347934
0.6571082841695648, 0.4101760266246054, 0.28637324958915833, 0.44740714041523655, 0.5332236658002838, 0.03566391146491232, 0.8349454843529609, 0.8495690670376994, 0.16859117507433397, 0.4894689386726425, 0.455310466888855, 0.7520882337805008, 0.8842680469668531, 0.7055893061307963
0.25418599930057295, 0.1762618466551682, 0.764069081304522, 0.27790992233309564, 0.7558757960447028, 0.8169626381018562, 0.22616327426369032, 0.2161809458958427, 0.25492702323589955, 0.7439346479390749, 0.24208990493829785, 0.3146962363130603, 0.8160841004459524, 0.5717681331040565
0.3981027020378264, 0.31897534590200693, 0.27853468206264054, 0.8465707984492249, 0.7198704722397289, 0.07341076206311803, 0.4298019507898072, 0.2455022413081468, 0.6563252620482081, 0.9478045732140621, 0.5822750219186751, 0.961161794983771, 0.38243366624535935, 0.22532153557172263
0.24637309437357502, 0.5853349620965593, 0.7492636378132603, 0.4225247640459535, 0.12328430062872664, 0.9658638251276219, 0.30648286521418877, 0.4233966710917523, 0.09223596651487354, 0.13361539115570764, 0.5961127944684755, 0.0781272389697788, 0.6887632324146413, 0.8552570854135321
0.24113647246964443, 0.9054187546295153, 0.2082090028431267, 0.8438251561394693, 0.5135465856418912, 0.604139212559335, 0.521281364285321, 0.6182726597174206, 0.5229552716915312, 0.5574797199811418, 0.6169751373321183, 0.6806573257403776, 0.5332805372751651, 0.3012639829658672
0.22519774817577676, 0.577260151051334, 0.2883202228132892, 0.9752187453830359, 0.08953751178684499, 0.0538296990365732, 0.20013990399222004, 0.7550729811937851, 0.2542478338680345, 0.8093884237195191, 0.23473288434384365, 0.17197117355342484, 0.7840099582267003, 0.1708901128866659
0.2687865526219936, 0.7375233663608433, 0.6157536666709452, 0.9533692558365703, 0.7458628434865964, 0.04326549939458768, 0.8090191074674022, 0.7884880819002134, 0.38278362985244085, 0.4199327232180087, 0.181873541856591, 0.3776620184607242, 0.7899370565968434, 0.7785357386156067
0.3483806512646016, 0.39225652001539035, 0.09782030980642287, 0.9702841271262906, 0.32372016833039763, 0.30164222294288834, 0.4239400608583014, 0.4810593056354876, 0.6184796319567389, 0.3441712023819592, 0.5206694594602969, 0.6754974881795586, 0.02977116680522429, 0.13279529567653203
0.9362958481412476, 0.03350763664425427, 0.4367373271225218, 0.4176516914514925, 0.7605738312768547, 0.47076605729928755, 0.06125234038198135, 0.35461205425110676, 0.2741009860609903, 0.6315852142773968, 0.29504429401511056, 0.2973473624861629, 0.4785930805921883, 0.8672823695896636
0.3857272592539551, 0.4539419709014527, 0.0797966208028168, 0.84771343493315, 0.3082260521412119, 0.04862633067259692, 0.7036259118996264, 0.2515991697264335, 0.8666220675965053, 0.7255002273083236, 0.31251662628460075, 0.1825196877203913, 0.39928017265655724, 0.09067627044535387
0.7061252344661633, 0.6935425628954381, 0.18685149912071686, 0.8632065301773671, 0.07364740963603988, 0.2789653702442876, 0.03890566918887772, 0.5660436455909448, 0.4291690108152605, 0.6573005575257063, 0.6726099726822293, 0.047324988918583166, 0.449716207237829, 0.6124945494092371
0.6132371344851142, 0.44494645492277785, 0.7041765072842421, 0.9062801181481239, 0.02353588661128536, 0.8484805908526126, 0.8308401447895017, 0.7883660530586308, 0.20940022593726515, 0.8311889832747406, 0.7841508606416313, 0.5677248377303993, 0.7866042181415069, 0.636729183299811
0.6768643786922998, 0.9620696223137656, 0.05254723903141012, 0.41258678090209633, 0.1964258662438646, 0.33243774111837, 0.5429168063477766, 0.018440687745410522, 0.7109529658913945, 0.609463944290082, 0.8812957113045532, 0.9890409155670199, 0.43552116457269363, 0.029023385760498344
0.620248696740557, 0.8651875953899252, 0.6549629369029959, 0.7610180202101854, 0.8190940581272035, 0.43151759407427115, 0.09480370886279277, 0.9702000498088595, 0.07230130361812859, 0.49187035871075624, 0.37845246800586796, 0.151659609447942, 0.37507028030055267, 0.942522851902788
0.7065054817229914, 0.9743095696062217, 0.35825354708529833, 0.373581398197649, 0.3723796662855855, 0.042461689758732546, 0.7893413268589355, 0.37951907992489076, 0.2669569859076506, 0.9891405168218954, 0.2681808894029538, 0.2984955826859539, 0.007292963802469243, 0.7913891573890725
0.6655614900753561, 0.4843993005812338, 0.024294228027708087, 0.34880794284831673, 0.2083508989817836, 0.29408546632865995, 0.7820139620557436, 0.18132053952557903, 0.06973647109607861, 0.11082558265778142, 0.602976782377888, 0.2277983147115794, 0.18027284976292646, 0.7414049820066761
0.026423662630344458, 0.03003241482432617, 0.6125441175476923, 0.12787296898734313, 0.9812451342188324, 0.5561683408755798, 0.5325798712377765, 0.1635964488796099, 0.3309989428527639, 0.3493465325599747, 0.41480771674340455, 0.5300832669036407, 0.11395118681865923, 0.6584126957763192
0.8247947381250416, 0.8391140120043298, 0.012555644791477638, 0.7754037288150203, 0.40327939969327775, 0.06930611270961806, 0.7326162465158275, 0.7154491062265688, 0.6079952415565512, 0.4728837614699811, 0.6963079226017617, 0.5646890920052933, 0.8361515790757504, 0.2536138879635319
0.412758906503648, 0.732765654094568, 0.8482651468363319, 0.45220793834759754, 0.6102175332420782, 0.6909493047169775, 0.5480533976004252, 0.9024617333186282, 0.9093287694921326, 0.0879217190126349, 0.1277770383997363, 0.17393412785621631, 0.8990074312941726, 0.7346250447387435
0.914431647302473, 0.3306392851779727, 0.7841593570812546, 0.6144244434474628, 0.12145401267944778, 0.8955833319704014, 0.1547257628932046, 0.7002335966123422, 0.7376929981194196, 0.31549065943338606, 0.33688117190427336, 0.9501227374397475, 0.5047509801891467, 0.6019928941677448
0.935849017467701, 0.08680843598002419, 0.21447447521880225, 0.9460060583303558, 0.3619551903143453, 0.07371842775589965, 0.583822573560695, 0.14933298462647493, 0.8946198502281166, 0.6585714535281909, 0.6580162856306591, 0.16552267057830217, 0.08503255102725416, 0.4536078254937128
0.9639558111954978, 0.19851719427490733, 0.7117613896047545, 0.8890299839688359, 0.9584190716915435, 0.4571466536557601, 0.5106116988705084, 0.413222011661313, 0.015349979291909066, 0.37455367395355277, 0.8367875122601515, 0.9310495506562926, 0.3862130205714478, 0.5678193640135354
0.8443711847704806, 0.0022391042427440944, 0.2828741854508916, 0.15751305982907549, 0.04236664951452873, 0.1407652681137056, 0.7697701532233325, 0.03820288535542182, 0.46166112938749737, 0.026952846071080616, 0.8604206507865528, 0.1284854930064715, 0.7287069104633445, 0.40154867941154915
0.9826148555106337, 0.9833426416509219, 0.839247118300685, 0.32578935724966085, 0.23166220348069722, 0.7617412505476999, 0.44195309693918494, 0.45491465542649046, 0.3335261955003027, 0.5886426138045189, 0.2738783979427156, 0.8365995229394759, 0.33738029016637405, 0.7082215409697105
0.7072992184331791, 0.7684024141522364, 0.5259409736304682, 0.011892689840850568, 0.9125603538239344, 0.3472220422725808, 0.5571974247455752, 0.9201242951958711, 0.5244248853379255, 0.10691095389233563, 0.8731892996713755, 0.7271097618922423, 0.5001862313815644, 0.3189844633131875
0.5193230938129054, 0.46033144782425395, 0.8394837624991013, 0.37642346248078185, 0.9204178814054214, 0.4854714484210252, 0.374234971795918, 0.718376073101399, 0.5950802361913253, 0.2428831957095423, 0.5870723678391359, 0.486797938049887, 0.28874954105687134, 0.5906119823898988
0.6499655270823449, 0.6518085768925114, 0.35355109014785924, 0.9020531551674351, 0.635302058542067, 0.04776776323108611, 0.32799887593645616, 0.9898937279733285, 0.29931135750930593, 0.608479606526639, 0.1149014814917273, 0.5088744219139903, 0.029678076366911665, 0.9631541276836971
0.1826576407087125, 0.044684352273123285, 0.7572233493241789, 0.964369465052445, 0.5941835214118034, 0.43333091511318267, 0.32322237612268745, 0.555853089935066, 0.3426170577616926, 0.6294198548842196, 0.13197711241911836, 0.5423727370230074, 0.28546469791084983, 0.6455639501145475
0.057873178729447305, 0.19709646092069788, 0.11992338830922833, 0.5679515538814937, 0.016148149216392738, 0.22841247742072568, 0.18144429826179853, 0.7126688096906592, 0.8362327978374038, 0.9314864996722991, 0.8975837280755665, 0.5441499876890729, 0.7528451255281857, 0.16488884817273042
0.5624601434116274, 0.5388301427229157, 0.31423742333807736, 0.3085763297904359, 0.15921389339220282, 0.8663462443411686, 0.016644107994235657, 0.5802944518799635, 0.586047988900235, 0.4453272224503284, 0.5979674642154003, 0.9280526745446334, 0.682342333166647, 0.5453905643925834
0.025482494623830676, 0.8598763200583369, 0.21885152863984902, 0.8813774177223268, 0.6131091894507341, 0.5041344696033725, 0.23782325023564732, 0.8841076926111797, 0.15333519288549857, 0.37142445175148675, 0.3494099553607667, 0.23689291819583358, 0.0502384753395706, 0.6876285842098472
0.2641023481212579, 0.7359884529715076, 0.7984465868279718, 0.5861418972084417, 0.12102363613297762, 0.9136541925581448, 0.7710934463166309, 0.09113940258523912, 0.41919349621134316, 0.6948453917352251, 0.5010804740180067, 0.47714887212924706, 0.5693607373450968, 0.9472245360805182
0.6329039533698592, 0.9003925365048093, 0.9922111248658401, 0.6116199132836445, 0.7234226393730869, 0.052834350877445146, 0.4536859223903207, 0.7201855503165119, 0.7143183313992125, 0.6217059236642379, 0.41748184465715776, 0.9545813403929437, 0.20613254952810622, 0.028940695665070404
0.985596095249392, 0.835937992830344, 0.39891548782808917, 0.013841421247985486, 0.5909508624115833, 0.01778478902677294, 0.9179818011241814, 0.49292121554976687, 0.9056441251006363, 0.22921013220427022, 0.8631424593031856, 0.8097011490867085, 0.3398250461843336, 0.17076875690390614
0.39563992386111, 0.021934155899928753, 0.2594139926534419, 0.021424985429939092, 0.10882648278673135, 0.738277711780666, 0.02540900315349104, 0.10271962392463341, 0.28172122654746157, 0.8100175880980472, 0.7045176731912544, 0.26693550357796314, 0.8617226448761662, 0.24846901651079112
0.11131494773866202, 0.546945286672209, 0.8077395347024415, 0.9733156102939338, 0.5639267167614969, 0.8424394140451955, 0.6507007651913806, 0.9029113554426222, 0.6078305449003274, 0.9111956043594142, 0.238969650335502, 0.5031145343474774, 0.7433800441627464, 0.13619308457760237
0.17468010550836555, 0.8782845689115856, 0.31933494297252696, 0.8024776679122438, 0.908322005907208, 0.30441913440761825, 0.6616332934616328, 0.013982372212068994, 0.6853120772788317, 0.356672218041447, 0.2682418294941349, 0.2594306319586305, 0.19598471023643604, 0.008913592870066656
0.17155454612558452, 0.2452741022097923, 0.9838917090152359, 0.9355498750035343, 0.16607461039951843, 0.8056694462827576, 0.7805659290890578, 0.3970466143255884, 0.7136679431648726, 0.5396436332180953, 0.9657093530764326, 0.5326245965296846, 0.31579212077597174, 0.9281002072801973
0.38143608138744967, 0.6849316798122046, 0.49752259108260444, 0.51967059452597, 0.8691142953862941, 0.8920706455115525, 0.9923735165141605, 0.12855808622633536, 0.22026893701047623, 0.25750646559369617, 0.7131240840410648, 0.8066634916771867, 0.8183052940427947, 0.8170271007368439
0.31390910525982973, 0.1499620660786114, 0.20700007929618813, 0.6476273922344972, 0.6557196250289086, 0.6723155438888987, 0.4823509313504568, 0.6837654753309224, 0.3026157103294488, 0.8463267408027803, 0.8374990386133913, 0.6966475505789081, 0.6489996373014271, 0.03462997070471141
0.025550555853110613, 0.4280052147588733, 0.1393869752124256, 0.7941283334925734, 0.06784063873544899, 0.707503484401244, 0.8541611911197602, 0.06916589629581238, 0.3351939689624174, 0.00028827419616450634, 0.629455329738332, 0.6752355617571266, 0.7933972606776103, 0.41970693392796177
0.4971052342810167, 0.06387381912251489, 0.9444593347227781, 0.9913872989313832, 0.10913156571814553, 0.44341050712024266, 0.0015610704139046305, 0.8647678896848815, 0.24423447982277435, 0.9659082570673584, 0.8071262748649267, 0.6749205702330939, 0.29149486086617704, 0.7865549111354958
0.8564894108216323, 0.7748319633847254, 0.057786463028530854, 0.6764293234001835, 0.6801565177050177, 0.8221551358305552, 0.04613395576360535, 0.18214464921777962, 0.2615190085184844, 0.471858102657571, 0.0016021715893029809, 0.6560479849994393, 0.12249220979463316, 0.26160847456330216
0.9409319565917056, 0.7491266871847502, 0.18372465042147057, 0.4040374481854371, 0.3300476007436063, 0.8148910160664574, 0.07136897130392361, 0.5005990169713365, 0.14546624908981343, 0.1103875003348882, 0.07375588662902754, 0.565094954666094, 0.6708448792435033, 0.5849394501490686
0.13342757881046152, 0.2130513275948026, 0.37514639840410535, 0.9821377563968193, 0.4284915553716647, 0.717984610570367, 0.11701688214328576, 0.5700980436029947, 0.9844818940563254, 0.9691502201026385, 0.5530415328692047, 0.9665834389166472, 0.36367040357039404, 0.06955463976756082
0.6833286902209713, 0.8548142384501246, 0.09594368444527801, 0.07106907616496472, 0.6644077723341804, 0.6939963024897098, 0.051466742753630834, 0.796487236590916, 0.6864782471109429, 0.45709354997691454, 0.9192640801727826, 0.2598052349565535, 0.3065787152998114, 0.3531260678217313
0.22021574503958796, 0.1031639699665381, 0.27440929025983074, 0.24221735447194337, 0.6207829462544145, 0.329987553459395, 0.33991380330317167, 0.4002655013869387, 0.25360996465273045, 0.4417977439656623, 0.21926691345360683, 0.6468669169006714, 0.5805980678917502, 0.6685404328024771
0.8165466881840608, 0.37325346746675714, 0.6882695107650533, 0.6264603970775865, 0.9856083612007334, 0.44736199594845805, 0.21937025650768027, 0.7737581641521994, 0.4056962441917754, 0.46894301289793805, 0.8839590414384249, 0.10380040285777248, 0.41168160106367824, 0.5024435469840959
0.4852656945196704, 0.1529029984932938, 0.2313698615263332, 0.4649805376460011, 0.1703507506944426, 0.5566404714014114, 0.44502083100363155, 0.4031718792000827, 0.7564441322700873, 0.5702616999433432, 0.9527155190717915, 0.5976812409095155, 0.9145919907668683, 0.993332003571405
0.36877574498396504, 0.35448876794634643, 0.48870219201831067, 0.006396549609594904, 0.4767156277605672, 0.723768860230941, 0.22683714034252567, 0.03376121477513094, 0.16444071809488625, 0.03328246417244085, 0.38990699256268646, 0.42936349474911084, 0.256243700673234, 0.23410470411964623
0.743364149968761, 0.2176678579542315, 0.7775602718802126, 0.7198296703793646, 0.40549761116441807, 0.3015716237726611, 0.5559563907056628, 0.7361865761763624, 0.7162552091724392, 0.7478273679712135, 0.715040527397409, 0.939711665356514, 0.6909984154360344, 0.4288906762713216
0.37525799050536135, 0.3875951288691195, 0.4687389243846827, 0.8473181502806584, 0.1687682879370549, 0.7290611351120025, 0.7202218451518312, 0.32161207381063617, 0.23689020462055577, 0.5610985178081146, 0.25569095555310983, 0.8204500833003336, 0.10365217540343197, 0.6087492487098659
0.9962188235445616, 0.49563932047110504, 0.039111917781538, 0.34654470909030033, 0.33595253553240456, 0.6686109868474547, 0.2682789504031553, 0.4775187321917629, 0.9967220997250957, 0.6977661582814418, 0.4992844895898424, 0.019283628915382045, 0.8045752002479528, 0.9674456845408219
0.26868017099058517, 0.41882478642176657, 0.4500747566420089, 0.8840450949113804, 0.11156024326914993, 0.9250959172998942, 0.2786148877879896, 0.5451734180342511, 0.5670462581018382, 0.8736198678315188, 0.8030031442321651, 0.4839617068614188, 0.2212795358107833, 0.721527303879483
0.11610059532962347, 0.6074418103295135, 0.9322927010675157, 0.7756226371538716, 0.6457829175769398, 0.12972256489965384, 0.24511267514398538, 0.9108492510485109, 0.4527872772900525, 0.9428846083817797, 0.5095140719298975, 0.8782088435153501, 0.1471657531823577, 0.33904041559269527
0.7709230045533187, 0.06951141684748108, 0.7887958532942813, 0.731360797805816, 0.32970269580731004, 0.05456929079020045, 0.5163364541757852, 0.9112352234532944, 0.7565956711381538, 0.43842306523368424, 0.06937596036853222, 0.03048522011668331, 0.05437694537123727, 0.15599965347038292
0.7810613838326522, 0.8541349089292062, 0.9187861541401263, 0.09420750639119169, 0.22167913593192423, 0.2623625975249352, 0.31253379767943246, 0.7061811155261315, 0.35669881118871294, 0.6577593625642834, 0.3774571651974977, 0.09679333902713372, 0.9146180548636182, 0.4232541842748171
0.08322141416700402, 0.16575478520557518, 0.4503839461170235, 0.07727374761058625, 0.7210582305085226, 0.06112553441068247, 0.08189635942965545, 0.3244547944788042, 0.3612706909425384, 0.9738284797844257, 0.4027835793830393, 0.8579762030457941, 0.5935499936625146, 0.6033412039194671
0.7555060272950354, 0.6043439951213324, 0.9166252331528895, 0.3278020909730348, 0.46112497523053086, 0.592896146350436, 0.7875021309238894, 0.4642136147487903, 0.5054482020859317, 0.8624482225256835, 0.21332196046805252, 0.6536410985003249, 0.4194385026568854, 0.6422359927804301
0.6348999590175513, 0.4838318521729458, 0.46004531349797295, 0.09657950135098026, 0.028228082542041233, 0.8608945648977465, 0.8485802842717771, 0.17818711623365358, 0.7889672929031212, 0.3113622224967991, 0.24893092648309856, 0.548109344088016, 0.7723033610634943, 0.8386084095570918
0.42826654381618157, 0.21355072779626072, 0.8764090423994971, 0.18455818974396776, 0.5868661940809864, 0.005760250853651283, 0.03951545446857507, 0.3205176432811102, 0.9759223013036264, 0.9354678460287411, 0.31041797738514365, 0.6421681418927857, 0.921355586013946, 0.3848541816080039
0.07185671672563898, 0.9915264177212474, 0.11992603582772943, 0.6170698198520541, 0.4385810796019035, 0.46940544957852104, 0.9004669822598814, 0.21649168806935037, 0.8267208093932364, 0.38263451334479026, 0.6302051678005743, 0.5415057038967762, 0.39327026628478257, 0.25913607059187904
0.6346413602719438, 0.6849624572757487, 0.24494649074363972, 0.4555779612862395, 0.6163034332785202, 0.7014279240207842, 0.5804006658923235, 0.2938137852851318, 0.46145104010470817, 0.966989423787272, 0.2573651017831078, 0.6086647358075702, 0.02788450526522057, 0.5944724274243662
0.35740045402246934, 0.533355691032317, 0.24414166459919406, 0.9078107163159578, 0.6200758014886867, 0.5349981706399752, 0.450382639495026, 0.5949530283647709, 0.6436314456505556, 0.6258048865807138, 0.5392220970456815, 0.6860463442311365, 0.7760270543512753, 0.5953938233751924
0.5262793007483585, 0.14117687700060377, 0.830708288829305, 0.23710503314844134, 0.06977722367632899, 0.030468666149239043, 0.21097762369762252, 0.10354110840658726, 0.5389042406082031, 0.2482732638091435, 0.795814361119584, 0.4265282636238895, 0.12111308556018263, 0.4911500487584888
0.2597921031797856, 0.3389432035966594, 0.869053969973728, 0.892670550529141, 0.6419350078576768, 0.16740622693836216, 0.35254789143739074, 0.35438918077340054, 0.9817920545830372, 0.6906764360998903, 0.6911082517657539, 0.2704997631497901, 0.438660463834573, 0.42141984849924297
0.32246339035663263, 0.9854605815855187, 0.8571675158291067, 0.9685461141645464, 0.18143970127617404, 0.673047635694553, 0.7654025543685022, 0.47390072042986175, 0.4125236609554813, 0.5180809020192048, 0.7683728348810568, 0.716715054994208, 0.9682580451538894, 0.526547341321193
0.22772075165192507, 0.6861769835242398, 0.1921431131775233, 0.540609665991966, 0.7530408883893979, 0.25004159543885895, 0.3612452809380654, 0.6079440436079446, 0.6142238324684048, 0.7557341219997201, 0.086736467619272, 0.8534642206913438, 0.6561049447631198, 0.371449892075725
0.3968069774291981, 0.33780824094243544, 0.6692069456669695, 0.6952442566530608, 0.5233694127253398, 0.9694235526790423, 0.18509893371412167, 0.5163899858110439, 0.6613403241330791, 0.36511983551750404, 0.0880456178968746, 0.2357330128941515, 0.9039107087885523, 0.07201404763018349
0.47027309293453057, 0.04292883299772021, 0.09459734897760996, 0.4386326502570663, 0.6469430491246304, 0.9293240608899521, 0.009251076121198465, 0.6923193316864867, 0.003405466164183246, 0.6749377158645876, 0.5228869823025591, 0.7452210934810385, 0.9754475560642445, 0.3843309892707327
0.8695158200688726, 0.8377787319023347, 0.11138314260197879, 0.7913877375100267, 0.8228826912752579, 0.33439702426261686, 0.8330110791852045, 0.6558658391859941, 0.6881698710165711, 0.6018563331601846, 0.28355648281586465, 0.8769257895562991, 0.43646119738510114, 0.2888985448265806
0.7680803013439308, 0.5579976321968556, 0.8454992802619887, 0.4264910090584383, 0.14233216145027627, 0.3453608289641892, 0.9967455846163097, 0.780256923138956, 0.9763335202860124, 0.4522329681127244, 0.4479470660955318, 0.8111665896748561, 0.25066867084134237, 0.21295907464051111
0.2716237732936929, 0.22480838443172513, 0.20311613023651887, 0.3534101211207943, 0.050995038436655316, 0.1984551204474606, 0.9938538881176734, 0.3805705103706152, 0.3701950140014102, 0.43191372308326104, 0.9787878192659448, 0.7759118712955657, 0.19504943096592753, 0.7650970463801177
0.6663138635847379, 0.731665347899302, 0.5553495605256525, 0.35705082302036206, 0.32897827072533214, 0.7721209851974786, 0.43170122423630974, 0.7821132238663367, 0.4825602469109298, 0.6710538060859855, 0.8355291936121778, 0.4486600745463457, 0.8430500151162412, 0.8363884267118199
0.5647402188851334, 0.6758267119286894, 0.3062824337637047, 0.8155250842209809, 0.9530512177517051, 0.046232900335446914, 0.8079537588947657, 0.5619459118459496, 0.9076608951458711, 0.09719784325092906, 0.24402367159522276, 0.6565799971914125, 0.2556400703784163, 0.39172303916374884
0.5665993045023705, 0.2553932491692107, 0.6102399864078233, 0.7031347268229433, 0.04884299741387976, 0.14763759789479902, 0.3925013850269389, 0.3436911474270201, 0.2967653027593664, 0.582095661984217, 0.3951251211861857, 0.29291052326844425, 0.19313298832108516, 0.1500204037806061
0.3981423494159134, 0.2501884345332521, 0.8279459024400708, 0.7728606202250633, 0.7747873100480702, 0.42590473241392734, 0.27673554613024753, 0.7371434166723689, 0.9605518362720891, 0.5292499270088686, 0.8888446679797987, 0.6788712867369712, 0.03544296044022344, 0.5194132914153907
0.952464370102347, 0.6331141649108561, 0.44109751556010646, 0.7138069605914794, 0.057843859434771105, 0.2285227709094637, 0.030792949541950665, 0.2398951413746383, 0.29109389317971923, 0.6661194682432028, 0.635837933268016, 0.5317164646973196, 0.7451904446660533, 0.057394509974757035
0.4478207568262774, 0.0672197590666076, 0.3627396118941373, 0.4775788197455747, 0.03214896659122779, 0.2740657773041717, 0.07907839151772367, 0.9247474652821568, 0.5430847113152961, 0.3449083159331716, 0.03560903890313882, 0.3272356834418022, 0.19418355381768548, 0.5471508423621175
0.35101645383805435, 0.12106037970534744, 0.3472663496733369, 0.24128104170922016, 0.22955595215611058, 0.08815358628009529, 0.49161555174195737, 0.6862838599483546, 0.9799772923413945, 0.03297884442521681, 0.8652316529590683, 0.2697615685569007, 0.883559369092172, 0.40340214393320495
0.6495496586396374, 0.2912814730225253, 0.12001862149929055, 0.32634115457137425, 0.8253226273705442, 0.2985113893579837, 0.7547513466114923, 0.2096871729770523, 0.7388187952973677, 0.5458054478790887, 0.5033198202870363, 0.7186061952747974, 0.028103933047189944, 0.5592499163005277
0.6121945700198093, 0.6234065520722571, 0.03202028813250257, 0.741497761863606, 0.6445855469996657, 0.737911659214863, 0.7919746752438143, 0.4614379081081773, 0.07709415888486282, 0.575759144588289, 0.035380400165306636, 0.75318298578602, 0.8280663668016379, 0.1757516085490074
0.48268184114560553, 0.5475818061961035, 0.6506959214351825, 0.7314779666230269, 0.7146443778202196, 0.1612246629345352, 0.9004448855662502, 0.6932912836972492, 0.9104447759885312, 0.13826984612441995, 0.05895022641810699, 0.4498697570609367, 0.3166835258299773, 0.07816627730124792
0.8170876039822217, 0.8902804680436616, 0.22311922531857242, 0.2835485550040894, 0.5386325574797115, 0.2649554476661916, 0.6894435284786513, 0.588406973921554, 0.06480110142521345, 0.8791894233009221, 0.763775181020056, 0.8092856001044006, 0.24055972349566324, 0.7878749463299883
0.26313449086755525, 0.7432657657376799, 0.01673699797555539, 0.36778104880899465, 0.25879080330776105, 0.605538718294662, 0.7639573898515705, 0.5257798788326341, 0.9085056622673656, 0.6092412860198336, 0.9578897687848493, 0.9064068692221501, 0.2507745853666036, 0.6653912552907225
0.565142624890914, 0.11409460296893015, 0.7313503119452669, 0.7470299023108803, 0.597211210660091, 0.18772953345547438, 0.9923391698538702, 0.03696813386219899, 0.4171309186437554, 0.7653350024907116, 0.24838412754638273, 0.7114079355098, 0.40451215300716303, 0.17295558147082413
0.9078378328417936, 0.9088662391326838, 0.9422619256006038, 0.8060212441003725, 0.9836440375582932, 0.6846312912719908, 0.6254932867100047, 0.33747347751469636, 0.025292115140975957, 0.17129601689728524, 0.9421621227509812, 0.2782202963716448, 0.35971144327113236, 0.935319482836967
0.388203485447444, 0.4567724377459461, 0.8328133317902799, 0.6072206300594255, 0.09571758635766148, 0.47347480852051227, 0.22461211793968372, 0.8443175570308676, 0.7200449349028216, 0.6548086231378302, 0.7216621526517346, 0.5019959675421702, 0.3025801781787455, 0.9934695675404835
0.33983427601123284, 0.0873651420097804, 0.6476682516061988, 0.8695979508643548, 0.17746757909951338, 0.5481928941359382, 0.06594378458479733, 0.9749789237416697, 0.4698992856514844, 0.6967944874050747, 0.9361137060482129, 0.8510635577078908, 0.5076020667506616, 0.7489692134080037
0.7884562430291759, 0.4201103048770284, 0.2175218886524387, 0.2560842200496577, 0.0024883233923721493, 0.4086976464714409, 0.07321046705885903, 0.14803462602616435, 0.06495072045697692, 0.2911728263929566, 0.6165874476773706, 0.38295314675046543, 0.8795097529212543, 0.1034076844157803
0.5169477299632386, 0.9144768633205539, 0.06698531963966958, 0.3671845570732075, 0.011560745932156613, 0.3197658957570927, 0.27354039437687716, 0.497449644701933, 0.4710736349937421, 0.9487567747862752, 0.6296692747117816, 0.7391862004526462, 0.8279704623280545, 0.44897296341908133
0.13165634553794803, 0.572570546801894, 0.2921147628589792, 0.21031147188805666, 0.9651839647413069, 0.7006986011487079, 0.508075283469364, 0.4711974007294345, 0.29636323112716056, 0.7903534336383672, 0.3184601977206326, 0.8586360990280535, 0.4697538656839799, 0.7330164326963005
0.27641247213163544, 0.5974462603689483, 0.45051624402396695, 0.3758419492556657, 0.5428017212018148, 0.8764757863309812, 0.5922308910225007, 0.2531099895011879, 0.1457093108490698, 0.13435347269220388, 0.11836113133803683, 0.5598134274593314, 0.6602100776165828, 0.9800897379575068
0.6766716622630126, 0.14177716908422633, 0.07066883240048039, 0.004623465626841905, 0.13122986014531823, 0.6336066301643621, 0.6049250538143812, 0.8271479928601777, 0.43985773569703035, 0.39143205737179254, 0.2828230182084379, 0.29762491409376546, 0.459076570329213, 0.7891674185588693
0.35922405754598985, 0.22945200209678107, 0.550668543891799, 0.17100161399356228, 0.21104381422603313, 0.778845480192878, 0.4212890137252754, 0.519005444433117, 0.8425600015431566, 0.8052713307597542, 0.4868572779905611, 0.1604398242948184, 0.7175775644592776, 0.4764467255148733
0.26449667196346605, 0.8518192095331248, 0.5691065843837204, 0.553893261955623, 0.3609001033869962, 0.5646797918828439, 0.8612801913021196, 0.19161702582150597, 0.2917555291476991, 0.46893873216735193, 0.21680871569220606, 0.3532619769980737, 0.08054329039273445, 0.6684875998597295
0.2592857384993644, 0.13733101203682674, 0.7653562172426651, 0.32343597054832574, 0.9256303859367689, 0.21999352598262178, 0.6950470701412577, 0.9336064485591946, 0.5462993344884076, 0.37866327451445536, 0.6411511924720886, 0.8722390609319893, 0.4780618510416129, 0.9723460494307155
0.25699325357737135, 0.22210471214820504, 0.9454725660126386, 0.4694587296075041, 0.35579785098123207, 0.4715858411675631, 0.3416680616158061, 0.446909272053715, 0.5827306654180602, 0.4648051810541597, 0.8541423126421369, 0.6828197246745435, 0.48700807307527194, 0.3133047564808734
0.7221995020923554, 0.9946644526166064, 0.7987679504323703, 0.31697690808246115, 0.1590125375367537, 0.6082602098941849, 0.07541290859886585, 0.0455732687637217, 0.1622549698346447, 0.8969525269074863, 0.8540172421314425, 0.833944541092646, 0.34576409722187584, 0.9992002063505272
0.22677576796944643, 0.6713090333453682, 0.5149870895272011, 0.23808614310488851, 0.29561287391885094, 0.38997870483926256, 0.22550856239058092, 0.48153950521552247, 0.9427341246599954, 0.4417546884760952, 0.04949492266927358, 0.17288636009285463, 0.6207474079085253, 0.7764166556182656
0.41288548308229955, 0.8388852737302066, 0.03428717731892372, 0.4986987779848825, 0.37180631983929746, 0.22115051528962404, 0.2730152104001775, 0.2201483252109775, 0.7757604211892377, 0.1450944486309963, 0.04062307484432848, 0.28725861393406626, 0.5162351446446807, 0.8091855272312447
0.6549926020148357, 0.46078437693960395, 0.4418268337363168, 0.26512245499983356, 0.42036566326253666, 0.39686565606149815, 0.6793412210282538, 0.3241667110671683, 0.09258236096941053, 0.9533075933894098, 0.6558621432408586, 0.541472233894543, 0.1328760056013667, 0.8613267246423063
0.04105337337637305, 0.41740104663555755, 0.9753619307772953, 0.8064837030365628, 0.22524019869610334, 0.3664059099984859, 0.2637442204758249, 0.7942498582184221, 0.04109284566693305, 0.7069726708860703, 0.11424288793420645, 0.1594864380489862, 0.5998648563397897, 0.4321558454955128
0.9674054508074115, 0.07428373713186232, 0.5559808758567985, 0.21330304038324943, 0.8372750544235266, 0.812474581695564, 0.13550326287224923, 0.87710504631828, 0.2475967189252235, 0.2575424489227598, 0.5263359134195148, 0.23228599003591077, 0.35039688834417015, 0.6948695016277516
0.12032074220133948, 0.360702912780712, 0.7134716107946625, 0.8592679066825324, 0.32746455133794283, 0.3607561437831429, 0.38644953391415826, 0.5289510211323551, 0.6327670869808489, 0.3929731550483554, 0.5198767867213194, 0.3678992513947573, 0.3586474960161814, 0.7585644631007816
0.26325603443409973, 0.19189964360701173, 0.8609255238869739, 0.17869718231515774, 0.5128133140631842, 0.8240787929920688, 0.9514527973901766, 0.09611893037227315, 0.14069400725742143, 0.041136304730843176, 0.7933835688910212, 0.33738576421543454, 0.702835440744957, 0.13603356114497434
0.411358194435818, 0.7430099949897463, 0.13171313207206492, 0.26046544458270704, 0.3156223044525832, 0.672886677224268, 0.22104906773747646, 0.4282126924813199, 0.7002752248673126, 0.44579742220357244, 0.06486108501040799, 0.5688502917438011, 0.20115503847809957, 0.45018330102847637
0.4348703783800737, 0.7701833128705685, 0.40821866565790244, 0.5194930375432599, 0.2661108322137542, 0.20010873983715893, 0.44704756965067316, 0.1424838327928889, 0.17429210438095732, 0.5800800973513079, 0.5855305877648349, 0.0026121144048233402, 0.147679291557545, 0.8754293565012663
0.9597189826792997, 0.4793481612566418, 0.35965968130272086, 0.4415962829061033, 0.4092590623752933, 0.6357081521274373, 0.9633664022878288, 0.5951583512721031, 0.9401913699021678, 0.6095982562949818, 0.7399414800553024, 0.3429042678936447, 0.9005239353533451, 0.3075112427358536
0.8987093824258575, 0.03829280089416465, 0.9226890187220782, 0.6881492777943726, 0.18322635776902219, 0.9078702223948234, 0.48442846748638124, 0.2626300887553522, 0.5917342494464055, 0.49750373178475604, 0.6106516208855861, 0.9636193840237091, 0.6508948125304822, 0.18557669672806376
0.40430758806887124, 0.07266977369278516, 0.12293786211272584, 0.6670713967522413, 0.1874326866365298, 0.34364510605300336, 0.9058523757754969, 0.3394364162738558, 0.07995994912318849, 0.5694488416713261, 0.9803381803807759, 0.5432658351688776, 0.9348370113728156, 0.7580769541483672
0.9834791188867422, 0.42511938250896186, 0.9887389603386245, 0.6439512428222749, 0.768950753806005, 0.12665022716802132, 0.5954063117330882, 0.5095045639222172, 0.26553242186865744, 0.8683483076994438, 0.5078419517678636, 0.7554788403753617, 0.8735472396468298, 0.41739137688539296
0.7122999163022122, 0.44908973164822286, 0.4136518319645387, 0.4053692541056748, 0.39221350301922386, 0.659194314313374, 0.188193187451153, 0.2857965506858773, 0.7972292735913726, 0.3259843583843127, 0.010925901187624265, 0.8395875214420676, 0.7564761140095153, 0.27711800967734546
0.924840675611062, 0.21962729148220805, 0.2079750457343963, 0.2890070012311642, 0.7503983782620993, 0.9962442615587179, 0.7252979914514038, 0.9279450201944988, 0.8365858969784387, 0.11442826000322492, 0.5652390253515301, 0.31917763129484156, 0.5525895621895456, 0.21334729820776188
0.7750430006968273, 0.8871112527861149, 0.631968721358824, 0.498768945973601, 0.30907942355404616, 0.04021261311867641, 0.024350778009455953, 0.6628724726143144, 0.49546404179744696, 0.8140724012138013, 0.5519834126969472, 0.2877580344675883, 0.2736816463972074, 0.997647225413519
0.016241559282373585, 0.4075484659964481, 0.19285843045934692, 0.6030429293942123, 0.46414299210267274, 0.8690263648458412, 0.250540115899736, 0.7688947129086133, 0.019394095769764252, 0.807994559074188, 0.7405620096467102, 0.8559489896905685, 0.6704651317957078, 0.7385969668763179
0.5406152307931889, 0.20613501421993807, 0.39821613119182875, 0.8337902487087173, 0.8394977790888721, 0.3225880230999858, 0.1249159764130312, 0.13954519139867505, 0.8197172235375165, 0.810762960934604, 0.2967409821006981, 0.9860297330038512, 0.5740459784695425, 0.8068907242143278
0.3947191080850555, 0.959006244085277, 0.04909196675205563, 0.49528973988297276, 0.864480558545116, 0.9604570585748603, 0.12886852675895455, 0.6960607551223915, 0.788823359084623, 0.7946336275150908, 0.5972148591679891, 0.5296320729914836, 0.3834022773355499, 0.8391287996133757
0.16590048987771966, 0.562253455340499, 0.08572127068597502, 0.16848254089305448, 0.05227411592634379, 0.9542480910389872, 0.5035944612770807, 0.5771384913142996, 0.8819706302073355, 0.11214533094222245, 0.013748326129070954, 0.3573886056862835, 0.36977991162725543, 0.6275847931339243
0.02117418058651266, 0.3968593072549297, 0.29411132479423385, 0.4665578976021829, 0.06291101372289587, 0.03759504358159349, 0.5080005407826137, 0.8153270335364079, 0.2090910922386786, 0.6360292650396954, 0.8654570671202297, 0.43262864261196676, 0.03875707360849889, 0.904377414556465
0.26612916763453953, 0.8056121310735186, 0.15770099942078275, 0.00017901540131404214, 0.8213347887417471, 0.5771220453926187, 0.6267564600865925, 0.9615618207267761, 0.35042308031692226, 0.44151840137780884, 0.3564098601492842, 0.7582330149105003, 0.09053638972638212, 0.33681895464081846
0.9071859981897182, 0.47621425426216, 0.48342220360694965, 0.9407276242394806, 0.02525629717185518, 0.9282512795670745, 0.43202646308261317, 0.1404670362264573, 0.07002039461215559, 0.1353025762261475, 0.7379068310786964, 0.2564453499169457, 0.8568242120597577, 0.9507617968781167
0.9882571398707025, 0.42670659439710734, 0.2574688597952667, 0.1948972320550585, 0.4526578401466722, 0.5796954609025117, 0.6669563791677054, 0.6601941884157178, 0.18783108428353013, 0.22067766946956413, 0.6597003756585085, 0.632911733379191, 0.8406062887339236, 0.21423961904041
0.1899264678417738, 0.43980028205815036, 0.3244750622267494, 0.4276059352210614, 0.2874059685689456, 0.13827988141347503, 0.32065259395439605, 0.8556932573545435, 0.6139337710780591, 0.31824872075263466, 0.9223333877472708, 0.6857607057656085, 0.4038321709582, 0.06285156855272944
0.0706350201931405, 0.5562109412795067, 0.9712895329478234, 0.5470368543349184, 0.7460746038547711, 0.5189204775695782, 0.4155988170822378, 0.8253613781818732, 0.32935592364700905, 0.1695362433059837, 0.5428928257213914, 0.7737751393264907, 0.3427239045201612, 0.7931446468080535
0.9088926559388124, 0.9594495961204134, 0.10495637801644275, 0.023758445764649916, 0.24001660598863128, 0.8776760252413794, 0.5123753548424395, 0.9490453462164014, 0.0847380862915944, 0.2177292579851584, 0.6974509896076587, 0.0889313350304447, 0.36671542738478935, 0.7484984039084872
0.09032956699487815, 0.5709847788054149, 0.22363338004069655, 0.7210604532737521, 0.08055637672720495, 0.6330435350257905, 0.7783725256058117, 0.9097735982274504, 0.5233165734040078, 0.6311674868584604, 0.9792429700032841, 0.7671477480164113, 0.7497248638243058, 0.6230891297035129
0.1452924901378564, 0.06520078232375248, 0.1865215138263504, 0.46026865969177067, 0.3401552776862381, 0.28365439490997235, 0.69817367436296, 0.7951371929749471, 0.4356226612125347, 0.6179860935065579, 0.22308212694069296, 0.10753306660092754, 0.08340409621995504, 0.7127788030188813
0.5452456198140707, 0.736949627163279, 0.8420561452339581, 0.8786686043985238, 0.16262223855581148, 0.0006411049137602376, 0.09854953598265559, 0.2799095133981412, 0.7735455271773349, 0.9691070153118652, 0.34169146307868115, 0.9116158178160023, 0.9416799932716644, 0.3986014768477374
0.6249467874640898, 0.23118420740471302, 0.5218932881260122, 0.6256500343943262, 0.019790226697386393, 0.4687678580093413, 0.6636268938353774, 0.449022331480011, 0.04990386757392096, 0.711427173160979, 0.13973185740672722, 0.07477794503074342, 0.5274658945318952, 0.20964520172636925
0.09261768304642115, 0.3526759098488962, 0.6937094605934692, 0.4016228543567961, 0.2856249356144608, 0.6734228316147814, 0.21837428945388748, 0.32312066063529765, 0.3117916428662586, 0.8528205695536697, 0.39523919288359044, 0.1735373961371981, 0.9608076438164324, 0.9902273422458435
0.8231409931697126, 0.6685912971211968, 0.5302935835662793, 0.01756007318534758, 0.27608204532152647, 0.24191554338729837, 0.6200722878886097, 0.450696762866199, 0.42635719004514916, 0.5908707036828771, 0.21656944111908716, 0.805276251875944, 0.5480280047261055, 0.7231505356146289
0.07035099293414848, 0.058537732032272194, 0.061229466981032266, 0.374783144851199, 0.14851666256216767, 0.9084225273505526, 0.007556837451646148, 0.0825613943519673, 0.42831496243226996, 0.5795501562265479, 0.40565265382389537, 0.33309415134156206, 0.49561466633797757, 0.8214797687827361
0.8006400182757438, 0.5122517192554563, 0.0008669605391620205, 0.4397330991326124, 0.2874988880550672, 0.4325188834493998, 0.2730424287923967, 0.011104456121591721, 0.3487504720553427, 0.2835791350353071, 0.741343867806396, 0.9654743682918943, 0.2150485418564111, 0.3172505281886342
0.2720139658637638, 0.6000734154130435, 0.4480490328922644, 0.12347812508648515, 0.11230372210967243, 0.6731766275810139, 0.20501091402436944, 0.9816524949936926, 0.529550050631225, 0.35935284929643374, 0.08719343433031623, 0.2815837428429292, 0.81796861384334, 0.24293745499508546
0.27381369425819246, 0.15997129488489648, 0.17579875854696136, 0.7552912808296259, 0.6801403545321694, 0.6616384088114181, 0.3131936827734836, 0.36422194479449743, 0.742658016952184, 0.26963038848952425, 0.6645162597928852, 0.5431984829961881, 0.8461794634796175, 0.2472152360467741
0.049272523225484144, 0.059115874095915344, 0.7603491991066397, 0.1609182445592361, 0.7815008952674205, 0.9195451891950528, 0.963736142224223, 0.9202929240246062, 0.11541297372834303, 0.73429516205435, 0.6837081182221091, 0.041881692568112694, 0.2819246106448473, 0.08651590305489876
0.9680548466379821, 0.6945884820114692, 0.25453868369353627, 0.9314112346704017, 0.7112953688257503, 0.32001057997856, 0.2957638918021517, 0.6751759027797017, 0.20117538548421643, 0.8775976000652316, 0.6897024721973285, 0.17689198474677148, 0.9312137910020541, 0.28824365512094496
0.5515205446508317, 0.6268261735064197, 0.07807408670010951, 0.6654433544281456, 0.9862072853008428, 0.3344441439014164, 0.14258907361661655, 0.8200090439307546, 0.6360344176858388, 0.11028167620952489, 0.7131163562169849, 0.4099580041979394, 0.33418806190675343, 0.649965821652064
0.6401938936014965, 0.360578007697801, 0.20258905488196932, 0.279440758698732, 0.44291524699664997, 0.09190048933790984, 0.7103637562049574, 0.8534131227917743, 0.8828409291850644, 0.940225086661019, 0.9099053806079996, 0.5676988693209468, 0.8652859995184035, 0.3405543674314093
0.4233061194632214, 0.09136661427089254, 0.1819928223015972, 0.0630053303805792, 0.4026131432600566, 0.11787477840180582, 0.889237520626591, 0.5334907067282852, 0.5065866268768245, 0.8481765954465487, 0.5546733010754029, 0.5894792483935453, 0.7809985860556925, 0.008133452841409206
0.9930131186006388, 0.751258102048009, 0.29336843126872314, 0.943472114873412, 0.015477038087432948, 0.4465629301397883, 0.3400529736492436, 0.9979940310345277, 0.9279335690788079, 0.8889656292768149, 0.26955120843892943, 0.7136761833315376, 0.4631229207037679, 0.4080838171566392
0.18665020960320444, 0.7615967204546957, 0.29837339799178897, 0.8483117158413824, 0.9751600337971822, 0.5580497223411287, 0.7628291041519609, 0.6614284669706533, 0.3142638641701282, 0.4199112459271964, 0.9913210847732302, 0.7312326593741159, 0.6017344976040454, 0.9287595828039868
0.6529334735870923, 0.3632419799493749, 0.6643520047068119, 0.5096313809288044, 0.23593804254676953, 0.5634966321830046, 0.5099256587717271, 0.1295782926359237, 0.7829515697533357, 0.029749225982349525, 0.27503874088367997, 0.5465248676079802, 0.17260484279594013, 0.7176017103541856
0.7563769532223559, 0.4000459189285984, 0.8695539758323738, 0.30262285316346416, 0.049576895899716034, 0.3566562031361431, 0.16018320701776456, 0.34660592622767283, 0.6179955991156142, 0.05028692839618487, 0.5823207785507618, 0.690923842327411, 0.986361249931547, 0.23111004232243848
0.6129123921659086, 0.5573533709047599, 0.73592231147111, 0.5999800714557044, 0.17149535160188467, 0.9064618039360794, 0.8799344412975527, 0.561456695291028, 0.6649435978398509, 0.8499236618681231, 0.6011329462208154, 0.4335547585493664, 0.07859213730218917, 0.5018124022572774
0.30067879875986603, 0.6770333397068405, 0.1537961707846175, 0.8665786730559827, 0.14791952848844248, 0.37049177006681755, 0.4675929087213013, 0.8640136869593728, 0.40959815990408277, 0.4853743780762253, 0.5382430336851234, 0.5019410348264386, 0.7499739471114087, 0.7307618397840995
0.3443546043537902, 0.571764335255726, 0.45783845932004097, 0.8757837150572759, 0.8760955435306682, 0.8475412345461967, 0.13140453256538898, 0.40476886431485004, 0.8139322067849253, 0.1649185237375369, 0.007291387283325124, 0.6414565371998018, 0.647675986032219, 0.9848007993224289
0.5005665647826202, 0.9548127987807775, 0.10842274639275251, 0.23950932090922405, 0.8879991166149914, 0.4765681610958824, 0.09921240778447227, 0.5684553335554916, 0.2867252941990135, 0.3133504808464497, 0.6697459103802972, 0.09524055826728206, 0.08082162697216044, 0.3941691241300894
0.7809109268438376, 0.6746314344182093, 0.7427838868870085, 0.14425586906545396, 0.28856517505831647, 0.9636335499271168, 0.2848361960569087, 0.6491356196495319, 0.22667390096717321, 0.454222224854247, 0.7696703605654766, 0.7054735628856618, 0.7617758153169081, 0.4320042572573253
0.34645040147936035, 0.22622715261798276, 0.048072327043932495, 0.25456925380822315, 0.9114701823085074, 0.3199235480650867, 0.6071193039324172, 0.05976676883301002, 0.7383214893819898, 0.48466687129905384, 0.32409339613535615, 0.4863298987300153, 0.015569069228722254, 0.3863889998991573
0.48452909615475526, 0.06532738223693335, 0.7699006066306023, 0.24758537595887553, 0.40186672437711723, 0.5796913469098767, 0.3040295203264116, 0.677941647649777, 0.48399562841291965, 0.40823286847202656, 0.8784610061669756, 0.8917456089035268, 0.0022462790959619783, 0.6371309505881162
0.7019000192598994, 0.04366439828410873, 0.1690845928244844, 0.9411034111230411, 0.0067127438077624335, 0.9137826124447288, 0.02480310239301453, 0.9933085882335015, 0.3650482212269741, 0.24139977154391157, 0.409252018287814, 0.09457636132819802, 0.818247144445486, 0.6171410462659468
0.2195931241404686, 0.1309007171102773, 0.5527058037745018, 0.0617862184902741, 0.40575884377767, 0.4662485260784355, 0.6465105240235617, 0.20483289011210015, 0.3244179435301544, 0.8163760245942757, 0.3692671440515005, 0.5775779216996408, 0.881270799717959, 0.11792136965466249
0.4796022542432803, 0.7806420869495753, 0.722594059963743, 0.8713957688230669, 0.7986230950124883, 0.7716600770283564, 0.030055890167728028, 0.14335751461590684, 0.43431765887649076, 0.5403669688168093, 0.77418313245691, 0.0526160112407138, 0.6938667359821807, 0.800917270036345
0.640329924935797, 0.8562040939156431, 0.6435883314445912, 0.8788825680542144, 0.3086554995829489, 0.8549086686957901, 0.4580327025223584, 0.6512693769521398, 0.9417474422203376, 0.5289314877453779, 0.8493536517037783, 0.10932199648603602, 0.704758465162495, 0.8235122431953189
0.242838078292273, 0.9870163964283493, 0.11899733865811246, 0.5410016366939842, 0.30365379881902255, 0.216348670842759, 0.78725429267634, 0.9931038333297475, 0.42130114418411246, 0.6258927012133388, 0.5906503728459941, 0.797042598332176, 0.5656158251028742, 0.4743264724353864
0.2948777882049898, 0.63050960475309, 0.3875497619627958, 0.06304824875151638, 0.11916081525920974, 0.36757851545987263, 0.9212144815054453, 0.6997293894465799, 0.1771425578225827, 0.526724027740088, 0.7701469603913997, 0.5300920944914982, 0.5064184333274356, 0.33050583755237317
0.3499296881398457, 0.8980575876301127, 0.5674905402814409, 0.4007603223140055, 0.5789867096455786, 0.8963304213281003, 0.5719050851365254, 0.007292402914604534, 0.4002122441169852, 0.017948437769528258, 0.0158818333061016, 0.9087336830304631, 0.2080853962772392, 0.5348177466486834
0.041026419767702715, 0.3839345170445322, 0.21982297444814736, 0.8728951639220693, 0.013902478417470165, 0.35686573487042683, 0.6935135481046728, 0.03479206608469476, 0.3231424055634865, 0.776793497466713, 0.6977561159392374, 0.22644340946667252, 0.15513389076901363, 0.20801534189679982
0.6143806556528186, 0.20358682388404237, 0.595243126992328, 0.250873979335533, 0.2919797930920687, 0.8841839764613647, 0.949988787557875, 0.8733728924134104, 0.3481115977234106, 0.12908268856408023, 0.7196045191409802, 0.802550167816913, 0.7061031432825052, 0.19217043911797027
0.24234473504257237, 0.45543611991829647, 0.05540850414864795, 0.6298607752355218, 0.9194290349138955, 0.43823835912673603, 0.26469656042415324, 0.2516367845427995, 0.3626786630676494, 0.8017421562247216, 0.7412183092075699, 0.9998830484171617, 0.9814520760976516, 0.567878016505398
0.06631696686409527, 0.39588329128581323, 0.7833563635584928, 0.3956719016334116, 0.9419652521743368, 0.3119064571839866, 0.9988374706963254, 0.5772806838654807, 0.7953224950101594, 0.4263269421186695, 0.4278570194399094, 0.6510230236912888, 0.3242993772540098, 0.1904074905652463
0.4175954556554178, 0.4225895116086884, 0.4561181150898691, 0.5499718119414253, 0.4421636094868844, 0.9447129073088669, 0.7489866322102557, 0.42132239119857473, 0.6616533745947898, 0.7830383268829894, 0.12036411433773542, 0.880618840689681, 0.918453675799605, 0.39687143038472217
0.6284059789969716, 0.8870991324515825, 0.7137228876617755, 0.9014936636176839, 0.8818356669614955, 0.9087614588843477, 0.9051340233977766, 0.8138155107994466, 0.0853024995171362, 0.999332997535568, 0.5447147622333882, 0.5302062553981881, 0.8954753229478524, 0.35319192385330345
0.33649490206282373, 0.3210862634699898, 0.5033867968607975, 0.6294729892708911, 0.6606028243640318, 0.9573833750142041, 0.994075014487799, 0.6472712686456159, 0.015827263827058013, 0.47975099127709575, 0.2810898499313774, 0.07616083853645639, 0.9800909844835837, 0.24716381235573082
0.7390683398237844, 0.003054440503046263, 0.07174716624546662, 0.5169343362597674, 0.19705281989879064, 0.6268270417493176, 0.4023085937839098, 0.09213591717544944, 0.8786673604537273, 0.3958932840125031, 0.4006146440693845, 0.5816944379606083, 0.7150872837308171, 0.14993187476392877
0.477532454000521, 0.16979960627706459, 0.18565355037358489, 0.09245420122832715, 0.41239006380960175, 0.6917736825708335, 0.05994193191440689, 0.6773962099145354, 0.3337773120445442, 0.2241191665599659, 0.9655603824726929, 0.10177952250378608, 0.6830654072452125, 0.9734008612501154
0.529297493183785, 0.32468573079601515, 0.33337480494157845, 0.7428235932620089, 0.22339316488555316, 0.8180264125563388, 0.824767509223555, 0.5311487883927554, 0.7427230637765139, 0.30467575372129385, 0.3383662672446306, 0.537755939359871, 0.16848093086436666, 0.4453592075251055
0.1554964633426148, 0.3767577723113966, 0.34936129917715375, 0.07581078315523482, 0.15346406164503046, 0.18494651877760748, 0.6868615575751923, 0.8415287656541599, 0.34419359164400476, 0.1581319195515296, 0.9701243840907211, 0.053781536709084254, 0.6553421322860427, 0.30276553760232217
0.502134089009581, 0.7000294312590604, 0.2038658717961821, 0.9128474433989751, 0.23882041460921533, 0.49788441733064426, 0.13070799037392666, 0.42025117797256106, 0.4969698360749054, 0.22198402901087833, 0.9552983731132899, 0.16904420422716815, 0.43518473139959424, 0.981141849475994
0.14208743306277138, 0.543315949251123, 0.8848746127309087, 0.7777991793908824, 0.03604057852993936, 0.5982170432962529, 0.8004659548817773, 0.06274028253426045, 0.8932287554368905, 0.7635798206407953, 0.9024280319660646, 0.4529133483605071, 0.7376206069006596, 0.15672521986363708
0.32929020938556675, 0.26365010968693203, 0.21043561500088914, 0.7120457244462087, 0.15636311766341038, 0.8606152587004633, 0.6503701642626106, 0.6766608880576327, 0.4036907671492963, 0.9771500556505708, 0.07987570187209758, 0.1071024769630905, 0.6371206794284864, 0.28969255473171207
0.5621058623082631, 0.5143501627856925, 0.883015280984286, 0.34510571720911076, 0.8328119221286866, 0.14655814154581404, 0.5592377837453911, 0.1207499821821647, 0.2243462520307824, 0.36359998863618914, 0.42486929248492566, 0.8642102934151522, 0.24608684260079716, 0.31334146667764506
0.7524414285542177, 0.09187101966255362, 0.9364153870436546, 0.15478046191254446, 0.6184727457877793, 0.15447978346837454, 0.5098080927873412, 0.7237790213477082, 0.7566465024816318, 0.20311113993090457, 0.12134172038934044, 0.28730742282366384, 0.16188180197383972, 0.9804405135648637
0.7994097703019787, 0.4459062138556119, 0.05568205291799533, 0.821409169972188, 0.10458604946928252, 0.25657387262242215, 0.33033070727048575, 0.09282053244801802, 0.9800045417621649, 0.9470040685739439, 0.5779944061255486, 0.4140954949309613, 0.921705721216292, 0.8036191540910296
0.6094429153395594, 0.06367341635775348, 0.6930622038996814, 0.13341132034058834, 0.6564119948393564, 0.9073356330273467, 0.5094931626628034, 0.9173389248515973, 0.6002640147706079, 0.2897527166028976, 0.8903694097563749, 0.7000759251573363, 0.23795453864116944, 0.4115925127584933
0.5705261824545714, 0.5282819872550045, 0.17979967966188748, 0.9390156486058125, 0.24237231162576334, 0.8713813941915238, 0.9288339395303118, 0.6702578052148811, 0.4155365784026086, 0.2656636320021154, 0.01982564762757766, 0.6223412110566571, 0.3972920147488799, 0.6487724401468196
0.8592528801320303, 0.6577390783944849, 0.6257103830252205, 0.99202247109819, 0.7695452023873707, 0.49263675559203934, 0.2317103564481101, 0.00734981287664116, 0.5847122046725762, 0.7858701596983763, 0.04420508771023002, 0.15303197596581408, 0.6180179031991246, 0.5641078491422008
0.6831482635646198, 0.6950549789401184, 0.25135333663163595, 0.671939002170847, 0.7187926881599527, 0.08809953012794158, 0.4904826205780636, 0.12727868602047188, 0.5294766315216806, 0.10997278115324838, 0.7888949304923555, 0.560838932893544, 0.20356145410530213, 0.7046018731833391
0.9204486136684564, 0.9621619790115755, 0.43575017306518515, 0.2206757958658988, 0.7837551854874573, 0.1640728387770234, 0.5317390236885898, 0.15473951950498632, 0.44375136549733074, 0.5144595788754152, 0.29929303359522164, 0.5799113379653896, 0.005259841247529651, 0.17543517762595873
0.33695492478326705, 0.46673282867853516, 0.1325628044236815, 0.8225705782472926, 0.8777182485038371, 0.21615331995925002, 0.556539270959719, 0.11486703752536376, 0.4954263961957345, 0.8131283301483156, 0.45137178897755625, 0.04849407590664978, 0.631924148783288, 0.8462905059381143
0.4595804147655388, 0.23861051251899867, 0.5914351783332827, 0.7005969059746654, 0.8401971946981198, 0.7046680744303082, 0.4604023008695839, 0.8236653376148408, 0.46583430901463996, 0.4013412134605404, 0.9065020471385183, 0.5910469535488193, 0.9408478611646903, 0.7747566201415835
0.9581029580751999, 0.24420562364626908, 0.7105310076589172, 0.6197325210186878, 0.5366534857243006, 0.31482917417244527, 0.4708229854981566, 0.3308685169850131, 0.11784495794534089, 0.3726101495469095, 0.2181530297296369, 0.010449567952429129, 0.6471491298577511, 0.6884338887817719
0.2068668248571086, 0.013142959456873382, 0.8231343976061876, 0.4929016875322224, 0.5179753863110909, 0.34624948839999414, 0.027731023065939775, 0.6606612847874272, 0.004122306464472425, 0.1049973367929653, 0.5953952194143252, 0.6804731177790814, 0.5210818040662712, 0.8136261508480438
0.13016570244580994, 0.3776997856704448, 0.2381147654423984, 0.16107727952986628, 0.17681070039461444, 0.981989802654357, 0.9541805422983713, 0.7699745586616064, 0.3695052649699774, 0.8199946130342749, 0.41624583819821526, 0.6731057851973402, 0.4550774857558466, 0.3557247532905139
0.482880060715866, 0.8736131552308815, 0.6810787940513726, 0.5530400687759851, 0.6432409585266681, 0.18651333448591334, 0.008268829884997886, 0.3548739496459328, 0.4320261770643924, 0.7650055877427089, 0.8961925050449381, 0.515454518279591, 0.16879115889629892, 0.5270348854310282
0.45324241914964847, 0.4671089801389222, 0.3719883742451269, 0.6899794465115076, 0.43273865375399423, 0.5554491830712853, 0.4380564576657645, 0.5465603642172897, 0.9538691793460388, 0.951301245039748, 0.45904854623610125, 0.20450599614201337, 0.15165047598379866, 0.15657689515358342
0.06987314493354058, 0.06990412110963629, 0.7254965390306676, 0.8534479331033819, 0.8402772712538088, 0.697964921225241, 0.7166219307063895, 0.144787295890351, 0.11678301139851754, 0.05229226807343079, 0.5293703658391072, 0.3462997530128358, 0.026268125112032803, 0.8356775456222315
0.24625483258974956, 0.28126217720792, 0.14501400506719508, 0.512127989333187, 0.4786546250916335, 0.02286804928083308, 0.5411981457269994, 0.3421849531583796, 0.99152425349814, 0.9823335180955027, 0.6218147597102549, 0.4425140767600996, 0.7251186879815675, 0.48665146205355747
0.8523530555131497, 0.5691306769887782, 0.03521123906294199, 0.502067313983627, 0.4264574243977849, 0.013269509384839617, 0.4651651672639783, 0.5928983178054508, 0.117220126894241, 0.7683460302332488, 0.7248462147133641, 0.7662292168646317, 0.786357912338845, 0.23599267262885615
0.09311195941440686, 0.7472210124077718, 0.05832799635408448, 0.29207208353159797, 0.3414603871637616, 0.18055954533570306, 0.7247060092312275, 0.11819176318197688, 0.624397063044788, 0.7784661888750186, 0.007252890981992222, 0.39758868979950535, 0.3544841448248225, 0.49947730664390044
0.7671568992348264, 0.14427125335180735, 0.9318604121048266, 0.6521154954917797, 0.10946273724940492, 0.9457748737347974, 0.15314198342139695, 0.5126548267198765, 0.917749076047726, 0.6117901227115876, 0.279252515446612, 0.5049439274373347, 0.45334605671548156, 0.021715221430411935
0.8537592164590672, 0.9666494684816959, 0.8897314156239428, 0.8463450259006218, 0.9083456065093646, 0.5071071435036205, 0.5744947389540402, 0.05726187447735798, 0.6753494593598759, 0.2372341206626054, 0.03018651897167901, 0.4697960243503839, 0.8852158177263422, 0.04455306047527585
0.3038840574744921, 0.9202671026093653, 0.8022270604232494, 0.6538268307425967, 0.08696811468980059, 0.4059645475851945, 0.06067606102274714, 0.770168789092388, 0.43408539062251594, 0.09812600018259132, 0.7483114990422198, 0.8747328280500015, 0.5789699728877467, 0.9399906333640781
0.7215544215397295, 0.3687123502789116, 0.5683298409139613, 0.8063692181282667, 0.5765317454038239, 0.07840562105278348, 0.48861839420490283, 0.26430770931042, 0.22538250549065708, 0.7149342285572573, 0.5210967487478703, 0.38654036570855743, 0.027241102544642737, 0.9611508355672345
0.35568512682511955, 0.8140483734692423, 0.48097393918578024, 0.37011392311640534, 0.4769828373775018, 0.4023028923502564, 0.8855176683935911, 0.17232775334069306, 0.5038106051257873, 0.31406762743845806, 0.03168631625285767, 0.7221899025339157, 0.16579097020987132, 0.06137809391782589
0.3391024652054986, 0.831885221976753, 0.43746726224608534, 0.2630781821162551, 0.6721153021856443, 0.37044306974389163, 0.25862445368355147, 0.22534579133833843, 0.8615923057141726, 0.7468270621685853, 0.68783244961118, 0.825455260753557, 0.5223306478689271, 0.36194047491367043
0.18765155892666485, 0.6306014318670612, 0.27342763206401244, 0.01467322281308292, 0.2007722356611441, 0.6454037024663863, 0.2045704863104404, 0.9217434792900727, 0.8099002933891815, 0.735834902266235, 0.3816450827220673, 0.5457953219200338, 0.7306146046375166, 0.9091757054316317
0.7553641394645716, 0.8839360499604003, 0.032834765244158404, 0.9674012699217354, 0.8997212537061124, 0.46421004913611175, 0.05383067830048438, 0.8306147157363705, 0.525873055023415, 0.24116261065607592, 0.8906578646150629, 0.03371952970644598, 0.05714321212014606, 0.0031404381574131612
0.5223215733449287, 0.992389950775101, 0.09444940282648617, 0.5731402764767808, 0.8300679305333256, 0.4168517572970635, 0.8574872789897384, 0.08224168043925095, 0.1594670358782586, 0.8865927981346151, 0.011663931233449998, 0.3742812535832142, 0.04874012546440387, 0.41765052975310857
0.07155640235144356, 0.44920254164298445, 0.24277283304009223, 0.10013461826352088, 0.2955259150086227, 0.08838012406525919, 0.4022726095980731, 0.598705357628942, 0.863527641610375, 0.8609991181889165, 0.04504065981610772, 0.13393975887587517, 0.46741066690582145, 0.2868945561952172
0.7778083276402228, 0.40720742950846633, 0.4184277887664982, 0.1378789007531982, 0.5706036401092915, 0.23231413149250513, 0.27999095086318226, 0.8016483218963557, 0.9771682760376496, 0.7426927046370877, 0.9127040039641149, 0.20036801375757696, 0.13255174545736548, 0.3311414435963119
0.4108859858799506, 0.06347273649967289, 0.8258068201143597, 0.751036056345172, 0.4020538619392925, 0.5499424322523916, 0.5713168974285187, 0.16869776774424128, 0.4894507678327399, 0.0839571210112735, 0.8488034008847885, 0.3982374724460376, 0.18211227267950825, 0.019893524294772202
0.20731775248985773, 0.08593412455897054, 0.5585284027797919, 0.057643887210662825, 0.4719077808562614, 0.26011222568064407, 0.6652690552731583, 0.37215507259325, 0.42894658966220633, 0.3716049490209652, 0.25679196669945614, 0.6694763142970371, 0.49839720379632024, 0.1433435584738022
0.363519417020857, 0.15727933925025672, 0.9221018524544328, 0.5739205211734475, 0.08732818405329656, 0.8015381837971716, 0.6023539376706705, 0.832725444584239, 0.25754091531002077, 0.915262733339235, 0.4286317841296833, 0.6564444099396012, 0.34483723212700557, 0.9365702421899361
0.6228695385738416, 0.686211967302562, 0.11417404578610602, 0.007216308523057324, 0.5675633518624412, 0.008046225370459625, 0.34036377448330446, 0.035195691595379386, 0.48408178538493474, 0.14869341427082228, 0.9165538695530728, 0.6471732052322486, 0.07894509365797897, 0.7424876818136414
0.15844736862609976, 0.4450747765553704, 0.9494477489264487, 0.9202706476486673, 0.6151304504943647, 0.48402821150477726, 0.650976845532259, 0.6133941293867957, 0.424878967875028, 0.05025800932160285, 0.09973512524841788, 0.8352332444480945, 0.011014137947496283, 0.6329894225728203
0.4317015686863753, 0.35553573449405895, 0.3229435903654674, 0.05306654494286833, 0.10858731073624195, 0.5869182485668338, 0.9793030536895314, 0.09554606609873617, 0.42605239422754126, 0.1451437462502868, 0.15447138869217958, 0.6232625088916275, 0.9677456254064773, 0.07836122050188166
0.32533582844143194, 0.2545340969774097, 0.8974231690815786, 0.4195372728789374, 0.6084207262335969, 0.43411090038613964, 0.05569190614553976, 0.4239359485625944, 0.5515094520596131, 0.3426289168169647, 0.5103806933248617, 0.8823719556887163, 0.9553384751121625, 0.5398418941148994
0.6440865325856383, 0.6006853426112485, 0.6988313137086397, 0.4836417952928421, 0.8559502891474087, 0.6497932280353619, 0.30830846965045944, 0.6928176960368075, 0.6915164322102577, 0.6812902232529157, 0.7323527309825156, 0.1339032762299026, 0.8454557777521949, 0.290608660365152
0.4297267849005496, 0.032101803633479364, 0.09438108100741238, 0.4062159760215044, 0.6754374077985867, 0.6989195234088994, 0.9487664571847685, 0.26177610998687617, 0.3523578315923611, 0.9132318196890802, 0.5694320259995977, 0.8693506271153222, 0.4027216163903301, 0.8465843362313288
0.5724718503784293, 0.9229375527840346, 0.606083861990327, 0.25004667236283395, 0.8141933702481581, 0.06498004019010128, 0.8581442168788856, 0.6615471490982383, 0.8521047995857501, 0.883565445561393, 0.7868180228725162, 0.09764229213216702, 0.7923704283425733, 0.4260470377704082
0.7601235356875254, 0.2029648192802821, 0.5182817280507642, 0.054979593246119896, 0.0037088542916062783, 0.41953568263711827, 0.8146877898311834, 0.19789000345709418, 0.5043294910286388, 0.20630037702031723, 0.37385573408413586, 0.2597309047030676, 0.6888834647081331, 0.18002281703042544
0.6903654511960684, 0.8325063109669767, 0.7971197802897737, 0.13125054743516307, 0.2342160454995118, 0.061473246042505036, 0.6387963252321597, 0.9464814387755434, 0.29331331757407475, 0.7746070454470949, 0.31436301001763434, 0.7877800587457692, 0.33490943008586826, 0.7253585281307772
0.03864910812013833, 0.007468426734770883, 0.839730856513311, 0.464376891168947, 0.8635203483848487, 0.773555556701837, 0.7832222893907911, 0.24105272462165372, 0.7467260911950436, 0.22934893329203843, 0.5098094518233817, 0.4771479629416484, 0.6519093752507649, 0.017723598481979796
0.7021065793043958, 0.248471912940867, 0.6062242404364335, 0.05497153711163316, 0.3557923926490434, 0.6614230484091552, 0.09052098680559706, 0.8138621874591009, 0.36767076849452296, 0.2686640739964561, 0.4303456977378811, 0.02145444111975403, 0.05978027225284421, 0.3724333664502514
2.92118313175e-07,0.0413882492914,8.90111183514
1.58809306642e-08,0.0409127873639,34.9075927438
2.46169827261e-07,0.132332744637,60.38295129
1.44064303126e-07,0.323894533504,43.2455530927
1.54212396898e-06,0.939512620223,165.669492585
3.09833462517e-05,2.58049075724,89.7174300465
0.00015687509797,7.76683165931,164.395989605
0.0041477892968,18.3761522748,281.678173261
0.00865306580821,45.2067566448,340.717252291
0.0615121530609,123.921905037,417.795720891
