$x1,$x2,$x3,$x4,$x5,$x6,$x7,$x8,$x9,$x10,$x11,$x12,$x13,$x14,>>f1,>>f2,>>f3,>>f4,>>f5
0.5123339941263073, 0.9417087201461468, 0.6083922085895761, 0.9414893819834889, 0.7593198271443031, 0.35274595863259883, 0.047657053875680755, 0.6587272798177319, 0.34411539113691747, 0.31930200340027926, 0.5764314903391197, 0.7072877430402954, 0.9496594958261326, 0.6453128097991779
0.6151000002660094, 0.15095233819943255, 0.06603767709060016, 0.06104588324938087, 0.3289750857978938, 0.43923967649568907, 0.3386509119538105, 0.3952041238626085, 0.07090571213509467, 0.47173882967528635, 0.45556191417938696, 0.8534858513533313, 0.28634056824471754, 0.48839550721660363
0.959622197480477, 0.352960655898492, 0.8732163388237438, 0.4944715450402356, 0.5042757411379053, 0.9530418856927851, 0.46588333050493036, 0.07567106787059741, 0.3057262893030581, 0.47523890326020535, 0.382013856542341, 0.22445401711314128, 0.9103150739691308, 0.14608757017919027
0.5006015227284161, 0.6112345793575633, 0.6976026322467779, 0.12580850195520155, 0.866933092786403, 0.3526141506724767, 0.3504241054345121, 0.005250719701606399, 0.487380326528876, 0.7459752761436895, 0.23878205707308475, 0.6942804213152475, 0.8435940060263405, 0.6388076068361168
0.9378242395203117, 0.10095497903520334, 0.6393785424157317, 0.8619341339670045, 0.4611589409891509, 0.5356058450474485, 0.034077985743905304, 0.7719485212778262, 0.8454852212911727, 0.13938491684597276, 0.08110007527527952, 0.7907335434213554, 0.8010620447175179, 0.7507500129478066
0.5299435483574441, 0.7878424574134388, 0.731583477035413, 0.42867178515754667, 0.6763498957097611, 0.7858950901361104, 0.3913023109852226, 0.5293770597732409, 0.9155963360716103, 0.3101424321310091, 0.6548198305303995, 0.35612372662217484, 0.7313057214073441, 0.06221664822643258
0.4841713811585272, 0.2505151162299897, 0.575042996199178, 0.4595630094816807, 0.40715450727021996, 0.49566942334461817, 0.09745384625714548, 0.9929522266364823, 0.5151797427705961, 0.4420226337635955, 0.5774351955566034, 0.01363690551082486, 0.817952619903209, 0.24180702188301206
0.3630345681162934, 0.6468580723898644, 0.4871780646912549, 0.7431979004206246, 0.2676429155757062, 0.9381910635131745, 0.972364565362204, 0.7039524133618694, 0.08499730071778056, 0.7064764661743803, 0.47467550684130166, 0.5495356371695234, 0.6955235684061093, 0.333879605842878
0.5120927015236815, 0.8005112186541895, 0.5276651052395468, 0.6799849607103533, 0.4760332909679549, 0.4494166713065225, 0.6489595535321397, 0.7259609337057105, 0.15491144202329787, 0.8925830649012365, 0.8851421831527868, 0.46623295840159074, 0.4972220868741536, 0.9312079688150336
0.3717579453679617, 0.7902274054072266, 0.2515559661815532, 0.45428016531637505, 0.47558739315688126, 0.714929496378295, 0.7771825787357435, 0.9284401920047897, 0.630526297484136, 0.49288055582475154, 0.36201815423266137, 0.30301739398239125, 0.9507481470605426, 0.1595631859543687
0.9206411340044214, 0.3458922385582306, 0.254589513428118, 0.41836604745519224, 0.16161445727962587, 0.3047000032653878, 0.9152929090325418, 0.781917615409409, 0.9646811044154506, 0.08350555974297802, 0.019239254066491962, 0.12751288800244354, 0.06436811993726121, 0.14384490598348199
0.8513557003047625, 0.965674672041754, 0.990693262365704, 0.4883237297097357, 0.0004358576228622457, 0.8277564130043373, 0.3733947933294427, 0.36300075743953364, 0.8092132005957835, 0.7870361468924358, 0.3597195654856681, 0.07389043589228739, 0.07543515400462242, 0.055639601884611034
0.3291162850400263, 0.6488518387260068, 0.8022591337178404, 0.21905818821600764, 0.6290962086994174, 0.23590252705909798, 0.014641922573073507, 0.16877919752657577, 0.3731448026583942, 0.3580104938253512, 0.036415957047134295, 0.7185436790390363, 0.3786565393752688, 0.25773834678546015
0.8141618266420614, 0.2745856460346078, 0.7990893927268578, 0.6818363679683184, 0.10146103008170393, 0.5683717403727169, 0.4526095290025768, 0.14561829911186863, 0.6381291925656833, 0.6108323248246282, 0.4325209728556457, 0.2981903039843551, 0.4740747295136126, 0.3060445261461986
0.9895890286217089, 0.9039337244288413, 0.19184221258025214, 0.2739410980658572, 0.9909642116453347, 0.6472561213553414, 0.07201519893031683, 0.31852034417438846, 0.1184438364029542, 0.1945445644978293, 0.349232225693869, 0.5894520545026679, 0.7714847182254211, 0.1266576973104797
0.7833919674897051, 0.23820295050975837, 0.34818658338401254, 0.3031195587347415, 0.3853562697400694, 0.5252608798597335, 0.3577675888026607, 0.8990324772482362, 0.130863519253969, 0.4480476252584571, 0.6454497486864458, 0.3278469612985986, 0.45567968428408767, 0.7878606368026662
0.4651287802018963, 0.18481425066753876, 0.5516607547645991, 0.33176140211043526, 0.5410475507897559, 0.7399748563823559, 0.4693187358509512, 0.03566225125387412, 0.31665139421634636, 0.4298914603322589, 0.5169608952297442, 0.4119562375950039, 0.3335579123463498, 0.7346408935915231
0.1901664902506527, 0.06444096338200067, 0.17207481329088725, 0.5704920436059191, 0.7388014694394662, 0.040607411771844015, 0.15168492180702964, 0.1908159276172331, 0.1613590726105123, 0.8772170720821125, 0.190383572363651, 0.9791456758987402, 0.2907599675135115, 0.5233264759544701
0.1786339181786495, 0.14080404295051652, 0.2986428376395023, 0.0639444686402112, 0.7152976571441303, 0.7443195629100073, 0.4589064668737165, 0.3597299709844811, 0.07755280682046473, 0.3242700887843405, 0.2498515808179086, 0.16291918386783166, 0.13767653758510112, 0.5760700178001921
0.9098685824900044, 0.5027269925274961, 0.06608162020002073, 0.37912014053869436, 0.23347284712789818, 0.9338288908728462, 0.28828792793346036, 0.47456817199722334, 0.7619510904500066, 0.10178703171761794, 0.26266888780424025, 0.7760285548280671, 0.7798439914246899, 0.45090131118256893
0.261010009208393, 0.6759900409218873, 0.8183839593562395, 0.5359242538813827, 0.6102840144652651, 0.5460501471074173, 0.7487930126438801, 0.11535807273630705, 0.6834052784584215, 0.8938293603568097, 0.039086178377106484, 0.186233483023323, 0.6404308050781673, 0.8255582725261977
0.628218648750213, 0.8930311216767338, 0.28298802649492216, 0.3156135922604265, 0.30492101037261876, 0.6336229980066245, 0.0504947523751752, 0.5949765325976344, 0.8375795342915606, 0.9277259283049097, 0.14112088611233853, 0.2827955958549362, 0.9806044196264389, 0.6947487374213815
0.5916811692353072, 0.7215785611895421, 0.6594833819561094, 0.9305340588241215, 0.26350810932899194, 0.30066155427615116, 0.5146897049888918, 0.49361340172368884, 0.3954528488517135, 0.559821507171532, 0.2556026989887974, 0.9703594496779192, 0.7986585998197193, 0.34050704670675513
0.8313837864432086, 0.24335449787199892, 0.24991891206936945, 0.3101395509987289, 0.6071338520993823, 0.44752774099203385, 0.37940772763272346, 0.4174724341838837, 0.9674496005669387, 0.9999114258318463, 0.5878264771092045, 0.08979132518133648, 0.017523797977081812, 0.39594643783370154
0.11097456440395448, 0.6773917842799361, 0.5982439333746324, 0.5253218644061517, 0.8337902022562755, 0.7801180447052353, 0.5079180707842813, 0.6295077303343609, 0.15433558623497312, 0.5678310517274907, 0.30499585443377497, 0.8384779524824711, 0.5288112441429688, 0.752884679091729
0.2651444737485684, 0.529395960019114, 0.7330751777062079, 0.2540791799749347, 0.24297362644332265, 0.09292351823729528, 0.8831186317627613, 0.16256674682627714, 0.9478288573157786, 0.7938430423857028, 0.220980167134065, 0.07619721634234855, 0.7077812592215348, 0.43285361813652834
0.4522490233318095, 0.9006998272422456, 0.7081366878635093, 0.2659173237717719, 0.14982050205400177, 0.45346310836113335, 0.6187048150806552, 0.06861684750430719, 0.6719436561372453, 0.9985252752145105, 0.4076291949976709, 0.7291590962090024, 0.33003681746840363, 0.16481064570390636
0.8176470571515625, 0.6653291464482873, 0.20672714547065163, 0.2365569794359943, 0.02213830607120626, 0.8505089589620773, 0.3402065601700167, 0.24793205307233046, 0.44905596643375423, 0.2164159092379958, 0.03319617226864302, 0.7355378854280619, 0.8531138206821849, 0.8584241048875954
0.9998722043269743, 0.6008793774993539, 0.8439585370593299, 0.23563161543503652, 0.43764363971680187, 0.5054531159817677, 0.35453534109570817, 0.11473783296615736, 0.8737169256336894, 0.6448558588652096, 0.37689076632547636, 0.5394076753320536, 0.39159345699502823, 0.46030506402207083
0.05031580120607626, 0.6782413754918979, 0.9966110190233113, 0.1117355910213449, 0.31374263724761586, 0.32670604124012226, 0.8806103437474206, 0.012885498988466249, 0.7603054662340691, 0.531175671870653, 0.6028250745298975, 0.8007820046415399, 0.5947158174285508, 0.5592204747193051
0.037979865091251175, 0.11795155068066632, 0.7430817759328222, 0.6275549924248253, 0.593893379604592, 0.9638847102984146, 0.3784148799069008, 0.7514075126374026, 0.4448622190588034, 0.7310838321993582, 0.19797090379409354, 0.3602131723381181, 0.27391240120846927, 0.1735730926037813
0.7923057759172869, 0.47035633840710833, 0.868475973183819, 0.8746804519738189, 0.14086606769776877, 0.7783470104557437, 0.8170298112480069, 0.1454713647205923, 0.35676273771206646, 0.808065102443575, 0.5352131217671265, 0.5657195720545668, 0.7058826456981332, 0.32046475362806215
0.5793483488638983, 0.24613683335104597, 0.9503041978692706, 0.20298126957680118, 0.44281021995417735, 0.15520877181808457, 0.009197612452953252, 0.8948951000531793, 0.4369519975756623, 0.16585496657500176, 0.07677205856661329, 0.6376310502699084, 0.8016332352888843, 0.8761435543829627
0.34670777036163014, 0.8426417240816413, 0.16715267115545163, 0.7864261331442097, 0.893502382600575, 0.09867901160121773, 0.8970047607462177, 0.38748976837650984, 0.3389439969091562, 0.5783130335160456, 0.19868171912585675, 0.8605307247257964, 0.8708468843087452, 0.8358136836599445
0.6428920272123816, 0.15291436756103693, 0.46743856169841835, 0.3606513005947769, 0.11173915260991374, 0.5564308278330038, 0.6333068016867845, 0.10867672567891085, 0.9505968303013548, 0.6392244857123051, 0.7286801333433963, 0.7846210282752855, 0.36262348184331494, 0.6785190346628173
0.6263089579307781, 0.7932741704102501, 0.6217120726029279, 0.8578849546829884, 0.7050191266576118, 0.5847942129897362, 0.8874685272457784, 0.5001111097400456, 0.2681866421152481, 0.08778188959966238, 0.5627655600546155, 0.995926837784488, 0.21321159820810387, 0.19376809390968974
0.11511703878872193, 0.39503147657920423, 0.40935655026062057, 0.5102608223642183, 0.8846696182453885, 0.5546177130957946, 0.4401830475322528, 0.09351155883922968, 0.1866692857833997, 0.53308709900388, 0.9268987731639916, 0.2701963975870566, 0.13877409159673415, 0.7763820405043472
0.4718090943222276, 0.042349702002827394, 0.1088788074956708, 0.9409885051045508, 0.8561417281027215, 0.39976407344870724, 0.978717448923474, 0.28726457514601555, 0.21358083609242828, 0.09276796328695536, 0.8805271133093141, 0.2704200029535122, 0.2600327669445106, 0.7398271813891212
0.7395295252013535, 0.9718199352132884, 0.7048994169155832, 0.8722949179641878, 0.6076560293203159, 0.2329783029661553, 0.9011880842262279, 0.9200588170228381, 0.7821564697226177, 0.008327788893838783, 0.4033927593887131, 0.5987618506407906, 0.3218378036080505, 0.2460303151082871
0.6848311850919152, 0.4607716481951344, 0.32402477948454345, 0.6462554380019845, 0.4534433711650261, 0.4899193114691607, 0.03792081972839978, 0.6865475706008316, 0.8743140026311458, 0.9251648695942772, 0.5529710097151713, 0.4312511018456352, 0.8544617951281167, 0.38211796044412405
0.37129976199608683, 0.4176012025689432, 0.14169627549842867, 0.5529782952308224, 0.4403365624083798, 0.4060488241981638, 0.20440337406654796, 0.8916475284022324, 0.9095847758247124, 0.9402559331639172, 0.4386472597525315, 0.7933719637619334, 0.18143820323498727, 0.8433693678990921
0.47459137847917454, 0.087817727605502, 0.6297019341195214, 0.03771269489007967, 0.5490310594522062, 0.9253065790546072, 0.9149989385945257, 0.6501676448926486, 0.09893303073522486, 0.8495326975466155, 0.36796760955123664, 0.3063389004436836, 0.46127483556546567, 0.3538619679495909
0.7347152396485733, 0.5555210056264234, 0.7567579602551116, 0.6254649925841178, 0.82736634285811, 0.5709967499765327, 0.25903395572394394, 0.7474901962484543, 0.8871296377983107, 0.9889917743948596, 0.7330817909517164, 0.5671559344073119, 0.8580016193723511, 0.4696927155530696
0.1831258687883247, 0.6249421135129533, 0.1788505286218257, 0.42042188186399765, 0.684673145702135, 0.003141492625039377, 0.20397728291828798, 0.24525322521222503, 0.57076311145856, 0.6432946162706521, 0.06283608001793994, 0.36648555314784836, 0.1404662666565023, 0.6677251370124392
0.16932215880167012, 0.7682728613724692, 0.9148468329502571, 0.12611760190044874, 0.03198894604890601, 0.4041941681463048, 0.5655335431935821, 0.029437955533515914, 0.8633247002865969, 0.10068714553891, 0.32204266377975455, 0.032423853182403595, 0.03583572838183824, 0.48848197496689993
0.34313415748223763, 0.37110290311819594, 0.795098686930221, 0.5677380497955492, 0.33646759064217513, 0.6514134450518873, 0.9903657714488877, 0.4356332567906612, 0.35608158916240085, 0.9251215025442528, 0.25604353775267297, 0.5661143875355654, 0.6014118722458605, 0.8714225270542424
0.0777728584669537, 0.3952492997426288, 0.7802917725409825, 0.9360544860223344, 0.5641962851311653, 0.3379486825828725, 0.4748279265082136, 0.7643753558812085, 0.8460134773892724, 0.2040461120842011, 0.7632578885279703, 0.8606417411954148, 0.9033465824069278, 0.08095033742745372
0.7744995485082894, 0.6521668487477683, 0.49646427685553474, 0.8425749280975169, 0.5816426297635078, 0.21870521099905582, 0.17214222490204945, 0.34813712730725166, 0.15299048755745992, 0.6095747441767119, 0.9821828623653385, 0.48616437516621713, 0.31449668250048646, 0.01793330128662174
0.24525570795401985, 0.8869605011872412, 0.019038999024491687, 0.3765440182762687, 0.07439472435487071, 0.640168921978381, 0.27991843149141726, 0.8020625834282208, 0.2905855893953585, 0.8336279865479239, 0.8207238733073831, 0.42109988199718773, 0.09413083130876565, 0.10832377928626524
0.8702710425637334, 0.503593434934608, 0.46521702342453797, 0.8091063805648172, 0.6453275024185746, 0.7761368891259206, 0.16639370476302373, 0.8830998878627193, 0.592132540244482, 0.29359250127650904, 0.5845175068025269, 0.5868023628172221, 0.598142403858999, 0.1809933553451366
0.640990784081329, 0.22701364346873043, 0.25225926567505796, 0.6159671589916752, 0.7459514053031968, 0.6550983009607613, 0.6053931808035427, 0.6517406989347311, 0.794256681136653, 0.7470129159070371, 0.07949970664910833, 0.019149087052375946, 0.5597567704891157, 0.2882324559867214
0.6846338080412228, 0.11758976712504698, 0.35905087582485995, 0.15888004451395432, 0.92380108751923, 0.27050397202763043, 0.8129504184291753, 0.1913550452269599, 0.028876880543834527, 0.05126547984377339, 0.27710941118199184, 0.8743834563415658, 0.9429543247528012, 0.8606118419511649
0.012502702092279216, 0.00611933478462634, 0.6357931187731435, 0.8105994451091455, 0.02938589224125654, 0.3213379289777505, 0.786097169556522, 0.2680619173175811, 0.831141515836362, 0.2560847184002818, 0.3140344253958286, 0.6270323667452998, 0.22712169037953256, 0.316613129346178
0.08292270324306239, 0.9441010407829528, 0.796885860945367, 0.5359219126953129, 0.2910569453551204, 0.24719425731130296, 0.7724414565444807, 0.0663503122324185, 0.16270784559440377, 0.7513123849332908, 0.3995379881251214, 0.6837203072963989, 0.7661538305140977, 0.1934865532531178
0.223609028392872, 0.8573401223979702, 0.6347776964797897, 0.8597345727940453, 0.9897698553768985, 0.23763907536491113, 0.0458125912433901, 0.5922894630429442, 0.566680937226379, 0.5868636425214988, 0.6330330895084554, 0.8053475960815133, 0.5024961924184177, 0.987539875951543
0.6621900088167113, 0.7412957505529554, 0.006503294405258098, 0.26320020140180367, 0.8257096027231486, 0.6036103798620391, 0.8403493533804691, 0.865774464029356, 0.8242817460099353, 0.7202193616633659, 0.9024084547826516, 0.5924444953945662, 0.9048794277057248, 0.5678391652884733
0.3531279683736841, 0.6634896501336192, 0.7858129213910043, 0.2587380311932449, 0.5247280987052482, 0.6746083528071877, 0.9240415419509952, 0.7257875597982744, 0.5055838249178867, 0.2414199801589283, 0.38175533330063427, 0.6598560303184509, 0.8739863648638347, 0.44929937045468116
0.519316994102674, 0.22408256255718628, 0.6155875354788378, 0.4955595957285682, 0.5458659082232326, 0.5235413021658512, 0.25777205483799726, 0.6957798787885439, 0.7456729629016036, 0.06850669048381397, 0.707746097298083, 0.7624260061652177, 0.07383196156980432, 0.5382884101420676
0.9753812331316727, 0.3395932925764463, 0.5801605645726368, 0.5009185748783882, 0.9139840241068656, 0.37391531699483593, 0.7321174153575466, 0.44470761899745803, 0.7950302889362398, 0.38821677968116575, 0.8674636725732829, 0.49635314719621404, 0.14610336602577656, 0.8457577668040397
0.5769812775534173, 0.53133319166906, 0.22333445144978248, 0.6661370140444293, 0.11845499491597122, 0.9981930208791568, 0.11695852647862048, 0.6956425311025687, 0.3308274282538053, 0.31205242998236926, 0.06012608608239889, 0.6787015822667567, 0.4916610859436431, 0.4063672429950661
0.03666459018091983, 0.2740718122755865, 0.06442591333891712, 0.9097459542148261, 0.7274304256437891, 0.29852465938528827, 0.3779895726157737, 0.10498230874825298, 0.8557372525371189, 0.7159716499438206, 0.9240799567924091, 0.377325805704113, 0.10478666441630713, 0.9169358519679796
0.9830704477874794, 0.6975585768829304, 0.11652193537092126, 0.29219601354163593, 0.32348222538762905, 0.4661367126147312, 0.37390387525697444, 0.7316317026350382, 0.5817270687916132, 0.7380946570425555, 0.07122113321662582, 0.27788488784929255, 0.7313233742810216, 0.44822999162123434
0.7782649203794604, 0.8053742402421101, 0.0662612792357079, 0.5987349859864766, 0.8310190348356643, 0.26465732562071187, 0.874125961534136, 0.06972823947387508, 0.009528443075573656, 0.4326654012601505, 0.5996078421692217, 0.420116802483094, 0.2648718997879643, 0.11185926667411972
0.4138677737942442, 0.3770391741581879, 0.6404687014533406, 0.674028247860599, 0.3771144227386235, 0.9694496252090019, 0.8964679731778682, 0.4593297132680707, 0.8769228270725244, 0.8612409714919143, 0.8544952424390649, 0.5376994359588695, 0.5854886509702355, 0.990555107254632
0.9829711569149311, 0.6624029214409006, 0.4166746190961491, 0.15788045794655814, 0.24167729344096456, 0.9012061247286401, 0.5601546057479628, 0.8094642939303791, 0.1253360045273002, 0.6968221501312044, 0.7465389039101646, 0.09826641668162295, 0.887746610625831, 0.11024062962391157
0.401197642138017, 0.7246359982796042, 0.5862423659050912, 0.9346912219435798, 0.9021569192481729, 0.4179341861436826, 0.10122027682409684, 0.49541778437580863, 0.21599789741515985, 0.2839688842259528, 0.5234301535129557, 0.12132296432425616, 0.05604471310614012, 0.05835105348177683
0.7227192861561554, 0.26577378979621935, 0.9583380414264342, 0.10430934436384798, 0.7013918199492195, 0.774464079925967, 0.5524524940265599, 0.1479533971127419, 0.0782033383214531, 0.28978845868089453, 0.6828677193172994, 0.09759165256036684, 0.13152462521654407, 0.046545224104169725
0.9834764159019723, 0.2652794560538131, 0.4728064920847098, 0.5671484542246285, 0.4239698457738844, 0.37173771950179024, 0.8983529801773467, 0.08660410807309293, 0.8030447117724479, 0.6919587645638662, 0.4471150047224365, 0.514806465956208, 0.9103435195117859, 0.9837107910848137
0.6103572603322669, 0.1365724912869939, 0.4728925683324978, 0.8885105564572351, 0.663224297206968, 0.06307444896157799, 0.43049843291009793, 0.17515865237834838, 0.9412026566462152, 0.7592865408293664, 0.46171117050538224, 0.004521709135895113, 0.6157039086310168, 0.6335113972453608
0.84586713602921, 0.3791469444470412, 0.37709981557028216, 0.3422199928739029, 0.43218054938394335, 0.9055358224127392, 0.8670255506411725, 0.6479399676868269, 0.797960343952031, 0.7057621688253387, 0.6866782072527996, 0.7744210785679093, 0.327396791439335, 0.920972838342752
0.7173567247941767, 0.1413672035407617, 0.8252257788068671, 0.5963755777798829, 0.0955000730585025, 0.5485039090853803, 0.44031456929121215, 0.5259306896222794, 0.9088835115565315, 0.23296545191558204, 0.6853694488474813, 0.9105030407169631, 0.9606704346917934, 0.6673005473630335
0.31433224206638255, 0.6541945195502925, 0.0874688877995301, 0.8429911475796973, 0.9090359495979737, 0.2584412710109356, 0.6022892350682043, 0.613672701410821, 0.8685259425120192, 0.046547440258892236, 0.7439208688106589, 0.052210706952590114, 0.5056599828467379, 0.03995123753799068
0.3256267366592185, 0.877830347717218, 0.9067377089914309, 0.8382111520331239, 0.28025173407113924, 0.029125529126365124, 0.25824817234113184, 0.3025323633742094, 0.5177449763021633, 0.3644252613019371, 0.6203903899917941, 0.7320474721407633, 0.8318192520488173, 0.9170760427097796
0.6462795809613124, 0.5909190194210313, 0.7133554982288767, 0.6234028394763005, 0.7943214729388517, 0.34207235883691534, 0.5922420977532671, 0.6839756140193627, 0.8241469651207712, 0.7845040452462247, 0.6390920219142245, 0.7378150241522101, 0.25121960042356395, 0.5479074582683726
0.16725765174084806, 0.808408576824979, 0.6537144746692147, 0.5871529458414816, 0.6160690134761385, 0.3006870574414243, 0.30147322313372704, 0.2764547173281132, 0.6930062417116347, 0.41824053399407335, 0.4448593700126211, 0.19042105871371184, 0.5096485331283368, 0.46187661799119717
0.85328451881634, 0.5986619633295306, 0.45330681646607873, 0.31596713158281253, 0.6104671431034236, 0.9172175588650605, 0.5910630124927201, 0.12810738382522657, 0.2919030185286443, 0.7895134824933436, 0.928754894396027, 0.8596698378397233, 0.5996767469908497, 0.5863257877664779
0.9451717743616547, 0.7337119511766186, 0.3342840603827688, 0.00041458629831481186, 0.3461909483903687, 0.576338981205318, 0.12066023435580997, 0.6304853058931563, 0.638348153671537, 0.4299185887834027, 0.5278444411982106, 0.8516813016901021, 0.5644078685133557, 0.8932074388244403
0.10727041947167815, 0.8653056177637244, 0.1897688954576926, 0.07807872611638367, 0.8656436495707726, 0.6667767562315872, 0.6960119485081994, 0.2219777177697949, 0.21464363076937765, 0.9535084641853567, 0.5519321018480948, 0.12321098511346296, 0.4029684655867213, 0.34947598034667504
0.905558428563637, 0.6338426019206348, 0.4382610643060252, 0.21352565279741265, 0.8378626415754132, 0.07567252503198463, 0.7339179742882511, 0.4606625534036405, 0.40330154116685424, 0.7027761956988912, 0.25291948149640675, 0.06396271858589686, 0.5189287669523693, 0.1612525082721874
0.7122442951946811, 0.2767472301321041, 0.6146995593411227, 0.6734104314670643, 0.5109196436464436, 0.8128956096246567, 0.7516224621950712, 0.3967497807007806, 0.9996073190410198, 0.6563279337990923, 0.7999205286100178, 0.16335531067764064, 0.9118807766376269, 0.8480715357463217
0.7157775494235386, 0.11956446457384473, 0.7353048083300668, 0.4470650303735232, 0.44662967247681173, 0.6151817431351805, 0.28798514159718647, 0.3322236005703586, 0.8756720216522537, 0.05453598056260767, 0.45087716286221935, 0.14618168628780004, 0.06845238003161946, 0.850743425400217
0.025328956877870512, 0.4351201989827542, 0.9831750553429992, 0.5491678220304993, 0.7407395952735983, 0.8577783569642703, 0.7675324087393698, 0.5661586178696678, 0.7337156302361424, 0.8508069650255837, 0.8541018378019598, 0.10337719541951951, 0.6568128310410445, 0.9920815823364472
0.9809913319212629, 0.2822604825594063, 0.6693886103639218, 0.920184723325406, 0.9360271395919051, 0.07369435879376462, 0.9272636962739057, 0.11918599731059032, 0.45106353794450305, 0.47252606317591017, 0.7165047304192977, 0.20475730018661065, 0.4464730866267618, 0.33781229885869923
0.9136142714498404, 0.688075126535379, 0.15330274205323058, 0.5928600953638076, 0.2549833340581966, 0.011199084897999478, 0.20971257920463449, 0.7593060402049847, 0.22600128644951134, 0.6074941276771674, 0.6443322820583554, 0.23684449634428628, 0.5705979969886482, 0.4928655751138413
0.9186053869156476, 0.5832833816420121, 0.339713768609875, 0.6808452904519968, 0.6289302235824832, 0.31162177849472183, 0.8476062154029826, 0.1632845294772911, 0.46629354794614875, 0.6695496673432861, 0.2504964528487372, 0.463461783112593, 0.6084244225408848, 0.6969561604969386
0.5642341778414767, 0.1787775206484996, 0.1685834099330087, 0.31316433693411705, 0.0645761425092487, 0.8093161142774864, 0.7369515851559364, 0.06837851732693434, 0.2811219588074836, 0.36578059231477333, 0.9746631191669058, 0.39885781274926535, 0.09206882755849688, 0.911124731507307
0.3430756788360888, 0.38560691233429567, 0.35893630508470653, 0.2565779468266868, 0.7306147555732174, 0.6633130312932649, 0.4224412473019914, 0.11773536053523292, 0.13807731603351836, 0.753795154715099, 0.47473223551181654, 0.7945454496553847, 0.3782331340921622, 0.07913471818672102
0.3782950988700301, 0.1660956702252092, 0.010051435073372916, 0.1462290582464607, 0.027102750984396518, 0.3361770403539366, 0.226605456733454, 0.511171024442691, 0.6824422338385723, 0.3966224293958994, 0.15555809154918232, 0.9928753666804027, 0.7325303603524703, 0.13606676311959354
0.842275831000221, 0.8703393936476792, 0.3909739182861891, 0.31276728309675383, 0.9757438196831665, 0.2900655155784585, 0.02791591336430488, 0.37793318479107607, 0.8772371852984558, 0.7277868207751945, 0.782271155748888, 0.7086560642543099, 0.6309704453483901, 0.050768719288713515
0.770926579268282, 0.68316113409054, 0.5948111160606038, 0.26545241318478074, 0.0674817292013129, 0.986839566081374, 0.07110858421618793, 0.9355247539067052, 0.8052524070552097, 0.6597948995357484, 0.030852845444497512, 0.9775762847161763, 0.5198938270946764, 0.07568756103745855
0.9444733464961949, 0.6505853467111431, 0.22593512676442096, 0.29908229420890586, 0.17652203052491378, 0.05185999432181154, 0.051031276260424474, 0.014295814668909723, 0.031461572925723935, 0.39790393140260283, 0.6932429392827173, 0.16880726579704153, 0.23577692607996648, 0.07659948404057793
0.6518338491766089, 0.43271551832969857, 0.46068371563182675, 0.631567567678531, 0.6816824284727111, 0.1321658672725221, 0.11519943409476452, 0.9627102475524747, 0.7288946032538415, 0.9526243741653324, 0.285920694371418, 0.34097022142755173, 0.2172505589873256, 0.8296287189146913
0.1255312573283177, 0.952770083678199, 0.9331545252328334, 0.1596137035033378, 0.5338571301301691, 0.07168288189687133, 0.9335951994711403, 0.04110198006500454, 0.41898669805900257, 0.8057558218036812, 0.6831471541415229, 0.6033706357309506, 0.8361644076240885, 0.03641214174709462
0.17931097790424178, 0.36239283654896937, 0.5836848573243159, 0.6953639830212535, 0.6920308103745743, 0.5397218828514633, 0.020438728979123355, 0.2516008573805373, 0.18295809208797176, 0.42002380420337637, 0.544224622995668, 0.005435376412661674, 0.36726752215017844, 0.9705062434574253
0.6042831081430101, 0.9817113748277596, 0.7696011675062732, 0.7837275477918344, 0.8287529550185747, 0.3787347537635928, 0.7005464157993289, 0.4543369732007605, 0.08508192028439543, 0.6381358506559773, 0.5393714954632709, 0.2789644570990053, 0.14038691735776132, 0.4200683837135307
0.877008603919365, 0.6991964363952434, 0.42908188826292115, 0.3061686332879796, 0.6298046154900109, 0.06556483975328586, 0.42300032655379316, 0.05031352258326727, 0.7719521192559348, 0.03355069140250233, 0.42805092660486976, 0.3756776406512794, 0.09779465061469228, 0.3462034546647693
0.4913495658975391, 0.3713489684540441, 0.014812067716030275, 0.8066642334720152, 0.8533266885410059, 0.9067717362797532, 0.46577963704811554, 0.4321990609442423, 0.24891274560492493, 0.06920125643339103, 0.5389472926351012, 0.9654607286741841, 0.12251003047489917, 0.9453570797588972
0.5448828140501094, 0.1673161057670749, 0.9977452671191277, 0.3942875621361386, 0.00897733575820403, 0.5639332689747588, 0.7505450068122249, 0.45732707724252564, 0.692332710031383, 0.4292072449511467, 0.8359834179908516, 0.20617297682390134, 0.4674535616023202, 0.4137036945396305
0.9724235726126345, 0.9822040138612053, 0.6146787984389631, 0.7206646997606063, 0.5670106293189964, 0.7470195434864966, 0.9365872552134924, 0.06428285658200494, 0.4249961595294194, 0.39327850396677555, 0.4687556064644254, 0.32637099861007035, 0.7842731883952953, 0.33700843813415193
0.8872377009500374, 0.5447115701404931, 0.2252079266640581, 0.1083355595124309, 0.3395895338783239, 0.6607987262643125, 0.864893924744106, 0.33629662693493534, 0.026986020159997626, 0.308463894183974, 0.8962197063306292, 0.9020152578450369, 0.4752631626646805, 0.39675287052289865
0.27284336536046594, 0.2801074062832568, 0.2550452059533793, 0.5928800769067532, 0.5725530500331437, 0.10629969819923679, 0.4408605692633347, 0.3480889198754461, 0.1933850043280786, 0.4924396944705508, 0.006644328724844106, 0.4723842808011821, 0.28082233517920396, 0.6552253922746224
0.17746338962177666, 0.9651774005532529, 0.8284543379641938, 0.32035661212351074, 0.5569253905553743, 0.5992509743496623, 0.9457379216385144, 0.25696532904202485, 0.41058627818126536, 0.9229253265263813, 0.35110387911576635, 0.06965243643805807, 0.5781033033062878, 0.36399719172371003
0.007495114011280779, 0.15206543651230764, 0.5836042440812134, 0.7927864377212771, 0.47334584207769614, 0.17692367384453467, 0.09192670989232066, 0.39757308864566265, 0.1975846713813456, 0.9899735915949293, 0.5529711636825688, 0.40143793734458866, 0.09204471490024646, 0.2165384055902566
0.8175598422176888, 0.027197456549911903, 0.7290463026395958, 0.6125453190073119, 0.991529847328918, 0.5802699631483893, 0.6314711884429121, 0.12626593863700808, 0.9653664453915081, 0.6657775678680757, 0.6635649662712582, 0.5796287220673905, 0.6050262453018457, 0.018358036190262106
0.9900925608434488, 0.029646332712373047, 0.17113338195708339, 0.9966299612337876, 0.5138333675749964, 0.25541612018136395, 0.16889834594305175, 0.1448491615341141, 0.7103792210714922, 0.8666918304310408, 0.6404318822523639, 0.3548667604864897, 0.844161763755951, 0.1801603316492678
0.3131414714468196, 0.9833287663901653, 0.06734101885688593, 0.6004912359640197, 0.57144752420773, 0.3788871755316523, 0.18865060035372605, 0.8014669377941976, 0.9881261848056326, 0.5301632924967539, 0.18395971353661433, 0.8106296205583335, 0.3234026700917412, 0.12660086696329098
0.257516552413267, 0.8561758054221329, 0.42939668836400935, 0.31647150844591143, 0.49002268045632247, 0.15032393615252948, 0.01740871885408435, 0.6694329550292742, 0.767522444893862, 0.8131220786442634, 0.11076139782924244, 0.9068458759908083, 0.3974371892811034, 0.07407508461393675
0.3829743616422616, 0.0345633130631916, 0.4934098725739201, 0.8584462371368388, 0.34904197795877745, 0.3060370796960412, 0.6398902613271269, 0.626090740235198, 0.24940846120351334, 0.9323068084538864, 0.8593291304540013, 0.524694650128299, 0.24792042401840597, 0.3367301397805179
0.6037294738994582, 0.7590145248299508, 0.3684577150843019, 0.2153906062399249, 0.3210315818693803, 0.3342534115994097, 0.3841421158883398, 0.5669959687412901, 0.22149733435116936, 0.7879792760821182, 0.4364820836115909, 0.3760456516112156, 0.13238832326757466, 0.9150833177898929
0.010827357052612063, 0.3236684925026353, 0.08773315743685961, 0.5998709219830216, 0.11481854136960645, 0.1482993461184322, 0.00010417521119343576, 0.6907733080144471, 0.718331018911499, 0.7188060741094083, 0.7136480606539048, 0.6099528080763, 0.6992751113897098, 0.750555169360818
0.7222473075831665, 0.4896822792442751, 0.198878314665776, 0.20134516511363065, 0.22497964812077853, 0.5163226274946304, 0.4642406457253193, 0.6129604630346752, 0.45360049566192917, 0.14458103845076875, 0.17714509575170556, 0.7660610657265489, 0.5750015811493486, 0.701357977712829
0.25966861109884454, 0.15942211275986673, 0.6512303110189622, 0.39971714291849236, 0.2491227122553561, 0.5410593451955468, 0.7118932251951422, 0.8150312034775533, 0.5945998456612276, 0.9163965687041943, 0.7704561901334231, 0.9024920685932445, 0.6509880704363807, 0.8647779669307363
0.06939495435333731, 0.8716806596499114, 0.573950964998837, 0.17671745780234982, 0.8931240094624443, 0.9825490235484606, 0.8901952505060573, 0.013854668804813564, 0.09292340758261619, 0.27072152617357004, 0.3205193737223294, 0.6399118581666862, 0.11240939665405303, 0.2252775630054309
0.1192222852887368, 0.4496289803562067, 0.08713492327175631, 0.9036535379587128, 0.17328465639876556, 0.12539486757934937, 0.407640704167322, 0.6776316670017185, 0.38581716130985655, 0.9235117582528761, 0.5722227162582281, 0.4033870454038071, 0.17717755304045624, 0.6354299327371276
0.607150626667582, 0.8278224141994791, 0.5850853084407708, 0.756806887353512, 0.23559693023465567, 0.8253217360662157, 0.9865384508131237, 0.5357433384061145, 0.45357832620079674, 0.9996719766385049, 0.39395208160158846, 0.13076316488078432, 0.2809953406754101, 0.7279651986852868
0.3203623452201425, 0.6280915793723006, 0.1618018054043503, 0.5401056491234917, 0.23779947090762754, 0.363768612321973, 0.3401172286476968, 0.3155378450582831, 0.10595251726986299, 0.08773948125995235, 0.054733295031769935, 0.22811806270032686, 0.6146478233231263, 0.3015537592343116
0.715382839045648, 0.5266238496001217, 0.7625477091351804, 0.2790515023275357, 0.6704948053973165, 0.9679944351668941, 0.6614595547086324, 0.8827631809770682, 0.6040579864857283, 0.6125553308628784, 0.6298865465058311, 0.5278379245069772, 0.5754141899924912, 0.1317264225980359
0.5867602977352042, 0.09554005575591851, 0.2823258211602532, 0.11935500988076131, 0.8306427783493485, 0.8769305648797113, 0.3191517632433747, 0.5902183146384326, 0.2025590347555487, 0.49488846568632083, 0.9473651831666089, 0.7720142235220637, 0.33132851251455453, 0.18468033162279507
0.6634537927246077, 0.661190187566367, 0.32309687879516213, 0.1856732651187969, 0.14158723384708338, 0.5477894222781877, 0.09606321623709235, 0.34554625359029634, 0.5091912541949706, 0.7092298627989724, 0.11269376796177677, 0.16461283254905157, 0.468158053229209, 0.39494149370955944
0.19018241216465737, 0.5505783236390288, 0.20786566229786319, 0.08730947901500674, 0.9080249205735147, 0.7321598709870925, 0.9270697402195023, 0.8316735014848624, 0.6054379369002391, 0.8454243053031367, 0.5158856472222205, 0.4464012047921626, 0.26599088332220966, 0.4379903152298501
0.8939930346345702, 0.1903144474406946, 0.4656658763291798, 0.5432070368372948, 0.0785702505655329, 0.38564601731540893, 0.6196898077604028, 0.11918036584854663, 0.07899166937897728, 0.1653449747607959, 0.8947979855107777, 0.7470821133344311, 0.03657942903034317, 0.3601051721802869
0.39243337793465904, 0.32255094690089936, 0.4008511781595535, 0.2789573120908796, 0.48073943411756404, 0.5319461873822064, 0.6439670123024049, 0.7280109331674066, 0.6733992945158451, 0.760695267039562, 0.6972436805509984, 0.5266112220358319, 0.017700996877211495, 0.8225346722953321
0.9355257378653092, 0.7684631900454464, 0.25139447772771273, 0.7430262550029494, 0.4603928538007246, 0.05697673852860097, 0.03691518300044838, 0.5145283360870319, 0.49785656588648786, 0.7191411066393558, 0.970276417736232, 0.2900923826782281, 0.03314486373423786, 0.9732549952145343
0.39910896315204103, 0.6359166905620026, 0.04469417356140659, 0.9455181844283416, 0.4611295042337179, 0.4798871905082136, 0.8370223436148269, 0.7834245464511363, 0.5708955482121211, 0.14113243830432332, 0.11590787446493123, 0.9430234576467731, 0.7344600365861869, 0.6117702145690163
0.32875123753440505, 0.7645469401077593, 0.5034376760093305, 0.6287498255216489, 0.5372954343449989, 0.5241703509972737, 0.7007136304045058, 0.4481082948220446, 0.35422178516069924, 0.6616052288849852, 0.05086135264217195, 0.34381930243952197, 0.42274248380517576, 0.36214143885546957
0.2681536293222204, 0.9392133099982506, 0.23213330560609302, 0.8362515553165611, 0.14420569064188693, 0.529225739387341, 0.3434342546242488, 0.0465829462888433, 0.46399275121297345, 0.3722083491270337, 0.7453508953043791, 0.8856219426008496, 0.9055361618136126, 0.5377307901512183
0.8753505641965329, 0.636575214015091, 0.06545363639828172, 0.48442225505283576, 0.9396564507476052, 0.12871592243848595, 0.08237171687129474, 0.770449585204035, 0.7909579680689786, 0.9333924433323203, 0.6472119267521673, 0.6523642790804147, 0.3465114835335368, 0.7301599050487647
0.5450424215149788, 0.40155802826569076, 0.9559163817617107, 0.4730988806170746, 0.7624345067518906, 0.5605289201729162, 0.9524593298142928, 0.8281527189096417, 0.9014950918297707, 0.38253614704921324, 0.11554211940370407, 0.17183542526169393, 0.3989789622889328, 0.04907383627609596
0.9634334778689871, 0.8381947893255991, 0.450027660042323, 0.8745208201799624, 0.16536619004721165, 0.4385404390260459, 0.29115444385437195, 0.20981766177472982, 0.9156317302022664, 0.7292869945974162, 0.6483037027756685, 0.05765385431919434, 0.9380627356383245, 0.6369559045890753
0.46291708368413254, 0.8344953140188607, 0.7825063368164413, 0.1803503803086901, 0.8848497837713275, 0.5895715009112502, 0.768217862900039, 0.24456589165440612, 0.321020837067694, 0.681843102365436, 0.6712941237781118, 0.4348856975559454, 0.7819496835578091, 0.6717920267440992
0.7264888394815193, 0.9252283981446421, 0.8951334341025637, 0.3640937557752375, 0.9844744255672502, 0.21903548845743304, 0.6107232855045286, 0.29767853564464786, 0.44231748372088486, 0.8996675920491694, 0.05682461131078098, 0.35430956218978493, 0.7401653995390293, 0.31456099389653447
0.8042791745805392, 0.8696694004929966, 0.744438342480406, 0.04884089030156191, 0.007339157190537904, 0.07231506022629719, 0.04744152530750967, 0.8872358465049894, 0.6381418164677046, 0.08862860329724165, 0.6173535065040582, 0.08065623572874592, 0.23597217505176904, 0.4591700483051059
0.7578102189039001, 0.8561358814136367, 0.8299347383066854, 0.4564561316975172, 0.48036822020906667, 0.5559465277109353, 0.8265615386055744, 0.5932517196315471, 0.7077308414116743, 0.5464674674589602, 0.2644969094791245, 0.8312912840491037, 0.28049007699282413, 0.08845286021498289
0.44081120687658737, 0.4594083891991403, 0.24249449003429246, 0.9037556677579999, 0.5401791644559476, 0.3548213577707896, 0.04156646418278309, 0.774445941043367, 0.6368168651971535, 0.10989528775202895, 0.868228486259936, 0.2207714427042532, 0.27813236010743336, 0.23472212550673244
0.6645776627023936, 0.4756694001761713, 0.6266185691346192, 0.46056472071694854, 0.2183332100985803, 0.6064590049821902, 0.10937520235433784, 0.44444791282533647, 0.692330944282535, 0.8856473335964037, 0.8480290941768954, 0.2962275010875045, 0.7424145213188191, 0.12440745531195785
0.243396048862765, 0.4692779820681209, 0.6785051605083384, 0.49535927620606957, 0.11836230429554062, 0.6891969170464932, 0.42238944324728067, 0.5237716216839848, 0.22297938357339797, 0.6360549241703631, 0.1700047213431498, 0.34441316087951357, 0.4548183248583193, 0.2926919876961285
0.14498195204100872, 0.997058697936636, 0.5362483114456306, 0.2533421576991355, 0.8071776708309125, 0.153073201407674, 0.4618347211776169, 0.10097896079405833, 0.5405264540062457, 0.443874601325152, 0.07676106000189376, 0.9243508204650854, 0.9120838995763382, 0.4721618411600541
0.8625024396675427, 0.6380274528978502, 0.4397289067717426, 0.5614970052961609, 0.24132835416799814, 0.19562308855324728, 0.6701898542947541, 0.0916938645925991, 0.07895642356057919, 0.9352167107829213, 0.9874948018938422, 0.4364997317409204, 0.7277052181162783, 0.5329492778925223
0.034644034227376386, 0.7790602955195814, 0.6234369911327522, 0.3169591811846858, 0.7975853935090674, 0.3615603702579373, 0.9752369614345454, 0.30177325085284656, 0.7930088078754461, 0.951230815348521, 0.4791228754254401, 0.6915229842863247, 0.27782745234581463, 0.4959866396568905
0.7017763711861078, 0.28905903980797043, 0.5368929003441122, 0.8317776444397275, 0.5655234081269321, 0.21757244426365174, 0.9987386573373385, 0.7252244063629774, 0.03522232367312683, 0.9816531550500646, 0.5184215430679578, 0.15736678797843162, 0.5138789307932462, 0.7977592175941606
0.3404899059582308, 0.8181529136847455, 0.17815626293340148, 0.4554091199220054, 0.2977858505949291, 0.5054068780680886, 0.7128881161093119, 0.8635893700959231, 0.40117780722773466, 0.26390053770778454, 0.09639489660131195, 0.5052689225561486, 0.11573501107168971, 0.07199735125542828
0.3292641487060486, 0.7949610804194203, 0.9202261633932842, 0.6580291454723214, 0.8932511285051121, 0.18886074305095113, 0.04079194054819535, 0.29817798763665637, 0.6280000711237242, 0.6410547891559245, 0.8743510827720893, 0.27105595823086515, 0.22716083177128643, 0.2418459910575611
0.23814661996931863, 0.9294979397288121, 0.09515704071320863, 0.9457916904860717, 0.7309172124395541, 0.43459507495798366, 0.7274427987636408, 0.6230578999118136, 0.6299327031131603, 0.4298471779045159, 0.2939384956274428, 0.40154866748759244, 0.8096832099120668, 0.5377459221368444
0.7870325485727635, 0.4766357889895526, 0.07092746781163162, 0.8190875749646637, 0.40187640062156726, 0.6588049937359207, 0.298623622689562, 0.39442595410675374, 0.6781661118331899, 0.5510299418912665, 0.5739658607519537, 0.3720073385785976, 0.469770877471654, 0.023464982277901503
0.6209554002443358, 0.7991139176100043, 0.4502302651981671, 0.1303108618489024, 0.3640909244023256, 0.5009925369825827, 0.5142574541192056, 0.06891249619613216, 0.20970019290656905, 0.6803104970838346, 0.20407793634823101, 0.6187054097992267, 0.5029308775696173, 0.1815077861557748
0.07067026068125493, 0.6055988030600737, 0.13798999042783744, 0.29665366665560744, 0.46989566849712616, 0.2530187625639806, 0.2726797847576682, 0.17592600956524806, 0.5300727275186391, 0.9010442701646285, 0.8371177252388238, 0.7153344648997716, 0.006798126505831337, 0.15018397585233367
0.933018410584768, 0.724377270309532, 0.9980878226587891, 0.49461591422614803, 0.39459418007390745, 0.9773197092771125, 0.9640533091268537, 0.18987101871761836, 0.09179078855197975, 0.24845774140111387, 0.09566037449471543, 0.6422023231581886, 0.9221907661700801, 0.03426705965624288
0.4263305963810954, 0.7167221061282679, 0.31873188008883035, 0.40833530641313953, 0.379550104522696, 0.541863419675634, 0.5718292889820218, 0.5379015771438211, 0.3002153776795228, 0.4768542979910847, 0.4659262512335651, 0.26228467363555874, 0.9331329403909545, 0.7957036049841332
0.16651648693039323, 0.6968197677058708, 0.6123467286438795, 0.1506231118303646, 0.3023486596302194, 0.6384857439933491, 0.7320629709944846, 0.8600604865713667, 0.8864736297587099, 0.29536009708386257, 0.7105949248513297, 0.28552363203520215, 0.178250689809069, 0.4071877586266638
0.403301385604971, 0.9853789966000336, 0.12290852868860247, 0.33272708154312247, 0.10852004954290739, 0.506478168809196, 0.9409697352170194, 0.24562625905355628, 0.21030923818106972, 0.5209374971641436, 0.46556495922151764, 0.46066329157265096, 0.7997865919841483, 0.009506991583047353
0.8271321131091026, 0.02464322100011429, 0.36081379455288576, 0.40945577932811983, 0.030158230288564347, 0.29485723042210377, 0.753412244574823, 0.27845864368068285, 0.7270543254653828, 0.16341600158457437, 0.6736402222073212, 0.7033590863459975, 0.3985608813701661, 0.9429485763659871
0.2639906476155489, 0.21217051881251703, 0.7013548456423272, 0.4416849961059648, 0.7826799321845391, 0.1652828116830386, 0.6201680151594842, 0.8615818033806443, 0.4080358856409074, 0.3961856692963345, 0.2365583865804205, 0.8858183196418975, 0.5310887620757201, 0.09328267087473308
0.0011090542538592096, 0.3566581739702115, 0.9929482202159875, 0.8057565591343286, 0.7754467962044703, 0.33860814358229896, 0.8763971125638826, 0.6754094944942931, 0.9339233241397702, 0.23244548680992339, 0.703869197634578, 0.6746655632375916, 0.19408698408197556, 0.09924415058245817
0.6259562330048486, 0.4748068581702215, 0.9555921518739601, 0.6605513864977659, 0.16013086570194968, 0.6924352346825816, 0.021885499662188113, 0.1847841828037886, 0.9796184017096011, 0.7179978787544455, 0.6148839943477082, 0.5857186201780639, 0.8504550868694706, 0.667142465977794
0.9986067882518199, 0.6830643101309855, 0.36961037112529926, 0.6536163197573807, 0.3721109117754181, 0.5887021386691725, 0.879535926305321, 0.5423446649398252, 0.15204638996672903, 0.6804893968196765, 0.17224242157736658, 0.07583264875210027, 0.7003541896356016, 0.9033490387815944
0.08018761913588712, 0.2421171384152656, 0.9093262873950785, 0.5061739395773547, 0.15491419724462974, 0.5172709410998741, 0.9810430344304532, 0.28263776383504136, 0.9779327831982717, 0.24295006074221126, 0.44238295095155045, 0.03948873975490308, 0.08669788724391903, 0.1127674913887794
0.8143979773271675, 0.6747804446720737, 0.409761961488325, 0.1494275507498315, 0.7726215471815794, 0.48540030682102975, 0.5760308326573577, 0.3820737984936141, 0.2765194176729405, 0.29844926413076867, 0.29850916428448193, 0.6885649958048459, 0.2919990858118583, 0.2632591852201043
0.24860485360655105, 0.4666470308401187, 0.3494440110635887, 0.2947283697721135, 0.7465493478910233, 0.2799284020004046, 0.280747007350612, 0.937509486522896, 0.2530228345924943, 0.055615076433409016, 0.4957852451158373, 0.4558783473295921, 0.3258313691197797, 0.33090233700646
0.13801012042117944, 0.14476796849878004, 0.8524051469003026, 0.7430239388003496, 0.8637817001992462, 0.2629560767030349, 0.6329348050447289, 0.4655190962045618, 0.3959169071318316, 0.017105685366474832, 0.5822968897474556, 0.8638133285958123, 0.7034313480527026, 0.6598367864189074
0.38429106468436824, 0.07528237354902945, 0.41830801205769097, 0.31765770396083415, 0.33324683286416357, 0.7686558259929841, 0.2650853291284795, 0.8571967802972413, 0.46409984605274957, 0.6389894118144098, 0.8221618455389511, 0.1263043910932654, 0.20857622112024277, 0.5506262691973975
0.8809698189321746, 0.5219411422763617, 0.5632122050573993, 0.3805934096381989, 0.6564074404501851, 0.2070578567302589, 0.3831289398877954, 0.19677121488343086, 0.16246502388087825, 0.24930589820216098, 0.9597150424724649, 0.21768196717229127, 0.4329523887729444, 0.6609119254444427
0.852893829405841, 0.7558959922375338, 0.34149731958655805, 0.01564254447546487, 0.8129202964600258, 0.5938859855354732, 0.30372295234575797, 0.1744879422370269, 0.1964619152556083, 0.39364555574783267, 0.6806735726754215, 0.3643635262943469, 0.6491874255374577, 0.6421605952709077
0.4721251311942146, 0.8999270597139521, 0.6408084438840909, 0.7295403532633993, 0.7884896323222893, 0.1918944412455158, 0.7635432865501954, 0.20155449481498267, 0.5019055922375713, 0.3499999175660682, 0.3026676868824688, 0.9430347813533303, 0.8356887270610396, 0.42820044359641485
0.9508351601935924, 0.21306991609815018, 0.8155645954974597, 0.11231769393533009, 0.8781018608569269, 0.2210457941229158, 0.3815537257292799, 0.8652409297496594, 0.6519696274888247, 0.3388010007048561, 0.6750725443473744, 0.15607293788928678, 0.6278618802524889, 0.2394203591405739
0.9276178187162609, 0.24958545994219206, 0.2682056594559391, 0.9332385725358171, 0.7451408108461173, 0.21989856786234296, 0.3753008383038413, 0.9581523983713467, 0.691159054105433, 0.2473360585256822, 0.14444596231853446, 0.04571220075351601, 0.4433139510524946, 0.406715443550853
0.4797930857223004, 0.06519168166896017, 0.10701363287175658, 0.011433071774706649, 0.30501707457112304, 0.24839725619355546, 0.5236170532023412, 0.07818771428008753, 0.33849782688747365, 0.542223809632509, 0.9801309434581775, 0.3725122030585023, 0.28809689027539476, 0.9084048183398883
0.10742760645135008, 0.49278006333785807, 0.440029055630901, 0.7934429943631803, 0.4482606396816283, 0.4459431175386094, 0.2933491736596061, 0.06365697946136573, 0.20904602619781187, 0.4437556926566466, 0.3697810978427164, 0.7017283817826003, 0.19436242151120697, 0.3829841881861229
0.021163334273650247, 0.541622809860581, 0.8129675097759618, 0.6033711929823921, 0.6764249983751912, 0.9479330303550281, 0.8757238137295767, 0.5963020029446947, 0.20335219015247552, 0.9878886214142033, 0.6212033623796502, 0.4628749387932354, 0.5780889936142556, 0.93468075039306
0.6545381252047093, 0.5494598718088001, 0.98195530804834, 0.9222271029628467, 0.3800010717929453, 0.24176432518679924, 0.9593387863267989, 0.18638289520373386, 0.16240712118199463, 0.4332462612133876, 0.5894899546292125, 0.607243362135934, 0.709364247258773, 0.5800992671460602
0.15786004471793602, 0.42083624375732365, 0.688207075709345, 0.6852226173365352, 0.21232645996878363, 0.832467070853248, 0.9256359556022854, 0.3451267146462199, 0.8147047423202168, 0.5093410107165794, 0.11490082277659763, 0.4562468930038881, 0.9634011014437596, 0.9782568271261474
0.7878157966755522, 0.9515782153847928, 0.7094384037275631, 0.15203218226385629, 0.1301496476818481, 0.3610774222781984, 0.23846664033713794, 0.3557676036871692, 0.6037987866913568, 0.45529217880549877, 0.15890377897534014, 0.7472799801218117, 0.6091148967024951, 0.1427925643963588
0.7569301963729633, 0.08010987442176587, 0.25925760332582504, 0.8217766264014266, 0.8368807659585757, 0.012612169382983929, 0.29484640815612984, 0.4489216788818631, 0.06212372392480503, 0.09279978393238719, 0.45944024882289125, 0.5733548147584338, 0.08792578636214421, 0.8503416252535673
0.8054450212839082, 0.17274875362264575, 0.3071695875646867, 0.8580002514125353, 0.9608824654298492, 0.1969137980142951, 0.026957915098975938, 0.2806412511986809, 0.2595988614914232, 0.29344921214995956, 0.6925486992010681, 0.9451617001398047, 0.8690918775122659, 0.040059284419493135
0.4140717658396226, 0.5593900549082952, 0.41312192545402404, 0.054685320747075994, 0.1186810730111425, 0.14347239717974658, 0.15827892560512746, 0.8643339871878399, 0.5727633017065079, 0.13958417580707239, 0.2848812302738565, 0.8226220823132236, 0.31420193145546926, 0.19067591565169006
0.4454738006368256, 0.4280039870984276, 0.46970779613246116, 0.2794309559467465, 0.4268149355042853, 0.6939088925397177, 0.7040357385932728, 0.19977780113679333, 0.18246002525378768, 0.009584654754507094, 0.6823982536424789, 0.37100115083489105, 0.36734234570422464, 0.8249960942366638
0.7644253130881852, 0.35151366187558386, 0.8109545971145683, 0.36988807568641224, 0.6475116735111273, 0.8411867466843481, 0.5474543539758263, 0.020746935516018583, 0.9823119147857575, 0.12508963765615955, 0.6994533108197479, 0.04717754977768418, 0.08327681629058903, 0.9687179468361137
0.3195584185786904, 0.8053040093282752, 0.7154287571696779, 0.004026591939262358, 0.3982003362644597, 0.5373091134317118, 0.17384041416475715, 0.9341846081792496, 0.07537153524592666, 0.38311914943247294, 0.9173615692127236, 0.03960499169087439, 0.4498021379999091, 0.24459053050743995
0.20505184561905998, 0.07106915226303578, 0.9507567668527962, 0.071891717197898, 0.09944007068166327, 0.19096917536540448, 0.4192523779872439, 0.12247071802769705, 0.20616340808437095, 0.7249513896378755, 0.9643782242648342, 0.9920368861531252, 0.4891972557425671, 0.037142909263884305
0.06279659036675711, 0.5084531417347156, 0.35197982049759613, 0.7174148746652033, 0.9003304348782117, 0.1982926060908723, 0.937702294492222, 0.462694356019826, 0.0720017451632401, 0.07376020061274824, 0.1645349994631694, 0.33994166403808923, 0.6726648762217963, 0.6833587743818854
0.6125093119166414, 0.03717781764506811, 0.9456607483646936, 0.32328914635867334, 0.415358995687082, 0.8707563905754562, 0.5658593565692225, 0.8672759515976379, 0.46476163268514037, 0.4972111943981259, 0.8165555092909204, 0.6515585960759236, 0.6712195496909815, 0.6429893290401129
0.8289748045881521, 0.9900752756374275, 0.18110160076420545, 0.2409055797002596, 0.6882847011608011, 0.47764732043488434, 0.1714389630208567, 0.6963444920729011, 0.46456913232040453, 0.3605652225209409, 0.6470512753261549, 0.04473470532816226, 0.10498875394515095, 0.13198526942450295
0.02266200028244847, 0.41900605396158297, 0.058776465740303485, 0.7570303844530368, 0.7560362977863816, 0.48619334604639486, 0.3898961986104508, 0.7244579938633599, 0.2503362479388975, 0.9834226477815241, 0.5551178534382079, 0.009527612825146359, 0.8765294024571394, 0.48660666219871174
0.5456710015857045, 0.8256162270301483, 0.31180376941866084, 0.9144212184646328, 0.9428935912478893, 0.9636490717174334, 0.4556006480805661, 0.209707799133505, 0.9906752256520056, 0.09995657485309317, 0.8278297558436449, 0.008474931296157728, 0.23892918764600335, 0.4799520955155677
0.21095327382717222, 0.7308308183825848, 0.6080912235722583, 0.5683351195494948, 0.08698357887341923, 0.48056751842693823, 0.6281767231302113, 0.307055631873867, 0.7826091755824405, 0.4749864544949888, 0.16957205647399098, 0.03170713408217518, 0.30417313614208263, 0.17967761786826775
0.3761924074213192, 0.11430818389816721, 0.43007872785424095, 0.5019954649844127, 0.8508975155131459, 0.5648010218501924, 0.7061876195682163, 0.48187037671041777, 0.48890413026295354, 0.7869432764715949, 0.20978770994859308, 0.7672129703028713, 0.27926143881856247, 0.6438275482397672
0.7096376653170134, 0.49342620310117746, 0.5344280164376719, 0.2556474260418219, 0.8460388661162521, 0.050180227873866334, 0.7571780634444206, 0.09169744121327483, 0.20211836143705075, 0.9097987107287179, 0.3483824649577548, 0.27981212172015324, 0.9550243494188632, 0.41379425791205704
0.6935951746855735, 0.5013934095007626, 0.4526655808189938, 0.8132748408253154, 0.5804989073954842, 0.40854589541120323, 0.4196271468433933, 0.4202147484603399, 0.9935129271440243, 0.19317154245256418, 0.8599047713256887, 0.8506332810328332, 0.8813333414672723, 0.1944738623510357
0.8234990533203448, 0.2898688390149863, 0.5557541688199041, 0.4561102891571819, 0.8176805533265842, 0.4766307455837122, 0.8517623661384489, 0.1657070392764255, 0.02934531749703495, 0.9658690423799223, 0.8220074413065667, 0.8491208981745271, 0.041686891684403315, 0.6523244110875431
0.04447241473354757, 0.5548844982190985, 0.6720501497913309, 0.4188960056022265, 0.8813607500288029, 0.3515211858811357, 0.7645230582791426, 0.9072308739861874, 0.8937096618821122, 0.6438870105966533, 0.03949776255104043, 0.861906237198188, 0.6392067017155707, 0.9610300246488751
0.36237928364607397, 0.2970470172691563, 0.54829931199171, 0.03311202246508127, 0.48465517296275884, 0.5927489540711618, 0.7285454152342276, 0.5687616788962213, 0.0939469818152534, 0.48274907604980555, 0.939936613566668, 0.44236592122246676, 0.25570616641788013, 0.5735898375998937
0.6431851303870392, 0.615170587107661, 0.3198905220019991, 0.39378133832013906, 0.0688199921260686, 0.35967595616899395, 0.6597016768331317, 0.12289676858777787, 0.528278084051403, 0.23237473943593312, 0.9723636070445952, 0.7432181973155125, 0.49936003536646356, 0.8763690663792758
0.08093636475866495, 0.772352462900993, 0.82373908653752, 0.8871634312364725, 0.2624946343748561, 0.20634366972690554, 0.3374574369593204, 0.8608722070854476, 0.8095378726954635, 0.5332892674395322, 0.4860738991769701, 0.15367790306964357, 0.690995247758908, 0.9901476281701658
0.6437956669412133, 0.240403551891882, 0.38193222635264534, 0.46946312228473697, 0.980631386405787, 0.8072963218945111, 0.9755267669251682, 0.8005484623363112, 0.037857822140841435, 0.8876307902159445, 0.1658647192253483, 0.8744943101787352, 0.15758051704872433, 0.695600655477485
0.5849383074967233, 0.8207762845288857, 0.9714385474211562, 0.04958316789894035, 0.9991864395375958, 0.32060628069422215, 0.13947986228788367, 0.4392323321317919, 0.22231600860511624, 0.48573569654526005, 0.9429994994195934, 0.6619753503019009, 0.7515567436217349, 0.5313296893098115
0.26654565886603654, 0.0711782917940812, 0.7712986866866903, 0.5889524501963033, 0.9593650115616023, 0.8799797993121463, 0.35390824243834507, 0.4001667560786508, 0.6825247611412645, 0.9404380474754563, 0.20236503617671553, 0.07570866125478826, 0.598437433015694, 0.03640841954099394
0.9934845909375143, 0.7456567173497032, 0.8383587054118203, 0.3970598222666847, 0.5172386482963235, 0.5595487418499708, 0.3983971047064775, 0.9212287359581713, 0.6554317471994491, 0.16000294675939686, 0.422339517170773, 0.021819470908991723, 0.6649053523208632, 0.6238635472341881
0.09747782697661056, 0.22970872377835116, 0.713439791903928, 0.7932725807284912, 0.31731090748781465, 0.10923232441859576, 0.7508252273062251, 0.0013534616121458898, 0.17253377735382658, 0.9109985349891819, 0.05398184243883142, 0.2540816625000314, 0.8639333317340241, 0.7265639185500818
0.4352883739888208, 0.8582884729483111, 0.024348969742902904, 0.05190671025331128, 0.6708408948131503, 0.907564636947279, 0.737746412477494, 0.07397602617112342, 0.04801944946385173, 0.46844905008923665, 0.683108652396113, 0.9600816927307462, 0.31942701871396595, 0.6938577222391508
0.8844158359651266, 0.5358644014112434, 0.5647205572492677, 0.6784745198417441, 0.687952857890634, 0.5094547399724396, 0.3107466914848591, 0.7939581452963994, 0.4355208428813846, 0.8248699710021747, 0.7063535476196465, 0.37298159360725347, 0.897517348094166, 0.5667150268885388
0.6820533406852377, 0.9201807924230688, 0.6115477472428809, 0.1861157506872918, 0.635331048903587, 0.6835152647230429, 0.9158371258303499, 0.7396923837320092, 0.6538247325606917, 0.3321711459656985, 0.83019991660497, 0.36927793649480134, 0.20416426174946622, 0.4975350144413093
0.6964983651928969, 0.09521819303682111, 0.2960000870133497, 0.704983599036873, 0.8320026267093021, 0.20716248272748672, 0.4827151423429391, 0.2913794524858584, 0.9245873204509126, 0.23194279647921112, 0.7024655516116237, 0.9013335931076123, 0.28244989044492974, 0.6443856979275602
0.6376760980876369, 0.24570900222640923, 0.3227125120630271, 0.16387390933407187, 0.7176168387231533, 0.7163397120857656, 0.7699640337645797, 0.7423232252456143, 0.011108942927300025, 0.3579835374373814, 0.003255922390600796, 0.5589537201174761, 0.8803419061518549, 0.642030836854359
0.9946571075847093, 0.5427232030396788, 0.8969379564222805, 0.49758817362604, 0.10969747037505084, 0.6548156131328549, 0.8827897763708134, 0.036484789354131575, 0.05821012269474124, 0.34432930862389033, 0.4791309063299356, 0.3253443724959666, 0.19186998997477067, 0.8770140315014533
0.0945051800679585, 0.22296303749796254, 0.9434032517646069, 0.6748864394175058, 0.2967251864623447, 0.7164790496064829, 0.3453282044265553, 0.13451090852352243, 0.510096743298878, 0.7822151573124853, 0.05099158846973506, 0.2530140271859599, 0.28395405806735396, 0.7793685763642164
0.20860464212462793, 0.4023890467685691, 0.3325498537165057, 0.9555429859249999, 0.17895543831485672, 0.7392532979692537, 0.30496081531970687, 0.6056294750392327, 0.37749692541510294, 0.3569992412082643, 0.29528119879824466, 0.4946565855191061, 0.8025575302011381, 0.8758362015407792
0.547124851038923, 0.8393304044973993, 0.4863781922497863, 0.6549147926038397, 0.7657076324258995, 0.39979178941636584, 0.9587979395349079, 0.9468111925440104, 0.46181976831740734, 0.021260899659281685, 0.10910375783368842, 0.33044822848364475, 0.8495166209247157, 0.03105001221010184
0.7594340927704232, 0.9163021545562777, 0.6294504699563597, 0.6768744648867193, 0.3916566739728917, 0.6277529911219003, 0.3083227339546798, 0.647561120079495, 0.7814745217488656, 0.5895218530708358, 0.8745506058916142, 0.600286550446594, 0.5028820969327352, 0.201607419783293
0.7633287812150291, 0.3045832386168148, 0.545639921777468, 0.1550304442554742, 0.6038912497640194, 0.4965340540592228, 0.648186114944478, 0.8446582457788379, 0.8961786840663285, 0.7319262153525192, 0.5124815939677181, 0.5296407378318342, 0.12746859239630992, 0.20812803065456775
0.8420645743927034, 0.7984367075653995, 0.31308374270103456, 0.5469385650802714, 0.9876204446039494, 0.8148210626922071, 0.41595176816943813, 0.451344108691183, 0.4779122588148603, 0.3405145496679778, 0.44952685635344203, 0.9132392057754313, 0.8903733940180448, 0.21079177575796038
0.2606609785235394, 0.6327430519035615, 0.8185839448482519, 0.511808089547181, 0.16416845514128398, 0.1613740252851894, 0.032360366997251644, 0.513221853152211, 0.05128559529338128, 0.1618484656770407, 0.44335632377996614, 0.04448035068439027, 0.8280823609887675, 0.13590874737844638
0.0514375000532,90.4760895891,1092.47041513
0.0488782169252,104.021851804,1151.65920193
0.181414121024,207.913887675,1466.22479418
1.1593412435,344.777736296,1621.29795955
0.004821888444,668.467258031,1650.16496164
