$x1,$x2,$x3,$x4,$x5,$x6,$x7,$x8,$x9,$x10,$x11,$x12,$x13,$x14,>>f1,>>f2,>>f3,>>f4,>>f5
0.9252361220471503, 0.72577815264788, 0.04791454729523603, 0.10579643514556702, 0.5116363752103086, 0.9733110052875991, 0.24415793676475406, 0.889858501131861, 0.4828987902391899, 0.8970438252718733, 0.31277013631166695, 0.14818802161163236, 0.6347270130054844, 0.7265239692502807
0.6352860562448709, 0.4703721037395734, 0.5512938960299216, 0.12462094216032715, 0.40075768083404784, 0.30871880645537964, 0.565964246980883, 0.22988217971476366, 0.8871603232463, 0.36613055473555245, 0.9171603477772511, 0.3375138386137895, 0.5992983152494709, 0.961816466791427
0.6795841047626993, 0.036863664747258884, 0.50665967070195, 0.4790529410199963, 0.5654933802731927, 0.8672574274638176, 0.08700494924459312, 0.7038216900317804, 0.5411775102723728, 0.8773484061573796, 0.7749358834686159, 0.2977789892795192, 0.04943535450819647, 0.6856260812822785
0.2197078792513577, 0.8239694632995953, 0.14715987270638764, 0.8908217369215179, 0.4910370224954952, 0.20978053668935326, 0.049075793973206716, 0.32614095213689753, 0.3477383874081811, 0.11147713911228108, 0.5965740170028537, 0.0461053782509846, 0.9221234162764138, 0.8569147036003597
0.9445051458150053, 0.63169213876337, 0.9895897094117505, 0.9349883296715398, 0.1637280564463517, 0.6880227233478944, 0.9229663019125673, 0.08146051430763357, 0.46905647556950525, 0.718530738930024, 0.46274171712063783, 0.4565235578576763, 0.9497994642492059, 0.33832243334667644
0.5430653128964644, 0.554566844017644, 0.6272767555207968, 0.860967669672902, 0.36715960346213805, 0.29801742849546353, 0.32917404959133745, 0.5219204089243751, 0.03994981239416795, 0.4317924223218136, 0.7711164791560218, 0.5608330108672197, 0.11526375398408972, 0.47844881952931073
0.7401717826653982, 0.9213643311352848, 0.15466264009391884, 0.9233168537803501, 0.8762621668375767, 0.4620608446154627, 0.053202067710021894, 0.8406352494497237, 0.15127373405697497, 0.718952660211188, 0.9746508958123293, 0.5227561449749878, 0.4846946437730194, 0.9484074105077013
0.04539032646667329, 0.29473472424175373, 0.5858172078057066, 0.492380313093576, 0.18050879764823702, 0.41565293288035854, 0.9319884783077053, 0.5484277845422497, 0.3875477041742885, 0.37205062129463184, 0.005091670368777446, 0.8720997393663177, 0.3917346558561754, 0.6904148360721419
0.395132233400193, 0.8991176204373525, 0.04952865093319403, 0.773702587275607, 0.7813077564356045, 0.5715096097655439, 0.8069023949070898, 0.8971100784278324, 0.5561634721374281, 0.14835244350720933, 0.014478117862707363, 0.4017162003909196, 0.1525926734216263, 0.34706863838214685
0.2187635342978399, 0.8167460539504215, 0.40303280262233243, 0.15551279634020942, 0.14726008810026892, 0.8426844850532844, 0.6602408691308621, 0.7292607555064342, 0.5420516933635922, 0.731610937222789, 0.5765431344335388, 0.13551795789981225, 0.7063371801219628, 0.6200205021940604
0.7102585435741873, 0.8740809216034247, 0.2890763705680325, 0.33143931430020956, 0.34264343614908277, 0.05620779183889291, 0.2615935995753187, 0.9091004033447672, 0.7329142725946038, 0.3228180587632402, 0.15305295382555095, 0.44852047535217043, 0.1551510704486475, 0.3775544266803661
0.7028813264210414, 0.9788291344764334, 0.1770456134152174, 0.8020468303161917, 0.9144623065227865, 0.6556016027554541, 0.2460960164275593, 0.6726731973168611, 0.6388943866158499, 0.8492414294040306, 0.6718875896145236, 0.901436090292455, 0.5068677467147958, 0.5594167266148524
0.9571908124437196, 0.8144225389647104, 0.8943002700699606, 0.3133244502546798, 0.9649716676561578, 0.9147724184970704, 0.7985698899641873, 0.6238026176354862, 0.4158046623595355, 0.9352348204201855, 0.9017780644443503, 0.08581353657897228, 0.4485527942244679, 0.9671123008483961
0.12265297573059952, 0.5986310403738938, 0.8693560713967959, 0.12375722397640299, 0.9437217381033134, 0.5944762370576724, 0.4235599431161069, 0.5058612373267902, 0.059065788065350566, 0.86932560609041, 0.4922737005701694, 0.8858622994504859, 0.3609130523614259, 0.05230851622097965
0.5020898670651437, 0.6091808764032234, 0.042049150855190454, 0.981775751179145, 0.4386501398037932, 0.7767753902285924, 0.7305259812051608, 0.7067043381856355, 0.6653580035107828, 0.3808964702005787, 0.050921187912470245, 0.1998222826898709, 0.9278024106844664, 0.2151251011769576
0.9146844680015448, 0.1478139844067894, 0.4688694853373667, 0.15388882512296642, 0.722855881961081, 0.24517461600115098, 0.5688001037266547, 0.7766704623901983, 0.4238010480481993, 0.09146477116850382, 0.8543523106442549, 0.202747865757691, 0.5491701565833029, 0.03887587592807906
0.2771801282037435, 0.6309124948088043, 0.16040270897997022, 0.7692311231886771, 0.9503822188333962, 0.571640366716567, 0.46727640053568087, 0.9165118289556407, 0.9835653742073502, 0.5004503361704662, 0.38659923798921514, 0.9017579623908597, 0.3980906577544291, 0.5759420394798963
0.6687828576027149, 0.5903778101897899, 0.007599617893767618, 0.5354660963896766, 0.3962732232551678, 0.3373285108502514, 0.32893890292715067, 0.7421025316509425, 0.08312314341428795, 0.8944192706205943, 0.3642389881563406, 0.39530171294041394, 0.8281702516444136, 0.9394054545781736
0.9126606818279471, 0.20617608024028955, 0.5116534899062833, 0.4323411563691809, 0.7663557649692738, 0.2519696111480735, 0.692468018247123, 0.524955296096361, 0.8018373040360774, 0.27454783215923173, 0.8289398451657284, 0.13212666191643796, 0.8328095682471897, 0.2643735861840609
0.6460569213248137, 0.4833941781976633, 0.023012860690089898, 0.0701891241346505, 0.9898159431806088, 0.8847677436204876, 0.6817184855536503, 0.9706485524723902, 0.43599638211263714, 0.3333999835584167, 0.950369272127205, 0.48881075389343176, 0.9338696208944988, 0.45004238306236755
0.7125674036571523, 0.5388060511100013, 0.4289095555368734, 0.1716546590892416, 0.11464910466632516, 0.15676610062396368, 0.6761872001621548, 0.48912678565416645, 0.9136638741941745, 0.810906030587012, 0.45501599056543407, 0.48891836532115507, 0.9956760231258014, 0.8240866305762312
0.015106290057256389, 0.3398020984265734, 0.9781772044582736, 0.9682909672425665, 0.11494742223804211, 0.9006622657200563, 0.8797468846218848, 0.5270752209175297, 0.02140354635358699, 0.7745595922784689, 0.09409512667138142, 0.9569683179823305, 0.4635786168983642, 0.1445149484283924
0.6139695103384526, 0.829632707722266, 0.4625328662170717, 0.7617390536168893, 0.6359860438147014, 0.1662053139621269, 0.48514523556762257, 0.23495972010560218, 0.15244631984853885, 0.8509927243329879, 0.5692027437456232, 0.28029014291349363, 0.4318973073772483, 0.4468573633027497
0.04659073331458663, 0.07419601578241575, 0.9701439423167583, 0.28071358527692536, 0.07117501765829115, 0.27901353309521537, 0.4222121749369493, 0.9119317090064137, 0.3566845809541027, 0.3250549028819536, 0.010500521093467996, 0.9177290903024556, 0.5492726477897376, 0.6330190587419499
0.2562430855495128, 0.2655604311333838, 0.037125004731593414, 0.8919886718487873, 0.17595064243766534, 0.3558528089312085, 0.5932544124688606, 0.4048190174827051, 0.8438830291894607, 0.7991284795879819, 0.8594408308579267, 0.43900702327776997, 0.7753502537915682, 0.9725652937721365
0.6477344645664808, 0.9867930759393829, 0.9020158845799991, 0.38497997721964305, 0.01985970194140041, 0.8628484632212574, 0.5417765583144821, 0.35002134548421515, 0.7618369131708412, 0.9875339223616915, 0.0926078799913288, 0.17023235095637024, 0.6189490809492938, 0.048634458052447815
0.3830793034854231, 0.1145623357239064, 0.7359818922388867, 0.3098169680883781, 0.23944145675407702, 0.06209825853847706, 0.6582909109083244, 0.8122699362753939, 0.6469623612016537, 0.3805884300033714, 0.7558827742004773, 0.6206710362758051, 0.6018417869821788, 0.11315937571179246
0.3888863292304314, 0.2781917308591123, 0.01784742702694586, 0.19002939949428777, 0.041602870929631885, 0.09880149249118986, 0.6730018110645948, 0.5348963872197708, 0.20787618760524684, 0.41321650635146123, 0.44139908551609175, 0.31404863869392063, 0.46754282107726897, 0.2909468752956027
0.34324835225004335, 0.08425319078154914, 0.7345091805847589, 0.6098051656772714, 0.7056897121296739, 0.9892967267491298, 0.10582369237105937, 0.39227582535958216, 0.8173319487953965, 0.773591416922186, 0.39904189021038905, 0.16072353567658038, 0.05447239054029196, 0.15879170151789512
0.7141072644280103, 0.7231602179269837, 0.219802292475763, 0.9464135262220463, 0.44407877001813645, 0.5582839484697907, 0.5011424811578801, 0.6308898159526045, 0.8369008757256545, 0.7829421375915555, 0.1780761089788997, 0.5690099546136308, 0.564531964309742, 0.002002363085035652
0.6155634616485502, 0.17924929623632269, 0.6485920073551549, 0.4811807399479886, 0.9216551343751758, 0.9816092831196574, 0.3467569067188465, 0.4588415018574108, 0.9150767764263479, 0.03321771293189346, 0.711610935678413, 0.1394173549743165, 0.42487064816290077, 0.8466646209037065
0.7252008141011105, 0.16296263457591875, 0.8583007606103453, 0.46426011701230896, 0.8159891172234524, 0.24921360705794582, 0.18340487069457645, 0.4817332136994904, 0.39244726649413897, 0.03468652811080131, 0.4554330902149204, 0.08239491772373886, 0.011256307720003744, 0.581195638254618
0.9808529314219885, 0.08464566594486111, 0.9208475684667733, 0.41048205080144207, 0.4018971403046445, 0.41348823972342386, 0.8866055464970781, 0.3542305340539086, 0.8603794404989877, 0.32229243687201803, 0.1748114033495467, 0.9383708451130051, 0.9473931942513709, 0.20825551271546527
0.23856399142844875, 0.9894765338501385, 0.43411683917893173, 0.5690356865196892, 0.4766522494875489, 0.7366581042249966, 0.6836836091253248, 0.0978632744058261, 0.48353212797757616, 0.3378462182365831, 0.8594358573292331, 0.03532661080374522, 0.14116378635347837, 0.4216037777326823
0.06325192813357638, 0.9254309216857831, 0.07380933778791487, 0.591293449598265, 0.6184602843769399, 0.8849333356902384, 0.8668238699862135, 0.259691503012777, 0.10246877693062406, 0.9953647687018445, 0.9909786485940034, 0.34557252632366897, 0.027428916776674916, 0.9833640646962658
0.10622888467018043, 0.5047709445078374, 0.2965010648280414, 0.591888377247673, 0.13225733917465687, 0.2973366897996137, 0.5916932700470837, 0.9100503999403051, 0.5142632820436857, 0.11427948422046552, 0.2800675187640962, 0.3700675348799145, 0.25005148110647035, 0.2321711745579037
0.952755361994832, 0.4573331838139568, 0.7002223878136523, 0.13006132153469674, 0.07673852986918861, 0.6294890768164678, 0.307648631221225, 0.48598324572663065, 0.3393564645857705, 0.20130760749276932, 0.6842528485016969, 0.12043353345506491, 0.8185834511232146, 0.2845880803959585
0.757044444758447, 0.11726491091398739, 0.18033844947077948, 0.10015061969038208, 0.23001997875424796, 0.49444688625592026, 0.6290358893873356, 0.1105765250925097, 0.019957403505119875, 0.42119606948239663, 0.1863289688630394, 0.3712527031407581, 0.5009646339092324, 0.41544999075336697
0.8363964525911495, 0.19407311543400518, 0.8899432758077331, 0.9086678207747585, 0.06041246898420838, 0.7917164388357755, 0.5095451912295554, 0.3544227698577853, 0.07738047797631709, 0.971446632668082, 0.5871259903909195, 0.9635442679556933, 0.17341686621050667, 0.48278203383673834
0.09160804740591488, 0.25926049810129226, 0.9233009628353727, 0.6148092465757462, 0.18262344565059963, 0.23777240864233762, 0.5075248863728806, 0.8510519193841477, 0.013968322973759162, 0.05827488456872654, 0.3756868917002417, 0.44662168327192175, 0.6498906015206808, 0.7325188746266925
0.021630202719128966, 0.5057436453617451, 0.6544411692054766, 0.6344342233486547, 0.5377597172677134, 0.33042293216065677, 0.18162858362418155, 0.21329605057882295, 0.33561436881583406, 0.7293049980121031, 0.3171045023425314, 0.6693693475708379, 0.796673582236991, 0.6586894612381264
0.914209918804226, 0.754894765546583, 0.42643408308441855, 0.9999078401118487, 0.5627726806588284, 0.4814375191509441, 0.9760572186823437, 0.13305744618237092, 0.6505776696095795, 0.12270629147369105, 0.1684174287368283, 0.0974753025783972, 0.30731768429497786, 0.39295894525523767
0.6286343783628209, 0.3758575591056026, 0.21208885971794367, 0.7096795613269122, 0.9959332403922263, 0.6136929437924076, 0.3875335243330461, 0.4432200082181328, 0.267551788380735, 0.5952482150743874, 0.20246829629303198, 0.26229023554241515, 0.45749388256837875, 0.8883498079867937
0.6075567610099991, 0.9577320182785855, 0.6588668160159502, 0.6461638813256023, 0.35507117821095935, 0.5787190329122828, 0.17842070310145353, 0.15792668130594023, 0.11541560583761523, 0.005793858429472665, 0.07262075161200021, 0.2918462997935153, 0.8546940713917395, 0.8174558449083865
0.11008986171177348, 0.0573688721031228, 0.2140848834359409, 0.777274118722893, 0.09177270362181156, 0.11430120136805477, 0.014161803314401866, 0.7476976098093429, 0.711966061385663, 0.07771488936562443, 0.29433315892609035, 0.08003061878937523, 0.12973795858045345, 0.02085932256299239
0.18358646492832742, 0.36001582719559333, 0.8686259611399264, 0.9537354993305772, 0.5723945686886723, 0.2173063361998161, 0.5047602230601795, 0.8323570048959157, 0.7200424222757574, 0.16788108506359056, 0.15488195273588312, 0.74786997434781, 0.35945315802692224, 0.5555234090928328
0.6950843251259544, 0.4288168266051864, 0.06995138456506222, 0.13355940813122635, 0.2339599244517907, 0.5703940203084464, 0.852037677378115, 0.1306566016749956, 0.21890198101808567, 0.7582267181858454, 0.7317926659245516, 0.12316686091914542, 0.26153686409450316, 0.8686045907742543
0.22458909406050243, 0.37182116062655757, 0.7441738444321022, 0.29647352321089004, 0.951390817539237, 0.2958274624166889, 0.9763815675386806, 0.6197030766096151, 0.0493360916039669, 0.5425324030662247, 0.44472345537771774, 0.2855548418444829, 0.34235294879438005, 0.021851118170522765
0.5100904649246698, 0.7943693180454473, 0.8607874343501376, 0.2525726324955905, 0.9405648590891035, 0.9923844365293002, 0.7420665199262942, 0.6681609159280663, 0.46710901832640017, 0.7149032800277556, 0.7416744930984256, 0.5980269286927316, 0.11591143726228714, 0.835463836685009
0.5959149403530973, 0.2886985623781355, 0.1024176918985008, 0.7097378989536165, 0.10864679680654121, 0.30062233093410684, 0.2746415587536478, 0.17099369133712827, 0.1988120584378512, 0.20073840933527132, 0.617214006273672, 0.10898351490869762, 0.3522058252429445, 0.8522662955895082
0.3138559742110144, 0.7695982969621724, 0.1175429183377279, 0.45443969580492294, 0.7620499606124058, 0.19546215056641136, 0.45856604117403776, 0.1556042359260369, 0.6327833242407975, 0.4709917968397339, 0.15190451848677122, 0.5008578487346157, 0.5430719933866776, 0.7568966909720314
0.5325494434491781, 0.32888766478785825, 0.45836284537308336, 0.21482018255385205, 0.25954988319869, 0.6042771648885037, 0.08619538377300151, 0.7409295123039955, 0.1737701482782934, 0.9770610939368525, 0.9651790048279396, 0.4112029602781143, 0.161876421325311, 0.49004581450619245
0.2539482262754368, 0.8072461446824476, 0.25337088121080376, 0.6854117664024042, 0.8933839295350977, 0.569167234383251, 0.07792163956972198, 0.8426751561807222, 0.7350620800413373, 0.4175859765542166, 0.7597205063089082, 0.77395669743287, 0.44539853256374295, 0.8293480034800675
0.12462501793402114, 0.7341356643858984, 0.3511173177246196, 0.7260673754580103, 0.007520972882536392, 0.23628051188291155, 0.8401720930364438, 0.3351090231012701, 0.768575710531893, 0.49876847984586314, 0.01374841713175301, 0.770182001054238, 0.05027817893590336, 0.04954360633001842
0.04001400681693312, 0.4756693313968702, 0.8627953159594015, 0.4976188472939582, 0.36576993775270883, 0.14370828879550246, 0.961637483818184, 0.20044485214001384, 0.17530739356755776, 0.772249280273912, 0.40867934870123823, 0.47792392824965435, 0.26962586911375763, 0.24559276683913378
0.04886392411065876, 0.5655548815574996, 0.2008705327447987, 0.8474577273246204, 0.5001681475175248, 0.43837968326458676, 0.6930420715028244, 0.8413593676039345, 0.8324195265694861, 0.355093482780656, 0.40670476183041004, 0.6901829506753289, 0.4221984882384229, 0.07122087787169484
0.07139298308327591, 0.46687912789967767, 0.1556056044635482, 0.5195139286326309, 0.8287893215978933, 0.8999091995465061, 0.6475247505582817, 0.043405708122049136, 0.17835059520265617, 0.12681657601714424, 0.5957626986650383, 0.7039778576251178, 0.28108193120502556, 0.719057355322027
0.9866850122045456, 0.01787925886010422, 0.3571142891085646, 0.3166300282629131, 0.9809515875847857, 0.41240060227837694, 0.2467985081957932, 0.17843569113684077, 0.5467706230180313, 0.3159340857315497, 0.6076095581406535, 0.21724373565062527, 0.6788167916589422, 0.12377358108605518
0.009284506808045268, 0.2974883900231151, 0.8093084016896822, 0.9230783034390131, 0.19553442650216424, 0.32096940493368964, 0.8530240817748448, 0.8748682201605633, 0.029007954591897867, 0.23592799479590976, 0.8945583267012205, 0.31889000541624024, 0.09163578243007853, 0.22891242328482397
0.7261226366294583, 0.4983322805763658, 0.809305897144991, 0.8071534767753648, 0.09622513238621055, 0.7372345777949486, 0.7839235434667567, 0.4368789314688203, 0.28124340401949643, 0.18341177889033056, 0.6814082883249242, 0.25886503560675633, 0.666293442196342, 0.292032961000235
0.3002552159660873, 0.9014014415578063, 0.6053086343253976, 0.4333482596431627, 0.38152529866528917, 0.17366969719348946, 0.012153016184216936, 0.16038054916121047, 0.9187380615056546, 0.7800885176898587, 0.4422932204045166, 0.8383241549833454, 0.16147234455875914, 0.702911814777592
0.8081014135184161, 0.19983184897174266, 0.15472270126899068, 0.9293920623232458, 0.0864695585179952, 0.012138164805200802, 0.8720226716964262, 0.7842820445509883, 0.6643345778518498, 0.9976645711580997, 0.5451393426338573, 0.43786783861330836, 0.8829256457306992, 0.6810369658799884
0.13121898780140884, 0.5937737589861837, 0.36634981305521563, 0.8557121149855876, 0.4915868508339608, 0.3307908027251144, 0.24249735611636103, 0.7550533259107668, 0.8304285269338638, 0.1633704465453385, 0.2105560557833429, 0.7974952630798684, 0.3062419097634198, 0.20193238077026898
0.31926478613501164, 0.32948037688129206, 0.4440128874616158, 0.4138867857003725, 0.08465772626420076, 0.5106220254167615, 0.8953736140457158, 0.7533982282739986, 0.8255357336384644, 0.6791797859967659, 0.20458732108581146, 0.7420287945414277, 0.5365399633582121, 0.16157058107250744
0.02879787978081938, 0.1753788885098353, 0.5939528130004594, 0.9469606465157663, 0.07172397085963433, 0.989319550574196, 0.1561719816050129, 0.9072514123353833, 0.598784386020134, 0.5639197608677902, 0.21695373072802293, 0.6971925340465411, 0.7502569290643911, 0.13704897847591613
0.21317195965366464, 0.8050198273114966, 0.898091586491677, 0.7870309747368112, 0.21903757521201495, 0.96173990044801, 0.8498528378850818, 0.028889419771790936, 0.19150656772616492, 0.6758453697171747, 0.9435684665410081, 0.9590208943153689, 0.7266619448917431, 0.4691323516954571
0.03619081910521116, 0.534899839743763, 0.2882881830508769, 0.22821309328327177, 0.9875193485182673, 0.8847153256379223, 0.060353644004019213, 0.5212998644077064, 0.47978407887715957, 0.4428698098617222, 0.17539795903952338, 0.8500173947544217, 0.9599002672605516, 0.9393437207109167
0.6136878280497973, 0.40096014813504177, 0.9425244436627288, 0.66694980295844, 0.4791105411446246, 0.5423067614652993, 0.11667833776223202, 0.8603851883265734, 0.4581633100072068, 0.6156818752010863, 0.892897066549797, 0.12815650907555265, 0.8812709889469598, 0.7830030848287926
0.7825195262591734, 0.16829801481085072, 0.8413120381399096, 0.23609325524645575, 0.6786573571757851, 0.014461028879520277, 0.9582800275864598, 0.74776925536321, 0.04653758084365933, 0.9777160746546293, 0.884782204546532, 0.6023837051826211, 0.36283478359719035, 0.6025922107083386
0.6626931041302261, 0.2846387185661913, 0.6434101650287203, 0.5267757800162217, 0.11042177648944873, 0.05082055430919197, 0.48797531734278643, 0.2655682152991804, 0.08632981769819692, 0.4144877009864376, 0.8128402153002989, 0.6868378964377952, 0.1410237324106539, 0.4310704708910462
0.09039303354096817, 0.14125718180612667, 0.3625940573462113, 0.0034338248006811067, 0.6194394088917532, 0.17682407613486473, 0.6803296731855576, 0.3151367676096526, 0.5094806727452266, 0.5617454520732338, 0.5781211226588102, 0.18503067316277577, 0.9341508311129033, 0.5838088362977314
0.6028092004289805, 0.6060601230606721, 0.5833300907921241, 0.33534448688392204, 0.663969783849152, 0.7764495497956793, 0.8755708048750922, 0.7204450710070016, 0.241790848354709, 0.2588978769930902, 0.7513072302333149, 0.44378335507330846, 0.45297568176898517, 0.11673931119535741
0.6224390324173524, 0.06274743123354654, 0.6964007287064088, 0.21930522745495407, 0.5895935373938116, 0.8224689503649204, 0.5155072890148227, 0.13091630476491245, 0.3428414938602561, 0.6061937189353688, 0.7860566314498265, 0.9516838684886147, 0.10622352216988795, 0.36528574785587875
0.20802394252162526, 0.32309394924275603, 0.3171247247390001, 0.05960765346408259, 0.49537155006113387, 0.33621145524138063, 0.17242463660966978, 0.1278454300450227, 0.4471895481648852, 0.2500966747967678, 0.9571474168106214, 0.9073510818036179, 0.40485758126572835, 0.26939883996068437
0.29764061762188765, 0.5677406358786216, 0.10314715246868467, 0.2729095907335668, 0.8716807479590092, 0.46616182719609545, 0.5287989456537584, 0.4518460268764276, 0.3110364742093237, 0.8086408821374426, 0.9225182510890357, 0.9413763039028032, 0.7661484252432657, 0.1576841360921405
0.041233038323817084, 0.6042988771818265, 0.3103250630865785, 0.33844142526270915, 0.6597547237134633, 0.4218068087411867, 0.8678253658151941, 0.744486296371981, 0.4976483549198034, 0.8954552279517032, 0.5233613808757326, 0.5978210664566108, 0.1637543205297215, 0.9051848223238834
0.6865303423520998, 0.007592828959977926, 0.7541709733213945, 0.13960762022902795, 0.19103987429858238, 0.2760659463489685, 0.7940907168649843, 0.6415302707411769, 0.8696003686642515, 0.746990189750814, 0.9149135085443316, 0.7123348740722159, 0.01966168134166102, 0.11665371743181241
0.21371406528397408, 0.07870687723056491, 0.07659310195300495, 0.24336327991077167, 0.5910811951812173, 0.6362926035291833, 0.10046420105318477, 0.8648277981825198, 0.9035268586520357, 0.1236811857239618, 0.4582880434650879, 0.5633047225358632, 0.09658268756525179, 0.4202158567148153
0.0779188118725963, 0.0593176694729336, 0.5069195797674841, 0.6551018045479527, 0.22871713991279896, 0.815149975453461, 0.05153413172272092, 0.9532093516907267, 0.009604913819524996, 0.10680906843471027, 0.3164605537724404, 0.8891012686691228, 0.7709493167483426, 0.1313561191155067
0.855494364540491, 0.5847777910087482, 0.700370114910912, 0.6938563684015371, 0.7523531427471641, 0.7903300604125035, 0.4671448794906331, 0.6319156518249687, 0.14106239383809016, 0.010216573841713261, 0.4072634175606057, 0.575320705194015, 0.6934418937421073, 0.1423722960086895
0.4873194847628063, 0.896092195913685, 0.8287811608828008, 0.74025519799881, 0.08914250452883488, 0.16801284320561372, 0.8112600889449754, 0.21922503856929743, 0.7666700483508374, 0.3810137116728439, 0.8115091818160785, 0.5485149002876065, 0.8863886134569412, 0.13586863078229972
0.9276183376357572, 0.09623301111712768, 0.17272683407738976, 0.8494118067913632, 0.6688681118559286, 0.12611161443030716, 0.03801500262798829, 0.6175043558282103, 0.4971121310021722, 0.06186167530696651, 0.6398233233782861, 0.41279932248058915, 0.4847568272486089, 0.4323052313490464
0.7553873410487444, 0.6079808748158776, 0.7924891112412805, 0.36600979674726986, 0.43881637987671973, 0.45100895943030805, 0.28704231544308445, 0.4442209694095156, 0.008497680091242743, 0.16023813899520067, 0.7884966081179423, 0.601899044265423, 0.927760553046926, 0.34574673625460517
0.4833580240807428, 0.5342759890914949, 0.4600190477468925, 0.9778252713875101, 0.3507563313210367, 0.3492877641398482, 0.6036003329622616, 0.8556160740900223, 0.027039918462050117, 0.2292012076142279, 0.2566012683062697, 0.44676833754261125, 0.4854827793874392, 0.8115727810203642
0.8552933766752187, 0.6365805281007076, 0.4424761968295059, 0.30734639214424864, 0.6089301337248526, 0.8727212202903022, 0.6267235578293711, 0.5433387802950724, 0.2029455308055046, 0.8863001984370035, 0.7860812351781221, 0.22956217213240804, 0.5548087332452363, 0.9051872430206078
0.3318804974446763, 0.27489878651960264, 0.6815235009617622, 0.8974303057073156, 0.3181901641300544, 0.15525571036906605, 0.7488282962980372, 0.5399322801752573, 0.33917884939186027, 0.29240465791855597, 0.4523145626980999, 0.33968437941144525, 0.9357360637956285, 0.7111573708548787
0.05830990577287154, 0.5006261249315261, 0.9173568702841467, 0.689336450976301, 0.5956506851621295, 0.32280191402705083, 0.6311348226285092, 0.7753793192425849, 0.23869829452709046, 0.3771319130709393, 0.11641976715238367, 0.9579626865362776, 0.3731354439762399, 0.8848030192481287
0.31968477714209165, 0.11874237498320594, 0.8896289944801482, 0.934143109055619, 0.01685237924758387, 0.48710603657921014, 0.43055466371838236, 0.32149440477364755, 0.34354663158043863, 0.9102468677173718, 0.6751821544770271, 0.2167570453586577, 0.6339025875696765, 0.4526541137989606
0.7402127575145434, 0.4666595873371019, 0.580015269857563, 0.12610377749642454, 0.3438170817877405, 0.37816616056705776, 0.37266219824984126, 0.6407811596003015, 0.5632242507244309, 0.9425740430481551, 0.561874633481176, 0.64425014237314, 0.32561178886389186, 0.17957295259500083
0.7847985557301147, 0.48744510889671333, 0.5312305091877019, 0.7177771118394454, 0.8133589898441868, 0.42780196730272624, 0.1413952504173811, 0.9791175864724737, 0.059644090851079024, 0.2811750932725985, 0.33792103891463143, 0.8778595052722189, 0.04152032408652473, 0.32618722431152913
0.25670701943218444, 0.7606035929273859, 0.03892994107030012, 0.9402856630651211, 0.8045801868045069, 0.40737191731507816, 0.2885798092418955, 0.83558915178427, 0.488246996924673, 0.5435037965070451, 0.7939669430543553, 0.35480813485440776, 0.2532691875531162, 0.31735366566839995
0.40095541000260604, 0.1395307509749234, 0.3479453632593813, 0.9582360189765039, 0.33408412043801505, 0.2153800208523453, 0.5399216601671813, 0.2455286502850934, 0.7153482690898993, 0.8001258166968855, 0.7816974217484601, 0.1868623107607721, 0.11190000524718058, 0.3675025574965708
2.52096748742e-06,0.169682179252,1.68377156574
6.61089211079e-06,0.153565327878,1.91559209782
9.36120200332e-05,0.332921615707,2.13525686069
0.00100969333313,0.627095238698,2.44729273739
0.00161992732123,1.25733915621,2.36714406125
