$x1,$x2,$x3,$x4,$x5,$x6,$x7,$x8,$x9,$x10,$x11,$x12,$x13,$x14,$x15,$x16,$x17,$x18,$x19,>>f1,>>f2,>>f3,>>f4,>>f5,>>f6,>>f7,>>f8,>>f9,>>f10,>>f11,>>f12,>>f13,>>f14,>>f15
0.35542016579202373, 0.18064367398899484, 0.038486700394243845, 0.8886148691948066, 0.4446656046924876, 0.21912013113016626, 0.10292606036666985, 0.25300001293628005, 0.3641060259843014, 0.7787387443446753, 0.9208563573578672, 0.15872367190386083, 0.03690636233659139, 0.7589235905018193, 0.9233979510329832, 0.9388402648659672, 0.7203757426491713, 0.17301073242443377, 0.15446970349084022
0.73208125642991, 0.5861413850919998, 0.9829633103564369, 0.5770090115978757, 0.33681279463925307, 0.5082514210970851, 0.4882840491219549, 0.04760782634031491, 0.9186451405314958, 0.1714064462947601, 0.4857517842866306, 0.9724127564767547, 0.8321626856224953, 0.43565810813102035, 0.3661577949226321, 0.6388202130551454, 0.15905549855541656, 0.06718924230666601, 0.6544300975192673
0.39675026557462256, 0.8683230791033969, 0.2690598975013838, 0.25058651413708544, 0.09625428160071992, 0.23070435752153529, 0.9575951679456081, 0.19196934264610688, 0.8987161656971145, 0.5730129684954501, 0.9151414494961859, 0.12310703695493841, 0.6754692880356792, 0.7651713586425489, 0.711153489354464, 0.7968486193191645, 0.3865149057028422, 0.17215608092905021, 0.8076726740712694
0.2923991116234278, 0.42713537190190765, 0.568348568283007, 0.37489672312490074, 0.5058498460073931, 0.6578927932088455, 0.498153605093713, 0.6440895984459674, 0.336592445600693, 0.8130066674063464, 0.5679233031818769, 0.6525701822350999, 0.9467476282497457, 0.21418525324505933, 0.9233192596958824, 0.3288483214456941, 0.9680822156866035, 0.030632716002600202, 0.5970242869087549
0.8032352261682242, 0.8749480462002474, 0.4093416901614326, 0.5472498816809108, 0.05211280484947589, 0.008840769556739847, 0.23565270620546364, 0.835280753217974, 0.875809359397954, 0.14575870097374188, 0.867846734967017, 0.994716454864057, 0.8943562479608267, 0.06414232287777, 0.3795638853412535, 0.7207871233085414, 0.6057084454856376, 0.16270448098387524, 0.5199801730493873
0.8404980740733738, 0.33802401215611366, 0.5061862931493886, 0.15769785916602674, 0.2197007374870319, 0.9945412270624081, 0.009552639180422484, 0.8709999208597857, 0.20459310624992555, 0.11520094418400972, 0.2452643618186625, 0.036052539195520206, 0.46579167977581704, 0.7243702515625843, 0.1276924534011592, 0.7732246271667672, 0.30472392480734545, 0.02718776380799548, 0.4377230066012334
0.03609394219638884, 0.9259442109470472, 0.37795621727776607, 0.8497763754668121, 0.4136158060417019, 0.635390311477714, 0.07302328802808844, 0.4262343498351161, 0.18215374911608517, 0.9833690825387809, 0.6237915483689334, 0.8846673050125465, 0.95976662740508, 0.6185899477026128, 0.9334357343058673, 0.7209224885557437, 0.017780381523148092, 0.751749325351197, 0.8672399783590597
0.3235642936395906, 0.10429055179638147, 0.6812754127278464, 0.6025517009899369, 0.9873159934208167, 0.18321128689287047, 0.9061642503719246, 0.6084904423764415, 0.060050480769114456, 0.023795164003200586, 0.9720984907790644, 0.8277867446846161, 0.6904321885981504, 0.458741082000257, 0.36526020194315667, 0.2651049904012225, 0.9481279348145878, 0.5632037944373718, 0.5618293991422294
0.7810633860089712, 0.08226326324310473, 0.5246350358227029, 0.5829732187101604, 0.8534704663509782, 0.5920685736814763, 0.449352545098061, 0.43203465719378764, 0.4594526077388581, 0.4459011038415214, 0.09769294358839897, 0.5058641144221061, 0.9634183784927159, 0.43477014524117297, 0.1029654743785704, 0.6249654305742129, 0.02552606565175697, 0.5076769111958764, 0.526453875204369
0.925373108953686, 0.3427755402799296, 0.2989137947348305, 0.7996563907380946, 0.8525536609241577, 0.4683255375433961, 0.3476358198304167, 0.32021858107166024, 0.5618241642135989, 0.6663574484633672, 0.6812058972871243, 0.14412624361426796, 0.9035237112539415, 0.24584913545134968, 0.7703114188456556, 0.10239040342463879, 0.05889653235487158, 0.9513265851561704, 0.6556858667974159
0.06510854552967982, 0.6697341651472392, 0.624592554580064, 0.013514562029149468, 0.31738582955313566, 0.9267906687707901, 0.46286703659763107, 0.041622812736653025, 0.5703623588621718, 0.3436999409944843, 0.11843654524493952, 0.5701265172057185, 0.914151330672814, 0.6749360883362298, 0.09321959301821736, 0.9735816748174202, 0.6318163277890929, 0.9867341856204398, 0.8556323206736992
0.5195178294687828, 0.08786264320727022, 0.9627786710426472, 0.6730631546095808, 0.18521265854088453, 0.32467511746767996, 0.0648943883387878, 0.9583433745157482, 0.9524989402524927, 0.3100210486775554, 0.19734225027815966, 0.07578627472860244, 0.7946142082780847, 0.2863962615972121, 0.24783284818648754, 0.37898749894518713, 0.6210945781150342, 0.6893461493920195, 0.44021353166727106
0.3243052614576195, 0.8080645949047935, 0.32679524305223495, 0.13135234412858732, 0.4756565771273822, 0.4305739930615602, 0.03828767938316335, 0.8448929312962494, 0.5879899701798695, 0.6666220562420567, 0.8864774550881265, 0.8716309512024312, 0.5922268984879469, 0.5724115579821836, 0.8421521404872236, 0.5041448383599474, 0.8769811323413687, 0.09633784674582635, 0.623124224934034
0.06118335313227552, 0.5017186428928085, 0.02144318788012478, 0.5453443146117357, 0.7340391693116127, 0.3835594287648424, 0.5525767480910109, 0.9661140883450751, 0.481474798388867, 0.26029071033815165, 0.7291843595265787, 0.8409268938592894, 0.2965227969641451, 0.14924547076549255, 0.41235962528820813, 0.21070031188565586, 0.49547059800906357, 0.8917917363560599, 0.2636275561120238
0.334148567255545, 0.3253559236898178, 0.022323338320369257, 0.10424368595316902, 0.08831133056716645, 0.7355277851933694, 0.692340242133933, 0.1299021533970226, 0.13662097669726536, 0.9956430441168796, 0.933146611433868, 0.8121951970057766, 0.31352242952474074, 0.882943083933048, 0.7002037883797475, 0.6759937232041101, 0.22292791954096725, 0.330648939421596, 0.9157664065495672
0.37657846952955953, 0.8357550702765388, 0.5077495844961547, 0.5361166337306023, 0.7519403255426175, 0.11876407366091613, 0.5486026773818398, 0.8833895423878454, 0.0024012585905595074, 0.1384566288609823, 0.9612261553172553, 0.8787603077327675, 0.6535250393481519, 0.8787013706206412, 0.3751306272924223, 0.7195576057750747, 0.42574789474251074, 0.5372897200098664, 0.9762500705838534
0.8513151089225989, 0.6080749752330668, 0.6830705209974361, 0.15509288725906112, 0.8329505250318964, 0.8849047040431676, 0.4234668955161184, 0.8621114216683528, 0.263265695212913, 0.8197777821075742, 0.9147367494544468, 0.3275435888421163, 0.21620057261739245, 0.9485976834807465, 0.5783425732826739, 0.030345013823368183, 0.8321081799235506, 0.9649062644237775, 0.9319350757551456
0.7087059802934933, 0.46104765433411454, 0.26084619996840785, 0.14452443745171606, 0.44798839093324805, 0.33038863260144935, 0.14109821969978964, 0.4449126177930498, 0.8432126621575451, 0.4159447215804676, 0.5516152660007049, 0.3462108997720732, 0.9988446403777499, 0.28056929067958336, 0.49037598168739505, 0.8196764545594533, 0.0634621222638534, 0.5489315940768226, 0.8541268998535126
0.011763395017857614, 0.5648936066242946, 0.8845878089008967, 0.6615282157765057, 0.7115737097072001, 0.08240752348612268, 0.613908518644579, 0.9371508195617287, 0.9177225135967392, 0.35763157309097926, 0.9406079752557371, 0.6669668222307473, 0.54896740312018, 0.8580294209978767, 0.8247074229645202, 0.05952548308959915, 0.2684849883213709, 0.4347754281928784, 0.3126301203296482
0.9385192834512329, 0.029435562469312337, 0.6588216566465708, 0.642180862813397, 0.11805143132476748, 0.005857263539560398, 0.5296429352838294, 0.19159252407326044, 0.47345904856029386, 0.9504449691205186, 0.47068361340249887, 0.5879847573915649, 0.7118656631341266, 0.4630349268087023, 0.656445350995536, 0.44669169760344396, 0.15377450001890636, 0.6962061972867657, 0.953158635658504
0.03127679263183769, 0.027433537823313148, 0.6664311193100525, 0.4742004193935846, 0.9264489831141514, 0.05933503867563972, 0.9265453863873446, 0.6350093172207396, 0.045568941076279845, 0.3343490098807974, 0.5226552024410309, 0.4639674256548355, 0.9695065397136648, 0.01367681379090746, 0.9001035198562533, 0.5798812873727579, 0.12496548145515962, 0.09713146994446553, 0.9189410306164607
0.6085056114758743, 0.00036169889420012424, 0.03513304250895255, 0.03811917998320935, 0.2723661986213075, 0.9379329481876936, 0.628462263689071, 0.8060594521875591, 0.8241635917806563, 0.24156134551496733, 0.7188674053364458, 0.22262370955678035, 0.1291085178219029, 0.7696583416466926, 0.15657167947155803, 0.874710119202821, 0.9605676497752857, 0.7204783751816127, 0.9652375745506357
0.6985382077019676, 0.7198014721864981, 0.8281079468811878, 0.8417204383121625, 0.4965625314648797, 0.5523228032748102, 0.07198870767266341, 0.8569870783913263, 0.9471013990245287, 0.9142715418340984, 0.4088238727650605, 0.1340147077788838, 0.9572131943865696, 0.7953978521069532, 0.4630317570441046, 0.05346104786162187, 0.8000149125655801, 0.0325592473788221, 0.862120373110864
0.31065311852877886, 0.8218309014840514, 0.02424747615157985, 0.8314469105358436, 0.8985541253364374, 0.7915631313724648, 0.401260679211193, 0.02224111908667914, 0.5469145664802036, 0.4876210647345106, 0.8261543665080419, 0.8512387776589527, 0.34079443269545484, 0.4743745894101439, 0.560708072682229, 0.2917569994779956, 0.031031525077634403, 0.7462553264734424, 0.14575314410312135
0.10207672127027878, 0.34035318075805665, 0.8548441282831359, 0.5149961484125982, 0.42908923830933443, 0.16903203976911219, 0.15154451083493736, 0.8969714819200778, 0.7809520205958442, 0.3859829916136326, 0.01624644754206206, 0.7905896950853305, 0.6308450510597798, 0.9066734571109117, 0.7826897502926138, 0.772665531715261, 0.5370070646037333, 0.8689966892627669, 0.07693977536582053
0.1377383450387667, 0.8592924783327291, 0.900007523918128, 0.1817544082232585, 0.3849253049174629, 0.3893000311708682, 0.6315221253364159, 0.4465497233903284, 0.3866916639531668, 0.3367438274082949, 0.9913156482192366, 0.5789737093284191, 0.3226215598371881, 0.2673507017410913, 0.16707288585523794, 0.09204590234458832, 0.28775985709849694, 0.7104407904768878, 0.1427085479195348
0.14663104489122458, 0.3578676622762067, 0.07805324280963, 0.5074957002554707, 0.8739330778701646, 0.2786721513457062, 0.8576760197981262, 0.4804731022305625, 0.3814576894804784, 0.5530957316805594, 0.08428365818140349, 0.766701369215382, 0.58933506592809, 0.8155657598521875, 0.5731857849899432, 0.6562518899390605, 0.9962167641181459, 0.4083870417709158, 0.5323969971334923
0.3075820651173786, 0.5946752023597368, 0.20605992339580925, 0.8819739553534568, 0.3152837700754707, 0.9201381292423175, 0.1973094973739815, 0.3519087412616654, 0.24069957846626855, 0.33061779793219437, 0.40329951056957025, 0.14011161208769152, 0.22668969257684857, 0.035384752654869955, 0.785047181263508, 0.49292287531015, 0.24640337038342075, 0.28383369595396446, 0.7071220376543496
0.06759187621230955, 0.6579366660646425, 0.7505834092969759, 0.0674596778948543, 0.7587938424256014, 0.7678628929562473, 0.21119622517120495, 0.8884588767377228, 0.23619915528416635, 0.3289547653967061, 0.5302815419604711, 0.49048539788861467, 0.884895022370723, 0.4000371866795034, 0.7952908519547902, 0.1699258224949901, 0.3278033263342043, 0.43583108785428215, 0.21053604445684204
0.7389931080100441, 0.5897710685731995, 0.5132679106529148, 0.5495266359002408, 0.45134725877556614, 0.4251015275284429, 0.7647450495995923, 0.677868331202918, 0.30729539372567616, 0.22822871346558138, 0.9379692026850199, 0.8422666181395502, 0.6708345687118966, 0.42386361492635527, 0.2918486476410789, 0.7505351135102127, 0.12209149805049901, 0.753033304569322, 0.19525894856842507
0.9397092869126864, 0.8222994388249353, 0.9998378786900675, 0.4450798443740861, 0.7849979055635039, 0.9574561500435294, 0.6575274801159254, 0.5583470130510867, 0.8771507094159826, 0.8541647800990282, 0.9215288720179208, 0.5023880836729736, 0.8425673833450572, 0.45476018736230217, 0.6426484132525985, 0.6103223371077287, 0.33770781476767286, 0.9619252517296069, 0.10881957475957826
0.9031210350122626, 0.4295479109428342, 0.2491163278961911, 0.4185163800095817, 0.8399206651656069, 0.5237459176006984, 0.9526024041715703, 0.06914421667504111, 0.0946690040801712, 0.563396871151079, 0.5653872444225024, 0.9740361537886585, 0.6394121567299165, 0.5635796443261615, 0.1125791504101672, 0.019465633396427262, 0.8036481911720218, 0.2515086467666052, 0.772135462509008
0.8986934002523551, 0.824208733269505, 0.7528421618533473, 0.6169052123900804, 0.6466028364178044, 0.8695318530894935, 0.7254537746658156, 0.04827250800468241, 0.5193656860444188, 0.5169564788992972, 0.39983870087892726, 0.059564739763107055, 0.1140577818333689, 0.7081543956648771, 0.788265979373674, 0.3485194045824527, 0.3952668619650329, 0.921766842988654, 0.023558625746189832
0.24929196376501928, 0.1337651846335144, 0.02319677070390791, 0.37868327327062234, 0.7707569819890279, 0.3452073234368056, 0.6647630540518767, 0.22295805307901362, 0.6042516617025517, 0.6618393962011476, 0.3447335881201693, 0.01708055862886515, 0.8842572739087059, 0.6211734774815827, 0.4871470747285015, 0.3682147935622381, 0.8046420971933039, 0.07638041166920895, 0.06297929173203431
0.3845300319241999, 0.9147620677325208, 0.7924482797869415, 0.887817700925026, 0.5945524759795996, 0.4797342788240977, 0.8400731811145143, 0.48385720988101266, 0.06869045656982775, 0.22937324444405727, 0.22008881992826212, 0.4726931157676171, 0.14934001805343233, 0.18728511710576545, 0.07437008397928502, 0.6324093760326722, 0.9527739124612725, 0.37145026762120414, 0.6046958702018247
0.6983686582858649, 0.5500702984363067, 0.10498011212597413, 0.6888927423291183, 0.7215862580826824, 0.7876436498798823, 0.9625108809598499, 0.8886667105691042, 0.31113233158636766, 0.2211978197199922, 0.5783424863729119, 0.012006637523074293, 0.6532037645415295, 0.6644859384110972, 0.37507217749207, 0.5277477020305141, 0.5660000517504786, 0.2601172550813279, 0.3522212012373801
0.3632685440962402, 0.09440374413559594, 0.07681437331486463, 0.5877290084877319, 0.8411515178565361, 0.051586351712951894, 0.3110785826708753, 0.4550193661303058, 0.9676775034305618, 0.10757168786701321, 0.5545337334856347, 0.43981399012854205, 0.1763571419606882, 0.2584420334607114, 0.5298477078010744, 0.510939236190151, 0.39509591361619756, 0.36034215437710326, 0.41138420592248914
0.2712239376401038, 0.8786073742831959, 0.941451710623879, 0.5569640590072734, 0.8182918004838933, 0.7739248377608171, 0.9016975500675702, 0.6727247950951448, 0.3429210974956103, 0.7786129877407372, 0.36375756286950145, 0.3394077519167076, 0.5400977114539133, 0.7100819689459328, 0.7782192312714254, 0.9682229319376059, 0.7575878322487793, 0.3965278329835621, 0.49437711932138073
0.020925877273785254, 0.31227540724350555, 0.45853942878852394, 0.024961110070315762, 0.8523964518817408, 0.015150176255518732, 0.8336307275620111, 0.5030233656111309, 0.5775705892287754, 0.6644894543221663, 0.11292160543805407, 0.7552214893764942, 0.05702605396227567, 0.05384221742520667, 0.31319057845587883, 0.09831473267235058, 0.035510787156051604, 0.09084953703070953, 0.6256176088166511
0.3028860877572058, 0.820104339669014, 0.27158015143359615, 0.9330556735905806, 0.16685317684278522, 0.19069663898929523, 0.8534379773991617, 0.42391656018685964, 0.9404014826038137, 0.2817435167591199, 0.7206811724757862, 0.9973788593760188, 0.48886009340295544, 0.4555742934055852, 0.0428835838367817, 0.511870548891407, 0.3164009949828015, 0.4011922542396018, 0.3829355812008801
0.28705387618423817, 0.5633673857295696, 0.6022260403992628, 0.6599671369814201, 0.8034129109978986, 0.017463608804089925, 0.7749797186369269, 0.8479126758111417, 0.00891448798144523, 0.5048790997874238, 0.31494308712291275, 0.713489795870122, 0.377397645994094, 0.16158036877691473, 0.8591188632306215, 0.251164149632516, 0.9455305618525119, 0.4158843473672137, 0.8648390073295282
0.9756278395977138, 0.7249250860399782, 0.005566615731571578, 0.3983630453844824, 0.8954114636487941, 0.8023472395881848, 0.8274055385950083, 0.21934093352259343, 0.2666860583756877, 0.08692202324910592, 0.7354526940506783, 0.3569302874149721, 0.41619478989098235, 0.017704665982520407, 0.04049824068598051, 0.10290440431835624, 0.7449845693261642, 0.15261467472770718, 0.8987140420559119
0.9760674313793295, 0.03909732742228755, 0.2228606685189657, 0.5889951124488104, 0.2094316018712874, 0.7956221724591461, 0.7505826653315606, 0.6828103184943981, 0.28362622111829017, 0.557890002767711, 0.9122439999194716, 0.5276715162278874, 0.23339096205771703, 0.46934808752302604, 0.22028544053974142, 0.7029282668567561, 0.8879395844097756, 0.8661605012786475, 0.5125241944166634
0.4765371513475227, 0.28213622255788695, 0.5180947704589578, 0.29631109368576625, 0.1816767207877722, 0.06432021488458084, 0.4494756789675509, 0.059507281336910745, 0.9454291259864185, 0.31266621576072284, 0.5607947930393863, 0.4217009523483062, 0.306668293703638, 0.779784612879899, 0.18706281937910996, 0.8060978348593414, 0.7717113534049338, 0.7581304544593147, 0.7219918710895005
0.8709429823853602, 0.09774950394545068, 0.30931005876928874, 0.5843344250234389, 0.4962876727133031, 0.9455175175583915, 0.6413611844594487, 0.3644964920208412, 0.9761878599082631, 0.9763017391669585, 0.7180435087675748, 0.30531242143792336, 0.8001229633978368, 0.941938610494424, 0.5041657359876988, 0.3642776451839246, 0.14649330356090162, 0.8743122907095722, 0.18575413828681564
0.24701033334434253, 0.7869616185028637, 0.1562950100603, 0.9834513240383697, 0.7870457493761158, 0.09087643650557964, 0.1850604931445976, 0.9705261485271495, 0.16952418935719837, 0.564802820393611, 0.9809916942093516, 0.12314858683628249, 0.6420952335492346, 0.839453135809131, 0.1564216728709943, 0.5718367772617653, 0.6737441496264756, 0.48547310641890196, 0.003844805879034685
0.5975595280948329, 0.9062388579895467, 0.23170152945424694, 0.9972043684272507, 0.7642569963485636, 0.7070862379685721, 0.25708733897777514, 0.8909208948631514, 0.4005785969012865, 0.23984234087867917, 0.9058918536629776, 0.17706876291802987, 0.26165373026753613, 0.3547088835798624, 0.9634185809768667, 0.7479720280255006, 0.29918547705124776, 0.6099303465169287, 0.5640137613123276
0.7817279909292114, 0.3357215506669826, 0.6359675897065675, 0.3502817169590502, 0.0030365839131781813, 0.4672262275649557, 0.6756721116512376, 0.1517757106187798, 0.3439205887578536, 0.13750541591479137, 0.4980155557539887, 0.38192785353619274, 0.21072922092355262, 0.26375400972572904, 0.22984683395849348, 0.7665514048406352, 0.21483705073305615, 0.6878314173420673, 0.4817405442552888
0.4528965778272728, 0.20263775501398162, 0.08931429593926343, 0.616592896530685, 0.5014783106317008, 0.09862040913190306, 0.9193604716097313, 0.3533267806215896, 0.43802779361193267, 0.2857624952137451, 0.868911591171333, 0.5021651633453241, 0.3662777938889079, 0.7803746415329722, 0.8091179192536776, 0.06141643338744651, 0.6402953368653591, 0.7122152245009741, 0.6952141030359532
0.07923896565161181, 0.7458299547853381, 0.8120802416794675, 0.7636275320323059, 0.9883989017350053, 0.4142032287326316, 0.7487176330587031, 0.38984016622890183, 0.33449033186894994, 0.5917588033524988, 0.34801306350338246, 0.2818492354236434, 0.4895639642171222, 0.0782361584535981, 0.008511899984900761, 0.07003130806117452, 0.6317250469600997, 0.14630643560178813, 0.5559142887322204
0.5799708237737143, 0.3015521593103474, 0.04984444335482263, 0.6287842170209083, 0.19940740748003005, 0.9083566399801747, 0.9822851992147732, 0.11838264283239941, 0.4805805431687896, 0.922498285677902, 0.6147063642174107, 0.4227563671639787, 0.6637304095037858, 0.6038060988409666, 0.7359480785857694, 0.7511167379208987, 0.3141102318912983, 0.5780896592183313, 0.3956724742684017
0.5536604679566431, 0.9582032604842272, 0.9777941747419481, 0.42590917941626794, 0.40496110926628026, 0.5180752797394182, 0.33941206930200896, 0.10230725128356011, 0.850311272287382, 0.6649010020574113, 0.5433259026816548, 0.762154853029357, 0.16599027823708912, 0.9142551300222148, 0.28357186711295024, 0.6328227384673348, 0.11390493404547652, 0.9027490126400739, 0.4865669632663894
0.7748563812122167, 0.5921382557451088, 0.8180797074315234, 0.5607984882380729, 0.24736592082611986, 0.4432814575595332, 0.7954473230257351, 0.7681596292633821, 0.373532441673448, 0.674440599171711, 0.9889138674182507, 0.333198362368754, 0.48505772247684253, 0.31993314691798114, 0.5761705507030149, 0.2597887367320323, 0.1152242314185773, 0.35382823625407256, 0.6339335530327084
0.32893331809909876, 0.7515733857582018, 0.0368893614296647, 0.1442018740807549, 0.5829350334635917, 0.5921193509565503, 0.8076662041166542, 0.4356640518714032, 0.4672268358375705, 0.0508042950282952, 0.635501106092411, 0.5367018635875493, 0.6496393084477264, 0.8571819477970614, 0.8969441360260801, 0.716439430342854, 0.710922835105913, 0.6987273977234717, 0.02108706890979739
0.8575138052964634, 0.6019638942079681, 0.5271155939480203, 0.7197992274588302, 0.38279741759874375, 0.49047699032716974, 0.9458554049670211, 0.16233564408752876, 0.7851632714909129, 0.5862975488260536, 0.239189534987985, 0.7539436700932972, 0.3160722901838694, 0.086181444329399, 0.7062210501946259, 0.09512981742962712, 0.6095027046178257, 0.4670990010000703, 0.3214373359076086
0.060220765550010324, 0.30020423133971663, 0.516282618106728, 0.36154067348837504, 0.5117786980657051, 0.25399359729150217, 0.41909782699554377, 0.4686922854194714, 0.9772142099741092, 0.26976017572177036, 0.9738190338161417, 0.6429605194977078, 0.6050496423926883, 0.16868082556187203, 0.6993334918137617, 0.41746065029629464, 0.954559019319153, 0.45136419677718065, 0.45717746511360235
0.9779829071230386, 0.9632643042184843, 0.5713723963701302, 0.6970703649845499, 0.42419660919806634, 0.25984149694493075, 0.12452832136836367, 0.44413582077860725, 0.3349496887270381, 0.0024939748514059, 0.1879786252173593, 0.33563038920012234, 0.28937003657786187, 0.7037271910631845, 0.6570240816188612, 0.6672835567921231, 0.39317808646526886, 0.2203764054149937, 0.6072020321162622
0.6172331084150139, 0.5138770730050325, 0.16491549178032716, 0.9055658251545711, 0.044710284122666644, 0.9113859482548929, 0.5273592313241742, 0.7650500191796383, 0.5566251549079868, 0.4654122568044675, 0.29889556159090425, 0.18064315052896396, 0.6339221732887691, 0.7989856441899107, 0.4753994981425683, 0.05139898693006706, 0.5396756101845556, 0.05553831180926594, 0.6975745641547925
0.4537995922429472, 0.8245542684794258, 0.4489055072092294, 0.21278678062608136, 0.6371435213680491, 0.2605372287193085, 0.2938374671620285, 0.21448354750614318, 0.9346949227336978, 0.4659795611886751, 0.16816576251767212, 0.43370765465771166, 0.34493821779759426, 0.40119397632547904, 0.09640537049443065, 0.6513540017928908, 0.8768374151971421, 0.7221127196247844, 0.22155670746209766
0.9112456359581637, 0.5914422700003586, 0.15262451628824858, 0.36682633407996157, 0.4802885306587422, 0.7038216233883374, 0.24975062020070093, 0.6479286844650909, 0.21576539124581096, 0.06256917412017327, 0.6349477562363626, 0.9697137522619979, 0.8595205596383266, 0.34358101543152153, 0.2533393871514047, 0.9456494391125969, 0.6449679141604251, 0.9002404797246182, 0.41590260830228176
0.9271145455937837, 0.3144684961747043, 0.4889304154457631, 0.39231779904741404, 0.13659528182254388, 0.7445055511845914, 0.35063411086928153, 0.884043202894064, 0.17773011153436646, 0.8164178285256737, 0.25977149181113424, 0.13186967516088433, 0.8918756164375584, 0.13373938297704302, 0.7006210892002294, 0.9847842251986267, 0.2765372328592818, 0.40363211379546726, 0.23316615979734268
0.6671440413818223, 0.8338360686610683, 0.7971480268688325, 0.8474616748445796, 0.8173887430558598, 0.5382727533346837, 0.18742615205453428, 0.26204117323169507, 0.9965521580220108, 0.3536165295270046, 0.006603899746985165, 0.8177245823344196, 0.7048192002235151, 0.6355906237057091, 0.9675795524404307, 0.65138007183922, 0.5642233569750641, 0.7158638983487415, 0.5721367173032438
0.9253382290315649, 0.7604964349080534, 0.5737037848302036, 0.6356253170709457, 0.21611970731304775, 0.18528726444364607, 0.03851585194146834, 0.5286677303936239, 0.4075450606798249, 0.7182526076757135, 0.15867491647125653, 0.8565619009110887, 0.7386741833956918, 0.9772256312099693, 0.6842720352015967, 0.42838491867367445, 0.05581399553864341, 0.026185152040990145, 0.9667167742183362
0.4847735088538969, 0.8431338928719765, 0.4213454624384231, 0.31690427683408695, 0.30635978567758604, 0.38937001754789513, 0.2393879477123364, 0.6705138173183238, 0.013817229046258261, 0.6563701906440469, 0.7065573182883877, 0.848624399803876, 0.8929407459653891, 0.46128190770184285, 0.12697799386515374, 0.9023485394782756, 0.9915799277204169, 0.29920924316939557, 0.5974929900993288
0.39738670302258683, 0.44295171776964115, 0.43181117157004956, 0.2783864797354598, 0.19414108087089021, 0.5324023171799362, 0.43679714785360346, 0.5101844711013105, 0.4236705913602634, 0.7902540859677718, 0.5073921712867395, 0.33983011258374163, 0.7671043840779675, 0.5388036759152484, 0.8234688416386532, 0.8758431037783532, 0.6240044981667674, 0.7612447947492104, 0.7418709038164567
0.3383605801914257, 0.8902147500066313, 0.20981511587365198, 0.7261481098467852, 0.8438020337025377, 0.5106536285951747, 0.5830746905360027, 0.3032573381207131, 0.926502255024014, 0.8370819579622404, 0.8580799783341511, 0.17756031425430951, 0.6586962014730535, 0.17852781078636204, 0.631914461922683, 0.25935398972778445, 0.644162245803166, 0.5226411309529102, 0.6796839839138615
0.33268194749446933, 0.7153319986471626, 0.12189106941635808, 0.3016544992192228, 0.5906113530160279, 0.3502066549774101, 0.7088889281546701, 0.9116999581971319, 0.8208232665803756, 0.11798201564449973, 0.3293759544925261, 0.012696788294274564, 0.33156527339006125, 0.06550816573718676, 0.8098183749991607, 0.22395877361246064, 0.3606933017540854, 0.3718721714780566, 0.7629145088754677
0.7856250280849851, 0.7597027249552281, 0.398421138645805, 0.1496981299580139, 0.4575932255772547, 0.3734763007464149, 0.3791209686379676, 0.28702963156496253, 0.6675253146616121, 0.9246564712388374, 0.21043841426811094, 0.3242425414559539, 0.03996763327108499, 0.9443860369412328, 0.7125901668840329, 0.43750021678457907, 0.22796648242352657, 0.06503156841372193, 0.024795442405124213
0.3375395584313551, 0.9295753649930191, 0.9104522615203462, 0.44812948227596383, 0.40063034125895003, 0.4848107056705506, 0.9681022207706474, 0.7177059881157715, 0.8732391872247826, 0.39181009391594535, 0.6808628672777586, 0.49498290230471165, 0.5289366924630702, 0.7121464316649043, 0.6234291281266231, 0.8193619083563903, 0.08391548493340284, 0.09202448444598021, 0.39144576966711253
0.36033230636193836, 0.9993855588568596, 0.5007378832568607, 0.5907595342954369, 0.9413703791714505, 0.5148884577081765, 0.2713520707514452, 0.6666497420577571, 0.12420088383794403, 0.6587123252690069, 0.32042617070503643, 0.6087726961850284, 0.28984274904227014, 0.1343359326443181, 0.11955551531359787, 0.8954205364891643, 0.7152807511323058, 0.4629974212982846, 0.8984452651885853
0.8899548090256042, 0.7846258075947848, 0.543860781303966, 0.9821990008289953, 0.41179096068798415, 0.28896593206376475, 0.5990344560133151, 0.07904474697246433, 0.9851366766930619, 0.7126426077446311, 0.7282501820420723, 0.40957013187864943, 0.7497306053419781, 0.25599121691082316, 0.5738697418526156, 0.6562191686099702, 0.045315602040485015, 0.7379894944322405, 0.16607950123292037
0.9421226943261132, 0.01994727720206002, 0.08978951425391157, 0.22687866953355018, 0.13038962963293355, 0.376144659545134, 0.419598833452698, 0.656852956363496, 0.9853191871930002, 0.9565815734065667, 0.5671141205081535, 0.9016503069729113, 0.5778815459060832, 0.851609387451178, 0.7580312150412329, 0.1720362023117772, 0.6921561313909977, 0.7873863184601296, 0.337854585808246
0.17309026152448048, 0.8990890592119993, 0.2929268805942875, 0.5659591025161865, 0.847308474688168, 0.7861415037073041, 0.4199209168750754, 0.7000017515216451, 0.006176291690159652, 0.06342876746411963, 0.7662934632338302, 0.569333921724699, 0.38069685655914587, 0.6054094696664079, 0.35709696253046075, 0.9668174490313729, 0.6671249958335428, 0.5660115272314176, 0.5040070840973795
0.7285201628251965, 0.003048351664544424, 0.8465569311160829, 0.8078964902594452, 0.7166701617720106, 0.7574297710077059, 0.7797447811092617, 0.3954449585109677, 0.4140336721801585, 0.5364990045531614, 0.8968465745519868, 0.9028479105461881, 0.07620967324144434, 0.4479707923576174, 0.9958734518299645, 0.5772864466989822, 0.718681199394297, 0.3086065050249326, 0.15908862180839634
0.4947453726724168, 0.9942007205357944, 0.4829147743239762, 0.6570481067164206, 0.6847949315776305, 0.41790155403112184, 0.5536369562068004, 0.1225277946184069, 0.3868326105083284, 0.4890545354484853, 0.39891558356694845, 0.24110056741181785, 0.44358456820398173, 0.8602374499797195, 0.7987761490697755, 0.021563231101684788, 0.8042441948237216, 0.7308695493306983, 0.1362926983520989
0.71534880030022, 0.6049659714950754, 0.4040053145876621, 0.04433282621171464, 0.07279900161862574, 0.03103964599880904, 0.026566270628950117, 0.6615277229538146, 0.9784600305136452, 0.94479731042897, 0.9378907993890417, 0.29178456806777786, 0.5874695910757597, 0.7634151625021222, 0.6775127433053065, 0.45455575644325863, 0.1373204519720096, 0.6919818653241434, 0.8358659780659525
0.08326074143162443, 0.10853839070302806, 0.08822480154122125, 0.04201602881105915, 0.8569064643399387, 0.6504743273744753, 0.6474214002056108, 0.08720185051593388, 0.10361266247619694, 0.8896616880911143, 0.09289666067531299, 0.29523909350863076, 0.07309815058751623, 0.13589921539854555, 0.8233083498488191, 0.25794831965588416, 0.6591632648007257, 0.1443068909499131, 0.591192061423747
0.7714803306558596, 0.009992964304032959, 0.9276323537247737, 0.779689966967644, 0.7140904483153627, 0.17747809963940053, 0.888264411193552, 0.41283554256078037, 0.7613866890229166, 0.4169102503578601, 0.6058146742072319, 0.7089016803033293, 0.17726912354319724, 0.47884659401472907, 0.3556619029375929, 0.6980021158663442, 0.03351874787477249, 0.23891948416727382, 0.059579921567633365
0.5883496033040897, 0.8469781566191054, 0.20595107655537104, 0.5664494133688991, 0.7565220939893091, 0.48115773965748965, 0.11561374271818847, 0.1998633963910973, 0.190273767899939, 0.8408128723506358, 0.5380887990839175, 0.29230960415742624, 0.2950050306619778, 0.2858367164190425, 0.6126368703484509, 0.4822936790116443, 0.05970038351228146, 0.42580523977793694, 0.7193234962672423
0.6104846213319859, 0.24546593776267034, 0.664237072728994, 0.3767367614523939, 0.7161955416455501, 0.7442463130589153, 0.04542866400415402, 0.038922303933410674, 0.08273052670687198, 0.16652862879678865, 0.4416561218373767, 0.839316402386747, 0.2898591017610558, 0.7096995279492702, 0.29043987850455555, 0.2700697762726645, 0.5728474036050218, 0.9513927867466506, 0.18246729422478014
0.6029117372544504, 0.6883875452898129, 0.2948178357405383, 0.017488268776324922, 0.9360197745450217, 0.10836814593767885, 0.26287137157847285, 0.27249473239252175, 0.6467325285379966, 0.25173127095329806, 0.25519408564838364, 0.4555759917844423, 0.5460892380953594, 0.8584015774555264, 0.1147962035241914, 0.11110247573105547, 0.5057872439656609, 0.8270219477959467, 0.6863216971098047
0.5156380802561267, 0.2625193204786491, 0.8820776758669525, 0.5344201708824688, 0.3620128733235698, 0.5756198410948274, 0.5828881012481466, 0.18277787160528558, 0.16748762388658855, 0.30510776736346934, 0.3060859192445903, 0.9975152086922082, 0.9361374893734216, 0.36132856122528145, 0.5923716904928921, 0.3915101294902865, 0.546976406595568, 0.19894711099917295, 0.5666825439439985
0.45786501200484464, 0.28378772169014, 0.2611456816356085, 0.9692099504519369, 0.681915830595324, 0.21004294686751057, 0.6316058877963712, 0.07620037933787505, 0.5916049909753588, 0.847309476368729, 0.32190519501341097, 0.6602929086156122, 0.9098874916292047, 0.03570612604097845, 0.6623076810834612, 0.23911943363236765, 0.5682534473501661, 0.27624305602289767, 0.3052910515636502
0.312417112515754, 0.871045656012017, 0.41424903334690366, 0.9047937669679628, 0.18082844263140918, 0.5990077258453397, 0.7658735667388447, 0.21822982245729616, 0.5958298056914714, 0.5117644203691089, 0.21148112437881672, 0.8226246748343186, 0.9757105107519057, 0.46045448508349673, 0.08568829394502753, 0.8193017578438735, 0.9491249164689399, 0.0020691646073649483, 0.6334931439130758
0.013087228481894253, 0.9085242628773729, 0.8020756585562819, 0.7009398809920169, 0.6503330727579442, 0.6518197608458091, 0.6026007774879552, 0.7379501005158542, 0.8342115651260422, 0.3726098343766573, 0.29366172479842045, 0.17571169335126535, 0.2546098611387795, 0.48725227660706705, 0.797395777946336, 0.43281894816272126, 0.6831047270160494, 0.7908955359063223, 0.26205039937135377
0.5363679741714158, 0.19621955056125528, 0.1132005958144946, 0.9712982033200861, 0.28310204609213085, 0.29620672552165594, 0.34055164611556654, 0.6968000174714495, 0.2131863111744, 0.5586189917787441, 0.6790076691302401, 0.321362815051751, 0.034540818244548466, 0.2323551199849032, 0.23216947623071404, 0.4150541657245327, 0.7384370795957809, 0.9748971344971317, 0.15051160894386317
0.24385127246383664, 0.06386317989336254, 0.7454915501716861, 0.3306533557236131, 0.2442831394598326, 0.9721654870079225, 0.7777652087133835, 0.6383295985746776, 0.9041137315577834, 0.25669948163977874, 0.6438665628304453, 0.8261572562651897, 0.6361204260092012, 0.36434966961126225, 0.2817347888446452, 0.530615633833226, 0.5870183850706819, 0.35886504070930847, 0.20390850896114354
0.31109527415299554, 0.2827801777247939, 0.3167889869267023, 0.4727341448807081, 0.6579259751074112, 0.6059122286305545, 0.39234027394628945, 0.04931088871642053, 0.9293079448303796, 0.8101941140573582, 0.8072078819408742, 0.9198488223176959, 0.7613181771559299, 0.8449443526333242, 0.7871857585185695, 0.32784781711562716, 0.13383142470653686, 0.9301927258008074, 0.8344351493330009
0.22720794898091834, 0.014916160146065893, 0.42902313544316495, 0.9002595112983685, 0.486837932612156, 0.5313720257250639, 0.8737965970556231, 0.3247954523138775, 0.4527170997149411, 0.9612668422440228, 0.45535236434210413, 0.7003225441297395, 0.2742335891480464, 0.4341294129721237, 0.17982508757737348, 0.4389391101121063, 0.7750735588651358, 0.4501142709915673, 0.817557005816922
0.005808179958080251, 0.5980333351199427, 0.9671137400772605, 0.25047275180187534, 0.2964436583711093, 0.1653656934389801, 0.8805496824653525, 0.03405252988007401, 0.18498989831064327, 0.297951059612535, 0.7701137435912673, 0.8168974422795046, 0.5017825738032263, 0.5185886865477245, 0.7282129545725157, 0.34277815491363883, 0.6582409089165597, 0.6599181673051172, 0.1518813858466912
0.528377945307609, 0.13781105339339805, 0.30947854642790873, 0.44536601180030244, 0.14094269988346952, 0.37973538922202577, 0.5404374289119726, 0.7691972689041207, 0.2570738010582455, 0.21608381781835329, 0.15836262968408266, 0.6306923196263058, 0.8623648593711062, 0.31942409833936447, 0.7748029378773124, 0.13091379352380506, 0.46576680356990063, 0.6333674978405175, 0.1437582345155951
1.49688087272e-10,0.000300133039665,1.6206463313
3.94709366118e-11,0.000288756601704,0.598233774141
5.10304394578e-11,0.00080075814641,1.51873173726
1.22608511098e-09,0.00217142008103,3.22663148555
4.21519198542e-09,0.00618327971367,5.08215335999
1.14739748042e-08,0.0189594369745,31.9721471607
3.11008469477e-07,0.0454757065953,16.4305859276
4.15284128329e-07,0.15361561319,19.8692825143
8.39547772912e-07,0.365532164438,66.1916427488
0.000105996299321,1.12417231061,132.83009597
0.000167980609295,2.90074029987,99.2185308776
0.00297577539343,6.81960627168,157.373100599
0.00522723385951,16.3175339202,280.119281299
0.0327126794613,43.4190418858,378.081833888
0.27245200088,131.254418544,432.392318088
