$x1,$x2,$x3,$x4,$x5,$x6,$x7,$x8,$x9,$x10,$x11,$x12,$x13,$x14,$x15,$x16,$x17,$x18,$x19,$x20,$x21,$x22,$x23,$x24,$x25,$x26,$x27,$x28,$x29,$x30,>>f1,>>f2
0.6184306512415091, 0.17325497275073398, 0.574747517079478, 0.4671584628397243, 0.5707412178112374, 0.7990048611192043, 0.3602021119805269, 0.5054568199094213, 0.2623748897666329, 0.2166840069536493, 0.059548954115830055, 0.2129940459095162, 0.5183507097191891, 0.6621951275368461, 0.24714785306601883, 0.35542271468729203, 0.43405069396022056, 0.6269103025438384, 0.24550921577673768, 0.7669393614376452, 0.8056285306834404, 0.3587050052463413, 0.7645687184618896, 0.03760351519028404, 0.4667159140086362, 0.5225556462385448, 0.8678811469039555, 0.9892249574930954, 0.30827226864277424, 0.031187538976857332
0.2977906312456394, 0.2884270342077463, 0.8653172811767746, 0.28029866401629844, 0.3971413245125591, 0.7033137354921657, 0.6706091076636315, 0.3350389714378639, 0.22097530993281878, 0.5966718109308755, 0.43272362686856036, 0.7182728608887511, 0.11699289184073491, 0.6522570869360956, 0.19149562687583666, 0.4788196153252051, 0.8567383711561681, 0.8178771553036704, 0.4587853249935112, 0.2411685113076415, 0.02288857880356454, 0.4223448178405652, 0.8256621222809059, 0.12184348538418865, 0.3710707513465996, 0.4021499001127866, 0.9313374162992248, 0.20209348785018832, 0.12589412059946592, 0.29145958758239
0.7584018666391957, 0.7355421573970822, 0.6801461326677799, 0.5697542620462547, 0.5680777067807589, 0.521993525339045, 0.20477614557001067, 0.891367498438252, 0.36528789513807713, 0.23638143672555123, 0.07223515411937187, 0.3296382361581641, 0.19285088958073426, 0.7621458105455459, 0.2786810665849089, 0.1472586539093621, 0.22189715493746243, 0.5408062923452237, 0.16537957824173177, 0.5143900689153269, 0.46752097053235697, 0.6187960858805948, 0.05556304562549752, 0.5314327114267955, 0.05839818161947952, 0.2648888273168478, 0.34922747620392613, 0.17619910767066527, 0.7913833859522557, 0.029275505150389458
0.9866132117662476, 0.28094497424062836, 0.21666151025545044, 0.9820741266074638, 0.6560796953681362, 0.3314975171956609, 0.8810104255892172, 0.9921424400134868, 0.12265883399051425, 0.9767305210461924, 0.05076193410536933, 0.1961349152924442, 0.9608955475203169, 0.19423595663922766, 0.6537993857907326, 0.24971440783213206, 0.9264728365456, 0.6979467968838718, 0.4222668215672455, 0.7437895615077926, 0.6515294106632107, 0.45587358220133756, 0.00615653832873897, 0.10288028812106076, 0.8968349364667482, 0.17528917257197107, 0.04282772083647801, 0.5073385150021259, 0.9650145633046312, 0.918748889394861
0.7719088306880152, 0.701779805315124, 0.8458283354215211, 0.6551030054070814, 0.7501053802099221, 0.1045820766788289, 0.0017469814248527449, 0.4378606820817865, 0.7077463273371345, 0.4478733741743225, 0.8323344407962392, 0.2698584059553, 0.4800310580327507, 0.7192729618488618, 0.9548090191700705, 0.49210790198737664, 0.2446210909026959, 0.15618735490793945, 0.10447764349455835, 0.40356843589150093, 0.1378591750712116, 0.10739909264216141, 0.9948777262060419, 0.3697233186342054, 0.9647351101391058, 0.12337194158594678, 0.5020445506500568, 0.42523672307311233, 0.5461364081144551, 0.7982693433958971
0.18022471922484762, 0.5626575575470053, 0.07444045121918663, 0.8982438314085626, 0.4829217382528477, 0.3912709445157986, 0.7232056952688057, 0.2948312887542809, 0.45473377688774963, 0.7670038742450908, 0.34653206809146475, 0.2535931672673889, 0.9280568415613246, 0.11505380239829033, 0.9515191206254615, 0.15165348157630443, 0.49270752511347415, 0.5677447473829741, 0.6639543791501427, 0.19374597874665966, 0.49898907934558556, 0.9094444743527484, 0.6985571295454, 0.31765322315728717, 0.38700227539857246, 0.3623907591030221, 0.9967019191579564, 0.9255824854216346, 0.6221247283469091, 0.22439782822225562
0.9367915138108173, 0.9891735531827838, 0.7998334439092111, 0.22364011097216085, 0.7790823023372272, 0.7080130450526188, 0.8308685084376368, 0.7574466091274867, 0.8602696880954983, 0.7586802635722584, 0.9249654989404176, 0.5996901862945961, 0.5047359337232727, 0.3893201590423222, 0.899573457659052, 0.760185869189724, 0.4941588447270665, 0.9082558044840161, 0.7068488652196142, 0.4246218797925472, 0.6900144230929096, 0.48387247296813174, 0.043635567908050454, 0.5047628852044932, 0.8668008284566617, 0.42405350160540256, 0.5371758472266511, 0.6254827483066864, 0.4074416302380166, 0.1968398560477338
0.3500320778672702, 0.3731768728975058, 0.3011726319303234, 0.34625799328010787, 0.8272535532767041, 0.8494561356907883, 0.6830679082189061, 0.10838992390869095, 0.043573982400116895, 0.6450628983702228, 0.9884784176148536, 0.6181262150944139, 0.06193200063131121, 0.19537440400533757, 0.7129935337006246, 0.7262963129901034, 0.06522867597467985, 0.6241805840834742, 0.37522715193794887, 0.4723702637106074, 0.8236576264735792, 0.15585035193704233, 0.9236239818397914, 0.7040149836224816, 0.5362429218779616, 0.5480099004027917, 0.1631164367840564, 0.2258770080512411, 0.9669078977807967, 0.8512898326431929
0.5230800302397048, 0.5303483149033645, 0.21390988157932334, 0.17582964606405727, 0.488131855658932, 0.2564835991662622, 0.6441625811733109, 0.22124096448727704, 0.5707313245632808, 0.4187838756241735, 0.9980225151581635, 0.5506192253618633, 0.2422808023794326, 0.4014563473204674, 0.5014211334985044, 0.21757982288291167, 0.48647094735611884, 0.3083514396098709, 0.3699650164011128, 0.18809381633264932, 0.18302282695918648, 0.568264414452762, 0.4861608073864063, 0.5846822500953762, 0.26937140229687306, 0.20730206611439195, 0.35339195522241884, 0.14170043604331772, 0.11992359045328393, 0.13230780885356563
0.49686126389656016, 0.7682715769095287, 0.17157982395783355, 0.7655458026075797, 0.9540235601997834, 0.8857840316255605, 0.6498329751166797, 0.1828314389847031, 0.8584540605378045, 0.17912293151498337, 0.19587399133822514, 0.17737570040667572, 0.3574251590394789, 0.25241616875159467, 0.05732063195588022, 0.7403739788618311, 0.4428778310368924, 0.44818674615259135, 0.3670435804371699, 0.6640085649468015, 0.46255483748763093, 0.2664819038849542, 0.8562581027405839, 0.5103167819455374, 0.10736266883598022, 0.46095986096814745, 0.3435183562221622, 0.6775469035156277, 0.98512846771028, 0.22138327591315732
0.2390485792572571, 0.9187316672554977, 0.6586678637703411, 0.7166036114338135, 0.40111425984917504, 0.3433924936984807, 0.6086880951097918, 0.2001072846206554, 0.1095363701764237, 0.772212780419936, 0.5730987744112729, 0.21225524786919037, 0.5652936114566495, 0.620999745980862, 0.5579366812251682, 0.6806213516098772, 0.21831631603958135, 0.6818482908592122, 0.5241835118460952, 0.767739588670117, 0.584537534858055, 0.1967965539931339, 0.38041644674027997, 0.28397925571458305, 0.12199807832809817, 0.3550993921732427, 0.24736690056745014, 0.8157453740365668, 0.9954024000812582, 0.6069552821858525
0.3761341523949865, 0.9516921481712632, 0.6606716004230971, 0.08595306829108473, 0.8818338306580696, 0.2911301266722748, 0.40013987999080913, 0.5902920266794286, 0.4221668201330484, 0.3933556245349348, 0.8467669089634355, 0.21243331886149341, 0.1724016963110706, 0.6024705439403861, 0.013212606459223841, 0.42370668469936923, 0.48567771651536973, 0.14975292268618767, 0.03957473486422103, 0.4391124177502388, 0.6820184319481244, 0.8808975760845373, 0.18382016408270319, 0.24036302122318187, 0.6198080170071846, 0.3710941755991135, 0.5480893429665643, 0.055827766395438294, 0.5564637319827852, 0.6961710791268932
0.5770589372757609, 0.3998791034914625, 0.9222363562670685, 0.7565204271933591, 0.3511076626458999, 0.2300640319161048, 0.869988887198525, 0.6315984859696527, 0.5482333065826361, 0.4413623675096786, 0.7605015388922517, 0.5840215355668888, 0.23670715816500032, 0.4056882453180517, 0.0740217445131034, 0.11050789496028968, 0.5643347491491754, 0.05856272457875766, 0.8359814733164725, 0.457045256282415, 0.9385650870339912, 0.2747901897490367, 0.9849110156137993, 0.2805873297884003, 0.3909949340390576, 0.1405183400889849, 0.5347731751181929, 0.4849598939120927, 0.1691835670421855, 0.1099533213976357
0.44194194741405846, 0.49343338007721493, 0.7044882989926674, 0.3225078152688011, 0.7628948234861561, 0.11991734296134471, 0.20138942910091107, 0.5315466001207885, 0.15722795509749432, 0.7555262535131162, 0.7055995573320043, 0.4016837878935404, 0.70272849832943, 0.8222455127711454, 0.863329286033595, 0.3421495437199421, 0.3771062732143424, 0.17670783926848022, 0.17532484799133863, 0.479392417182528, 0.781907760303084, 0.7299751492108597, 0.5892923617233055, 0.9622829899108725, 0.6700493484835636, 0.44426925702658093, 0.9582306573651608, 0.0758712215864048, 0.838645977060224, 0.7630304995215041
0.48912697914898007, 0.42118088247773633, 0.6915676527211533, 0.7828235380180024, 0.8135335572776797, 0.39328261127360853, 0.6425685073595867, 0.9358140241537047, 0.031012156143537473, 0.006600785753088312, 0.3865004840420435, 0.5795489198871766, 0.7087259742062098, 0.9194109295803611, 0.01431708281931432, 0.8452991371151449, 0.4448353078506675, 0.03692751576804232, 0.750985954344662, 0.6273268801072472, 0.07411203627365626, 0.5174733359255156, 0.7682932460540386, 0.45671979604651325, 0.16355958616229604, 0.6083095397865351, 0.789405444170246, 0.3360645885805055, 0.9481110774950174, 0.5633000321943621
0.7502093370763944, 0.4178619541761611, 0.15857494174976505, 0.7897232856856855, 0.21351574067125567, 0.31419881284884865, 0.5514069681373536, 0.39311320200518907, 0.9268549926576435, 0.9677428550997428, 0.3656045626036528, 0.04499113567034985, 0.912667821837911, 0.834551248982263, 0.4830405091519485, 0.7572721347708533, 0.6391920382613505, 0.14754243960938884, 0.9472253008510654, 0.4375469090321642, 0.5144771713639166, 0.5842165100682344, 0.619631002136589, 0.7374020110336037, 0.05580459406042293, 0.36508370070637997, 0.4743464365989223, 0.7535850108298814, 0.9960814612547395, 0.7392536123264691
0.7376471040689868, 0.9819368517611378, 0.8357297552318299, 0.401929375699953, 0.4555741062254831, 0.981670435944534, 0.926650546251579, 0.6913768548389236, 0.32091118508360794, 0.09993633364280463, 0.22667446657364587, 0.7572722120757893, 0.960500456619613, 0.4407986719386977, 0.9006413513996469, 0.3525687074823848, 0.7094375507595335, 0.6272916847632952, 0.8382405565606099, 0.7579586371671407, 0.5229565428776445, 0.9973188441285757, 0.6741166205829591, 0.16523593009632964, 0.6031476800400946, 0.4288125072934028, 0.5469430109063607, 0.5183715562981502, 0.16954592417004055, 0.12545187075377384
0.05337544353711743, 0.2778298571549672, 0.6380956949232681, 0.6303187717053855, 0.045871512438459994, 0.12348685624065636, 0.8019936683513322, 0.9489736514158552, 0.4726300381119718, 0.8252683093513542, 0.1979774931842726, 0.10094022185234408, 0.6998597137266963, 0.5573129410695868, 0.4139651514206255, 0.22414367597538432, 0.96738854641538, 0.7596005233015726, 0.7535293988788234, 0.3077179222616855, 0.08779000668277848, 0.1486484563694318, 0.9975176646551285, 0.45830427177809563, 0.8861170228940739, 0.20931534609352176, 0.43390059285337157, 0.5508002192083671, 0.8960367298269899, 0.6413364777461066
0.1672670312928487, 0.4528008760630152, 0.7665498569186517, 0.7741031389871271, 0.1823773430952168, 0.6212465593364472, 0.1297643875868696, 0.4490491665791295, 0.35644763003227997, 0.6944476848854542, 0.7997072947788995, 0.7972909686922529, 0.31422574189248376, 0.8585010241387324, 0.3109869953067709, 0.4123932592330096, 0.4317721489188633, 0.8890512582358309, 0.40497879581107743, 0.2325592699579424, 0.7263186567875443, 0.06786838811129792, 0.7700506466464039, 0.08104831739724072, 0.04011744762536085, 0.46667406757524477, 0.8378335259085194, 0.39828742302676323, 0.06977763386656877, 0.0675475266469181
0.25111392839986313, 0.9210859047172133, 0.43446055154392094, 0.028477205243525927, 0.603888199574024, 0.8888023738510267, 0.607439802141261, 0.9848001704412022, 0.1457161130482263, 0.308694860249876, 0.7000638011784159, 0.06423310221679002, 0.7427921322095057, 0.019045920414322404, 0.30350914178857236, 0.09387876638577874, 0.3650963683102364, 0.5675980760315558, 0.6156302800460788, 0.8902678561956174, 0.38900200158319176, 0.2988992848532068, 0.8776511943005765, 0.5393811473752644, 0.5813011795549003, 0.13612197368668466, 0.4202017443518383, 0.9424166691687741, 0.9968716074511574, 0.9760113409703857
0.1648870927044186, 0.28308471017515713, 0.562449038955384, 0.09688998435083218, 0.9020662157657017, 0.9038585342457611, 0.643555857189812, 0.40106330066930873, 0.18799865939892324, 0.519392906891979, 0.4261330578291397, 0.42905918155881373, 0.8844588440530566, 0.32855350794522964, 0.5877512067369289, 0.22443441029009925, 0.3306175260782819, 0.14010957055699436, 0.5103094296423527, 0.8696088004629563, 0.49246895041104854, 0.44963319224934517, 0.43033390907930513, 0.9335475979818306, 0.4728095115949975, 0.8939608031059636, 0.2198092857794549, 0.08797188663922606, 0.6916982453794248, 0.8524251964493511
0.18506082986003347, 0.0032852492871581207, 0.3495402701819924, 0.43239419270276414, 0.7182423976024804, 0.7777946672657488, 0.2766204872834317, 0.8941612744485158, 0.0389442329670695, 0.9705803062320901, 0.8006170789626719, 0.5960491147411403, 0.7911502679233525, 0.06611287341382444, 0.2602747550607427, 0.8544985933716298, 0.7960301124874161, 0.6089513500605481, 0.5570372662995494, 0.06355140729186337, 0.3833138081970421, 0.3005740533398006, 0.7972286592224, 0.8900074536646971, 0.5782547244435772, 0.012144663899053776, 0.9452746151332843, 0.2225298736301352, 0.1732859892806603, 0.3934118687701962
0.27563355804390854, 0.5277447127702761, 0.20596615675062202, 0.6342729506243714, 0.73454311554235, 0.5295156982269341, 0.935423520005464, 0.12669644223365717, 0.8346487921135843, 0.38437230398426214, 0.17137928397369406, 0.3732637521560983, 0.5493989627509054, 0.8031764420291746, 0.9342507220560032, 0.6957133270919191, 0.15736888785688297, 0.29142896308212674, 0.17741805697484703, 0.17734268302248524, 0.3864395118273657, 0.11984717806977929, 0.6110900619108967, 0.38424722814404655, 0.9607308903525595, 0.19396794388197736, 0.28295144502805647, 0.2666505350723757, 0.33034990394533836, 0.9980395911616641
0.3565175528504959, 0.39832943448051006, 0.043906919300447766, 0.802213053768092, 0.819918151131367, 0.8065253223363864, 0.4488239600565649, 0.3158039922690532, 0.7058619563454361, 0.5763991856814129, 0.5073154051146358, 0.8070957091300763, 0.6653446479980518, 0.820945299201101, 0.9414630944666008, 0.697280484258438, 0.22782072083209504, 0.16921734241819975, 0.24237349660765062, 0.4676886517764851, 0.744318025738688, 0.2204743623201817, 0.9230557823106437, 0.785290649394418, 0.33669625565897787, 0.3677999548772173, 0.6254019451538241, 0.4281613996320526, 0.5803805787283063, 0.19609896753009282
0.3723204775545512, 0.6517722976176914, 0.5024724489481937, 0.3137891723139504, 0.5457932001058843, 0.0010661379042330443, 0.819603657559415, 0.40025000619223516, 0.8889437248818578, 0.939738453666582, 0.2963337539509504, 0.2573617163158426, 0.02884702978451803, 0.033156695908438616, 0.38724622300775635, 0.2462246200207734, 0.17406514769801607, 0.787030040020109, 0.21263820382726406, 0.9972245488434784, 0.8310035654318664, 0.40795386553305757, 0.7742523842491602, 0.495681355794103, 0.7625087943553825, 0.5535351283738739, 0.07460120417789085, 0.955222559142825, 0.6465333177793963, 0.9625701963653538
0.06134929922246035, 0.8096545912733252, 0.3239672366906263, 0.047611449813137585, 0.16230895907697396, 0.7243475200395684, 0.8874319090367458, 0.6354953025261074, 0.7097863455551211, 0.5494082702763172, 0.9862576464938869, 0.7349939470769973, 0.03150397111578618, 0.6562235793092145, 0.270865767111804, 0.5948478005340482, 0.24069383840519432, 0.6941654591851174, 0.9044446575098499, 0.7251538230725847, 0.5314226955410795, 0.21294284375200434, 0.9037906435742129, 0.8440643311897466, 0.21944624979115568, 0.25758485643024787, 0.5643321318435552, 0.2577059837650769, 0.31434137885537594, 0.14526135390419004
0.9382665677614992, 0.46984599175788955, 0.7459629687079717, 0.49583924420225045, 0.020919026781407224, 0.5052657233411625, 0.5973810467389248, 0.07064882710372777, 0.2712270188023753, 0.8057677240421104, 0.33153476892837275, 0.3140727278221155, 0.29822445509085405, 0.1644639834408912, 0.5040256967224647, 0.5270070255967289, 0.5320024783656722, 0.04612275184107528, 0.8736800315883985, 0.5922222116072503, 0.9136593637175322, 0.6672647279976326, 0.9214113790488119, 0.6919290650352927, 0.9297146438091458, 0.45314855080582495, 0.9645861121446777, 0.2568044273175264, 0.1329694530916965, 0.6381615093353172
0.9721466447070781, 0.7391322719330329, 0.14693944582905627, 0.6498855864317273, 0.2535002147787122, 0.530016617224188, 0.2736956165521569, 0.9381447425212844, 0.49582405165247423, 0.31280658670380124, 0.8505934673009409, 0.9076981226709331, 0.3203350905555161, 0.07803213570482093, 0.0832750572222335, 0.2942118361948366, 0.10971201881299097, 0.21389223282562098, 0.21655732356116186, 0.8237718595235736, 0.5493104214984182, 0.19074460079252642, 0.5267030814623818, 0.5737630791067158, 0.7381151555118287, 0.3926895079067755, 0.5901662254839539, 0.5231070740932121, 0.9206742281709638, 0.1384885864012777
0.2620241429199056, 0.5705739607774722, 0.5380860449688841, 0.7843744890360415, 0.377839422730772, 0.6091741130273691, 0.08678470601940824, 0.1513228926233643, 0.08562241203189058, 0.9162257080296126, 0.9119741027881406, 0.36026617879315315, 0.2720749817579651, 0.9908799941460442, 0.7558113690254926, 0.7052352202113087, 0.19461370478325601, 0.04009092629363076, 0.4771194528061653, 0.13510275527822868, 0.6812904754075167, 0.04470873381439411, 0.21933250849769215, 0.4274246183128557, 0.8089822527744442, 0.18122208401813733, 0.5007540532895872, 0.8522717971977676, 0.3719284659628461, 0.2972565949605024
0.12685066656832678, 0.7308330768320579, 0.428506161290678, 0.09281940201467787, 0.5606643057346409, 0.16032146749076082, 0.6434995409799262, 0.018197731567371145, 0.08870212815744816, 0.7853957099967546, 0.7537384230869354, 0.2454829700098815, 0.660586291724687, 0.6643162555165689, 0.7101704165053394, 0.2277478150739496, 0.44529110248159953, 0.1567315555645199, 0.8089021508001486, 0.2339226500516174, 0.3571866106865539, 0.4530091748797991, 0.19654166277305019, 0.738989154996637, 0.8336845508539575, 0.8657946034028012, 0.6477001188530358, 0.7717941637290581, 0.15597201831682062, 0.9498654410814943
0.7940594822062741, 0.40941293197295203, 0.9678087065802511, 0.09813955486752957, 0.011563276231725927, 0.21188786910064916, 0.1555637112704319, 0.2924701807112695, 0.1677482735424244, 0.10062580500284846, 0.9881501559816807, 0.6599098792599449, 0.5548184065376589, 0.9212815806552206, 0.7614608586228597, 0.29943001711801187, 0.2908133215403017, 0.4524912719210712, 0.4353559910899184, 0.3281953474974334, 0.12737706687393013, 0.6784012656878945, 0.5672075251256378, 0.5522935185350669, 0.8243713485351293, 0.8500829932121653, 0.7075105791441992, 0.24008728887189712, 0.18108420652653445, 0.30412853802152096
0.6226640063635333, 0.3602520513647347, 0.24635896344225583, 0.5757712604981686, 0.31629332432255064, 0.4873154607134811, 0.05967437255840824, 0.45484409095278966, 0.25809181446358265, 0.5733955098294918, 0.982180388314143, 0.14972709825263975, 0.08673632696028633, 0.0036656952388477437, 0.25031658782316746, 0.22262338706920404, 0.5711756527662117, 0.7580425462423791, 0.7466533173765353, 0.499084142873755, 0.9397617106411759, 0.7113985137301645, 0.2691469916870498, 0.38792761813722676, 0.9532079704127772, 0.9896843854826486, 0.4757886834435733, 0.8880081840623071, 0.19015902783271, 0.43622059638754274
0.9793335763049726, 0.29838316295470035, 0.9596023958955358, 0.4904243497699531, 0.8431591018408151, 0.48447456816989376, 0.5111154389536758, 0.07711605425389256, 0.8951886280031907, 0.6195851826252422, 0.20481339794175657, 0.0033460427522782332, 0.2917280204543148, 0.5699504516174467, 0.019380874381693225, 0.4355608363577943, 0.028586005125438962, 0.5981420964427832, 0.8339556262773731, 0.6575596505096295, 0.18963555452866665, 0.5291668928064004, 0.15956730188389767, 0.8446527276222752, 0.3251719998766217, 0.5200903855883856, 0.3958318855811811, 0.5104440961180979, 0.7691935577328792, 0.29668912659950586
0.2225941788202307, 0.062769517703684, 0.6126327132477226, 0.24878499965811596, 0.5009206410759236, 0.30964909449096156, 0.4247858477140921, 0.21121569868935397, 0.01570822175894493, 0.8201422829571903, 0.514396654704604, 0.36492993794171336, 0.6674084399235555, 0.8775741673285209, 0.41278347391422965, 0.8045669158549305, 0.49058344138956145, 0.0005306374460206653, 0.9314487268443951, 0.7717109420971584, 0.5263925005536215, 0.084581331010953, 0.9185009720881077, 0.2622732299253451, 0.31751069177176505, 0.9273607373628342, 0.38651388201895154, 0.9379019526066514, 0.0941272320459483, 0.2334924253957824
0.1703988286245025, 0.21667821678067234, 0.6660077298024164, 0.14110380291975233, 0.024495368950808838, 0.3583768188595158, 0.5305924533069002, 0.2847245410889092, 0.7765891270341998, 0.46503293667081, 0.35905087492250864, 0.7498145576021764, 0.6661407240639379, 0.8307323087568784, 0.7658648481726044, 0.7331827148542389, 0.3302376711976689, 0.15178164186826315, 0.9132563380490036, 0.3509330740633174, 0.3914080160184674, 0.14998322294260358, 0.7652873343802263, 0.3606781004100298, 0.891429610888793, 0.8553130654688943, 0.5478858760061498, 0.6655669177618874, 0.22755914574088187, 0.7970583088694512
0.6581252153703625, 0.9445943384384374, 0.8814731649183379, 0.8510934286773256, 0.6348049398485515, 0.6944759218041134, 0.21924490453753653, 0.6333745905595928, 0.10666843248879243, 0.6620706472947429, 0.9114107402449221, 0.07146887897291387, 0.6749786569084941, 0.23787758812797133, 0.5980076849219801, 0.4140526219259262, 0.41584525548833584, 0.6024121084041303, 0.737838734717388, 0.926976434067059, 0.9787229546432524, 0.984766611070781, 0.7362908058793252, 0.5920832517497486, 0.9587133453619942, 0.7847156662550182, 0.05579656520509024, 0.47950247444476224, 0.8123209863294335, 0.7904299974058543
0.9359401795090613, 0.6130499865024415, 0.7727496358327133, 0.08639513446390845, 0.006151032926666966, 0.7076888681051429, 0.7703275908400226, 0.6939613998713361, 0.5655901597283052, 0.35295001470552567, 0.47198826514627146, 0.8712728838670526, 0.013303319695717186, 0.7629852678065173, 0.21136103731217915, 0.49804614061090924, 0.5131818126059587, 0.311275871464918, 0.17671002602529906, 0.8600097762959901, 0.09618376581328791, 0.041969789432995785, 0.6347785067036896, 0.5336021057188789, 0.03485578842138948, 0.7487643450379983, 0.01292031917424119, 0.7643495915536909, 0.13845155475257676, 0.3358975687559469
0.16609206326336712, 0.08754437658561331, 0.02338671919565205, 0.07720319196630143, 0.13336930421774906, 0.23877123849005388, 0.9606397273973486, 0.5707054122265983, 0.3673108735169366, 0.4875714141500659, 0.027989733734658295, 0.3277633510494089, 0.6779152819459525, 0.6325436108326051, 0.3104361290895751, 0.8545779271429247, 0.3929465140106432, 0.5809726552982133, 0.5665520976637781, 0.4396665063240516, 0.05407389187850098, 0.8970027680449302, 0.23482457253939648, 0.3061568023392198, 0.3005811733951843, 0.3052881217519515, 0.8332493408160758, 0.13199731657484404, 0.9274620241149274, 0.4426824784146246
0.5697018479781931, 0.4021375321190732, 0.47851634120247055, 0.8676978955335248, 0.9268503529078459, 0.28242734173269757, 0.3671036490882066, 0.35035968979804644, 0.3864060486400035, 0.8848712821750462, 0.48150829970140896, 0.1703105892961111, 0.9993077045107768, 0.8726296980860144, 0.4524945687050873, 0.032422320875126975, 0.6768219858941443, 0.2169187600014053, 0.5808168451892224, 0.11050010197544624, 0.9929231850406542, 0.9901594652070531, 0.14849179264409518, 0.024944968497260467, 0.40720759553254426, 0.6149379400239494, 0.42419569966492465, 0.502753668774599, 0.7447569028013863, 0.3435026244602848
0.8369821356106014, 0.023196084062637956, 0.14627476116967586, 0.46226508266056743, 0.32824683220269046, 0.08330320823312798, 0.47316752419562313, 0.6444720165497448, 0.38779020502287664, 0.5676312748293175, 0.48847002991481125, 0.10028033288403704, 0.3726672415804988, 0.3703654625477054, 0.8304235691686059, 0.06899812616585177, 0.4680983228130373, 0.9482972680441906, 0.9444974884623208, 0.19794775996008307, 0.6896567828055289, 0.40064383692015604, 0.6700867919737361, 0.7832401475380976, 0.6776821592256834, 0.2645153732460609, 0.439157355842693, 0.5162049161040329, 0.4973667637902671, 0.734574720986906
0.23682498061926016, 0.7864325933633112, 0.4361392079487407, 0.8616226959278218, 0.3150380992001288, 0.03169283862020755, 0.2589329156814153, 0.7899314088544613, 0.7663872278703947, 0.9867583052371829, 0.4650742433438586, 0.6380035709057768, 0.09545809371917813, 0.979361505304777, 0.8499154257120275, 0.6232757104967751, 0.053977760496023985, 0.7613188918122676, 0.5240124622258727, 0.03481399301846144, 0.9588619131325175, 0.6815434401620115, 0.8131513530540078, 0.05371102559094887, 0.6458909447526261, 0.3734024687695051, 0.36874075751333013, 0.5906413387912921, 0.07737866349878453, 0.2020101144940999
0.0327769231483116, 0.4168789092392359, 0.7687781383464012, 0.6714076441806518, 0.17793508856843654, 0.6782587531106147, 0.5778402950196981, 0.2138741246316198, 0.8042951215535538, 0.6128079085846639, 0.05681035968184778, 0.3951996343910673, 0.32614313494764124, 0.12957083827818994, 0.8253680019829763, 0.4505183242744486, 0.31229057272966054, 0.5169747802496356, 0.5070418546400911, 0.05929744204852616, 0.2615682675835024, 0.2704776156031301, 0.6839871128572733, 0.12252162762599261, 0.8988082891607263, 0.6993803755753792, 0.3134596894405609, 0.7595145894467826, 0.7924003562448004, 0.932324802293239
0.36098252536831443, 0.12500391720585702, 0.5659128923322658, 0.4326013445924385, 0.05909363333222584, 0.8742108062599908, 0.9108922116378316, 0.9599378148735349, 0.5613770251403492, 0.8796035443615745, 0.04435253016378271, 0.3328662397338553, 0.6270865349060142, 0.4925140734038794, 0.06686326605960824, 0.44182253415959627, 0.36178618913606164, 0.42365500134382583, 0.9472550396898525, 0.9113135998836935, 0.9817916152204295, 0.9627395455276758, 0.6337704564011866, 0.9667238672296798, 0.40761802003949454, 0.025891976427087737, 0.5475515134240572, 0.7659208258478751, 0.04272564632650966, 0.9421098516973703
0.515673890358573, 0.6581450826940717, 0.7295218555908654, 0.5779162810860333, 0.03255605966524955, 0.7940316356236836, 0.6245948702066147, 0.02949054511248439, 0.8255191311014973, 0.7354482503100128, 0.1617226396949546, 0.3420756332036011, 0.01972686356636766, 0.02609681554874188, 0.21374097183006957, 0.6934549879341904, 0.23926780013937954, 0.35858476222869007, 0.05470345018948197, 0.5469747965614284, 0.014601744206114486, 0.8958896327316891, 0.3087519622628463, 0.3521980175816708, 0.7438055488220933, 0.75219435860689, 0.5191492992092615, 0.5315857385507269, 0.8866803202427472, 0.1342256650855913
0.8702500091625834, 0.19504343873169117, 0.057473989497257905, 0.15616731219277247, 0.577592090859735, 0.8240507219244915, 0.4646099682107181, 0.9486646841907862, 0.877335274210449, 0.14433205805856197, 0.8211217319643347, 0.04724261614758163, 0.43006122905054656, 0.06665440262530664, 0.24908156401504522, 0.1088615273450374, 0.13266494259937134, 0.1792856221982434, 0.17361917364438673, 0.8027046501416157, 0.10663554473479242, 0.9423973925575511, 0.1495013795983272, 0.3784754736322896, 0.10937079107120373, 0.8831659090578291, 0.9587218766914066, 0.8917034671605143, 0.09646834823036332, 0.8201942191657303
0.05079899891011097, 0.8332592001705118, 0.43692437085904645, 0.26898246711087037, 0.9501614800110354, 0.6102322217637549, 0.8897236170829066, 0.04075220359068221, 0.4943141986515154, 0.43088681148285723, 0.1822269249988253, 0.6230752987290664, 0.9016065793227733, 0.3404853141767539, 0.5107015084581169, 0.5490302492521584, 0.5664623171414672, 0.4480092951815632, 0.8865743495806312, 0.25864144606306483, 0.42897044619903535, 0.8339859600984756, 0.6476457561145875, 0.9931540990650675, 0.08988667477038792, 0.6594712443628828, 0.29193957991885733, 0.5015641518083539, 0.06381287994072904, 0.3027683465414275
0.85976416335124, 0.10724756011465919, 0.14598626262262426, 0.4182298867593467, 0.10117116891474365, 0.5519655106768644, 0.12952259583709613, 0.6309657926232545, 0.7774188848198729, 0.5091343643984506, 0.9544993462256633, 0.8657537216885356, 0.07432227791443446, 0.6068680790232078, 0.7696914535803084, 0.0752052370348879, 0.5660874850556681, 0.25876173137690694, 0.5297559422169335, 0.9593118622138083, 0.05616900409357062, 0.4595497532502979, 0.32093301202884394, 0.8114155198935326, 0.4973946428380531, 0.8225329370439993, 0.8109564620372504, 0.7591598187935114, 0.8240795010754295, 0.2353845760446297
0.22340040260397664, 0.23936200507806027, 0.9251528767861229, 0.8397969172578805, 0.16200477131336788, 0.009025507669059518, 0.18272608845439242, 0.40429732446375577, 0.6477789664850835, 0.9402171851328347, 0.4791978033305273, 0.8720478917520499, 0.006129468525920667, 0.24136231250053553, 0.9511293326071627, 0.27727296858314, 0.35334592664298703, 0.6461121507909745, 0.35743586801251304, 0.04372803198705333, 0.3713805582043783, 0.0018088591151961264, 0.761541265949437, 0.04847357332467728, 0.3589777830900849, 0.28597523240409706, 0.9800071981620111, 0.5275021892343082, 0.380208423149317, 0.6557407427871337
0.20603701352990078, 0.7148365667237505, 0.3053644210471276, 0.612640694586625, 0.718658127049299, 0.7918800416741912, 0.42433924740263185, 0.23888238176762333, 0.48532254263757857, 0.6185292247590731, 0.21048583048958314, 0.5728000641410786, 0.6863146053123516, 0.7163013801817557, 0.10866171942796299, 0.7696943434647244, 0.05333259173896099, 0.6101375934723671, 0.3964353636494643, 0.3794404179343166, 0.8851057755667875, 0.4644605000099563, 0.6213786605119477, 0.3094888402959317, 0.8145420946463404, 0.6837349182505481, 0.22627460071344763, 0.8447142656937678, 0.024063039680800147, 0.9972344400663465
0.16851150970354778, 0.24020684605194653, 0.9275271782677428, 0.9466502708387293, 0.3111777246496541, 0.925122063383987, 0.4630324151734123, 0.8762498930593886, 0.31090980791204303, 0.27427133939461357, 0.9716406508516113, 0.23185798319057893, 0.880346298019338, 0.1423300988675611, 0.027494745846443625, 0.03325318694051893, 0.9469674351677124, 0.173074201740693, 0.20500884405844022, 0.6269436514675854, 0.3297144276071522, 0.3407654001580295, 0.6264615931529681, 0.22773385610847463, 0.006072265538099142, 0.594365407562374, 0.9314902743909872, 0.921172864459926, 0.5477556848621329, 0.48445205219230125
0.624999592692385, 0.296880856861489, 0.1516302917034954, 0.2821770051064645, 0.01543121821083182, 0.5918128953544962, 0.4226280283793713, 0.9540598162251047, 0.15759706001321416, 0.8931649965602912, 0.632535369521379, 0.8922008740775697, 0.6675287457697721, 0.6454772941462437, 0.523574252625043, 0.6773111305201859, 0.8604861216397326, 0.9448305727788096, 0.6194475037037426, 0.9044283842724282, 0.8063215388407788, 0.8158000431535133, 0.8990778575211383, 0.9733195874183066, 0.1926947028706758, 0.6987912703962248, 0.25627668078797095, 0.5322482223382615, 0.6581713196551572, 0.3012780150470771
0.7174397133613514, 0.5595082146035262, 0.33994697814774744, 0.521580136057464, 0.8296577356676965, 0.6464012626757031, 0.36842931796305356, 0.9106796922531024, 0.8027854599956015, 0.7998215521818539, 0.8015800858745763, 0.27748755366342215, 0.44441752785767863, 0.23997872067846415, 0.3581020135501828, 0.25084513334685243, 0.981009541894857, 0.00816049180083045, 0.9487674990794924, 0.09018896032448331, 0.19587504505576858, 0.17468362747651955, 0.9404206697101511, 0.40034232779893186, 0.59173075046066, 0.42658923444579244, 0.9757557381528648, 0.2781196170947642, 0.26446857576917604, 0.9207939167737053
1.1352876817083413e-05, 0.1477336344381266, 0.06359280436446169, 0.7076448149612468, 0.003991110664400832, 0.9124486823609335, 0.6973094174143557, 0.6622262034537976, 0.1381703585053169, 0.946936960788184, 0.2501238533956026, 0.5013451160913921, 0.05419077859683996, 0.8195844266514901, 0.7679279376966514, 0.8800454780995768, 0.6132035039212594, 0.3907681087684366, 0.8002441053185089, 0.2950415566427923, 0.5222130794263684, 0.10247634907680148, 0.8574363620435682, 0.7719512358034916, 0.5952254910649848, 0.12139261212743713, 0.6456933717494443, 0.850788852945758, 0.9988625622944964, 0.41885094632200737
0.9187360365863587, 0.3508742879803386, 0.3913616165653372, 0.15377643413437647, 0.5947316472459583, 0.40409941423400986, 0.4026008578131254, 0.8036874963001261, 0.42833366242426285, 0.18142153579312315, 0.8960678644311089, 0.22699768145670607, 0.6356078898172133, 0.6695904855800712, 0.02695363024899755, 0.4301301944172119, 0.9661906893138594, 0.042933839121298445, 0.21396591299411527, 0.4079602441519906, 0.3578813830575077, 0.04125128708385706, 0.021844361999382333, 0.40726978975470773, 0.3090005361088438, 0.37098718466720004, 0.9826804717432415, 0.16417900763552706, 0.10033370189521673, 0.23990840401937275
0.7580677488021558, 0.5407941842775031, 0.7831178482484585, 0.5433594800064725, 0.034414417487412474, 0.7628711747874302, 0.398527564468766, 0.22302319593851871, 0.871507858953086, 0.3677723738238472, 0.21245012039290123, 0.32450656316903403, 0.6095373539886676, 0.30162447842403106, 0.5524647644060046, 0.7546037437193992, 0.923474594241838, 0.9587204091177594, 0.5231897531429872, 0.4824874517760972, 0.2038014434087151, 0.9541648721847646, 0.21073488435734988, 0.2784414502480901, 0.924975005471257, 0.1814183401840992, 0.008502429527737942, 0.9182070382818533, 0.7972248380489572, 0.17193019503340012
0.05333865191934306, 0.9418649125764267, 0.23957873569378696, 0.9133984590343913, 0.6652365016103995, 0.12799697864716353, 0.2658118976835101, 0.21196232756466704, 0.07226932941695297, 0.8589782934495243, 0.09189347171961393, 0.7953697735602957, 0.5914176524104839, 0.030492833395942665, 0.6577522817592033, 0.025256760236450737, 0.06025007888318079, 0.1446875997379793, 0.7795447951978451, 0.46714170225208906, 0.4825559310780272, 0.4396839082872118, 0.220974790888406, 0.21012503915439873, 0.7464852872095802, 0.5720667025761487, 0.9348712746719501, 0.9476656657746303, 0.5616013303123785, 0.9167303433326973
0.1338939115496669, 0.36646545990098056, 0.748195015369542, 0.5437814961644988, 0.8946812427634795, 0.06755171583114672, 0.9170510073314108, 0.1128679951019459, 0.8027851171075325, 0.43090017535996283, 0.07530767569525032, 0.6016069040770042, 0.04430992454285787, 0.07829374747367324, 0.49863673996460056, 0.016500081439301484, 0.3256457811861678, 0.34564595070201365, 0.5359239468137285, 0.5186132864737297, 0.39084613142592706, 0.20150087927159577, 0.6308621242786648, 0.8546335990570247, 0.34495129975548167, 0.9059755653178563, 0.4592718688963149, 0.14368565234267594, 0.46716782613081187, 0.1346082358746833
0.6143968943569689, 0.4149105677141559, 0.4986216246582005, 0.15213065888167687, 0.15166357434723554, 0.07547552165882476, 0.36881699413864333, 0.9579542761087019, 0.07779069726585897, 0.9136465731371978, 0.029127794606488844, 0.19864318763107247, 0.049839795346111826, 0.6485124792572673, 0.38636779154066336, 0.8274771488847161, 0.9214538385262215, 0.953677392268911, 0.6200031943924201, 0.6079771648557598, 0.3764918428184628, 0.9965190691853328, 0.5354240155086499, 0.9980986515147319, 0.9101723880618934, 0.663381193099785, 0.4465138068796457, 0.5978702278620112, 0.09013740904678047, 0.12008801420975934
0.8987056679307851, 0.03984232713144875, 0.4306396842690352, 0.5120128467357046, 0.2595081275620258, 0.9569760440521069, 0.2694732402474367, 0.1012018146066912, 0.4698306278535135, 0.5828078262839379, 0.6743440418954857, 0.9531021098916195, 0.7877285826899366, 0.4466391851084547, 0.6869816681130616, 0.025769302530629146, 0.3468251944560117, 0.5666429866623395, 0.1614998945493431, 0.4420126450917239, 0.8163632630382774, 0.11835889928470678, 0.8543547768259606, 0.7259053776905481, 0.09339769060530001, 0.7933238673028699, 0.6626324590962774, 0.26155351117108916, 0.7036645944819048, 0.33604383894972745
0.3464227919447743, 0.8941167513874158, 0.9901677623213224, 0.9465133928496898, 0.7062141148951748, 0.18653467458318418, 0.2177566346552421, 0.3870951991767112, 0.4110204811447662, 0.30894097849097246, 0.7459909961132207, 0.9088019483883186, 0.7594789702469531, 0.7076256024396377, 0.5510858424444451, 0.6716565269263587, 0.4768739548569644, 0.7088379768115023, 0.34789107867546365, 0.24619309811888157, 0.7934493991672905, 0.5367990640403105, 0.31838838133921676, 0.16389070500093628, 0.2533581716551333, 0.6250316914187972, 0.9087667214785975, 0.06751941568726683, 0.9878611965701384, 0.6443510217432454
0.34103630413360597, 0.13301904427441757, 0.9729213878317814, 0.530569595503149, 0.04295898281937649, 0.7746285670518412, 0.5672514278383097, 0.6039869720353033, 0.14566169614735547, 0.1761055355070129, 0.3455512567038246, 0.7883348044442208, 0.7503662952470387, 0.5834880015928913, 0.3804596482549175, 0.943135709550422, 0.15104693750212073, 0.29789368298007524, 0.42087924345327843, 0.26232721355388233, 0.13997926482453737, 0.08893429158187971, 0.1657947479389268, 0.506978684684982, 0.5846370012867053, 0.33708918590017645, 0.6019643026694294, 0.25558211585143586, 0.13298814775791057, 0.27860732168329894
0.11936709672483603, 0.693400122518015, 0.8648905809933431, 0.9857221935427369, 0.524898998788545, 0.5268805140547443, 0.7094109089725983, 0.05024011412468221, 0.2704441603688691, 0.0160990341160252, 0.40820992695888814, 0.23817218753723945, 0.8409551323261234, 0.22228928927048375, 0.005890329322104759, 0.37272667792860437, 0.1360953650044021, 0.5866502301221398, 0.8144790751382771, 0.793846504975162, 0.8742714013141176, 0.5605745406725817, 0.06819265935995367, 0.9553203299967511, 0.6681346820177017, 0.3700446058214917, 0.9570598684424786, 0.28428553362637154, 0.10935999820333842, 0.6502745674917447
0.24582421665719623, 0.25531333581293236, 0.21785200551240858, 0.8515971203319826, 0.20680515637534835, 0.43210941374047185, 0.8719156104857988, 0.9537618593842153, 0.12408180482817543, 0.1027018828971864, 0.2686598613995559, 0.030625487981465582, 0.9291954158145059, 0.1839865553986576, 0.27760157236195493, 0.4387647946980121, 0.6656960235550174, 0.8456115523896985, 0.5942173856003883, 0.048136606704871854, 0.34092653404143947, 0.6346861112273031, 0.06686852569558921, 0.16152160026262252, 0.9698260859654385, 0.16539423499439376, 0.6320483165283433, 0.18751460075807158, 0.23074662309664085, 0.2467244956542194
0.27566460190084396, 0.7777545167839822, 0.3630410753599548, 0.7630628235470219, 0.3573652432079196, 0.19195091880233295, 0.6209624875753368, 0.09590423835278883, 0.19131176146902018, 0.1339035857821802, 0.9383435012293537, 0.0013619246981697586, 0.6052795136464003, 0.0013570694136638695, 0.4128723563360249, 0.6033927204011083, 0.7918521729572084, 0.4821470896254493, 0.5594173962069189, 0.7015402713585631, 0.8469964817407357, 0.23274918857927274, 0.17937936049279457, 0.7659113067285757, 0.02637336890184394, 0.7730629340504854, 0.1355840925293892, 0.5805710030623817, 0.8496440239222484, 0.7579550205109368
0.9731369325286949, 0.10375817490278416, 0.8044811363950796, 0.5137380642546522, 0.45757738210698373, 0.19095353052103758, 0.6933795910467362, 0.5377196686828779, 0.30855993426115047, 0.6307455599372181, 0.4853665922448174, 0.14636530285261407, 0.017197226713800084, 0.5544128442913044, 0.23315226973851244, 0.00973259398122539, 0.21579794331701685, 0.2594968577593666, 0.6683631859418108, 0.3769200129491055, 0.19278782714904386, 0.8488784015277137, 0.8750996455912128, 0.8594828114598251, 0.11125290182177472, 0.32090338067770874, 0.5035222569097996, 0.37417440522369727, 0.20146533241424625, 0.22927377549831673
0.48505620647876335, 0.15074100947144387, 0.7668104708711415, 0.011993844641027263, 0.8510382856938215, 0.4965972546624159, 0.2969934398744257, 0.9171646628511602, 0.12287382573576311, 0.24856901061767445, 0.17023368442516928, 0.8611385187432663, 0.044833193910571056, 0.1620552075588968, 0.06232636185921714, 0.050052643827553256, 0.3497276229247581, 0.9494993245819798, 0.80334740632001, 0.7689651559703553, 0.8136617920620489, 0.7865850613797779, 0.48544774534345947, 0.6855622946184452, 0.2072874369910942, 0.034957966954063946, 0.7236732284470091, 0.31999226816421755, 0.14157282912079971, 0.8547999641741892
0.6597701863106793, 0.4761113354425386, 0.3263579373780554, 0.23188066706832944, 0.8607961472597034, 0.7467821867308684, 0.12794444630864987, 0.1636316401241148, 0.09309893048483198, 0.02940618194455047, 0.8876353500101807, 0.527708826578036, 0.3917219763997646, 0.1319156075805893, 0.6409277332562602, 0.7202806797783707, 0.6317606955356583, 0.20994358357157283, 0.17693953692578912, 0.9354870534256988, 0.43752573931176797, 0.6233326192814286, 0.26994266115140786, 0.20094778604715613, 0.13862035448272225, 0.05617855768404223, 0.1927343913416395, 0.8016713340093564, 0.41862396527602896, 0.008274335706889291
0.07652109541252472, 0.7735995650963226, 0.5865258080207338, 0.1473453926506264, 0.7005565164829415, 0.8411086937117274, 0.01493361895494194, 0.07241220591292918, 0.8342828481690349, 0.44542259597495415, 0.8877834196107892, 0.9504993531251746, 0.9985632742120946, 0.9036622812326903, 0.27680537037574304, 0.7950794859072967, 0.5257048721986521, 0.8121159139308699, 0.4591056609648698, 0.3375382297368633, 0.8133083322108439, 0.8942315857172912, 0.5475243441104695, 0.2569502518799004, 0.24183636285287968, 0.027807726317687798, 0.1814373913304872, 0.7001635588508072, 0.7506838226340135, 0.9925694449992638
0.8479837386417869, 0.938804757557818, 0.8273213861986602, 0.731984664138597, 0.03378130592272233, 0.7372168986333475, 0.44719323379606013, 0.5969863450439344, 0.3799316079270628, 0.11367372479133853, 0.19526435858266344, 0.52511056121897, 0.3989262029530295, 0.878081016698912, 0.6151015803080403, 0.2725731934681681, 0.932724013758862, 0.05583418993654399, 0.9338664544022355, 0.09745220471312799, 0.8719410558266867, 0.7372262354206381, 0.6094910512487018, 0.49647014436013437, 0.6536069700495845, 0.2355735837971229, 0.026150686819888747, 0.8916766232962288, 0.5708099048982074, 0.8507011153943901
0.05028835394013487, 0.26021971534385346, 0.25126236569168714, 0.4852852063822941, 0.5654402386854424, 0.33593488908280267, 0.5769336760393488, 0.4832378509613394, 0.4927108891976698, 0.4123472171821029, 0.16788965244841136, 0.37950530770975044, 0.5070877307207761, 0.11979319253719123, 0.3700806571099883, 0.69681674918217, 0.7048393223629873, 0.7213912155291415, 0.8425189504362203, 0.6115625492498699, 0.21676096571520254, 0.6690465583512984, 0.5509567035014313, 0.31715923470016827, 0.995333080462162, 0.5956255427867518, 0.8174881709225342, 0.21918469652583672, 0.19308356350348954, 0.44474269334713856
0.33388215553259193, 0.8721269460328804, 0.9687189173416336, 0.42625770202469515, 0.3527003992046437, 0.5373374498616507, 0.7562590635556399, 0.5590803508555122, 0.32253944100553766, 0.8665611191289221, 0.6435309748852194, 0.07291233778787765, 0.34789337812885224, 0.6781652076108647, 0.5923958883113754, 0.5129580362500649, 0.7661758354688781, 0.8822697474334578, 0.4133204033964394, 0.8372635984943788, 0.49543434594276403, 0.9445772809812955, 0.34155924759077083, 0.8803879016806404, 0.3746931283738214, 0.26622879241266406, 0.5822571782261221, 0.932168195270127, 0.8525917027650126, 0.5701145503389258
0.0905183366715473, 0.08445816643947246, 0.40414229983830174, 0.48927772785090073, 0.45178813924027517, 0.7131559091807631, 0.2559465408487166, 0.30494481989182265, 0.7616249745576119, 0.9189889737874933, 0.03367979476277749, 0.4739820347662419, 0.7480856201708579, 0.05150801444254682, 0.8445066850990635, 0.3829015199336685, 0.7895975589540081, 0.5499623837906404, 0.08599581451143123, 0.3818867744156593, 0.6373367666923447, 0.6022042581363523, 0.2647962010459952, 0.12214209120658515, 0.7448399660450907, 0.7919291998480374, 0.8396089020757439, 0.728584972920545, 0.6210282188780557, 0.2656382429725972
0.438708660367955, 0.5252607708400207, 0.0456515215205453, 0.20293862948127672, 0.9745792241008594, 0.24171647757233972, 0.8810341900586843, 0.34433597801013816, 0.11357452655620992, 0.7281000604564647, 0.11644013455631208, 0.12364692428664303, 0.3940515701366969, 0.714175770771996, 0.3789326438327374, 0.45873493604467364, 0.2591217210209179, 0.7823851668838084, 0.5152700410201335, 0.5422233255990417, 0.4328596485655597, 0.53395365035426, 0.6411834860223837, 0.48938577718284704, 0.5865922968832473, 0.1510521486314681, 0.6073319893406859, 0.6491387488976611, 0.6123544179457316, 0.26217458924872716
0.2355857753567947, 0.24140934726342844, 0.4272923611230549, 0.4327239322187224, 0.5882218672827628, 0.24726649501000064, 0.6542684081310379, 0.24741262476777526, 0.28068018939474204, 0.8865021111747612, 0.18764772794659668, 0.473730376248104, 0.9158717085427834, 0.7093905327391491, 0.44046644458193096, 0.9205759390072147, 0.20852488246935297, 0.858410883810315, 0.03958906316068611, 0.7127122908711946, 0.8075431286254279, 0.8940376033532378, 0.9223508343407675, 0.9016694914403233, 0.8426373289537863, 0.4028477828637803, 0.29857025701292395, 0.7644315796612935, 0.49110924715482074, 0.16819422772919668
0.8858078390122529, 0.8800867018637158, 0.21065283704945903, 0.19287563061210666, 0.3305967237131495, 0.9247408820630696, 0.6473406749428547, 0.8637179298834597, 0.5421353796202486, 0.7002386332241827, 0.6564839506294505, 0.33128850160089585, 0.31557029482170185, 0.5735353682133553, 0.6904449966308528, 0.14626340546852057, 0.5836115100436471, 0.345261257459234, 0.6765339633595939, 0.665541342773571, 0.39133982193107475, 0.5193540691621644, 0.7473374267938643, 0.7137252049349591, 0.9817531731518476, 0.7207161071960996, 0.6300007631389019, 0.26182379199150985, 0.7974907060466435, 0.8576794892856102
0.5570555139949144, 0.8207824539183339, 0.05378626380548368, 0.2584171365831328, 0.07616456521555104, 0.8335107228861088, 0.36228179502148006, 0.4728676348536752, 0.5060028218448088, 0.32136538005658677, 0.4981007424862409, 0.1811612819083439, 0.9940923242690747, 0.12167630780695282, 0.676592202370941, 0.642371329845663, 0.1645475333588413, 0.4937974757665423, 0.016303808081172266, 0.5655460257599497, 0.10680136510351312, 0.1607491087139461, 0.4495459381259427, 0.6085248072205311, 0.7162860133499713, 0.7944387346793911, 0.9510821557441379, 0.9203949341438973, 0.6321623224519385, 0.6180487110594727
0.767920494503353, 0.7436197498759936, 0.0961274584171542, 0.8173345341934982, 0.09625174358306077, 0.23767700417594484, 0.05510633587199243, 0.5107012307356404, 0.6830908830603094, 0.7162577382590445, 0.4240679139812559, 0.7005425344707232, 0.3155475436322027, 0.7539224818045093, 0.19409739305484375, 0.15315051463957274, 0.34910998624960665, 0.48002245101397756, 0.7797241763745505, 0.7134734228710878, 0.6492245117911304, 0.3937614447070191, 0.07912308868950468, 0.37353391090768506, 0.3419918591340847, 0.6349346087753382, 0.7243444857535718, 0.6989946088925327, 0.20512058395992971, 0.33987891463223985
0.9456068695660513, 0.11257602976024716, 0.32799484075172747, 0.36918598160965854, 0.6952399365693464, 0.6732899527253583, 0.6128366190194422, 0.29178258691865466, 0.5907276840484808, 0.6721041773232032, 0.13160803775086616, 0.09491016050207612, 0.18337137665164094, 0.9766483307173381, 0.22133304874643756, 0.827924314886514, 0.04807268045247737, 0.48243268782008863, 0.39421856666009003, 0.03264205303979495, 0.03713020122221977, 0.08127296992617439, 0.9033966170033977, 0.4191636651289087, 0.3166844529926436, 0.014184809699710366, 0.39233497441724685, 0.51233264680139, 0.3952285330603664, 0.9156656716793767
0.8957963786467402, 0.5884174333729405, 0.04813718156773439, 0.29725738634184096, 0.3645252980521302, 0.5871759060823705, 0.8169949896239045, 0.38213160432904014, 0.9562211398722524, 0.2774607556180826, 0.704064315905213, 0.11966341850713214, 0.22697639255554747, 0.2600404056155511, 0.2579995454517423, 0.30668863584861517, 0.06554252330900623, 0.14290948774125156, 0.2804837892983646, 0.38889217130960885, 0.5981852746805667, 0.26623345659686126, 0.1962335116330829, 0.2756618137776563, 0.662585543496535, 0.46827183950927775, 0.7329753291512563, 0.6250508281148486, 0.17825267115301158, 0.9633334255244873
0.3555012996564073, 0.3900800443754473, 0.03495385537967666, 0.4465184361311655, 0.022467629941338774, 0.34148394170454965, 0.95735729249523, 0.6627277581733262, 0.6918211700598081, 0.8408680810997659, 0.5490445062718785, 0.9463900452201288, 0.3584676367780226, 0.9558461846533043, 0.7098232072567539, 0.8119631953596069, 0.06279344964616629, 0.9314764817871257, 0.48682846648219735, 0.15906147873717036, 0.3381773222262042, 0.9637001024774736, 0.3763626524822966, 0.3867851784676729, 0.1083336107496734, 0.5348722180517717, 0.8140787005042026, 0.16973219531789663, 0.0918342028832092, 0.1603729915573957
0.4527809587765895, 0.6385565053943777, 0.8194294812011375, 0.29052061325332057, 0.9531783265675174, 0.3729526739052522, 0.24837107777539313, 0.9413413154133413, 0.2838859332932542, 0.9790858147217413, 0.07136033051089852, 0.651374117514424, 0.3374016045510624, 0.7658625708121526, 0.6479733081180167, 0.7707927012333936, 0.7318198833933789, 0.1438876984010785, 0.3005686082102518, 0.9546326035585727, 0.4446837485940959, 0.7850709524959321, 0.616576585260253, 0.007706710090999214, 0.1017573541721134, 0.8748374918351317, 0.44961828305419005, 0.4968321720005162, 0.7935686570195328, 0.17029561601338494
0.36926286983368917, 0.7384661360724414, 0.23085602158592555, 0.6745606089382579, 0.3452855310254239, 0.7983421310607832, 0.46558590595221583, 0.052889786312627196, 0.4198764618699158, 0.10025079114852486, 0.4442652704456219, 0.23281278513586934, 0.45916966764707956, 0.3666455702861168, 0.5077447651242042, 0.10551423224952194, 0.2558183298984402, 0.7580475510984606, 0.10182457710968307, 0.41336553757672834, 0.5303958538908393, 0.03138024698941144, 0.9599826805953517, 0.21926502534404047, 0.922457218805151, 0.898299427285661, 0.7853485759543127, 0.6598240621392223, 0.003542291424424193, 0.057808688244320616
0.7548574171458093, 0.15342458601370967, 0.4802182946089577, 0.7447983234699113, 0.30417456689923783, 0.2331752584905703, 0.2603399236396067, 0.2525187357772647, 0.8806792896147995, 0.5572443033684217, 0.38420838517019884, 0.2543977507244889, 0.21087006093271754, 0.5649673139249406, 0.9736205946568858, 0.2906057916125435, 0.835228880132662, 0.1263618218493151, 0.18572427999287788, 0.29093585992661575, 0.8675759944616602, 0.09871744586708942, 0.3667800161927771, 0.4423360570527901, 0.4438403080143096, 0.5715926315370482, 0.1058670252776871, 0.6915115199509333, 0.22455487897642923, 0.08318478350873115
0.5400147873245266, 0.9440776016716413, 0.921097290517324, 0.8080643932651737, 0.028591936158362086, 0.2673688830239841, 0.08091028528694166, 0.2636972015249728, 0.8034716202837164, 0.023097803786171323, 0.8111223388937684, 0.17260101198944633, 0.49143647914733823, 0.6405893482585586, 0.29888987090705144, 0.8925241271960348, 0.5906785137013867, 0.022676532467317267, 0.8564842790188503, 0.07739940592905803, 0.5012116239307766, 0.4978397392603009, 0.29455114862751186, 0.6958153221150145, 0.7524402227026777, 0.27297458020657484, 0.7359220063036088, 0.6478658723407394, 0.32832482662337004, 0.7859548542928284
0.5384882104244784, 0.7685870829990054, 0.4164537024422019, 0.6317507020005539, 0.14205737654328432, 0.9092127310405206, 0.20675582800931014, 0.39911250749582694, 0.42994634941475485, 0.10671403442914285, 0.8038019213618935, 0.7692733670902969, 0.3992645958028004, 0.30427522230195925, 0.2140951708294837, 0.5100144978867706, 0.812596362109627, 0.16622155236420944, 0.11025632065882551, 0.42333026361525816, 0.4356951278572352, 0.028603979303319482, 0.64122354454063, 0.614103870220872, 0.9542820522239868, 0.4525416653217361, 0.9366573137535362, 0.21010180880410745, 0.38251133158989103, 0.850139650477045
0.5769134921822031, 0.5858276559727138, 0.07238855900775576, 0.2656913298797815, 0.2859222913674623, 0.6071807993597944, 0.15286828101121297, 0.29909458438549263, 0.2529446523651969, 0.05082709639183103, 0.09061933962437929, 0.1506049688570995, 0.3764375120865926, 0.2598148442407755, 0.1048896520542899, 0.8193192753351665, 0.3788981873063577, 0.24971467456942087, 0.43817670432508415, 0.47356105245685653, 0.3847906556030132, 0.3768130835918436, 0.0398048946408347, 0.48987764833772507, 0.5758548336761937, 0.8981297857463738, 0.4755767238785108, 0.6013180197157689, 0.22291440691057995, 0.6540237056355133
0.8200335638983068, 0.9410831426824621, 0.41836832335343155, 0.45829243618759397, 0.6892109969555831, 0.7789838524282758, 0.21324152927256035, 0.9952407322303931, 0.15716039205236976, 0.86623088040659, 0.10833467079279857, 0.2840580287263248, 0.5595658585839367, 0.6321574606759204, 0.6489637281897438, 0.797715071495, 0.7755897103711096, 0.4163372069249017, 0.6898566821855948, 0.6267224013145666, 0.5617814091917789, 0.9863452522383801, 0.06178601876960266, 0.12492010980336288, 0.47505157172160806, 0.8759416895521447, 0.9603021229141768, 0.46777107628066694, 0.12683845424409568, 0.6528368451247188
0.9040256486997229, 0.746722475395761, 0.5030191754507584, 0.24744225505437256, 0.42851529807836974, 0.9104848324228207, 0.08153308587660835, 0.9065973278555649, 0.15390684692198686, 0.972033103594585, 0.44028770936117967, 0.18266632225513613, 0.2671738634979811, 0.7679562024208978, 0.8064741838190191, 0.4959491201565318, 0.5945792349625556, 0.2079829225147154, 0.4738336097513981, 0.8676815171889146, 0.6417805739383122, 0.9801348726332981, 0.31226080012340196, 0.7632282824942999, 0.22228456349935088, 0.8757460459122235, 0.9789324699036489, 0.20931635230964862, 0.18146447897957074, 0.7388404864245105
0.46965933670803317, 0.1432198611691078, 0.13254557142202927, 0.8211619024591772, 0.7608074917051978, 0.5484511955998295, 0.9156855225244588, 0.5276339363141107, 0.23805242630598766, 0.776986532289797, 0.15504660426009131, 0.3704522265017579, 0.7175138083408396, 0.5711509262680328, 0.31919295407076653, 0.9239990283630213, 0.4970350959468248, 0.9960456848119992, 0.6006584815150658, 0.8226535051691016, 0.2059938649060764, 0.29554047205188605, 0.33352797610872953, 0.7233818367157846, 0.19258519532218787, 0.6964556719974692, 0.5011084473560605, 0.3280744211693758, 0.7365640509162993, 0.8797852612938563
0.3249379748391166, 0.6529426671342257, 0.4103678609001773, 0.7613792665758775, 0.8414575410350694, 0.5838778065561487, 0.041659421471013536, 0.24245359806464706, 0.49965350867154623, 0.6943075828865254, 0.08443160065365585, 0.5724540318857892, 0.5071832615498112, 0.017041992085399915, 0.04729735349660358, 0.7840342179366541, 0.6726741446407073, 0.3771405342112223, 0.71763270454284, 0.4721931328288491, 0.879149771781531, 0.6068108795598994, 0.49741629071998417, 0.5889353950958494, 0.23169904343638736, 0.40416298536689244, 0.9831640243233779, 0.8812624092942021, 0.20950828800849663, 0.19956581892574976
0.4687364205223218, 0.8349301155857355, 0.1718144509669941, 0.9314633283708849, 0.184862461166736, 0.895795946880943, 0.5699884876159409, 0.9876255993401465, 0.93964029010049, 0.42955857030013467, 0.6692703586828719, 0.961775354239828, 0.4055181788557718, 0.9249281757778027, 0.22183895307924661, 0.6993919635476471, 0.33064347684309203, 0.0809638093915882, 0.32182869020076255, 0.6208021355221625, 0.31682032324485454, 0.3749600662843663, 0.17377395903767778, 0.29318294874767314, 0.7095365415348155, 0.5833836990666849, 0.30531943911646875, 0.8575495520642091, 0.18667432677876394, 0.8473034784031029
0.7142237152310911, 0.3156924938352431, 0.7644731010905091, 0.7244326116436663, 0.6516055364891236, 0.3638083344185663, 0.8676150539831406, 0.7904278878081158, 0.7681010853464213, 0.35794789434137775, 0.8339522076432448, 0.22694562205363777, 0.2126099511750006, 0.6318979678523398, 0.6034494796021971, 0.761900083986529, 0.3682663729566019, 0.5486171699928748, 0.7110050724699007, 0.3302735836203894, 0.4625196394149804, 0.13468309858424043, 0.3517350836522736, 0.04623010225771307, 0.4245857397753693, 0.7261912228378866, 0.8662754686216224, 0.5984633843089905, 0.29416140442305927, 0.925894773565123
0.00297955639397,0.50305071642,0.997015681694
2.22810872459,3.88862315061,5.76020306069
