0.871747357831, 0.170493016493, 0.163941184172, 0.0974573150063, 0.458021664878, 0.404591940381, 0.311812528421, 0.654208725536, 0.122122535497, 0.150975163514, 0.293503269402, 0.106013295829, 0.324596920574, 0.984640445363, 0.760145856016, 0.543032915458, 0.894107800189, 0.149247356467, 0.272201490914, 0.856435711852, 0.36909362676, 0.890290271119, 0.124537497425, 0.852268550066, 0.680444236911, 0.0200716345752, 0.304604653809, 0.399974739765, 0.321641587955, 0.0412836009723, 0.871747357831, 2.62707141313
0.46364539028, 0.87912210569, 0.649155815562, 0.168176175645, 0.0211611167399, 0.268599477669, 0.789623509782, 0.846344816184, 0.303485986246, 0.673360954448, 0.0161265156538, 0.393973208346, 0.605438789608, 0.0320969098159, 0.464893762137, 0.222280482266, 0.0034369693547, 0.172663074456, 0.229967442515, 0.0199776621868, 0.822104902159, 0.0920322676452, 0.275660874306, 0.112614342926, 0.32389351717, 0.545652951135, 0.974800725824, 0.585409676038, 0.490086770094, 0.154440894094, 0.46364539028, 3.01879137948
0.108445241775, 0.532405652978, 0.52338222317, 0.195114956066, 0.230770594061, 0.0641327824732, 0.714130102729, 0.960611308332, 0.997863538056, 0.305142655329, 0.187748101016, 0.269885090907, 0.0598765368482, 0.391406712025, 0.131499860945, 0.352967090042, 0.522174319633, 0.0577954533176, 0.694966082583, 0.494964051706, 0.082119060617, 0.331568180592, 0.0405289987495, 0.458067157553, 0.805385021227, 0.0887894702397, 0.588285024635, 0.0597295022243, 0.616177156969, 0.0193296067705, 0.108445241775, 3.6581302438
0.848097864371, 0.00364581057053, 0.746389824375, 0.324384240699, 0.404694350725, 0.297867781861, 0.820010148031, 0.356055033215, 0.122122535497, 0.456912540623, 0.739275052057, 0.228674177883, 0.351647909603, 0.98816162843, 0.213233553116, 0.808251193861, 0.892068711403, 0.0768091009577, 0.298594012705, 0.173253215972, 0.784459800951, 0.592955357153, 0.513248839717, 0.321881337276, 0.115910081092, 0.344910757096, 0.34392624363, 0.219103040205, 0.351188587549, 0.0536641018572, 0.848097864371, 2.70864030559
0.892658005353, 0.521362637479, 0.448180652078, 0.354740481995, 0.16183137447, 0.568561716291, 0.910514794164, 0.777020999366, 0.0656234321519, 0.0296065062323, 0.559476039393, 0.150566326276, 0.18021760848, 0.258530360924, 0.458610162846, 0.00760091654803, 0.314517154717, 0.785961761235, 0.732612365138, 0.434512935917, 0.183165503074, 0.652177817767, 0.292567238738, 0.881237427037, 0.367173477947, 0.256334294528, 0.0602044517162, 0.146711605052, 0.669661576162, 0.49376822509, 0.892658005353, 2.60341134823
0.0475461968098, 0.0519262453601, 0.488896032385, 0.882300848626, 0.417876289955, 0.0159087316351, 0.434329634472, 0.520561436343, 0.0290357161859, 0.768138953479, 0.443330560501, 0.835937255725, 0.741212325429, 0.545261448875, 0.960562827314, 0.500375804733, 0.0684528121669, 0.0598657604027, 0.403738735244, 0.670757446434, 0.235028199116, 0.658281600376, 0.0485689358836, 0.219047859137, 0.0968055897812, 0.527692845801, 0.273817637736, 0.179633597879, 0.556179620632, 0.170094837313, 0.0475461968098, 4.19232387763
0.407438570352, 0.0947088655698, 0.313480957027, 0.482392820859, 0.994517870322, 0.991691968639, 0.763456568393, 0.736493965776, 0.450131386061, 0.101004438733, 0.241082017145, 0.199288536211, 0.621528545606, 0.0945334551987, 0.00790937630485, 0.637774356589, 0.45407655318, 0.0424574764945, 0.15170854735, 0.752518046232, 0.0736085472674, 0.883403746132, 0.34072915468, 0.119181396214, 0.850874733951, 0.425448864629, 0.602470510598, 0.233414840142, 0.0158635037559, 0.147049573004, 0.407438570352, 3.28987355643
0.613195383297, 0.244834860369, 0.538978046178, 0.00151882410651, 0.0676931246207, 0.210084039007, 0.168541883036, 0.712406238848, 0.735711452433, 0.247060872414, 0.382429252933, 0.679533753612, 0.0847077146315, 0.710577610917, 0.79016806384, 0.415483907951, 0.209088371223, 0.348492123541, 0.675363046142, 0.163932443223, 0.217041965916, 0.234077643825, 0.0789527344911, 0.346124550024, 0.245876407376, 0.748307784401, 0.302209529501, 0.966654756142, 0.747766489994, 0.0557335997803, 0.613195383297, 2.85191605105
0.366601521981, 0.0554958367946, 0.981522964506, 0.16915369439, 0.79884223281, 0.0405366253503, 0.65795708315, 0.832272851146, 0.0521163785335, 0.111201591338, 0.523338740772, 0.16119562548, 0.50149579957, 0.514549390412, 0.919566150137, 0.119824951647, 0.262074239249, 0.0711364914276, 0.330229473138, 0.138674209057, 0.686733608075, 0.973070255272, 0.609813509344, 0.786556641287, 0.269294714077, 0.442565871872, 0.394776281858, 0.733716942274, 0.0654557746421, 0.107947929636, 0.366601521981, 3.49130303407
0.952028887052, 0.21864957928, 0.107887493228, 0.61151619718, 0.140433716703, 0.198218802468, 0.294260401278, 0.173329157381, 0.108887111618, 0.00172884051043, 0.0618558324513, 0.789929530686, 0.113363489138, 0.134671345389, 0.929831593898, 0.271212757572, 0.136962844268, 0.163153000104, 0.034248421062, 0.0158116064354, 0.340113900863, 0.949006294658, 0.366080160771, 0.56792561258, 0.695878999966, 0.640688942395, 0.644624082758, 0.80833175194, 0.248952344484, 0.247787686225, 0.952028887052, 2.13055070038
0.0023857630913, 0.514768034297, 0.568478363109, 0.628691611888, 0.0638823667216, 0.113035198646, 0.353748341973, 0.497031601845, 0.387402270405, 0.455332906086, 0.148737448885, 0.870456135908, 0.383547215564, 0.215538813335, 0.553877882958, 0.628362701051, 0.524103873979, 0.0329329950308, 0.980845187284, 0.172848069558, 0.179694181469, 0.706299847204, 0.0717428599242, 0.140983147562, 0.917666457505, 0.450678285053, 0.482648287881, 0.186118790705, 0.616177156969, 0.278215957614, 0.0023857630913, 4.65597847238
0.0237557248468, 0.608215562169, 0.0145589335978, 0.212745735529, 0.153662278925, 0.862181873385, 0.549044137564, 0.280003410529, 0.90078048613, 0.897701665775, 0.572749295987, 0.418222768613, 0.223371773438, 0.387995743266, 0.156584877643, 0.158380650563, 0.520677234746, 0.341487432233, 0.0762132467277, 0.375990480641, 0.171916922416, 0.808926082397, 0.72465451352, 0.351873130074, 0.573047003583, 0.061995564461, 0.584465556132, 0.496848824047, 0.802138504385, 0.491901532749, 0.0237557248468, 4.62223198882
0.0303547148952, 0.239136097367, 0.26300570282, 0.121055495179, 0.757206700579, 0.19424007594, 0.949753108471, 0.675649610883, 0.441072131159, 0.440716128136, 0.63153627614, 0.0948904653839, 0.178629654866, 0.340108968996, 0.80182011327, 0.232938497099, 0.319320314718, 0.99672616608, 0.199027283898, 0.307632313872, 0.983039158239, 0.723876848099, 0.703646588917, 0.214084030402, 0.148281213495, 0.24318077093, 0.276004771721, 0.3011513598, 0.405532798856, 0.673572886618, 0.0303547148952, 4.60085885807
0.912237085413, 0.674299247093, 0.0793102836549, 0.253710326842, 0.522641133912, 0.172433866795, 0.104046525762, 0.211576524912, 0.717468214595, 0.175899161407, 0.120855254813, 0.645210684886, 0.726721584216, 0.145333502668, 0.804611010958, 0.82533739973, 0.134918974506, 0.154728031088, 0.354398630975, 0.633710020118, 0.0747825415731, 0.510303026281, 0.0918627256174, 0.786985560917, 0.341211913878, 0.24750578296, 0.0667322459015, 0.764024540267, 0.630122227808, 0.715115552766, 0.912237085413, 2.57223589582
0.00110214401846, 0.573709673858, 0.843123637096, 0.551213339186, 0.0294245555316, 0.353050167373, 0.883669129163, 0.883526212221, 0.00841762751164, 0.771981776307, 0.0211129965694, 0.820734362002, 0.144160088334, 0.796972682168, 0.224508171418, 0.0359955320493, 0.962348565216, 0.619955821529, 0.071438413723, 0.57264273734, 0.64305440774, 0.955655424695, 0.726256162077, 0.460794933364, 0.399127066602, 0.142150252893, 0.721440966589, 0.307828675203, 0.864533992537, 0.0115999613013, 0.00110214401846, 5.39145965596
0.871747357831, 0.170493016493, 0.163941184172, 0.0974573150063, 0.458021664878, 0.404591940381, 0.311812528421, 0.654208725536, 0.122122535497, 0.150975163514, 0.293503269402, 0.106013295829, 0.324596920574, 0.984640445363, 0.760145856016, 0.543032915458, 0.894107800189, 0.149247356467, 0.272201490914, 0.856435711852, 0.36909362676, 0.890290271119, 0.124537497425, 0.852268550066, 0.680444236911, 0.0200716345752, 0.304604653809, 0.399974739765, 0.321641587955, 0.0412836009723, 0.871747357831, 2.62707141313
0.46364539028, 0.87912210569, 0.649155815562, 0.168176175645, 0.0211611167399, 0.268599477669, 0.789623509782, 0.846344816184, 0.303485986246, 0.673360954448, 0.0161265156538, 0.393973208346, 0.605438789608, 0.0320969098159, 0.464893762137, 0.222280482266, 0.0034369693547, 0.172663074456, 0.229967442515, 0.0199776621868, 0.822104902159, 0.0920322676452, 0.275660874306, 0.112614342926, 0.32389351717, 0.545652951135, 0.974800725824, 0.585409676038, 0.490086770094, 0.154440894094, 0.46364539028, 3.01879137948
0.108445241775, 0.532405652978, 0.52338222317, 0.195114956066, 0.230770594061, 0.0641327824732, 0.714130102729, 0.960611308332, 0.997863538056, 0.305142655329, 0.187748101016, 0.269885090907, 0.0598765368482, 0.391406712025, 0.131499860945, 0.352967090042, 0.522174319633, 0.0577954533176, 0.694966082583, 0.494964051706, 0.082119060617, 0.331568180592, 0.0405289987495, 0.458067157553, 0.805385021227, 0.0887894702397, 0.588285024635, 0.0597295022243, 0.616177156969, 0.0193296067705, 0.108445241775, 3.6581302438
0.848097864371, 0.00364581057053, 0.746389824375, 0.324384240699, 0.404694350725, 0.297867781861, 0.820010148031, 0.356055033215, 0.122122535497, 0.456912540623, 0.739275052057, 0.228674177883, 0.351647909603, 0.98816162843, 0.213233553116, 0.808251193861, 0.892068711403, 0.0768091009577, 0.298594012705, 0.173253215972, 0.784459800951, 0.592955357153, 0.513248839717, 0.321881337276, 0.115910081092, 0.344910757096, 0.34392624363, 0.219103040205, 0.351188587549, 0.0536641018572, 0.848097864371, 2.70864030559
0.892658005353, 0.521362637479, 0.448180652078, 0.354740481995, 0.16183137447, 0.568561716291, 0.910514794164, 0.777020999366, 0.0656234321519, 0.0296065062323, 0.559476039393, 0.150566326276, 0.18021760848, 0.258530360924, 0.458610162846, 0.00760091654803, 0.314517154717, 0.785961761235, 0.732612365138, 0.434512935917, 0.183165503074, 0.652177817767, 0.292567238738, 0.881237427037, 0.367173477947, 0.256334294528, 0.0602044517162, 0.146711605052, 0.669661576162, 0.49376822509, 0.892658005353, 2.60341134823
0.0475461968098, 0.0519262453601, 0.488896032385, 0.882300848626, 0.417876289955, 0.0159087316351, 0.434329634472, 0.520561436343, 0.0290357161859, 0.768138953479, 0.443330560501, 0.835937255725, 0.741212325429, 0.545261448875, 0.960562827314, 0.500375804733, 0.0684528121669, 0.0598657604027, 0.403738735244, 0.670757446434, 0.235028199116, 0.658281600376, 0.0485689358836, 0.219047859137, 0.0968055897812, 0.527692845801, 0.273817637736, 0.179633597879, 0.556179620632, 0.170094837313, 0.0475461968098, 4.19232387763
0.407438570352, 0.0947088655698, 0.313480957027, 0.482392820859, 0.994517870322, 0.991691968639, 0.763456568393, 0.736493965776, 0.450131386061, 0.101004438733, 0.241082017145, 0.199288536211, 0.621528545606, 0.0945334551987, 0.00790937630485, 0.637774356589, 0.45407655318, 0.0424574764945, 0.15170854735, 0.752518046232, 0.0736085472674, 0.883403746132, 0.34072915468, 0.119181396214, 0.850874733951, 0.425448864629, 0.602470510598, 0.233414840142, 0.0158635037559, 0.147049573004, 0.407438570352, 3.28987355643
0.613195383297, 0.244834860369, 0.538978046178, 0.00151882410651, 0.0676931246207, 0.210084039007, 0.168541883036, 0.712406238848, 0.735711452433, 0.247060872414, 0.382429252933, 0.679533753612, 0.0847077146315, 0.710577610917, 0.79016806384, 0.415483907951, 0.209088371223, 0.348492123541, 0.675363046142, 0.163932443223, 0.217041965916, 0.234077643825, 0.0789527344911, 0.346124550024, 0.245876407376, 0.748307784401, 0.302209529501, 0.966654756142, 0.747766489994, 0.0557335997803, 0.613195383297, 2.85191605105
0.366601521981, 0.0554958367946, 0.981522964506, 0.16915369439, 0.79884223281, 0.0405366253503, 0.65795708315, 0.832272851146, 0.0521163785335, 0.111201591338, 0.523338740772, 0.16119562548, 0.50149579957, 0.514549390412, 0.919566150137, 0.119824951647, 0.262074239249, 0.0711364914276, 0.330229473138, 0.138674209057, 0.686733608075, 0.973070255272, 0.609813509344, 0.786556641287, 0.269294714077, 0.442565871872, 0.394776281858, 0.733716942274, 0.0654557746421, 0.107947929636, 0.366601521981, 3.49130303407
0.952028887052, 0.21864957928, 0.107887493228, 0.61151619718, 0.140433716703, 0.198218802468, 0.294260401278, 0.173329157381, 0.108887111618, 0.00172884051043, 0.0618558324513, 0.789929530686, 0.113363489138, 0.134671345389, 0.929831593898, 0.271212757572, 0.136962844268, 0.163153000104, 0.034248421062, 0.0158116064354, 0.340113900863, 0.949006294658, 0.366080160771, 0.56792561258, 0.695878999966, 0.640688942395, 0.644624082758, 0.80833175194, 0.248952344484, 0.247787686225, 0.952028887052, 2.13055070038
0.0023857630913, 0.514768034297, 0.568478363109, 0.628691611888, 0.0638823667216, 0.113035198646, 0.353748341973, 0.497031601845, 0.387402270405, 0.455332906086, 0.148737448885, 0.870456135908, 0.383547215564, 0.215538813335, 0.553877882958, 0.628362701051, 0.524103873979, 0.0329329950308, 0.980845187284, 0.172848069558, 0.179694181469, 0.706299847204, 0.0717428599242, 0.140983147562, 0.917666457505, 0.450678285053, 0.482648287881, 0.186118790705, 0.616177156969, 0.278215957614, 0.0023857630913, 4.65597847238
0.0237557248468, 0.608215562169, 0.0145589335978, 0.212745735529, 0.153662278925, 0.862181873385, 0.549044137564, 0.280003410529, 0.90078048613, 0.897701665775, 0.572749295987, 0.418222768613, 0.223371773438, 0.387995743266, 0.156584877643, 0.158380650563, 0.520677234746, 0.341487432233, 0.0762132467277, 0.375990480641, 0.171916922416, 0.808926082397, 0.72465451352, 0.351873130074, 0.573047003583, 0.061995564461, 0.584465556132, 0.496848824047, 0.802138504385, 0.491901532749, 0.0237557248468, 4.62223198882
0.0303547148952, 0.239136097367, 0.26300570282, 0.121055495179, 0.757206700579, 0.19424007594, 0.949753108471, 0.675649610883, 0.441072131159, 0.440716128136, 0.63153627614, 0.0948904653839, 0.178629654866, 0.340108968996, 0.80182011327, 0.232938497099, 0.319320314718, 0.99672616608, 0.199027283898, 0.307632313872, 0.983039158239, 0.723876848099, 0.703646588917, 0.214084030402, 0.148281213495, 0.24318077093, 0.276004771721, 0.3011513598, 0.405532798856, 0.673572886618, 0.0303547148952, 4.60085885807
0.912237085413, 0.674299247093, 0.0793102836549, 0.253710326842, 0.522641133912, 0.172433866795, 0.104046525762, 0.211576524912, 0.717468214595, 0.175899161407, 0.120855254813, 0.645210684886, 0.726721584216, 0.145333502668, 0.804611010958, 0.82533739973, 0.134918974506, 0.154728031088, 0.354398630975, 0.633710020118, 0.0747825415731, 0.510303026281, 0.0918627256174, 0.786985560917, 0.341211913878, 0.24750578296, 0.0667322459015, 0.764024540267, 0.630122227808, 0.715115552766, 0.912237085413, 2.57223589582
0.00110214401846, 0.573709673858, 0.843123637096, 0.551213339186, 0.0294245555316, 0.353050167373, 0.883669129163, 0.883526212221, 0.00841762751164, 0.771981776307, 0.0211129965694, 0.820734362002, 0.144160088334, 0.796972682168, 0.224508171418, 0.0359955320493, 0.962348565216, 0.619955821529, 0.071438413723, 0.57264273734, 0.64305440774, 0.955655424695, 0.726256162077, 0.460794933364, 0.399127066602, 0.142150252893, 0.721440966589, 0.307828675203, 0.864533992537, 0.0115999613013, 0.00110214401846, 5.39145965596
0.952028887052, 0.25121957069, 0.107887493228, 0.61151619718, 0.140433716703, 0.198218802468, 0.294260401278, 0.349043680462, 0.108887111618, 0.00172884051043, 0.0618558324513, 0.789929530686, 0.574587213351, 0.134671345389, 0.350815838142, 0.271212757572, 0.354167176337, 0.163153000104, 0.034248421062, 0.0158116064354, 0.340113900863, 0.949006294658, 0.366080160771, 0.851481939223, 0.274414405232, 0.640688942395, 0.644624082758, 0.80833175194, 0.248952344484, 0.247787686225, 0.952028887052, 2.17060111686
0.952028887052, 0.25121957069, 0.107887493228, 0.61151619718, 0.140433716703, 0.198218802468, 0.294260401278, 0.349043680462, 0.108887111618, 0.00172884051043, 0.0618558324513, 0.789929530686, 0.574587213351, 0.134671345389, 0.350815838142, 0.271212757572, 0.354167176337, 0.163153000104, 0.034248421062, 0.0158116064354, 0.340113900863, 0.949006294658, 0.366080160771, 0.851481939223, 0.274414405232, 0.640688942395, 0.644624082758, 0.80833175194, 0.248952344484, 0.247787686225, 0.952028887052, 2.17060111686
0.848097864371, 0.00364581057053, 0.746389824375, 0.324384240699, 0.404694350725, 0.297867781861, 0.820010148031, 0.356055033215, 0.368914550795, 0.456912540623, 0.570191380821, 0.228674177883, 0.351647909603, 0.98816162843, 0.213233553116, 0.808251193861, 0.892068711403, 0.631404251038, 0.298594012705, 0.173253215972, 0.784459800951, 0.592955357153, 0.513248839717, 0.321881337276, 0.115910081092, 0.344910757096, 0.152448209284, 0.219103040205, 0.253529776143, 0.0536641018572, 0.848097864371, 2.79266241598
0.892658005353, 0.939045157128, 0.448180652078, 0.354740481995, 0.16183137447, 0.568561716291, 0.910514794164, 0.739182383693, 0.0656234321519, 0.0296065062323, 0.559476039393, 0.150566326276, 0.18021760848, 0.258530360924, 0.458610162846, 0.00760091654803, 0.278040649156, 0.785961761235, 0.732612365138, 0.350171315608, 0.183165503074, 0.554098027242, 0.195757855363, 0.881237427037, 0.367173477947, 0.256334294528, 0.185061548111, 0.146711605052, 0.556179620632, 0.49376822509, 0.892658005353, 2.6217120986
0.848097864371, 0.00364581057053, 0.746389824375, 0.324384240699, 0.404694350725, 0.297867781861, 0.820010148031, 0.356055033215, 0.368914550795, 0.456912540623, 0.570191380821, 0.228674177883, 0.351647909603, 0.98816162843, 0.213233553116, 0.808251193861, 0.892068711403, 0.631404251038, 0.298594012705, 0.173253215972, 0.784459800951, 0.592955357153, 0.513248839717, 0.321881337276, 0.115910081092, 0.344910757096, 0.152448209284, 0.219103040205, 0.253529776143, 0.0536641018572, 0.848097864371, 2.79266241598
0.892658005353, 0.939045157128, 0.448180652078, 0.354740481995, 0.16183137447, 0.568561716291, 0.910514794164, 0.739182383693, 0.0656234321519, 0.0296065062323, 0.559476039393, 0.150566326276, 0.18021760848, 0.258530360924, 0.458610162846, 0.00760091654803, 0.278040649156, 0.785961761235, 0.732612365138, 0.350171315608, 0.183165503074, 0.554098027242, 0.195757855363, 0.881237427037, 0.367173477947, 0.256334294528, 0.185061548111, 0.146711605052, 0.556179620632, 0.49376822509, 0.892658005353, 2.6217120986
0.366601521981, 0.0554958367946, 0.981522964506, 0.16915369439, 0.79884223281, 0.0405366253503, 0.65795708315, 0.832272851146, 0.735711452433, 0.111201591338, 0.523338740772, 0.16119562548, 0.50149579957, 0.514549390412, 0.896009505979, 0.548103961727, 0.262074239249, 0.0711364914276, 0.330229473138, 0.138674209057, 0.686733608075, 0.416119823812, 0.609813509344, 0.786556641287, 0.269294714077, 0.442565871872, 0.394776281858, 0.733716942274, 0.0654557746421, 0.107947929636, 0.366601521981, 3.63366327181
0.366601521981, 0.0554958367946, 0.981522964506, 0.16915369439, 0.79884223281, 0.0405366253503, 0.65795708315, 0.832272851146, 0.735711452433, 0.111201591338, 0.523338740772, 0.16119562548, 0.50149579957, 0.514549390412, 0.896009505979, 0.548103961727, 0.262074239249, 0.0711364914276, 0.330229473138, 0.138674209057, 0.686733608075, 0.416119823812, 0.609813509344, 0.786556641287, 0.269294714077, 0.442565871872, 0.394776281858, 0.733716942274, 0.0654557746421, 0.107947929636, 0.366601521981, 3.63366327181
0.0023857630913, 0.514768034297, 0.568478363109, 0.628691611888, 0.0951223283318, 0.113035198646, 0.353748341973, 0.112835617789, 0.387402270405, 0.455332906086, 0.148737448885, 0.870456135908, 0.383547215564, 0.215538813335, 0.553877882958, 0.628362701051, 0.524103873979, 0.0329329950308, 0.980845187284, 0.710003994517, 0.179694181469, 0.706299847204, 0.0717428599242, 0.281624493575, 0.917666457505, 0.450678285053, 0.482648287881, 0.186118790705, 0.693991944248, 0.260193271056, 0.0023857630913, 4.77401987038
0.0023857630913, 0.514768034297, 0.568478363109, 0.628691611888, 0.0951223283318, 0.113035198646, 0.353748341973, 0.112835617789, 0.387402270405, 0.455332906086, 0.148737448885, 0.870456135908, 0.383547215564, 0.215538813335, 0.553877882958, 0.628362701051, 0.524103873979, 0.0329329950308, 0.980845187284, 0.710003994517, 0.179694181469, 0.706299847204, 0.0717428599242, 0.281624493575, 0.917666457505, 0.450678285053, 0.482648287881, 0.186118790705, 0.693991944248, 0.260193271056, 0.0023857630913, 4.77401987038
0.0475461968098, 0.0167299882963, 0.488896032385, 0.882300848626, 0.417876289955, 0.0159087316351, 0.434329634472, 0.520561436343, 0.0908164098337, 0.768138953479, 0.443330560501, 0.835937255725, 0.741212325429, 0.562218980741, 0.960562827314, 0.500375804733, 0.11884162677, 0.0598657604027, 0.403738735244, 0.670757446434, 0.235028199116, 0.658281600376, 0.0485689358836, 0.219047859137, 0.0173154371274, 0.527692845801, 0.273817637736, 0.772816111664, 0.669661576162, 0.170094837313, 0.0475461968098, 4.40494879456
0.0475461968098, 0.0167299882963, 0.488896032385, 0.882300848626, 0.417876289955, 0.0159087316351, 0.434329634472, 0.520561436343, 0.0908164098337, 0.768138953479, 0.443330560501, 0.835937255725, 0.741212325429, 0.562218980741, 0.960562827314, 0.500375804733, 0.11884162677, 0.0598657604027, 0.403738735244, 0.670757446434, 0.235028199116, 0.658281600376, 0.0485689358836, 0.219047859137, 0.0173154371274, 0.527692845801, 0.273817637736, 0.772816111664, 0.669661576162, 0.170094837313, 0.0475461968098, 4.40494879456
0.407438570352, 0.0947088655698, 0.313480957027, 0.482392820859, 0.994517870322, 0.991691968639, 0.763456568393, 0.736493965776, 0.450131386061, 0.52319882726, 0.241082017145, 0.199288536211, 0.621528545606, 0.0945334551987, 0.00790937630485, 0.637774356589, 0.45407655318, 0.0424574764945, 0.15170854735, 0.752518046232, 0.0736085472674, 0.883403746132, 0.34072915468, 0.119181396214, 0.852689372112, 0.425448864629, 0.495417294131, 0.280615177817, 0.388463215124, 0.147049573004, 0.407438570352, 3.4851540394
0.419829589606, 0.283202610554, 0.147098276739, 0.206951831538, 0.55567168092, 0.546383530229, 0.092270100287, 0.267512826062, 0.402270883271, 0.73817797375, 0.970619001677, 0.431676435478, 0.0117692750171, 0.818459981819, 0.168598276855, 0.560870169153, 0.61965957285, 0.0411756441485, 0.40677500787, 0.456263452109, 0.468122519869, 0.0891002254758, 0.687826009185, 0.64677854509, 0.992045177947, 0.156530283346, 0.554282806031, 0.668512943735, 0.152474538036, 0.296040592967, 0.419829589606, 3.43141006956
0.407438570352, 0.0947088655698, 0.313480957027, 0.482392820859, 0.994517870322, 0.991691968639, 0.763456568393, 0.736493965776, 0.450131386061, 0.52319882726, 0.241082017145, 0.199288536211, 0.621528545606, 0.0945334551987, 0.00790937630485, 0.637774356589, 0.45407655318, 0.0424574764945, 0.15170854735, 0.752518046232, 0.0736085472674, 0.883403746132, 0.34072915468, 0.119181396214, 0.852689372112, 0.425448864629, 0.495417294131, 0.280615177817, 0.388463215124, 0.147049573004, 0.407438570352, 3.4851540394
0.419829589606, 0.283202610554, 0.147098276739, 0.206951831538, 0.55567168092, 0.546383530229, 0.092270100287, 0.267512826062, 0.402270883271, 0.73817797375, 0.970619001677, 0.431676435478, 0.0117692750171, 0.818459981819, 0.168598276855, 0.560870169153, 0.61965957285, 0.0411756441485, 0.40677500787, 0.456263452109, 0.468122519869, 0.0891002254758, 0.687826009185, 0.64677854509, 0.992045177947, 0.156530283346, 0.554282806031, 0.668512943735, 0.152474538036, 0.296040592967, 0.419829589606, 3.43141006956
0.108445241775, 0.532405652978, 0.000938241682656, 0.195114956066, 0.230770594061, 0.616546284477, 0.714130102729, 0.960611308332, 0.997863538056, 0.305142655329, 0.187748101016, 0.269885090907, 0.185735101155, 0.391406712025, 0.131499860945, 0.352967090042, 0.522174319633, 0.0577954533176, 0.694966082583, 0.494964051706, 0.0798004603852, 0.331568180592, 0.0405289987495, 0.458067157553, 0.490950034098, 0.0887894702397, 0.588285024635, 0.210215947734, 0.693991944248, 0.0193296067705, 0.108445241775, 3.67739015706
0.372889784421, 0.336815044556, 0.297851808339, 0.315965773973, 0.227411614756, 0.633674493384, 0.0699041431528, 0.28373891045, 0.538732002749, 0.0766463292779, 0.353629268285, 0.164129622961, 0.227301509242, 0.168535132164, 0.330375846817, 0.283210480495, 0.880901977754, 0.4589211172, 0.646259223741, 0.022218167606, 0.7270765029, 0.882010946935, 0.896019971882, 0.416377840899, 0.936351877466, 0.188690314081, 0.621888293297, 0.969828851555, 0.92198947025, 0.0144036979097, 0.372889784421, 3.63508001214
0.108445241775, 0.532405652978, 0.000938241682656, 0.195114956066, 0.230770594061, 0.616546284477, 0.714130102729, 0.960611308332, 0.997863538056, 0.305142655329, 0.187748101016, 0.269885090907, 0.185735101155, 0.391406712025, 0.131499860945, 0.352967090042, 0.522174319633, 0.0577954533176, 0.694966082583, 0.494964051706, 0.0798004603852, 0.331568180592, 0.0405289987495, 0.458067157553, 0.490950034098, 0.0887894702397, 0.588285024635, 0.210215947734, 0.693991944248, 0.0193296067705, 0.108445241775, 3.67739015706
0.372889784421, 0.336815044556, 0.297851808339, 0.315965773973, 0.227411614756, 0.633674493384, 0.0699041431528, 0.28373891045, 0.538732002749, 0.0766463292779, 0.353629268285, 0.164129622961, 0.227301509242, 0.168535132164, 0.330375846817, 0.283210480495, 0.880901977754, 0.4589211172, 0.646259223741, 0.022218167606, 0.7270765029, 0.882010946935, 0.896019971882, 0.416377840899, 0.936351877466, 0.188690314081, 0.621888293297, 0.969828851555, 0.92198947025, 0.0144036979097, 0.372889784421, 3.63508001214
0.613195383297, 0.244834860369, 0.538978046178, 0.000123671860847, 0.0676931246207, 0.373456582783, 0.166786433823, 0.712406238848, 0.0521163785335, 0.247060872414, 0.382429252933, 0.679533753612, 0.0847077146315, 0.710577610917, 0.708265385305, 0.415483907951, 0.209088371223, 0.11488639481, 0.675363046142, 0.297203648942, 0.217041965916, 0.973070255272, 0.0789527344911, 0.532501001012, 0.245876407376, 0.748307784401, 0.302209529501, 0.915117587864, 0.747766489994, 0.0557335997803, 0.613195383297, 2.8945316376
0.613195383297, 0.244834860369, 0.538978046178, 0.000123671860847, 0.0676931246207, 0.373456582783, 0.166786433823, 0.712406238848, 0.0521163785335, 0.247060872414, 0.382429252933, 0.679533753612, 0.0847077146315, 0.710577610917, 0.708265385305, 0.415483907951, 0.209088371223, 0.11488639481, 0.675363046142, 0.297203648942, 0.217041965916, 0.973070255272, 0.0789527344911, 0.532501001012, 0.245876407376, 0.748307784401, 0.302209529501, 0.915117587864, 0.747766489994, 0.0557335997803, 0.613195383297, 2.8945316376
0.46364539028, 0.87912210569, 0.649155815562, 0.223080671084, 0.0211611167399, 0.609950283557, 0.789623509782, 0.846344816184, 0.303485986246, 0.673360954448, 0.0161265156538, 0.680905014818, 0.605438789608, 0.0320969098159, 0.169100688908, 0.222280482266, 0.39091966362, 0.172663074456, 0.229967442515, 0.0581528595608, 0.822104902159, 0.0920322676452, 0.275660874306, 0.00173256405252, 0.32389351717, 0.529963999254, 0.974800725824, 0.585409676038, 0.550287908651, 0.114136757394, 0.46364539028, 3.20308063314
0.610278336424, 0.294852127986, 0.273669243744, 0.878121005963, 0.375378309675, 0.963758898147, 0.005406117118, 0.559304412932, 0.588213842228, 0.291130030962, 0.498467589061, 0.304850534153, 0.347967919221, 0.732162691577, 0.104149490381, 0.0751872769523, 0.933463060426, 0.944871215689, 0.183303532626, 0.268525408008, 0.89733758431, 0.152571436778, 0.255313688373, 0.334458087795, 0.769118383469, 0.017920965477, 0.263138975554, 0.911205599676, 0.305025490308, 0.116396883056, 0.610278336424, 3.19082809124
0.46364539028, 0.87912210569, 0.649155815562, 0.223080671084, 0.0211611167399, 0.609950283557, 0.789623509782, 0.846344816184, 0.303485986246, 0.673360954448, 0.0161265156538, 0.680905014818, 0.605438789608, 0.0320969098159, 0.169100688908, 0.222280482266, 0.39091966362, 0.172663074456, 0.229967442515, 0.0581528595608, 0.822104902159, 0.0920322676452, 0.275660874306, 0.00173256405252, 0.32389351717, 0.529963999254, 0.974800725824, 0.585409676038, 0.550287908651, 0.114136757394, 0.46364539028, 3.20308063314
0.610278336424, 0.294852127986, 0.273669243744, 0.878121005963, 0.375378309675, 0.963758898147, 0.005406117118, 0.559304412932, 0.588213842228, 0.291130030962, 0.498467589061, 0.304850534153, 0.347967919221, 0.732162691577, 0.104149490381, 0.0751872769523, 0.933463060426, 0.944871215689, 0.183303532626, 0.268525408008, 0.89733758431, 0.152571436778, 0.255313688373, 0.334458087795, 0.769118383469, 0.017920965477, 0.263138975554, 0.911205599676, 0.305025490308, 0.116396883056, 0.610278336424, 3.19082809124
0.0153502556974, 0.546047545537, 0.706405344567, 0.18776042937, 0.612179281048, 0.570746757555, 0.0362437192497, 0.455879324138, 0.695289478812, 0.930498586117, 0.82292399109, 0.844403578013, 0.0896995330215, 0.00149698217216, 0.268574524403, 0.136348309845, 0.585230904092, 0.255848086306, 0.867728574706, 0.0653146140168, 0.604364740996, 0.371554824682, 0.291468984345, 0.10454981645, 0.564533777971, 0.638156421262, 0.923573667887, 0.667115323516, 0.145186192471, 0.733077355977, 0.0153502556974, 4.97449946498
0.0153502556974, 0.546047545537, 0.706405344567, 0.18776042937, 0.612179281048, 0.570746757555, 0.0362437192497, 0.455879324138, 0.695289478812, 0.930498586117, 0.82292399109, 0.844403578013, 0.0896995330215, 0.00149698217216, 0.268574524403, 0.136348309845, 0.585230904092, 0.255848086306, 0.867728574706, 0.0653146140168, 0.604364740996, 0.371554824682, 0.291468984345, 0.10454981645, 0.564533777971, 0.638156421262, 0.923573667887, 0.667115323516, 0.145186192471, 0.733077355977, 0.0153502556974, 4.97449946498
0.884037465744, 0.881456581413, 0.0296572754383, 0.637018248837, 0.539350189593, 0.01013213735, 0.16239703021, 0.304580326542, 0.0154370047888, 0.695312354399, 0.28386892534, 0.00814986692145, 0.18042507201, 0.372209800602, 0.0750915526869, 0.945765911902, 0.771533748895, 0.865878726394, 0.710733214365, 0.813970459408, 0.0473615502213, 0.624651727178, 0.00392064207807, 0.194552415215, 0.258588343552, 0.737447075692, 0.0950248008389, 0.833535980762, 0.764305974602, 0.727056215948, 0.884037465744, 2.82426684338
0.884037465744, 0.881456581413, 0.0296572754383, 0.637018248837, 0.539350189593, 0.01013213735, 0.16239703021, 0.304580326542, 0.0154370047888, 0.695312354399, 0.28386892534, 0.00814986692145, 0.18042507201, 0.372209800602, 0.0750915526869, 0.945765911902, 0.771533748895, 0.865878726394, 0.710733214365, 0.813970459408, 0.0473615502213, 0.624651727178, 0.00392064207807, 0.194552415215, 0.258588343552, 0.737447075692, 0.0950248008389, 0.833535980762, 0.764305974602, 0.727056215948, 0.884037465744, 2.82426684338
0.0153502556974, 0.546047545537, 0.379346915788, 0.18776042937, 0.612179281048, 0.570746757555, 0.315594031938, 0.455879324138, 0.695289478812, 0.930498586117, 0.82292399109, 0.844403578013, 0.0896995330215, 0.670919984223, 0.268574524403, 0.136348309845, 0.585230904092, 0.0818170028308, 0.867728574706, 0.848918704788, 0.604364740996, 0.371554824682, 0.291468984345, 0.0921402181135, 0.564533777971, 0.615876684855, 0.923573667887, 0.667115323516, 0.137379802887, 0.232892815416, 0.0153502556974, 5.18248967939
0.0153502556974, 0.546047545537, 0.379346915788, 0.18776042937, 0.612179281048, 0.570746757555, 0.315594031938, 0.455879324138, 0.695289478812, 0.930498586117, 0.82292399109, 0.844403578013, 0.0896995330215, 0.670919984223, 0.268574524403, 0.136348309845, 0.585230904092, 0.0818170028308, 0.867728574706, 0.848918704788, 0.604364740996, 0.371554824682, 0.291468984345, 0.0921402181135, 0.564533777971, 0.615876684855, 0.923573667887, 0.667115323516, 0.137379802887, 0.232892815416, 0.0153502556974, 5.18248967939
0.359841005295, 0.398609487963, 0.643098202771, 0.0299162127883, 0.894991555603, 0.130719598919, 0.785290331322, 0.716584858649, 0.242797334275, 0.68707427532, 0.215119153738, 0.128512517518, 0.302338023058, 0.242750453715, 0.183594833237, 0.876545277938, 0.96868866499, 0.877305688215, 0.655431775279, 0.315541562712, 0.359160310747, 0.492892717526, 0.340679359075, 0.848583372835, 0.850874733951, 0.0292474056428, 0.188932560013, 0.0833880495016, 0.659444971175, 0.0166509458167, 0.359841005295, 3.73283662672
0.350898711374, 0.239136097367, 0.26300570282, 0.0561671552293, 0.757206700579, 0.19424007594, 0.949753108471, 0.675649610883, 0.441072131159, 0.440716128136, 0.63153627614, 0.0948904653839, 0.178629654866, 0.530939483665, 0.80182011327, 0.232938497099, 0.319320314718, 0.992821752058, 0.199027283898, 0.618642382157, 0.983039158239, 0.723876848099, 0.703646588917, 0.214084030402, 0.240859685701, 0.24318077093, 0.276004771721, 0.3011513598, 0.405532798856, 0.673572886618, 0.350898711374, 3.80846837954
0.134456239978, 0.175874659468, 0.437899075493, 0.0985898415346, 0.432128956502, 0.987273011444, 0.879462921862, 0.170302926832, 0.64126237266, 0.661048758229, 0.379296266566, 0.554432544229, 0.660899521423, 0.822465394366, 0.158240165539, 0.391199842793, 0.390988233932, 0.190501091966, 0.0828196690956, 0.0244438427623, 0.658002802908, 0.0311160851373, 0.1206266611, 0.180727207292, 0.756860898498, 0.567985714573, 0.664018240586, 0.810331196873, 0.215503736509, 0.0869003858903, 0.134456239978, 3.99287261607
0.359841005295, 0.398609487963, 0.643098202771, 0.0299162127883, 0.894991555603, 0.130719598919, 0.785290331322, 0.716584858649, 0.242797334275, 0.68707427532, 0.215119153738, 0.128512517518, 0.302338023058, 0.242750453715, 0.183594833237, 0.876545277938, 0.96868866499, 0.877305688215, 0.655431775279, 0.315541562712, 0.359160310747, 0.492892717526, 0.340679359075, 0.848583372835, 0.850874733951, 0.0292474056428, 0.188932560013, 0.0833880495016, 0.659444971175, 0.0166509458167, 0.359841005295, 3.73283662672
0.350898711374, 0.239136097367, 0.26300570282, 0.0561671552293, 0.757206700579, 0.19424007594, 0.949753108471, 0.675649610883, 0.441072131159, 0.440716128136, 0.63153627614, 0.0948904653839, 0.178629654866, 0.530939483665, 0.80182011327, 0.232938497099, 0.319320314718, 0.992821752058, 0.199027283898, 0.618642382157, 0.983039158239, 0.723876848099, 0.703646588917, 0.214084030402, 0.240859685701, 0.24318077093, 0.276004771721, 0.3011513598, 0.405532798856, 0.673572886618, 0.350898711374, 3.80846837954
0.134456239978, 0.175874659468, 0.437899075493, 0.0985898415346, 0.432128956502, 0.987273011444, 0.879462921862, 0.170302926832, 0.64126237266, 0.661048758229, 0.379296266566, 0.554432544229, 0.660899521423, 0.822465394366, 0.158240165539, 0.391199842793, 0.390988233932, 0.190501091966, 0.0828196690956, 0.0244438427623, 0.658002802908, 0.0311160851373, 0.1206266611, 0.180727207292, 0.756860898498, 0.567985714573, 0.664018240586, 0.810331196873, 0.215503736509, 0.0869003858903, 0.134456239978, 3.99287261607
0.190098654845, 0.48655106324, 0.0730794927054, 0.606202739147, 0.43035956394, 0.485553228465, 0.755614425931, 0.422220296732, 0.510632577881, 0.487393850692, 0.917558294379, 0.967841594463, 0.0338835556229, 0.637899152114, 0.590781298094, 0.415759045985, 0.681791496086, 0.293212302359, 0.0305867354954, 0.339152147285, 0.768134788684, 0.0404821249092, 0.246010455874, 0.00579038224556, 0.566389673971, 0.403436103302, 0.916122122834, 0.489541837905, 0.054409495533, 0.128684460217, 0.190098654845, 3.99599538002
0.190098654845, 0.48655106324, 0.0730794927054, 0.606202739147, 0.43035956394, 0.485553228465, 0.755614425931, 0.422220296732, 0.510632577881, 0.487393850692, 0.917558294379, 0.967841594463, 0.0338835556229, 0.637899152114, 0.590781298094, 0.415759045985, 0.681791496086, 0.293212302359, 0.0305867354954, 0.339152147285, 0.768134788684, 0.0404821249092, 0.246010455874, 0.00579038224556, 0.566389673971, 0.403436103302, 0.916122122834, 0.489541837905, 0.054409495533, 0.128684460217, 0.190098654845, 3.99599538002
0.288573330601, 0.410227324604, 0.0187073810043, 0.530883888788, 0.618279537553, 9.90193851339e-05, 0.897546834035, 0.133914828165, 0.884921705796, 0.217697525671, 0.340637557887, 0.618888481417, 0.270230056977, 0.352785015497, 0.887906307545, 0.961656563161, 0.421733173165, 0.0196344326014, 0.374438828691, 0.212395671896, 0.972970748427, 0.298998302947, 0.696929105696, 0.578432733239, 0.794029064383, 0.205535499599, 0.980834390739, 0.475660255811, 0.733825320701, 0.110826776241, 0.288573330601, 4.10856159498
0.288573330601, 0.410227324604, 0.0187073810043, 0.530883888788, 0.618279537553, 9.90193851339e-05, 0.897546834035, 0.133914828165, 0.884921705796, 0.217697525671, 0.340637557887, 0.618888481417, 0.270230056977, 0.352785015497, 0.887906307545, 0.961656563161, 0.421733173165, 0.0196344326014, 0.374438828691, 0.212395671896, 0.972970748427, 0.298998302947, 0.696929105696, 0.578432733239, 0.794029064383, 0.205535499599, 0.980834390739, 0.475660255811, 0.733825320701, 0.110826776241, 0.288573330601, 4.10856159498
0.45311250654, 0.145096806241, 0.85817243908, 0.839208024284, 0.676486688018, 0.571537405935, 0.0864182634144, 0.643658052063, 0.538237808583, 0.104083070871, 0.350737362884, 0.645827990165, 0.1393805897, 0.0318178783241, 0.84012703382, 0.393800143182, 0.879591182614, 0.00386042496298, 0.692677633744, 0.214270626386, 0.00448952738628, 0.679693842305, 0.326816430724, 0.18786793861, 0.543650962374, 0.0378569095536, 0.903733998118, 0.682798061447, 0.526415670527, 0.813710733425, 0.45311250654, 3.61971495804
0.45311250654, 0.145096806241, 0.85817243908, 0.839208024284, 0.676486688018, 0.571537405935, 0.0864182634144, 0.643658052063, 0.538237808583, 0.104083070871, 0.350737362884, 0.645827990165, 0.1393805897, 0.0318178783241, 0.84012703382, 0.393800143182, 0.879591182614, 0.00386042496298, 0.692677633744, 0.214270626386, 0.00448952738628, 0.679693842305, 0.326816430724, 0.18786793861, 0.543650962374, 0.0378569095536, 0.903733998118, 0.682798061447, 0.526415670527, 0.813710733425, 0.45311250654, 3.61971495804
0.978710830163, 0.0740378531323, 0.882698968047, 0.849510113261, 0.287235301772, 0.143923803404, 0.180751319895, 0.648310130092, 0.204329359839, 0.366947363053, 0.899931993512, 0.11281709891, 0.099044212596, 0.121636197594, 0.326327735156, 0.585336723478, 0.7906721258, 0.546105167795, 0.0358219141967, 0.599103347709, 0.14890058732, 0.646876762413, 0.698059997425, 0.133335434937, 0.283910367687, 0.789249675714, 0.4273037982, 0.543518266341, 0.321322282358, 0.53471254178, 0.978710830163, 2.6415168739
0.978710830163, 0.0740378531323, 0.882698968047, 0.849510113261, 0.287235301772, 0.143923803404, 0.180751319895, 0.648310130092, 0.204329359839, 0.366947363053, 0.899931993512, 0.11281709891, 0.099044212596, 0.121636197594, 0.326327735156, 0.585336723478, 0.7906721258, 0.546105167795, 0.0358219141967, 0.599103347709, 0.14890058732, 0.646876762413, 0.698059997425, 0.133335434937, 0.283910367687, 0.789249675714, 0.4273037982, 0.543518266341, 0.321322282358, 0.53471254178, 0.978710830163, 2.6415168739
0.577002360452, 0.0778928853896, 0.197268654472, 0.744633149245, 0.228105868092, 0.168136979566, 0.868840893836, 0.576529070054, 0.971661081052, 0.957127403176, 0.515211511305, 0.141339605292, 0.192324709266, 0.146610061346, 0.865759195397, 0.0971558831279, 0.303766928096, 0.210904612682, 0.293581292877, 0.747771921004, 0.863443453307, 0.0146794877247, 0.680158439317, 0.864936341588, 0.807227603458, 0.227652520233, 0.644362476364, 0.0469471360731, 0.230756219642, 0.29777063853, 0.577002360452, 3.32560653425
0.577002360452, 0.0778928853896, 0.197268654472, 0.744633149245, 0.228105868092, 0.168136979566, 0.868840893836, 0.576529070054, 0.971661081052, 0.957127403176, 0.515211511305, 0.141339605292, 0.192324709266, 0.146610061346, 0.865759195397, 0.0971558831279, 0.303766928096, 0.210904612682, 0.293581292877, 0.747771921004, 0.863443453307, 0.0146794877247, 0.680158439317, 0.864936341588, 0.807227603458, 0.227652520233, 0.644362476364, 0.0469471360731, 0.230756219642, 0.29777063853, 0.577002360452, 3.32560653425
0.978710830163, 0.0740378531323, 0.882698968047, 0.849510113261, 0.287235301772, 0.143923803404, 0.180751319895, 0.648310130092, 0.204329359839, 0.695312354399, 0.899931993512, 0.11281709891, 0.099044212596, 0.121636197594, 0.326327735156, 0.585336723478, 0.7906721258, 0.546105167795, 0.0358219141967, 0.599103347709, 0.14890058732, 0.741421423339, 0.698059997425, 0.151293637588, 0.12163455487, 0.789249675714, 0.4273037982, 0.543518266341, 0.084997670557, 0.53471254178, 0.978710830163, 2.65167832531
0.978710830163, 0.0740378531323, 0.882698968047, 0.849510113261, 0.287235301772, 0.143923803404, 0.180751319895, 0.648310130092, 0.204329359839, 0.695312354399, 0.899931993512, 0.11281709891, 0.099044212596, 0.121636197594, 0.326327735156, 0.585336723478, 0.7906721258, 0.546105167795, 0.0358219141967, 0.599103347709, 0.14890058732, 0.741421423339, 0.698059997425, 0.151293637588, 0.12163455487, 0.789249675714, 0.4273037982, 0.543518266341, 0.084997670557, 0.53471254178, 0.978710830163, 2.65167832531
0.17155139304, 0.398609487963, 0.643098202771, 0.573670984802, 0.894991555603, 0.130719598919, 0.785290331322, 0.716584858649, 0.147818032014, 0.68707427532, 0.215119153738, 0.128512517518, 0.302338023058, 0.242750453715, 0.183594833237, 0.876545277938, 0.579706194262, 0.877305688215, 0.655431775279, 0.315541562712, 0.359160310747, 0.492892717526, 0.340679359075, 0.848583372835, 0.852689372112, 0.0292474056428, 0.188932560013, 0.0833880495016, 0.659444971175, 0.287719117829, 0.17155139304, 4.24537976433
0.0839043486751, 0.260676430372, 0.773852578031, 0.0804227856526, 0.319904828781, 0.460612086013, 0.970870682613, 0.149721447751, 0.45220174104, 0.0267367673031, 0.833927427032, 0.988030978665, 0.371653548216, 0.0943833936008, 0.971703640174, 0.00151232351243, 0.772645334779, 0.170873445454, 0.262246871001, 0.731673842166, 0.633660807231, 0.631606831565, 0.540733506314, 0.914717233092, 0.52375457854, 0.398290043155, 0.269492312387, 0.726696297304, 0.6425421373, 0.174689900836, 0.0839043486751, 4.71875368915
0.942203444618, 0.323743417525, 0.0375069589985, 0.323128316378, 0.194153685476, 0.671868573558, 0.617079750358, 0.416906836026, 0.284058180061, 0.20205349407, 0.412401691683, 0.31946823328, 0.992179293773, 0.0325131076182, 0.389164837883, 0.652202345984, 0.945499022089, 0.559592695303, 0.442629302079, 0.621882517347, 0.879299515298, 0.280071680145, 0.372350239944, 0.513480607006, 0.623914019936, 0.545992165251, 0.578643279748, 0.407755836789, 0.0276224914742, 0.152187293509, 0.942203444618, 2.81262023498
0.150434252568, 0.410227324604, 0.0187073810043, 0.530883888788, 0.618279537553, 9.90193851339e-05, 0.897546834035, 0.133914828165, 0.884921705796, 0.308951174768, 0.340637557887, 0.223383398355, 0.051564027564, 0.352785015497, 0.887906307545, 0.961656563161, 0.747360618475, 0.0196344326014, 0.374438828691, 0.212395671896, 0.476020214952, 0.489759785923, 0.696929105696, 0.578432733239, 0.794029064383, 0.205535499599, 0.980834390739, 0.475660255811, 0.733825320701, 0.110826776241, 0.150434252568, 4.31095046881
0.17155139304, 0.398609487963, 0.643098202771, 0.573670984802, 0.894991555603, 0.130719598919, 0.785290331322, 0.716584858649, 0.147818032014, 0.68707427532, 0.215119153738, 0.128512517518, 0.302338023058, 0.242750453715, 0.183594833237, 0.876545277938, 0.579706194262, 0.877305688215, 0.655431775279, 0.315541562712, 0.359160310747, 0.492892717526, 0.340679359075, 0.848583372835, 0.852689372112, 0.0292474056428, 0.188932560013, 0.0833880495016, 0.659444971175, 0.287719117829, 0.17155139304, 4.24537976433
0.0839043486751, 0.260676430372, 0.773852578031, 0.0804227856526, 0.319904828781, 0.460612086013, 0.970870682613, 0.149721447751, 0.45220174104, 0.0267367673031, 0.833927427032, 0.988030978665, 0.371653548216, 0.0943833936008, 0.971703640174, 0.00151232351243, 0.772645334779, 0.170873445454, 0.262246871001, 0.731673842166, 0.633660807231, 0.631606831565, 0.540733506314, 0.914717233092, 0.52375457854, 0.398290043155, 0.269492312387, 0.726696297304, 0.6425421373, 0.174689900836, 0.0839043486751, 4.71875368915
0.942203444618, 0.323743417525, 0.0375069589985, 0.323128316378, 0.194153685476, 0.671868573558, 0.617079750358, 0.416906836026, 0.284058180061, 0.20205349407, 0.412401691683, 0.31946823328, 0.992179293773, 0.0325131076182, 0.389164837883, 0.652202345984, 0.945499022089, 0.559592695303, 0.442629302079, 0.621882517347, 0.879299515298, 0.280071680145, 0.372350239944, 0.513480607006, 0.623914019936, 0.545992165251, 0.578643279748, 0.407755836789, 0.0276224914742, 0.152187293509, 0.942203444618, 2.81262023498
0.150434252568, 0.410227324604, 0.0187073810043, 0.530883888788, 0.618279537553, 9.90193851339e-05, 0.897546834035, 0.133914828165, 0.884921705796, 0.308951174768, 0.340637557887, 0.223383398355, 0.051564027564, 0.352785015497, 0.887906307545, 0.961656563161, 0.747360618475, 0.0196344326014, 0.374438828691, 0.212395671896, 0.476020214952, 0.489759785923, 0.696929105696, 0.578432733239, 0.794029064383, 0.205535499599, 0.980834390739, 0.475660255811, 0.733825320701, 0.110826776241, 0.150434252568, 4.31095046881
0.110424842155, 0.0667111308962, 0.969290029347, 0.307193593934, 0.581448984584, 0.490270833619, 0.287077640481, 0.659186597606, 0.640592536814, 0.180806259171, 0.256504102551, 0.0418445654535, 0.405235332582, 0.497418424001, 0.382545122524, 0.785978609301, 0.315201027011, 0.774926226247, 0.0910303375047, 0.445384705396, 0.355965772846, 0.503755811596, 0.537527344641, 0.516084775429, 0.925553653142, 0.965239360726, 0.939037153774, 0.218533448243, 0.445934597438, 0.219221976936, 0.110424842155, 4.52057004603
0.110424842155, 0.0667111308962, 0.969290029347, 0.307193593934, 0.581448984584, 0.490270833619, 0.287077640481, 0.659186597606, 0.640592536814, 0.180806259171, 0.256504102551, 0.0418445654535, 0.405235332582, 0.497418424001, 0.382545122524, 0.785978609301, 0.315201027011, 0.774926226247, 0.0910303375047, 0.445384705396, 0.355965772846, 0.503755811596, 0.537527344641, 0.516084775429, 0.925553653142, 0.965239360726, 0.939037153774, 0.218533448243, 0.445934597438, 0.219221976936, 0.110424842155, 4.52057004603
0.694521663425, 0.170493016493, 0.163941184172, 0.246298819105, 0.458021664878, 0.404591940381, 0.311812528421, 0.654208725536, 0.368914550795, 0.156064938243, 0.293503269402, 0.106013295829, 0.324596920574, 0.984640445363, 0.760145856016, 0.543032915458, 0.894107800189, 0.149247356467, 0.272201490914, 0.856435711852, 0.812286399194, 0.890290271119, 0.124537497425, 0.852268550066, 0.680444236911, 0.0200716345752, 0.191344607676, 0.399974739765, 0.321641587955, 0.0412836009723, 0.694521663425, 3.02646486899
0.670404283459, 0.343254838037, 0.393472155382, 0.978085319299, 0.715508124861, 0.825175366299, 0.436222842714, 0.919041692014, 0.149188430141, 0.700469375342, 0.405927940521, 0.575385841285, 0.35062557016, 0.362514240911, 0.116933825203, 0.0456900863326, 0.764511783898, 0.169965136469, 0.374640538239, 0.122538197916, 0.0222711104763, 0.327833286269, 0.642239335445, 0.363394416822, 0.733997078968, 0.382516885689, 0.97198984138, 0.338316901262, 0.0175562301116, 0.0891144839496, 0.670404283459, 3.1056930062
