0.00126710665692, -2.39851451569, -1.96667048734, 1.91136003986, 0.528966321924, 0.142821884776, -0.980971315907, -4.03895097653, 4.11184521355, -2.46619467325, 0.00126710665692, 91.9575081385
0.00126710665692, -2.39851451569, -1.96667048734, 1.91136003986, 0.528966321924, 0.142821884776, -0.980971315907, -4.03895097653, 4.11184521355, -2.46619467325, 0.00126710665692, 91.9575081385
0.383889679331, 2.54791995632, -1.44345118731, -0.0581935162891, -0.474655463029, 0.100812952876, 0.906395630624, 1.31711368164, -0.449075683393, -0.834335372995, 0.383889679331, 67.1873626075
0.383889679331, 2.54791995632, -1.44345118731, -0.0581935162891, -0.474655463029, 0.100812952876, 0.906395630624, 1.31711368164, -0.449075683393, -0.834335372995, 0.383889679331, 67.1873626075
0.000458263586928, -1.5618791586, -3.46001913276, -2.698094081, -1.0243132287, 2.89077287004, 3.69139245957, 0.0452466142568, -1.5703290833, -0.93407446951, 0.000458263586928, 105.493553649
0.000458263586928, -1.5618791586, -3.46001913276, -2.698094081, -1.0243132287, 2.89077287004, 3.69139245957, 0.0452466142568, -1.5703290833, -0.93407446951, 0.000458263586928, 105.493553649
0.00495590995564, -1.00076925753, 3.56224512837, -2.94369592499, -1.0243132287, -1.89991332933, 2.40868916222, 2.55664135365, -1.5703290833, -0.93407446951, 0.00495590995564, 71.599692533
0.00495590995564, -1.00076925753, 3.56224512837, -2.94369592499, -1.0243132287, -1.89991332933, 2.40868916222, 2.55664135365, -1.5703290833, -0.93407446951, 0.00495590995564, 71.599692533
0.0804558782181, -1.46748721485, 1.58736621697, -1.41185466122, -2.93199467347, 0.576343469806, -0.965662486481, -0.388935348055, 1.72263902019, 0.500044741776, 0.0804558782181, 68.9805607441
0.0804558782181, -1.46748721485, 1.58736621697, -1.41185466122, -2.93199467347, 0.576343469806, -0.965662486481, -0.388935348055, 1.72263902019, 0.500044741776, 0.0804558782181, 68.9805607441
0.000126548446636, 0.849355301376, 4.22441183399, -4.42198038088, -1.0243132287, -0.0189390584109, 3.69139245957, 2.55664135365, -1.5703290833, -0.93407446951, 0.000126548446636, 128.238408596
0.000126548446636, 0.849355301376, 4.22441183399, -4.42198038088, -1.0243132287, -0.0189390584109, 3.69139245957, 2.55664135365, -1.5703290833, -0.93407446951, 0.000126548446636, 128.238408596
0.41839069425, -0.4883420523, 2.0014161525, -3.0298902696, 0.696147597896, -3.45842416932, -0.0140154889339, 0.620863187041, 0.0464982087394, 0.565327618724, 0.41839069425, 61.9892382392
0.41839069425, -0.4883420523, 2.0014161525, -3.0298902696, 0.696147597896, -3.45842416932, -0.0140154889339, 0.620863187041, 0.0464982087394, 0.565327618724, 0.41839069425, 61.9892382392
0.0047912670344, -1.5618791586, 3.56224512837, -0.0331099054187, -1.0243132287, -2.9039475639, 1.67855369209, 4.38609105571, -0.952790258201, 2.0885374527, 0.0047912670344, 98.6053460131
0.0047912670344, -1.5618791586, 3.56224512837, -0.0331099054187, -1.0243132287, -2.9039475639, 1.67855369209, 4.38609105571, -0.952790258201, 2.0885374527, 0.0047912670344, 98.6053460131
0.00487965353076, 0.858568242152, 1.43756889183, -2.51563925699, 1.94102023973, 1.95372172382, 2.68670434789, -0.962495798239, 4.01773444108, -0.320172783964, 0.00487965353076, 96.2338109635
0.00487965353076, 0.858568242152, 1.43756889183, -2.51563925699, 1.94102023973, 1.95372172382, 2.68670434789, -0.962495798239, 4.01773444108, -0.320172783964, 0.00487965353076, 96.2338109635
0.0023997873074, -1.5618791586, 3.56224512837, -2.698094081, -1.0243132287, -0.0189390584109, 3.69139245957, 2.55664135365, -1.5703290833, -0.93407446951, 0.0023997873074, 99.1657198562
0.0023997873074, -1.5618791586, 3.56224512837, -2.698094081, -1.0243132287, -0.0189390584109, 3.69139245957, 2.55664135365, -1.5703290833, -0.93407446951, 0.0023997873074, 99.1657198562
0.0023997873074, -1.5618791586, 3.56224512837, -2.698094081, -1.0243132287, -0.0189390584109, 3.69139245957, 2.55664135365, -1.5703290833, -0.93407446951, 0.0023997873074, 99.1657198562
0.0023997873074, -1.5618791586, 3.56224512837, -2.698094081, -1.0243132287, -0.0189390584109, 3.69139245957, 2.55664135365, -1.5703290833, -0.93407446951, 0.0023997873074, 99.1657198562
0.000458263586928, -1.5618791586, 3.56224512837, -2.698094081, -1.0243132287, -2.84511839883, 3.69139245957, 0.0452466142568, -1.5703290833, -0.93407446951, 0.000458263586928, 113.256621075
0.000458263586928, -1.5618791586, 3.56224512837, -2.698094081, -1.0243132287, -2.84511839883, 3.69139245957, 0.0452466142568, -1.5703290833, -0.93407446951, 0.000458263586928, 113.256621075
0.0291322565796, -0.4883420523, 2.0014161525, -2.73681235262, 0.143648543694, -3.45842416932, -0.0140154889339, 0.620863187041, 0.0464982087394, 0.565327618724, 0.0291322565796, 73.5296025669
0.0291322565796, -0.4883420523, 2.0014161525, -2.73681235262, 0.143648543694, -3.45842416932, -0.0140154889339, 0.620863187041, 0.0464982087394, 0.565327618724, 0.0291322565796, 73.5296025669
0.00495590995564, -1.00076925753, 3.56224512837, -2.698094081, -1.0243132287, -1.89991332933, 2.40868916222, 2.55664135365, -1.5703290833, -0.93407446951, 0.00495590995564, 85.7607890217
0.00495590995564, -1.00076925753, 3.56224512837, -2.698094081, -1.0243132287, -1.89991332933, 2.40868916222, 2.55664135365, -1.5703290833, -0.93407446951, 0.00495590995564, 85.7607890217
0.00495590995564, -1.00076925753, 3.56224512837, -2.698094081, -1.0243132287, -1.89991332933, 2.40868916222, 2.55664135365, -1.5703290833, -0.93407446951, 0.00495590995564, 85.7607890217
0.00495590995564, -1.00076925753, 3.56224512837, -2.698094081, -1.0243132287, -1.89991332933, 2.40868916222, 2.55664135365, -1.5703290833, -0.93407446951, 0.00495590995564, 85.7607890217
0.318299075772, -1.46748721485, 1.58736621697, -1.93848046615, -2.93199467347, 0.576343469806, -0.0848221202637, 1.91437988011, 1.72263902019, 0.500044741776, 0.318299075772, 71.8811548964
0.318299075772, -1.46748721485, 1.58736621697, -1.93848046615, -2.93199467347, 0.576343469806, -0.0848221202637, 1.91437988011, 1.72263902019, 0.500044741776, 0.318299075772, 71.8811548964
0.000424846521598, 0.849355301376, 4.22441183399, -2.698094081, -1.0243132287, -0.0189390584109, 3.69139245957, 2.55664135365, -1.5703290833, -0.93407446951, 0.000424846521598, 129.478003743
0.000424846521598, 0.849355301376, 4.22441183399, -2.698094081, -1.0243132287, -0.0189390584109, 3.69139245957, 2.55664135365, -1.5703290833, -0.93407446951, 0.000424846521598, 129.478003743
0.00487965353076, 0.858568242152, -0.87878927997, 3.1595730501, 1.94102023973, 1.95372172382, 2.68670434789, -0.962495798239, 0.436793602704, 2.53762437217, 0.00487965353076, 97.0816679809
0.00487965353076, 0.858568242152, -0.87878927997, 3.1595730501, 1.94102023973, 1.95372172382, 2.68670434789, -0.962495798239, 0.436793602704, 2.53762437217, 0.00487965353076, 97.0816679809
0.0023997873074, -1.5618791586, 3.56224512837, -3.33848550625, -1.0243132287, -0.0189390584109, 3.69139245957, 2.55664135365, -1.5703290833, -0.93407446951, 0.0023997873074, 99.513623253
0.0023997873074, -1.5618791586, 3.56224512837, -3.33848550625, -1.0243132287, -0.0189390584109, 3.69139245957, 2.55664135365, -1.5703290833, -0.93407446951, 0.0023997873074, 99.513623253
0.00204691754154, 0.858568242152, 2.01733326923, 3.1595730501, 1.94102023973, 1.95372172382, 2.68670434789, -0.962495798239, 4.36928834928, 1.08296703847, 0.00204691754154, 116.312782824
0.00204691754154, 0.858568242152, 2.01733326923, 3.1595730501, 1.94102023973, 1.95372172382, 2.68670434789, -0.962495798239, 4.36928834928, 1.08296703847, 0.00204691754154, 116.312782824
0.185675837156, -1.01628205441, -2.97447765991, 0.502709062879, -2.69839543837, 0.179086249523, -0.090048886448, -0.962495798239, -3.00499602979, 0.565327618724, 0.185675837156, 73.7520187848
0.185675837156, -1.01628205441, -2.97447765991, 0.502709062879, -2.69839543837, 0.179086249523, -0.090048886448, -0.962495798239, -3.00499602979, 0.565327618724, 0.185675837156, 73.7520187848
0.0804558782181, -1.46748721485, 1.58736621697, -1.90031670055, -2.93199467347, 0.576343469806, -0.136635427695, -0.388935348055, 1.72263902019, 0.500044741776, 0.0804558782181, 81.5644644358
0.0804558782181, -1.46748721485, 1.58736621697, -1.90031670055, -2.93199467347, 0.576343469806, -0.136635427695, -0.388935348055, 1.72263902019, 0.500044741776, 0.0804558782181, 81.5644644358
0.10212933314, -1.46748721485, 2.12743321826, 2.68091054318, 2.49408483117, 0.576343469806, -0.101363619297, 1.91437988011, 2.01817839095, 0.500044741776, 0.10212933314, 73.8793742204
0.10212933314, -1.46748721485, 2.12743321826, 2.68091054318, 2.49408483117, 0.576343469806, -0.101363619297, 1.91437988011, 2.01817839095, 0.500044741776, 0.10212933314, 73.8793742204
0.00495590995564, -1.00076925753, 3.56224512837, -2.698094081, -2.49564127823, -1.89991332933, 2.40868916222, 2.55664135365, -1.5703290833, -0.93407446951, 0.00495590995564, 90.4916731771
0.00495590995564, -1.00076925753, 3.56224512837, -2.698094081, -2.49564127823, -1.89991332933, 2.40868916222, 2.55664135365, -1.5703290833, -0.93407446951, 0.00495590995564, 90.4916731771
0.0155900877343, -0.4883420523, 2.59112435946, 0.170550475797, -2.69839543837, 1.9761529708, 1.39060951856, 0.645925294671, 0.0464982087394, 0.565327618724, 0.0155900877343, 87.1446357497
0.0155900877343, -0.4883420523, 2.59112435946, 0.170550475797, -2.69839543837, 1.9761529708, 1.39060951856, 0.645925294671, 0.0464982087394, 0.565327618724, 0.0155900877343, 87.1446357497
0.383889679331, 2.54791995632, -1.44345118731, -0.0581935162891, -0.474655463029, -2.84140830851, 0.906395630624, -1.90714481065, -0.544748199253, -0.834335372995, 0.383889679331, 73.3195638383
0.383889679331, 2.54791995632, -1.44345118731, -0.0581935162891, -0.474655463029, -2.84140830851, 0.906395630624, -1.90714481065, -0.544748199253, -0.834335372995, 0.383889679331, 73.3195638383
0.41839069425, -0.4883420523, 2.0014161525, -1.38516772349, 0.696147597896, -3.45842416932, -0.0140154889339, -0.962495798239, 1.29599556396, 0.565327618724, 0.41839069425, 73.3013711834
0.41839069425, -0.4883420523, 2.0014161525, -1.38516772349, 0.696147597896, -3.45842416932, -0.0140154889339, -0.962495798239, 1.29599556396, 0.565327618724, 0.41839069425, 73.3013711834
0.0023997873074, -1.5618791586, 3.56224512837, -2.698094081, -1.0243132287, -0.0189390584109, 3.69139245957, 2.55664135365, 1.59253313644, -0.93407446951, 0.0023997873074, 101.610613044
0.0023997873074, -1.5618791586, 3.56224512837, -2.698094081, -1.0243132287, -0.0189390584109, 3.69139245957, 2.55664135365, 1.59253313644, -0.93407446951, 0.0023997873074, 101.610613044
0.00204691754154, 0.858568242152, 2.01733326923, 3.1595730501, 1.94102023973, 1.95372172382, 2.68670434789, -0.962495798239, 3.82323527034, 1.08296703847, 0.00204691754154, 117.177901142
0.00204691754154, 0.858568242152, 2.01733326923, 3.1595730501, 1.94102023973, 1.95372172382, 2.68670434789, -0.962495798239, 3.82323527034, 1.08296703847, 0.00204691754154, 117.177901142
0.0804558782181, -1.46748721485, 1.58736621697, -1.90031670055, -2.93199467347, 0.576343469806, -0.136635427695, -0.388935348055, -3.3293259046, 0.500044741776, 0.0804558782181, 85.6962803366
0.0804558782181, -1.46748721485, 1.58736621697, -1.90031670055, -2.93199467347, 0.576343469806, -0.136635427695, -0.388935348055, -3.3293259046, 0.500044741776, 0.0804558782181, 85.6962803366
0.146715795693, -0.4883420523, -2.97447765991, -0.120458673756, -0.0934070429862, 0.179086249523, -0.223251739087, -0.962495798239, -3.00499602979, 0.565327618724, 0.146715795693, 76.6671201152
0.146715795693, -0.4883420523, -2.97447765991, -0.120458673756, -0.0934070429862, 0.179086249523, -0.223251739087, -0.962495798239, -3.00499602979, 0.565327618724, 0.146715795693, 76.6671201152
0.113962971862, -0.4883420523, 2.9364566033, -4.48640442328, -1.37813993244, 1.9761529708, 1.39060951856, 0.645925294671, 0.0464982087394, 0.565327618724, 0.113962971862, 77.2863255632
0.113962971862, -0.4883420523, 2.9364566033, -4.48640442328, -1.37813993244, 1.9761529708, 1.39060951856, 0.645925294671, 0.0464982087394, 0.565327618724, 0.113962971862, 77.2863255632
0.00581520301516, 1.13385488566, -1.96667048734, 1.91136003986, 0.528966321924, 0.142821884776, -0.980971315907, -3.88704257323, 4.11184521355, -2.46619467325, 0.00581520301516, 97.6270529097
0.00581520301516, 1.13385488566, -1.96667048734, 1.91136003986, 0.528966321924, 0.142821884776, -0.980971315907, -3.88704257323, 4.11184521355, -2.46619467325, 0.00581520301516, 97.6270529097
0.00581520301516, 1.13385488566, -1.96667048734, 1.91136003986, 0.528966321924, 0.142821884776, -0.980971315907, -3.88704257323, 4.11184521355, -2.46619467325, 0.00581520301516, 97.6270529097
0.00581520301516, 1.13385488566, -1.96667048734, 1.91136003986, 0.528966321924, 0.142821884776, -0.980971315907, -3.88704257323, 4.11184521355, -2.46619467325, 0.00581520301516, 97.6270529097
0.0226876807874, -0.4883420523, -2.84816404724, -0.747756810946, -3.91207952472, 1.9761529708, 1.39060951856, 1.97298697037, 0.0464982087394, 0.565327618724, 0.0226876807874, 88.0975543828
0.0226876807874, -0.4883420523, -2.84816404724, -0.747756810946, -3.91207952472, 1.9761529708, 1.39060951856, 1.97298697037, 0.0464982087394, 0.565327618724, 0.0226876807874, 88.0975543828
0.970635252075, -1.09575624762, -0.0062409428355, 2.48063040386, -0.147476341318, -0.971489817693, -0.980971315907, -3.67476551147, -0.397205246346, -2.46619467325, 0.970635252075, 74.4410549504
0.970635252075, -1.09575624762, -0.0062409428355, 2.48063040386, -0.147476341318, -0.971489817693, -0.980971315907, -3.67476551147, -0.397205246346, -2.46619467325, 0.970635252075, 74.4410549504
0.00204691754154, 0.858568242152, -1.72880671462, 3.1595730501, 1.94102023973, 1.95372172382, 2.68670434789, -3.01372844818, 1.94796854337, 1.08296703847, 0.00204691754154, 117.906788455
0.00204691754154, 0.858568242152, -1.72880671462, 3.1595730501, 1.94102023973, 1.95372172382, 2.68670434789, -3.01372844818, 1.94796854337, 1.08296703847, 0.00204691754154, 117.906788455
0.47852780528, -0.4883420523, 3.3830699543, -2.51161513114, -4.6005391727, 1.9761529708, 1.39060951856, -0.962495798239, 0.0464982087394, 0.565327618724, 0.47852780528, 77.8469575494
0.47852780528, -0.4883420523, 3.3830699543, -2.51161513114, -4.6005391727, 1.9761529708, 1.39060951856, -0.962495798239, 0.0464982087394, 0.565327618724, 0.47852780528, 77.8469575494
0.41839069425, -0.4883420523, 2.0014161525, -1.38516772349, 0.696147597896, -3.45842416932, -0.0140154889339, -0.962495798239, 3.84956721742, 0.565327618724, 0.41839069425, 81.2074292016
0.247598467697, 1.61197897807, -1.44345118731, 0.545297525964, -0.474655463029, 0.100812952876, 4.44124379416, 1.38114617143, 3.9100318441, 0.445834415692, 0.247598467697, 83.0113675104
0.10212933314, 2.38054439941, 2.12743321826, 2.68091054318, 2.49408483117, 0.576343469806, -0.101363619297, 1.91437988011, 2.01817839095, 0.500044741776, 0.10212933314, 85.8736086969
0.247598467697, 1.61197897807, -1.44345118731, 0.545297525964, -0.474655463029, 0.100812952876, 4.44124379416, 1.38114617143, 3.9100318441, 0.445834415692, 0.247598467697, 83.0113675104
0.0579617645536, -0.4883420523, -2.97447765991, 0.502709062879, -2.69839543837, -4.5167827566, -0.223251739087, -0.962495798239, -3.00499602979, 0.565327618724, 0.0579617645536, 90.8964527802
0.00581520301516, -1.45266756366, 0.665569115986, 1.91136003986, 0.528966321924, 0.142821884776, -0.980971315907, -3.88704257323, 3.88885423248, -2.46619467325, 0.00581520301516, 97.7788105842
0.0023997873074, -1.5618791586, 3.56224512837, -2.698094081, -1.0243132287, -0.0189390584109, 3.69139245957, 2.55664135365, -1.66541233763, -0.93407446951, 0.0023997873074, 110.678584962
0.00581520301516, -1.45266756366, 0.665569115986, 1.91136003986, 0.528966321924, 0.142821884776, -0.980971315907, -3.88704257323, 3.88885423248, -2.46619467325, 0.00581520301516, 97.7788105842
0.41839069425, -0.4883420523, 2.0014161525, -1.38516772349, 0.696147597896, -3.45842416932, -0.0140154889339, -0.962495798239, 3.84956721742, 0.565327618724, 0.41839069425, 81.2074292016
0.0804558782181, -1.46748721485, 1.58736621697, -1.90031670055, -2.93199467347, 0.576343469806, -0.278594399661, 1.91437988011, 1.72263902019, 0.500044741776, 0.0804558782181, 90.0345118917
0.0579617645536, -0.4883420523, -2.97447765991, 0.502709062879, -2.69839543837, -4.5167827566, -0.223251739087, -0.962495798239, -3.00499602979, 0.565327618724, 0.0579617645536, 90.8964527802
0.00294144072733, -1.5618791586, 3.56224512837, -2.698094081, -1.0243132287, -2.4658708141, 3.69139245957, 2.55664135365, -1.5703290833, -0.93407446951, 0.00294144072733, 105.869684888
0.0023997873074, -1.5618791586, 3.56224512837, -2.698094081, -1.0243132287, -0.0189390584109, 3.69139245957, 2.55664135365, -1.66541233763, -0.93407446951, 0.0023997873074, 110.678584962
0.10212933314, 2.38054439941, 2.12743321826, 2.68091054318, 2.49408483117, 0.576343469806, -0.101363619297, 1.91437988011, 2.01817839095, 0.500044741776, 0.10212933314, 85.8736086969
0.0047912670344, -1.5618791586, 3.56224512837, -0.0331099054187, -1.0243132287, -2.9039475639, 1.67855369209, 4.38609105571, -1.5703290833, 2.0885374527, 0.0047912670344, 102.112400988
0.0047912670344, -1.5618791586, 3.56224512837, -0.0331099054187, -1.0243132287, -2.9039475639, 1.67855369209, 4.38609105571, -1.5703290833, 2.0885374527, 0.0047912670344, 102.112400988
