0.114472798103, 0.383290243154, 0.0128958412299, 0.124860350259, 0.00743612323656, 0.0146053608996, 0.0111183559502, 0.242273925302, 0.156764180601, 0.272146004508, 0.789215735397, 6.37070438855
0.114472798103, 0.383290243154, 0.0128958412299, 0.124860350259, 0.00743612323656, 0.0146053608996, 0.0111183559502, 0.242273925302, 0.156764180601, 0.272146004508, 0.789215735397, 6.37070438855
0.0916365855222, 0.179841872208, 0.0576647766646, 0.0109280093953, 0.72247578902, 0.0155118765381, 0.0438451629992, 0.27327994603, 0.00981619456229, 0.0159456053321, 0.356180547797, 6.5601293681
0.0916365855222, 0.179841872208, 0.0576647766646, 0.0109280093953, 0.72247578902, 0.0155118765381, 0.0438451629992, 0.27327994603, 0.00981619456229, 0.0159456053321, 0.356180547797, 6.5601293681
0.428094640641, 0.0916750287473, 0.0790263900862, 0.186148459014, 0.133120983297, 0.0125011093636, 0.0093757583119, 0.0234604611962, 0.416667610389, 0.259860215897, 0.843183031574, 6.34164218231
0.428094640641, 0.0916750287473, 0.0790263900862, 0.186148459014, 0.133120983297, 0.0125011093636, 0.0093757583119, 0.0234604611962, 0.416667610389, 0.259860215897, 0.843183031574, 6.34164218231
0.0855680451695, 0.0324315329841, 0.0293145469376, 0.0279182097243, 0.615223096019, 0.104402485718, 0.00254380267469, 0.328290380114, 0.00668365206306, 0.228228482177, 0.293616423357, 6.61377679212
0.0855680451695, 0.0324315329841, 0.0293145469376, 0.0279182097243, 0.615223096019, 0.104402485718, 0.00254380267469, 0.328290380114, 0.00668365206306, 0.228228482177, 0.293616423357, 6.61377679212
0.0711113344689, 0.383290243154, 0.0128958412299, 0.340318610996, 0.0240832550178, 0.0146053608996, 0.00165368042232, 0.242273925302, 0.223664230076, 0.00676990116318, 0.359238427734, 6.47390002086
0.0711113344689, 0.383290243154, 0.0128958412299, 0.340318610996, 0.0240832550178, 0.0146053608996, 0.00165368042232, 0.242273925302, 0.223664230076, 0.00676990116318, 0.359238427734, 6.47390002086
0.0777640119512, 0.296562633975, 0.423332875012, 0.246191486134, 0.276222842584, 0.00829147604861, 0.00254380267469, 0.0563169796968, 0.472323661442, 0.201669896856, 0.291197869111, 7.1546502038
0.0777640119512, 0.296562633975, 0.423332875012, 0.246191486134, 0.276222842584, 0.00829147604861, 0.00254380267469, 0.0563169796968, 0.472323661442, 0.201669896856, 0.291197869111, 7.1546502038
0.0818233714825, 0.106081794428, 0.384317438898, 0.217372459674, 0.416148044115, 0.664080556453, 0.0944838841742, 0.27965557073, 0.148326602921, 0.306331743636, 0.280877880451, 7.5984592638
0.0818233714825, 0.106081794428, 0.384317438898, 0.217372459674, 0.416148044115, 0.664080556453, 0.0944838841742, 0.27965557073, 0.148326602921, 0.306331743636, 0.280877880451, 7.5984592638
0.0352864251461, 0.020690667776, 0.0652934199196, 0.00969762463515, 0.0183441888891, 0.00399039158595, 0.0268645041297, 0.514432157572, 0.0113132252975, 0.394812797419, 0.952015023242, 6.13481029806
0.0352864251461, 0.020690667776, 0.0652934199196, 0.00969762463515, 0.0183441888891, 0.00399039158595, 0.0268645041297, 0.514432157572, 0.0113132252975, 0.394812797419, 0.952015023242, 6.13481029806
0.0916365855222, 0.0324315329841, 0.0293145469376, 0.0279182097243, 0.0643280481628, 0.654899144511, 0.408714657395, 0.259231666416, 0.0113132252975, 0.180730522394, 0.356180547797, 6.88755914605
0.0916365855222, 0.0324315329841, 0.0293145469376, 0.0279182097243, 0.0643280481628, 0.654899144511, 0.408714657395, 0.259231666416, 0.0113132252975, 0.180730522394, 0.356180547797, 6.88755914605
0.0855680451695, 0.345907509395, 0.423332875012, 0.246191486134, 0.640690311457, 0.130159599728, 0.00258766226329, 0.0563169796968, 0.0899692603588, 0.0441288086637, 0.293616423357, 7.15120283845
0.0855680451695, 0.345907509395, 0.423332875012, 0.246191486134, 0.640690311457, 0.130159599728, 0.00258766226329, 0.0563169796968, 0.0899692603588, 0.0441288086637, 0.293616423357, 7.15120283845
0.0736142756232, 0.175261415745, 0.212144669458, 0.00210016774362, 0.165855462712, 0.00487924606017, 0.148452231385, 0.495450029047, 0.465827616821, 0.203833475537, 0.326799477271, 7.06434543738
0.0736142756232, 0.175261415745, 0.212144669458, 0.00210016774362, 0.165855462712, 0.00487924606017, 0.148452231385, 0.495450029047, 0.465827616821, 0.203833475537, 0.326799477271, 7.06434543738
0.0711113344689, 0.383290243154, 0.0128958412299, 0.340318610996, 0.0240832550178, 0.0146053608996, 0.0111183559502, 0.242273925302, 0.223664230076, 0.0396322737214, 0.359238427734, 6.51998367931
0.0711113344689, 0.383290243154, 0.0128958412299, 0.340318610996, 0.0240832550178, 0.0146053608996, 0.0111183559502, 0.242273925302, 0.223664230076, 0.0396322737214, 0.359238427734, 6.51998367931
0.0777640119512, 0.296562633975, 0.423332875012, 0.25873870368, 0.703238162687, 0.00829147604861, 0.00254380267469, 0.0563169796968, 0.472323661442, 0.201669896856, 0.291197869111, 7.47159384008
0.0777640119512, 0.296562633975, 0.423332875012, 0.25873870368, 0.703238162687, 0.00829147604861, 0.00254380267469, 0.0563169796968, 0.472323661442, 0.201669896856, 0.291197869111, 7.47159384008
0.0818233714825, 0.161858894003, 0.324566793261, 0.217372459674, 0.104836032568, 0.179967733712, 0.00274510300112, 0.159020672632, 0.559497495504, 0.912367094768, 0.280877880451, 7.60189232695
0.0818233714825, 0.161858894003, 0.324566793261, 0.217372459674, 0.104836032568, 0.179967733712, 0.00274510300112, 0.159020672632, 0.559497495504, 0.912367094768, 0.280877880451, 7.60189232695
0.0343231839002, 0.020690667776, 0.0652934199196, 0.00794372249729, 0.561315202476, 0.0155118765381, 0.00820887948317, 0.240584198247, 0.0113132252975, 0.394812797419, 0.958186729464, 6.43596731768
0.0343231839002, 0.020690667776, 0.0652934199196, 0.00794372249729, 0.561315202476, 0.0155118765381, 0.00820887948317, 0.240584198247, 0.0113132252975, 0.394812797419, 0.958186729464, 6.43596731768
0.0218038229811, 0.0559309889869, 0.16533116426, 0.00018629004453, 0.165855462712, 0.0583179627712, 0.179692104683, 0.495450029047, 0.0674191421137, 0.107536612955, 0.996273087191, 6.39214794268
0.0218038229811, 0.0559309889869, 0.16533116426, 0.00018629004453, 0.165855462712, 0.0583179627712, 0.179692104683, 0.495450029047, 0.0674191421137, 0.107536612955, 0.996273087191, 6.39214794268
0.0916365855222, 0.601884488653, 0.0293145469376, 0.0279182097243, 0.0643280481628, 0.0571095796394, 0.473739804219, 0.328290380114, 0.00667450095726, 0.138529542963, 0.356180547797, 6.93913530988
0.0916365855222, 0.601884488653, 0.0293145469376, 0.0279182097243, 0.0643280481628, 0.0571095796394, 0.473739804219, 0.328290380114, 0.00667450095726, 0.138529542963, 0.356180547797, 6.93913530988
0.0855680451695, 0.594654666515, 0.0448878420332, 0.246191486134, 0.640690311457, 0.0756522145669, 0.00264647227652, 0.394576356812, 0.0899692603588, 0.0441288086637, 0.293616423357, 7.26801565037
0.0855680451695, 0.594654666515, 0.0448878420332, 0.246191486134, 0.640690311457, 0.0756522145669, 0.00264647227652, 0.394576356812, 0.0899692603588, 0.0441288086637, 0.293616423357, 7.26801565037
0.0736142756232, 0.0985667764132, 0.212144669458, 0.00210016774362, 0.165855462712, 0.00487924606017, 0.148452231385, 0.495450029047, 0.835949199291, 0.00876314471981, 0.326799477271, 7.1427642834
0.0736142756232, 0.0985667764132, 0.212144669458, 0.00210016774362, 0.165855462712, 0.00487924606017, 0.148452231385, 0.495450029047, 0.835949199291, 0.00876314471981, 0.326799477271, 7.1427642834
0.428094640641, 0.0916750287473, 0.0173461118895, 0.186148459014, 0.0183441888891, 0.773934869654, 0.0252600130465, 0.0234604611962, 0.0134503754289, 0.259860215897, 0.843183031574, 6.55497336182
0.428094640641, 0.0916750287473, 0.0173461118895, 0.186148459014, 0.0183441888891, 0.773934869654, 0.0252600130465, 0.0234604611962, 0.0134503754289, 0.259860215897, 0.843183031574, 6.55497336182
0.0987701883037, 0.020690667776, 0.0652934199196, 0.00969762463515, 0.561315202476, 0.0155118765381, 0.0268645041297, 0.240584198247, 0.0113132252975, 0.394812797419, 0.479389184566, 6.56209360201
0.0987701883037, 0.020690667776, 0.0652934199196, 0.00969762463515, 0.561315202476, 0.0155118765381, 0.0268645041297, 0.240584198247, 0.0113132252975, 0.394812797419, 0.479389184566, 6.56209360201
0.0803828384568, 0.0611117184387, 0.307850423591, 0.425996691109, 0.99091898225, 0.0312169738206, 0.0520876686388, 0.0429567905954, 0.3722927829, 0.541939197816, 0.281662237294, 7.72709781442
0.0803828384568, 0.0611117184387, 0.307850423591, 0.425996691109, 0.99091898225, 0.0312169738206, 0.0520876686388, 0.0429567905954, 0.3722927829, 0.541939197816, 0.281662237294, 7.72709781442
0.0818233714825, 0.106081794428, 0.384317438898, 0.217372459674, 0.936444117454, 0.664080556453, 0.0512857996011, 0.27965557073, 0.148326602921, 0.306331743636, 0.280877880451, 7.88141631103
0.0818233714825, 0.106081794428, 0.384317438898, 0.217372459674, 0.936444117454, 0.664080556453, 0.0512857996011, 0.27965557073, 0.148326602921, 0.306331743636, 0.280877880451, 7.88141631103
0.0343231839002, 0.020690667776, 0.0652934199196, 0.00969762463515, 0.561315202476, 0.0155118765381, 0.0268645041297, 0.240584198247, 0.0113132252975, 0.394812797419, 0.958186729464, 6.45775600755
0.0343231839002, 0.020690667776, 0.0652934199196, 0.00969762463515, 0.561315202476, 0.0155118765381, 0.0268645041297, 0.240584198247, 0.0113132252975, 0.394812797419, 0.958186729464, 6.45775600755
0.0916365855222, 0.0324315329841, 0.0293145469376, 0.0279182097243, 0.0643280481628, 0.654899144511, 0.408714657395, 0.259231666416, 0.0113132252975, 0.252146082774, 0.356180547797, 6.94991612326
0.0916365855222, 0.0324315329841, 0.0293145469376, 0.0279182097243, 0.0643280481628, 0.654899144511, 0.408714657395, 0.259231666416, 0.0113132252975, 0.252146082774, 0.356180547797, 6.94991612326
0.0855680451695, 0.296562633975, 0.423332875012, 0.246191486134, 0.903640355619, 0.130159599728, 0.00254380267469, 0.016940037038, 0.111996168966, 0.110511422273, 0.293616423357, 7.34649414302
0.0855680451695, 0.296562633975, 0.423332875012, 0.246191486134, 0.903640355619, 0.130159599728, 0.00254380267469, 0.016940037038, 0.111996168966, 0.110511422273, 0.293616423357, 7.34649414302
0.0855680451695, 0.296562633975, 0.423332875012, 0.246191486134, 0.903640355619, 0.130159599728, 0.00254380267469, 0.016940037038, 0.111996168966, 0.110511422273, 0.293616423357, 7.34649414302
0.0855680451695, 0.296562633975, 0.423332875012, 0.246191486134, 0.903640355619, 0.130159599728, 0.00254380267469, 0.016940037038, 0.111996168966, 0.110511422273, 0.293616423357, 7.34649414302
0.0736142756232, 0.175261415745, 0.212144669458, 0.00210016774362, 0.165855462712, 0.00487924606017, 0.296409998474, 0.495450029047, 0.465827616821, 0.203833475537, 0.326799477271, 7.18120138428
0.0736142756232, 0.175261415745, 0.212144669458, 0.00210016774362, 0.165855462712, 0.00487924606017, 0.296409998474, 0.495450029047, 0.465827616821, 0.203833475537, 0.326799477271, 7.18120138428
0.101493483965, 0.0168720534656, 0.645712847756, 0.00370168103229, 0.165855462712, 0.00165858024871, 0.179692104683, 0.295241942119, 0.384200547636, 0.00719482948835, 0.534475974337, 6.89218215553
0.101493483965, 0.0168720534656, 0.645712847756, 0.00370168103229, 0.165855462712, 0.00165858024871, 0.179692104683, 0.295241942119, 0.384200547636, 0.00719482948835, 0.534475974337, 6.89218215553
0.267779841194, 0.00534005702044, 0.0652934199196, 0.00403100899987, 0.219875971909, 0.00315059505162, 0.0438451629992, 0.993000223892, 0.0113132252975, 0.061371283833, 0.756973212927, 6.57338219543
0.267779841194, 0.00534005702044, 0.0652934199196, 0.00403100899987, 0.219875971909, 0.00315059505162, 0.0438451629992, 0.993000223892, 0.0113132252975, 0.061371283833, 0.756973212927, 6.57338219543
0.0803828384568, 0.0146910515842, 0.545807095891, 0.0155872103515, 0.711576692674, 0.733947783342, 0.361527173603, 0.229765207809, 0.268640627369, 0.00719482948835, 0.281662237294, 7.76400923013
0.0803828384568, 0.0146910515842, 0.545807095891, 0.0155872103515, 0.711576692674, 0.733947783342, 0.361527173603, 0.229765207809, 0.268640627369, 0.00719482948835, 0.281662237294, 7.76400923013
0.0818233714825, 0.296562633975, 0.324566793261, 0.217372459674, 0.435017132761, 0.488346191689, 0.00274510300112, 0.159020672632, 0.559497495504, 0.912367094768, 0.280877880451, 8.04375280617
0.0818233714825, 0.296562633975, 0.324566793261, 0.217372459674, 0.435017132761, 0.488346191689, 0.00274510300112, 0.159020672632, 0.559497495504, 0.912367094768, 0.280877880451, 8.04375280617
0.0218038229811, 0.0559309889869, 0.16533116426, 0.00018629004453, 0.300001860024, 0.0583179627712, 0.179692104683, 0.495450029047, 0.0674191421137, 0.107536612955, 0.996273087191, 6.53351781248
0.0218038229811, 0.0559309889869, 0.16533116426, 0.00018629004453, 0.300001860024, 0.0583179627712, 0.179692104683, 0.495450029047, 0.0674191421137, 0.107536612955, 0.996273087191, 6.53351781248
0.0916365855222, 0.683390679825, 0.0293145469376, 0.0279182097243, 0.0643280481628, 0.0571095796394, 0.473739804219, 0.328290380114, 0.0113132252975, 0.138529542963, 0.356180547797, 7.01223142208
0.0916365855222, 0.683390679825, 0.0293145469376, 0.0279182097243, 0.0643280481628, 0.0571095796394, 0.473739804219, 0.328290380114, 0.0113132252975, 0.138529542963, 0.356180547797, 7.01223142208
0.0855680451695, 0.594654666515, 0.423332875012, 0.246191486134, 0.714753480538, 0.130159599728, 0.00264647227652, 0.0563169796968, 0.0899692603588, 0.0231520111228, 0.293616423357, 7.37422041245
0.0855680451695, 0.594654666515, 0.423332875012, 0.246191486134, 0.714753480538, 0.130159599728, 0.00264647227652, 0.0563169796968, 0.0899692603588, 0.0231520111228, 0.293616423357, 7.37422041245
0.0736142756232, 0.175261415745, 0.212144669458, 0.00210016774362, 0.165855462712, 0.00487924606017, 0.148452231385, 0.495450029047, 0.835949199291, 0.203833475537, 0.326799477271, 7.34515038515
0.0736142756232, 0.175261415745, 0.212144669458, 0.00210016774362, 0.165855462712, 0.00487924606017, 0.148452231385, 0.495450029047, 0.835949199291, 0.203833475537, 0.326799477271, 7.34515038515
0.0736142756232, 0.175261415745, 0.212144669458, 0.00210016774362, 0.165855462712, 0.00487924606017, 0.148452231385, 0.495450029047, 0.835949199291, 0.203833475537, 0.326799477271, 7.34515038515
0.0736142756232, 0.175261415745, 0.212144669458, 0.00210016774362, 0.165855462712, 0.00487924606017, 0.148452231385, 0.495450029047, 0.835949199291, 0.203833475537, 0.326799477271, 7.34515038515
0.265813479355, 0.175261415745, 0.28090958773, 0.00210016774362, 0.0183441888891, 0.00399039158595, 0.179692104683, 0.495450029047, 0.58983915191, 0.0523588224411, 0.736538227846, 6.93963368293
0.265813479355, 0.175261415745, 0.28090958773, 0.00210016774362, 0.0183441888891, 0.00399039158595, 0.179692104683, 0.495450029047, 0.58983915191, 0.0523588224411, 0.736538227846, 6.93963368293
0.114472798103, 0.383290243154, 0.0128958412299, 0.124860350259, 0.0251248289591, 0.0146053608996, 0.0111183559502, 0.0657216715677, 0.156764180601, 0.644788786131, 0.789215735397, 6.59819345491
0.114472798103, 0.383290243154, 0.0128958412299, 0.124860350259, 0.0251248289591, 0.0146053608996, 0.0111183559502, 0.0657216715677, 0.156764180601, 0.644788786131, 0.789215735397, 6.59819345491
0.267779841194, 0.00534005702044, 0.0652934199196, 0.00403100899987, 0.219875971909, 0.00315059505162, 0.0438451629992, 0.991429802579, 0.0113132252975, 0.394812797419, 0.756973212927, 6.88484408823
0.267779841194, 0.00534005702044, 0.0652934199196, 0.00403100899987, 0.219875971909, 0.00315059505162, 0.0438451629992, 0.991429802579, 0.0113132252975, 0.394812797419, 0.756973212927, 6.88484408823
0.0803828384568, 0.0153116651346, 0.453717569017, 0.425996691109, 0.99091898225, 0.0312169738206, 0.0520876686388, 0.0429567905954, 0.3722927829, 0.541939197816, 0.281662237294, 7.78603307566
0.0803828384568, 0.0153116651346, 0.453717569017, 0.425996691109, 0.99091898225, 0.0312169738206, 0.0520876686388, 0.0429567905954, 0.3722927829, 0.541939197816, 0.281662237294, 7.78603307566
0.0818233714825, 0.296562633975, 0.324566793261, 0.217372459674, 0.435017132761, 0.488346191689, 0.00274510300112, 0.159020672632, 0.559497495504, 0.982635838851, 0.280877880451, 8.08000958477
0.0818233714825, 0.296562633975, 0.324566793261, 0.217372459674, 0.435017132761, 0.488346191689, 0.00274510300112, 0.159020672632, 0.559497495504, 0.982635838851, 0.280877880451, 8.08000958477
0.428094640641, 0.0916750287473, 0.0790263900862, 0.0947591172566, 0.133120983297, 0.773934869654, 0.0093757583119, 0.0234604611962, 0.0150198666104, 0.259860215897, 0.843183031574, 6.62583097496
0.428094640641, 0.0916750287473, 0.0790263900862, 0.0947591172566, 0.133120983297, 0.773934869654, 0.0093757583119, 0.0234604611962, 0.0150198666104, 0.259860215897, 0.843183031574, 6.62583097496
0.0818233714825, 0.296562633975, 0.384317438898, 0.217372459674, 0.936444117454, 0.664080556453, 0.00987429796867, 0.159020672632, 0.559497495504, 0.306331743636, 0.280877880451, 8.11444152525
0.0818233714825, 0.296562633975, 0.384317438898, 0.217372459674, 0.936444117454, 0.664080556453, 0.00987429796867, 0.159020672632, 0.559497495504, 0.306331743636, 0.280877880451, 8.11444152525
0.0916365855222, 0.179841872208, 0.0576647766646, 0.0109280093953, 0.72247578902, 0.0155118765381, 0.0438451629992, 0.27327994603, 0.511547521315, 0.0159456053321, 0.356180547797, 7.02643503858
0.267779841194, 0.00057359838768, 0.0652934199196, 0.00403100899987, 0.219875971909, 0.00315059505162, 0.0438451629992, 0.99901644178, 0.0113132252975, 0.394812797419, 0.756973212927, 6.88729026548
0.0855680451695, 0.296562633975, 0.423332875012, 0.246191486134, 0.703238162687, 0.130159599728, 0.00254380267469, 0.016940037038, 0.384200547636, 0.110511422273, 0.293616423357, 7.39688313579
0.101493483965, 0.273532875031, 0.645712847756, 0.00370168103229, 0.165855462712, 0.00165858024871, 0.179692104683, 0.295241942119, 0.176876818388, 0.107536612955, 0.534475974337, 7.01941095197
