0.0818233714825, 0.106081794428, 0.384317438898, 0.217372459674, 0.0277778756403, 0.664080556453, 0.0944838841742, 0.27965557073, 0.148326602921, 0.306331743636, 0.280877880451, 7.33791649356
0.0818233714825, 0.106081794428, 0.384317438898, 0.217372459674, 0.0277778756403, 0.664080556453, 0.0944838841742, 0.27965557073, 0.148326602921, 0.306331743636, 0.280877880451, 7.33791649356
0.0803828384568, 0.50029647313, 0.0790263900862, 0.425996691109, 0.133120983297, 0.0312169738206, 0.0520876686388, 0.0429567905954, 0.3722927829, 0.541939197816, 0.281662237294, 7.30225519592
0.0803828384568, 0.50029647313, 0.0790263900862, 0.425996691109, 0.133120983297, 0.0312169738206, 0.0520876686388, 0.0429567905954, 0.3722927829, 0.541939197816, 0.281662237294, 7.30225519592
0.0855680451695, 0.00534005702044, 0.0652934199196, 0.00403100899987, 0.219875971909, 0.65661057927, 0.0438451629992, 0.016940037038, 0.000631247847439, 0.061371283833, 0.293616423357, 6.27594112489
0.0855680451695, 0.00534005702044, 0.0652934199196, 0.00403100899987, 0.219875971909, 0.65661057927, 0.0438451629992, 0.016940037038, 0.000631247847439, 0.061371283833, 0.293616423357, 6.27594112489
0.428094640641, 0.0916750287473, 0.0173461118895, 0.186148459014, 0.0183441888891, 0.150000136769, 0.0252600130465, 0.0234604611962, 0.0130960289144, 0.259860215897, 0.843183031574, 5.77063639665
0.428094640641, 0.0916750287473, 0.0173461118895, 0.186148459014, 0.0183441888891, 0.150000136769, 0.0252600130465, 0.0234604611962, 0.0130960289144, 0.259860215897, 0.843183031574, 5.77063639665
0.0777640119512, 0.296562633975, 0.423332875012, 0.246191486134, 0.254529631187, 0.00829147604861, 0.00254380267469, 0.0563169796968, 0.192611894327, 0.201669896856, 0.291197869111, 6.90528798222
0.0777640119512, 0.296562633975, 0.423332875012, 0.246191486134, 0.254529631187, 0.00829147604861, 0.00254380267469, 0.0563169796968, 0.192611894327, 0.201669896856, 0.291197869111, 6.90528798222
0.0818233714825, 0.106081794428, 0.384317438898, 0.217372459674, 0.0451113948758, 0.664080556453, 0.0944838841742, 0.27965557073, 0.148326602921, 0.306331743636, 0.280877880451, 7.35024412739
0.0818233714825, 0.106081794428, 0.384317438898, 0.217372459674, 0.0451113948758, 0.664080556453, 0.0944838841742, 0.27965557073, 0.148326602921, 0.306331743636, 0.280877880451, 7.35024412739
0.0855680451695, 0.0324315329841, 0.0293145469376, 0.0279182097243, 0.615223096019, 0.104402485718, 5.94988058743e-05, 0.328290380114, 0.00668365206306, 0.228228482177, 0.293616423357, 6.61122856847
0.0855680451695, 0.0324315329841, 0.0293145469376, 0.0279182097243, 0.615223096019, 0.104402485718, 5.94988058743e-05, 0.328290380114, 0.00668365206306, 0.228228482177, 0.293616423357, 6.61122856847
0.0751965391052, 0.179841872208, 0.0155993821327, 0.0109280093953, 0.653746701658, 0.0155118765381, 0.0438451629992, 0.13239745191, 0.00981619456229, 0.0159456053321, 0.310394941363, 6.27888307658
0.0751965391052, 0.179841872208, 0.0155993821327, 0.0109280093953, 0.653746701658, 0.0155118765381, 0.0438451629992, 0.13239745191, 0.00981619456229, 0.0159456053321, 0.310394941363, 6.27888307658
0.0352864251461, 0.020690667776, 0.0652934199196, 0.00247771325125, 0.0183441888891, 0.00399039158595, 0.0268645041297, 0.28634587715, 0.0113132252975, 0.394812797419, 0.952015023242, 5.80777965233
0.0352864251461, 0.020690667776, 0.0652934199196, 0.00247771325125, 0.0183441888891, 0.00399039158595, 0.0268645041297, 0.28634587715, 0.0113132252975, 0.394812797419, 0.952015023242, 5.80777965233
0.0777640119512, 0.296562633975, 0.423332875012, 0.25873870368, 0.703238162687, 0.00829147604861, 0.00254380267469, 0.0563169796968, 0.0559161077655, 0.201669896856, 0.291197869111, 7.1725984352
0.0777640119512, 0.296562633975, 0.423332875012, 0.25873870368, 0.703238162687, 0.00829147604861, 0.00254380267469, 0.0563169796968, 0.0559161077655, 0.201669896856, 0.291197869111, 7.1725984352
0.0818233714825, 0.0884802279917, 0.384317438898, 0.217372459674, 0.0277778756403, 0.664080556453, 0.211906377465, 0.27965557073, 0.148326602921, 0.306331743636, 0.280877880451, 7.40794960832
0.0818233714825, 0.0884802279917, 0.384317438898, 0.217372459674, 0.0277778756403, 0.664080556453, 0.211906377465, 0.27965557073, 0.148326602921, 0.306331743636, 0.280877880451, 7.40794960832
0.0855680451695, 0.0324315329841, 0.0293145469376, 0.0279182097243, 0.615223096019, 0.104402485718, 0.00254380267469, 0.328290380114, 0.00668365206306, 0.228228482177, 0.293616423357, 6.61377679212
0.0855680451695, 0.0324315329841, 0.0293145469376, 0.0279182097243, 0.615223096019, 0.104402485718, 0.00254380267469, 0.328290380114, 0.00668365206306, 0.228228482177, 0.293616423357, 6.61377679212
0.0684643564163, 0.0324315329841, 0.0293145469376, 0.0279182097243, 0.0643280481628, 0.0270085507401, 0.408714657395, 0.259231666416, 0.0113132252975, 0.252146082774, 0.401104910955, 6.31100182649
0.0684643564163, 0.0324315329841, 0.0293145469376, 0.0279182097243, 0.0643280481628, 0.0270085507401, 0.408714657395, 0.259231666416, 0.0113132252975, 0.252146082774, 0.401104910955, 6.31100182649
0.0751965391052, 0.179841872208, 0.0576647766646, 0.0109280093953, 0.653746701658, 0.0155118765381, 0.0438451629992, 0.13239745191, 0.00981619456229, 0.0159456053321, 0.310394941363, 6.32993112667
0.0751965391052, 0.179841872208, 0.0576647766646, 0.0109280093953, 0.653746701658, 0.0155118765381, 0.0438451629992, 0.13239745191, 0.00981619456229, 0.0159456053321, 0.310394941363, 6.32993112667
0.0916365855222, 0.0324315329841, 0.0293145469376, 0.0279182097243, 0.0643280481628, 0.0270085507401, 0.408714657395, 0.259231666416, 0.0113132252975, 0.252146082774, 0.356180547797, 6.31637090157
0.0916365855222, 0.0324315329841, 0.0293145469376, 0.0279182097243, 0.0643280481628, 0.0270085507401, 0.408714657395, 0.259231666416, 0.0113132252975, 0.252146082774, 0.356180547797, 6.31637090157
0.0352864251461, 0.020690667776, 0.0652934199196, 0.146181658925, 0.0183441888891, 0.00399039158595, 0.0268645041297, 0.514432157572, 0.0113132252975, 0.394812797419, 0.952015023242, 6.29993260634
0.0352864251461, 0.020690667776, 0.0652934199196, 0.146181658925, 0.0183441888891, 0.00399039158595, 0.0268645041297, 0.514432157572, 0.0113132252975, 0.394812797419, 0.952015023242, 6.29993260634
0.0212402544205, 0.0559309889869, 0.198064990202, 0.00018629004453, 0.0390166663173, 0.00748455961902, 0.179692104683, 0.495450029047, 0.0674191421137, 0.107536612955, 0.996779853595, 6.22614411369
0.0212402544205, 0.0559309889869, 0.198064990202, 0.00018629004453, 0.0390166663173, 0.00748455961902, 0.179692104683, 0.495450029047, 0.0674191421137, 0.107536612955, 0.996779853595, 6.22614411369
0.0777640119512, 0.336325011867, 0.423332875012, 0.246191486134, 0.254529631187, 0.00829147604861, 0.00254380267469, 0.172578819953, 0.472323661442, 0.201669896856, 0.291197869111, 7.2566718844
0.0777640119512, 0.336325011867, 0.423332875012, 0.246191486134, 0.254529631187, 0.00829147604861, 0.00254380267469, 0.172578819953, 0.472323661442, 0.201669896856, 0.291197869111, 7.2566718844
0.0818233714825, 0.161858894003, 0.324566793261, 0.217372459674, 0.104836032568, 0.179967733712, 0.00274510300112, 0.168727135603, 0.559497495504, 0.61724856372, 0.280877880451, 7.41385736202
0.0818233714825, 0.161858894003, 0.324566793261, 0.217372459674, 0.104836032568, 0.179967733712, 0.00274510300112, 0.168727135603, 0.559497495504, 0.61724856372, 0.280877880451, 7.41385736202
0.0855680451695, 0.0324315329841, 0.0293145469376, 0.0279182097243, 0.615223096019, 0.104402485718, 5.94988058743e-05, 0.724432277386, 0.00668365206306, 0.228228482177, 0.293616423357, 6.9799913214
0.0855680451695, 0.0324315329841, 0.0293145469376, 0.0279182097243, 0.615223096019, 0.104402485718, 5.94988058743e-05, 0.724432277386, 0.00668365206306, 0.228228482177, 0.293616423357, 6.9799913214
0.0736142756232, 0.175261415745, 0.212144669458, 0.00210016774362, 0.165855462712, 0.00487924606017, 0.148452231385, 0.170607264268, 0.465827616821, 0.203833475537, 0.326799477271, 6.78113686358
0.0736142756232, 0.175261415745, 0.212144669458, 0.00210016774362, 0.165855462712, 0.00487924606017, 0.148452231385, 0.170607264268, 0.465827616821, 0.203833475537, 0.326799477271, 6.78113686358
0.0736142756232, 0.175261415745, 0.212144669458, 0.00210016774362, 0.165855462712, 0.00487924606017, 0.148452231385, 0.170607264268, 0.465827616821, 0.203833475537, 0.326799477271, 6.78113686358
0.0736142756232, 0.175261415745, 0.212144669458, 0.00210016774362, 0.165855462712, 0.00487924606017, 0.148452231385, 0.170607264268, 0.465827616821, 0.203833475537, 0.326799477271, 6.78113686358
0.114472798103, 0.383290243154, 0.0128958412299, 0.124860350259, 0.00743612323656, 0.0146053608996, 0.0111183559502, 0.242273925302, 0.156764180601, 0.272146004508, 0.789215735397, 6.37070438855
0.114472798103, 0.383290243154, 0.0128958412299, 0.124860350259, 0.00743612323656, 0.0146053608996, 0.0111183559502, 0.242273925302, 0.156764180601, 0.272146004508, 0.789215735397, 6.37070438855
0.114472798103, 0.383290243154, 0.0128958412299, 0.124860350259, 0.00743612323656, 0.0146053608996, 0.0111183559502, 0.242273925302, 0.156764180601, 0.272146004508, 0.789215735397, 6.37070438855
0.114472798103, 0.383290243154, 0.0128958412299, 0.124860350259, 0.00743612323656, 0.0146053608996, 0.0111183559502, 0.242273925302, 0.156764180601, 0.272146004508, 0.789215735397, 6.37070438855
0.107820776853, 0.0916750287473, 0.0790263900862, 0.186148459014, 0.133120983297, 0.0125011093636, 0.0093757583119, 0.0234604611962, 0.416667610389, 0.259860215897, 0.665299541988, 6.38323253137
0.107820776853, 0.0916750287473, 0.0790263900862, 0.186148459014, 0.133120983297, 0.0125011093636, 0.0093757583119, 0.0234604611962, 0.416667610389, 0.259860215897, 0.665299541988, 6.38323253137
0.0916365855222, 0.179841872208, 0.0576647766646, 0.0109280093953, 0.72247578902, 0.0155118765381, 0.0438451629992, 0.27327994603, 0.00981619456229, 0.0159456053321, 0.356180547797, 6.5601293681
0.0916365855222, 0.179841872208, 0.0576647766646, 0.0109280093953, 0.72247578902, 0.0155118765381, 0.0438451629992, 0.27327994603, 0.00981619456229, 0.0159456053321, 0.356180547797, 6.5601293681
0.0711113344689, 0.383290243154, 0.0128958412299, 0.340318610996, 0.0240832550178, 0.0146053608996, 0.000121696044739, 0.242273925302, 0.223664230076, 0.00676990116318, 0.359238427734, 6.47221021482
0.0711113344689, 0.383290243154, 0.0128958412299, 0.340318610996, 0.0240832550178, 0.0146053608996, 0.000121696044739, 0.242273925302, 0.223664230076, 0.00676990116318, 0.359238427734, 6.47221021482
0.905554211758, 0.0916750287473, 0.0790263900862, 0.186148459014, 0.133120983297, 0.0125011093636, 0.0093757583119, 0.0234604611962, 0.416667610389, 0.259860215897, 0.976595274894, 6.30401247869
0.905554211758, 0.0916750287473, 0.0790263900862, 0.186148459014, 0.133120983297, 0.0125011093636, 0.0093757583119, 0.0234604611962, 0.416667610389, 0.259860215897, 0.976595274894, 6.30401247869
0.0197629241948, 0.020690667776, 0.0652934199196, 0.00794372249729, 0.561315202476, 0.0155118765381, 0.00820887948317, 0.0991063692234, 0.0113132252975, 0.394812797419, 0.997852007904, 6.26539740532
0.0197629241948, 0.020690667776, 0.0652934199196, 0.00794372249729, 0.561315202476, 0.0155118765381, 0.00820887948317, 0.0991063692234, 0.0113132252975, 0.394812797419, 0.997852007904, 6.26539740532
0.0777640119512, 0.296562633975, 0.423332875012, 0.246191486134, 0.276222842584, 0.00829147604861, 0.0010157140993, 0.0563169796968, 0.472323661442, 0.44610118831, 0.291197869111, 7.33563661513
0.0777640119512, 0.296562633975, 0.423332875012, 0.246191486134, 0.276222842584, 0.00829147604861, 0.0010157140993, 0.0563169796968, 0.472323661442, 0.44610118831, 0.291197869111, 7.33563661513
0.0818233714825, 0.122221101685, 0.324566793261, 0.217372459674, 0.104836032568, 0.179967733712, 0.00274510300112, 0.159020672632, 0.559497495504, 0.912367094768, 0.280877880451, 7.57672729543
0.0818233714825, 0.122221101685, 0.324566793261, 0.217372459674, 0.104836032568, 0.179967733712, 0.00274510300112, 0.159020672632, 0.559497495504, 0.912367094768, 0.280877880451, 7.57672729543
0.0855680451695, 0.345907509395, 0.0956839590913, 0.246191486134, 0.640690311457, 0.228021368554, 0.107982273114, 0.0176538913787, 0.0899692603588, 0.0441288086637, 0.293616423357, 7.01992380355
0.0855680451695, 0.345907509395, 0.0956839590913, 0.246191486134, 0.640690311457, 0.228021368554, 0.107982273114, 0.0176538913787, 0.0899692603588, 0.0441288086637, 0.293616423357, 7.01992380355
0.0736142756232, 0.175261415745, 0.212144669458, 0.00210016774362, 0.128411058191, 0.00487924606017, 0.148452231385, 0.0818006773491, 0.835949199291, 0.203833475537, 0.326799477271, 6.99743268586
0.0736142756232, 0.175261415745, 0.212144669458, 0.00210016774362, 0.128411058191, 0.00487924606017, 0.148452231385, 0.0818006773491, 0.835949199291, 0.203833475537, 0.326799477271, 6.99743268586
0.438176598227, 0.383290243154, 0.0128958412299, 0.340318610996, 0.0240832550178, 0.0146053608996, 0.0111183559502, 0.242273925302, 0.223664230076, 0.0396322737214, 0.895651381906, 6.41705275433
0.438176598227, 0.383290243154, 0.0128958412299, 0.340318610996, 0.0240832550178, 0.0146053608996, 0.0111183559502, 0.242273925302, 0.223664230076, 0.0396322737214, 0.895651381906, 6.41705275433
0.0916365855222, 0.179841872208, 0.0576647766646, 0.0109280093953, 0.72247578902, 0.114805196906, 0.0438451629992, 0.27327994603, 0.00981619456229, 0.0159456053321, 0.356180547797, 6.6618136912
0.0916365855222, 0.179841872208, 0.0576647766646, 0.0109280093953, 0.72247578902, 0.114805196906, 0.0438451629992, 0.27327994603, 0.00981619456229, 0.0159456053321, 0.356180547797, 6.6618136912
0.0987701883037, 0.016710266856, 0.0652934199196, 0.00969762463515, 0.561315202476, 0.0155118765381, 0.0268645041297, 0.178410873843, 0.0113132252975, 0.394812797419, 0.479389184566, 6.49164893034
0.0987701883037, 0.016710266856, 0.0652934199196, 0.00969762463515, 0.561315202476, 0.0155118765381, 0.0268645041297, 0.178410873843, 0.0113132252975, 0.394812797419, 0.479389184566, 6.49164893034
0.0711113344689, 0.383290243154, 0.0128958412299, 0.340318610996, 0.0240832550178, 0.0146053608996, 0.0111183559502, 0.242273925302, 0.223664230076, 0.0396322737214, 0.359238427734, 6.51998367931
0.0711113344689, 0.383290243154, 0.0128958412299, 0.340318610996, 0.0240832550178, 0.0146053608996, 0.0111183559502, 0.242273925302, 0.223664230076, 0.0396322737214, 0.359238427734, 6.51998367931
0.0777640119512, 0.296562633975, 0.423332875012, 0.25873870368, 0.703238162687, 0.00829147604861, 0.00254380267469, 0.0563169796968, 0.472323661442, 0.201669896856, 0.291197869111, 7.47159384008
0.0777640119512, 0.296562633975, 0.423332875012, 0.25873870368, 0.703238162687, 0.00829147604861, 0.00254380267469, 0.0563169796968, 0.472323661442, 0.201669896856, 0.291197869111, 7.47159384008
0.0777640119512, 0.296562633975, 0.423332875012, 0.25873870368, 0.703238162687, 0.00829147604861, 0.00254380267469, 0.0563169796968, 0.472323661442, 0.201669896856, 0.291197869111, 7.47159384008
0.0777640119512, 0.296562633975, 0.423332875012, 0.25873870368, 0.703238162687, 0.00829147604861, 0.00254380267469, 0.0563169796968, 0.472323661442, 0.201669896856, 0.291197869111, 7.47159384008
0.0818233714825, 0.161858894003, 0.324566793261, 0.217372459674, 0.104836032568, 0.179967733712, 0.00274510300112, 0.0523159391608, 0.629278117965, 0.912367094768, 0.280877880451, 7.57845935241
0.0818233714825, 0.161858894003, 0.324566793261, 0.217372459674, 0.104836032568, 0.179967733712, 0.00274510300112, 0.0523159391608, 0.629278117965, 0.912367094768, 0.280877880451, 7.57845935241
0.0218038229811, 0.0559309889869, 0.198064990202, 0.00018629004453, 0.0390166663173, 0.0583179627712, 0.322775393568, 0.495450029047, 0.0674191421137, 0.107536612955, 0.996273087191, 6.4449986703
0.0218038229811, 0.0559309889869, 0.198064990202, 0.00018629004453, 0.0390166663173, 0.0583179627712, 0.322775393568, 0.495450029047, 0.0674191421137, 0.107536612955, 0.996273087191, 6.4449986703
0.0987701883037, 0.020690667776, 0.0652934199196, 0.00969762463515, 0.561315202476, 0.0155118765381, 0.0268645041297, 0.240584198247, 0.0113132252975, 0.394812797419, 0.479389184566, 6.56209360201
0.114472798103, 0.383290243154, 0.0128958412299, 0.124860350259, 0.232906189169, 0.0146053608996, 0.0111183559502, 0.242273925302, 0.156764180601, 0.159521833925, 0.789215735397, 6.49422112126
0.114472798103, 0.383290243154, 0.0128958412299, 0.124860350259, 0.232906189169, 0.0146053608996, 0.0111183559502, 0.242273925302, 0.156764180601, 0.159521833925, 0.789215735397, 6.49422112126
0.0855680451695, 0.296562633975, 0.423332875012, 0.0970875493054, 0.903640355619, 0.130159599728, 0.00254380267469, 0.016940037038, 0.111996168966, 0.110511422273, 0.293616423357, 7.23785620495
0.0711113344689, 0.383290243154, 0.0128958412299, 0.340318610996, 0.0240832550178, 0.0146053608996, 0.00165368042232, 0.242273925302, 0.584700332865, 0.00676990116318, 0.359238427734, 6.83483998939
0.0736142756232, 0.175261415745, 0.212144669458, 0.00210016774362, 0.116078025707, 0.00487924606017, 0.148452231385, 0.495450029047, 0.465827616821, 0.203833475537, 0.326799477271, 7.02347459072
0.0777640119512, 0.296562633975, 0.423332875012, 0.458654290592, 0.276222842584, 0.00829147604861, 0.0010157140993, 0.0563169796968, 0.472323661442, 0.44610118831, 0.291197869111, 7.48215480537
0.0987701883037, 0.020690667776, 0.0652934199196, 0.00969762463515, 0.561315202476, 0.0155118765381, 0.0268645041297, 0.240584198247, 0.0113132252975, 0.394812797419, 0.479389184566, 6.56209360201
0.210126262975, 0.020690667776, 0.0652934199196, 0.0565930170923, 0.561315202476, 0.0155118765381, 0.00820887948317, 0.221372740712, 0.0113132252975, 0.394812797419, 0.93437999416, 6.47413463446
0.0711113344689, 0.383290243154, 0.0128958412299, 0.340318610996, 0.0240832550178, 0.0146053608996, 0.00165368042232, 0.242273925302, 0.584700332865, 0.00676990116318, 0.359238427734, 6.83483998939
