0.428094640641, 0.0916750287473, 0.0173461118895, 0.186148459014, 0.0183441888891, 0.150000136769, 0.0252600130465, 0.0234604611962, 0.0130960289144, 0.252618676265, 0.843183031574, 5.75908719273
0.428094640641, 0.0916750287473, 0.0173461118895, 0.186148459014, 0.0183441888891, 0.150000136769, 0.0252600130465, 0.0234604611962, 0.0130960289144, 0.252618676265, 0.843183031574, 5.75908719273
0.0751965391052, 0.151798027941, 0.0155993821327, 0.0109280093953, 0.621177894455, 0.0155118765381, 0.0438451629992, 0.13239745191, 0.00139815380318, 0.0159456053321, 0.310394941363, 6.19176905213
0.0751965391052, 0.151798027941, 0.0155993821327, 0.0109280093953, 0.621177894455, 0.0155118765381, 0.0438451629992, 0.13239745191, 0.00139815380318, 0.0159456053321, 0.310394941363, 6.19176905213
0.0855680451695, 0.00534005702044, 0.0652934199196, 0.00403100899987, 0.219875971909, 0.65661057927, 0.0438451629992, 0.016940037038, 0.000631247847439, 0.061371283833, 0.293616423357, 6.27594112489
0.0855680451695, 0.00534005702044, 0.0652934199196, 0.00403100899987, 0.219875971909, 0.65661057927, 0.0438451629992, 0.016940037038, 0.000631247847439, 0.061371283833, 0.293616423357, 6.27594112489
0.0777640119512, 0.296562633975, 0.423332875012, 0.246191486134, 0.254529631187, 0.00829147604861, 0.00254380267469, 0.0563169796968, 0.178457463096, 0.201669896856, 0.291197869111, 6.89277731837
0.0777640119512, 0.296562633975, 0.423332875012, 0.246191486134, 0.254529631187, 0.00829147604861, 0.00254380267469, 0.0563169796968, 0.178457463096, 0.201669896856, 0.291197869111, 6.89277731837
0.0818233714825, 0.161858894003, 0.526598713469, 0.0549890140445, 0.104836032568, 0.179967733712, 0.00274510300112, 0.168727135603, 0.112686184611, 0.61724856372, 0.280877880451, 7.11316240785
0.0818233714825, 0.161858894003, 0.526598713469, 0.0549890140445, 0.104836032568, 0.179967733712, 0.00274510300112, 0.168727135603, 0.112686184611, 0.61724856372, 0.280877880451, 7.11316240785
0.428094640641, 0.0916750287473, 0.0173461118895, 0.186148459014, 0.0183441888891, 0.150000136769, 0.0362184213574, 0.0234604611962, 0.0130960289144, 0.259860215897, 0.843183031574, 5.7879608199
0.428094640641, 0.0916750287473, 0.0173461118895, 0.186148459014, 0.0183441888891, 0.150000136769, 0.0362184213574, 0.0234604611962, 0.0130960289144, 0.259860215897, 0.843183031574, 5.7879608199
0.0751965391052, 0.179841872208, 0.0155993821327, 0.0109280093953, 0.610195686794, 0.0155118765381, 0.0438451629992, 0.13239745191, 0.00981619456229, 0.0159456053321, 0.310394941363, 6.2244301916
0.0751965391052, 0.179841872208, 0.0155993821327, 0.0109280093953, 0.610195686794, 0.0155118765381, 0.0438451629992, 0.13239745191, 0.00981619456229, 0.0159456053321, 0.310394941363, 6.2244301916
0.0855680451695, 0.0324315329841, 0.0293145469376, 0.0279182097243, 0.365550468262, 0.104402485718, 0.00254380267469, 0.328290380114, 0.00668365206306, 0.228228482177, 0.293616423357, 6.33829182575
0.0855680451695, 0.0324315329841, 0.0293145469376, 0.0279182097243, 0.365550468262, 0.104402485718, 0.00254380267469, 0.328290380114, 0.00668365206306, 0.228228482177, 0.293616423357, 6.33829182575
0.0777640119512, 0.296562633975, 0.423332875012, 0.246191486134, 0.254529631187, 0.00829147604861, 0.00254380267469, 0.0563169796968, 0.192611894327, 0.201669896856, 0.291197869111, 6.90528798222
0.0777640119512, 0.296562633975, 0.423332875012, 0.246191486134, 0.254529631187, 0.00829147604861, 0.00254380267469, 0.0563169796968, 0.192611894327, 0.201669896856, 0.291197869111, 6.90528798222
0.0818233714825, 0.106081794428, 0.384317438898, 0.217372459674, 0.0451113948758, 0.664080556453, 0.0944838841742, 0.27965557073, 0.00415191843039, 0.306331743636, 0.280877880451, 7.24544429315
0.0818233714825, 0.106081794428, 0.384317438898, 0.217372459674, 0.0451113948758, 0.664080556453, 0.0944838841742, 0.27965557073, 0.00415191843039, 0.306331743636, 0.280877880451, 7.24544429315
0.0352864251461, 0.020690667776, 0.0652934199196, 0.00247771325125, 0.0183441888891, 0.00399039158595, 0.0268645041297, 0.28634587715, 0.0107673346576, 0.394812797419, 0.952015023242, 5.80694324466
0.0352864251461, 0.020690667776, 0.0652934199196, 0.00247771325125, 0.0183441888891, 0.00399039158595, 0.0268645041297, 0.28634587715, 0.0107673346576, 0.394812797419, 0.952015023242, 5.80694324466
0.0751965391052, 0.179841872208, 0.0543953723869, 0.0109280093953, 0.653746701658, 0.0177349163936, 0.00510442783733, 0.13239745191, 0.00981619456229, 0.0159456053321, 0.310394941363, 6.28168585842
0.0751965391052, 0.179841872208, 0.0543953723869, 0.0109280093953, 0.653746701658, 0.0177349163936, 0.00510442783733, 0.13239745191, 0.00981619456229, 0.0159456053321, 0.310394941363, 6.28168585842
0.249578569455, 0.0324315329841, 0.0182106913286, 0.0279182097243, 0.0643280481628, 0.0270085507401, 0.408714657395, 0.259231666416, 0.0113132252975, 0.252146082774, 0.631569648508, 6.25994183854
0.249578569455, 0.0324315329841, 0.0182106913286, 0.0279182097243, 0.0643280481628, 0.0270085507401, 0.408714657395, 0.259231666416, 0.0113132252975, 0.252146082774, 0.631569648508, 6.25994183854
0.0855680451695, 0.0324315329841, 0.0293145469376, 0.0279182097243, 0.615223096019, 0.104402485718, 5.94988058743e-05, 0.328290380114, 0.00668365206306, 0.228228482177, 0.293616423357, 6.61122856847
0.0855680451695, 0.0324315329841, 0.0293145469376, 0.0279182097243, 0.615223096019, 0.104402485718, 5.94988058743e-05, 0.328290380114, 0.00668365206306, 0.228228482177, 0.293616423357, 6.61122856847
0.0777640119512, 0.296562633975, 0.423332875012, 0.25873870368, 0.703238162687, 0.00829147604861, 0.00254380267469, 0.0563169796968, 0.0559161077655, 0.201669896856, 0.291197869111, 7.1725984352
0.0777640119512, 0.296562633975, 0.423332875012, 0.25873870368, 0.703238162687, 0.00829147604861, 0.00254380267469, 0.0563169796968, 0.0559161077655, 0.201669896856, 0.291197869111, 7.1725984352
0.0818233714825, 0.106081794428, 0.384317438898, 0.217372459674, 0.0277778756403, 0.664080556453, 0.0944838841742, 0.27965557073, 0.148326602921, 0.306331743636, 0.280877880451, 7.33791649356
0.0818233714825, 0.106081794428, 0.384317438898, 0.217372459674, 0.0277778756403, 0.664080556453, 0.0944838841742, 0.27965557073, 0.148326602921, 0.306331743636, 0.280877880451, 7.33791649356
0.0818233714825, 0.106081794428, 0.384317438898, 0.217372459674, 0.0277778756403, 0.664080556453, 0.0944838841742, 0.27965557073, 0.148326602921, 0.306331743636, 0.280877880451, 7.33791649356
0.0818233714825, 0.106081794428, 0.384317438898, 0.217372459674, 0.0277778756403, 0.664080556453, 0.0944838841742, 0.27965557073, 0.148326602921, 0.306331743636, 0.280877880451, 7.33791649356
0.0279621310641, 0.179841872208, 0.0576647766646, 0.0109280093953, 0.653746701658, 0.0155118765381, 0.0438451629992, 0.13239745191, 0.00981619456229, 0.0159456053321, 0.985516756353, 6.192045805
0.0279621310641, 0.179841872208, 0.0576647766646, 0.0109280093953, 0.653746701658, 0.0155118765381, 0.0438451629992, 0.13239745191, 0.00981619456229, 0.0159456053321, 0.985516756353, 6.192045805
0.905554211758, 0.0916750287473, 0.0146682593076, 0.186148459014, 0.133120983297, 0.0125011093636, 0.0093757583119, 0.0234604611962, 0.416667610389, 0.259860215897, 0.976595274894, 6.22842843126
0.905554211758, 0.0916750287473, 0.0146682593076, 0.186148459014, 0.133120983297, 0.0125011093636, 0.0093757583119, 0.0234604611962, 0.416667610389, 0.259860215897, 0.976595274894, 6.22842843126
0.0916365855222, 0.0324315329841, 0.0293145469376, 0.0279182097243, 0.0643280481628, 0.0270085507401, 0.408714657395, 0.259231666416, 0.0113132252975, 0.252146082774, 0.356180547797, 6.31637090157
0.0916365855222, 0.0324315329841, 0.0293145469376, 0.0279182097243, 0.0643280481628, 0.0270085507401, 0.408714657395, 0.259231666416, 0.0113132252975, 0.252146082774, 0.356180547797, 6.31637090157
0.0684643564163, 0.0324315329841, 0.0293145469376, 0.0182816785257, 0.0643280481628, 0.0270085507401, 0.408714657395, 0.259231666416, 0.0113132252975, 0.252146082774, 0.401104910955, 6.29936054925
0.0684643564163, 0.0324315329841, 0.0293145469376, 0.0182816785257, 0.0643280481628, 0.0270085507401, 0.408714657395, 0.259231666416, 0.0113132252975, 0.252146082774, 0.401104910955, 6.29936054925
0.0855680451695, 0.0324315329841, 0.0293145469376, 0.0279182097243, 0.615223096019, 0.104402485718, 0.00254380267469, 0.328290380114, 0.00668365206306, 0.228228482177, 0.293616423357, 6.61377679212
0.0855680451695, 0.0324315329841, 0.0293145469376, 0.0279182097243, 0.615223096019, 0.104402485718, 0.00254380267469, 0.328290380114, 0.00668365206306, 0.228228482177, 0.293616423357, 6.61377679212
0.0777640119512, 0.336325011867, 0.423332875012, 0.246191486134, 0.254529631187, 0.00829147604861, 0.00254380267469, 0.172578819953, 0.472323661442, 0.13350096878, 0.291197869111, 7.20552625836
0.0777640119512, 0.336325011867, 0.423332875012, 0.246191486134, 0.254529631187, 0.00829147604861, 0.00254380267469, 0.172578819953, 0.472323661442, 0.13350096878, 0.291197869111, 7.20552625836
0.0818233714825, 0.106081794428, 0.384317438898, 0.217372459674, 0.0451113948758, 0.664080556453, 0.0944838841742, 0.27965557073, 0.148326602921, 0.306331743636, 0.280877880451, 7.35024412739
0.0818233714825, 0.106081794428, 0.384317438898, 0.217372459674, 0.0451113948758, 0.664080556453, 0.0944838841742, 0.27965557073, 0.148326602921, 0.306331743636, 0.280877880451, 7.35024412739
0.0197629241948, 0.020690667776, 0.0652934199196, 0.00538969000605, 0.561315202476, 0.0155118765381, 0.00820887948317, 0.0991063692234, 0.0113132252975, 0.394812797419, 0.997852007904, 6.26240167821
0.0197629241948, 0.020690667776, 0.0652934199196, 0.00538969000605, 0.561315202476, 0.0155118765381, 0.00820887948317, 0.0991063692234, 0.0113132252975, 0.394812797419, 0.997852007904, 6.26240167821
0.0916365855222, 0.179841872208, 0.0576647766646, 0.0109280093953, 0.72247578902, 0.0155118765381, 0.0438451629992, 0.27327994603, 0.00981619456229, 0.0159456053321, 0.356180547797, 6.5601293681
0.0916365855222, 0.179841872208, 0.0576647766646, 0.0109280093953, 0.72247578902, 0.0155118765381, 0.0438451629992, 0.27327994603, 0.00981619456229, 0.0159456053321, 0.356180547797, 6.5601293681
0.0916365855222, 0.179841872208, 0.0576647766646, 0.0109280093953, 0.72247578902, 0.0155118765381, 0.0438451629992, 0.27327994603, 0.00981619456229, 0.0159456053321, 0.356180547797, 6.5601293681
0.0916365855222, 0.179841872208, 0.0576647766646, 0.0109280093953, 0.72247578902, 0.0155118765381, 0.0438451629992, 0.27327994603, 0.00981619456229, 0.0159456053321, 0.356180547797, 6.5601293681
0.0711113344689, 0.383290243154, 0.0128958412299, 0.340318610996, 0.0240832550178, 0.0146053608996, 8.535259891e-05, 0.242273925302, 0.223664230076, 0.00676990116318, 0.359238427734, 6.47217010843
0.0711113344689, 0.383290243154, 0.0128958412299, 0.340318610996, 0.0240832550178, 0.0146053608996, 8.535259891e-05, 0.242273925302, 0.223664230076, 0.00676990116318, 0.359238427734, 6.47217010843
0.0684643564163, 0.0324315329841, 0.0293145469376, 0.0279182097243, 0.0643280481628, 0.0270085507401, 0.408714657395, 0.266240355159, 0.0113132252975, 0.252146082774, 0.401104910955, 6.31942104869
0.0684643564163, 0.0324315329841, 0.0293145469376, 0.0279182097243, 0.0643280481628, 0.0270085507401, 0.408714657395, 0.266240355159, 0.0113132252975, 0.252146082774, 0.401104910955, 6.31942104869
0.0352864251461, 0.020690667776, 0.0652934199196, 0.146181658925, 0.0183441888891, 0.00399039158595, 0.0268645041297, 0.514432157572, 0.0113132252975, 0.394812797419, 0.952015023242, 6.29993260634
0.0352864251461, 0.020690667776, 0.0652934199196, 0.146181658925, 0.0183441888891, 0.00399039158595, 0.0268645041297, 0.514432157572, 0.0113132252975, 0.394812797419, 0.952015023242, 6.29993260634
0.0855680451695, 0.00534005702044, 0.399259648734, 0.00613315537232, 0.219875971909, 0.65661057927, 0.0438451629992, 0.016940037038, 0.000631247847439, 0.061371283833, 0.293616423357, 6.64928592976
0.0855680451695, 0.00534005702044, 0.399259648734, 0.00613315537232, 0.219875971909, 0.65661057927, 0.0438451629992, 0.016940037038, 0.000631247847439, 0.061371283833, 0.293616423357, 6.64928592976
0.0777640119512, 0.336325011867, 0.423332875012, 0.246191486134, 0.254529631187, 0.00829147604861, 0.00254380267469, 0.172578819953, 0.472323661442, 0.201669896856, 0.291197869111, 7.2566718844
0.0777640119512, 0.336325011867, 0.423332875012, 0.246191486134, 0.254529631187, 0.00829147604861, 0.00254380267469, 0.172578819953, 0.472323661442, 0.201669896856, 0.291197869111, 7.2566718844
0.0818233714825, 0.06759500606, 0.384317438898, 0.217372459674, 0.0277778756403, 0.664080556453, 0.211906377465, 0.27965557073, 0.148326602921, 0.306331743636, 0.280877880451, 7.39348594216
0.0818233714825, 0.06759500606, 0.384317438898, 0.217372459674, 0.0277778756403, 0.664080556453, 0.211906377465, 0.27965557073, 0.148326602921, 0.306331743636, 0.280877880451, 7.39348594216
0.0197629241948, 0.020690667776, 0.0652934199196, 0.00794372249729, 0.561315202476, 0.0155118765381, 0.00820887948317, 0.0991063692234, 0.0113132252975, 0.394812797419, 0.997852007904, 6.26539740532
0.0197629241948, 0.020690667776, 0.0652934199196, 0.00794372249729, 0.561315202476, 0.0155118765381, 0.00820887948317, 0.0991063692234, 0.0113132252975, 0.394812797419, 0.997852007904, 6.26539740532
0.0818233714825, 0.161858894003, 0.324566793261, 0.217372459674, 0.104836032568, 0.227200723387, 0.000139167855764, 0.168727135603, 0.559497495504, 0.61724856372, 0.280877880451, 7.44435616383
0.0818233714825, 0.161858894003, 0.324566793261, 0.217372459674, 0.104836032568, 0.227200723387, 0.000139167855764, 0.168727135603, 0.559497495504, 0.61724856372, 0.280877880451, 7.44435616383
0.0711113344689, 0.383290243154, 0.0128958412299, 0.340318610996, 0.0240832550178, 0.0146053608996, 0.000121696044739, 0.242273925302, 0.223664230076, 0.00676990116318, 0.359238427734, 6.47221021482
0.107820776853, 0.0916750287473, 0.0790263900862, 0.186148459014, 0.133120983297, 0.0125011093636, 0.0093757583119, 0.0234604611962, 0.416667610389, 0.259860215897, 0.665299541988, 6.38323253137
0.0855680451695, 0.0324315329841, 0.0293145469376, 0.0279182097243, 0.615223096019, 0.104402485718, 5.94988058743e-05, 0.724432277386, 0.00668365206306, 0.228228482177, 0.293616423357, 6.9799913214
0.0212402544205, 0.0559309889869, 0.198064990202, 0.00018629004453, 0.111530265313, 0.00748455961902, 0.179692104683, 0.495450029047, 0.0674191421137, 0.107536612955, 0.996779853595, 6.31098721825
0.0777640119512, 0.296562633975, 0.423332875012, 0.246191486134, 0.276222842584, 0.00829147604861, 0.000641922110464, 0.0563169796968, 0.472323661442, 0.44610118831, 0.291197869111, 7.33536976677
0.114472798103, 0.383290243154, 0.0128958412299, 0.124860350259, 0.00743612323656, 0.0146053608996, 0.0111183559502, 0.242273925302, 0.156764180601, 0.272146004508, 0.789215735397, 6.37070438855
0.107820776853, 0.0916750287473, 0.0790263900862, 0.186148459014, 0.133120983297, 0.0125011093636, 0.0093757583119, 0.0234604611962, 0.416667610389, 0.259860215897, 0.665299541988, 6.38323253137
0.114472798103, 0.383290243154, 0.0128958412299, 0.124860350259, 0.00743612323656, 0.0146053608996, 0.0111183559502, 0.242273925302, 0.156764180601, 0.272146004508, 0.789215735397, 6.37070438855
0.0736142756232, 0.175261415745, 0.212144669458, 0.00210016774362, 0.128411058191, 0.00487924606017, 0.148452231385, 0.0818006773491, 0.661813802029, 0.203833475537, 0.326799477271, 6.84545481066
0.0916365855222, 0.179841872208, 0.0576647766646, 0.0109280093953, 0.72247578902, 0.114805196906, 0.0438451629992, 0.27327994603, 0.00981619456229, 0.0159456053321, 0.356180547797, 6.6618136912
0.0916365855222, 0.179841872208, 0.0576647766646, 0.0109280093953, 0.72247578902, 0.114805196906, 0.0438451629992, 0.27327994603, 0.00981619456229, 0.0159456053321, 0.356180547797, 6.6618136912
0.0736142756232, 0.175261415745, 0.212144669458, 0.00210016774362, 0.128411058191, 0.00487924606017, 0.148452231385, 0.0818006773491, 0.661813802029, 0.203833475537, 0.326799477271, 6.84545481066
0.0855680451695, 0.0324315329841, 0.0293145469376, 0.0279182097243, 0.615223096019, 0.104402485718, 5.94988058743e-05, 0.724432277386, 0.00668365206306, 0.228228482177, 0.293616423357, 6.9799913214
0.0777640119512, 0.296562633975, 0.423332875012, 0.246191486134, 0.276222842584, 0.00829147604861, 0.000641922110464, 0.0563169796968, 0.472323661442, 0.44610118831, 0.291197869111, 7.33536976677
0.0711113344689, 0.383290243154, 0.0128958412299, 0.340318610996, 0.0240832550178, 0.0146053608996, 0.000121696044739, 0.242273925302, 0.223664230076, 0.00676990116318, 0.359238427734, 6.47221021482
0.0212402544205, 0.0559309889869, 0.198064990202, 0.00018629004453, 0.111530265313, 0.00748455961902, 0.179692104683, 0.495450029047, 0.0674191421137, 0.107536612955, 0.996779853595, 6.31098721825
0.114472798103, 0.383290243154, 0.0128958412299, 0.124860350259, 0.00743612323656, 0.0146053608996, 0.0111183559502, 0.242273925302, 0.156764180601, 0.272146004508, 0.789215735397, 6.37070438855
0.114472798103, 0.383290243154, 0.0128958412299, 0.124860350259, 0.00743612323656, 0.0146053608996, 0.0111183559502, 0.242273925302, 0.156764180601, 0.272146004508, 0.789215735397, 6.37070438855
0.114472798103, 0.383290243154, 0.0128958412299, 0.124860350259, 0.00743612323656, 0.0146053608996, 0.0111183559502, 0.242273925302, 0.156764180601, 0.272146004508, 0.789215735397, 6.37070438855
0.114472798103, 0.383290243154, 0.0128958412299, 0.124860350259, 0.00743612323656, 0.0146053608996, 0.0111183559502, 0.242273925302, 0.156764180601, 0.272146004508, 0.789215735397, 6.37070438855
0.0916365855222, 0.179841872208, 0.0576647766646, 0.0109280093953, 0.72247578902, 0.114805196906, 0.0438451629992, 0.27327994603, 0.00981619456229, 0.0159456053321, 0.356180547797, 6.6618136912
0.0916365855222, 0.179841872208, 0.0576647766646, 0.0109280093953, 0.72247578902, 0.114805196906, 0.0438451629992, 0.27327994603, 0.00981619456229, 0.0159456053321, 0.356180547797, 6.6618136912
