0.0818233714825, 0.296562633975, 0.384317438898, 0.217372459674, 0.936444117454, 0.664080556453, 0.0944838841742, 0.159020672632, 0.559497495504, 0.306331743636, 0.280877880451, 8.1567610128
0.0818233714825, 0.296562633975, 0.384317438898, 0.217372459674, 0.936444117454, 0.664080556453, 0.0944838841742, 0.159020672632, 0.559497495504, 0.306331743636, 0.280877880451, 8.1567610128
0.0855680451695, 0.594654666515, 0.423332875012, 0.246191486134, 0.640690311457, 0.130159599728, 0.00264647227652, 0.0563169796968, 0.0899692603588, 0.0441288086637, 0.293616423357, 7.33667988191
0.0855680451695, 0.594654666515, 0.423332875012, 0.246191486134, 0.640690311457, 0.130159599728, 0.00264647227652, 0.0563169796968, 0.0899692603588, 0.0441288086637, 0.293616423357, 7.33667988191
0.0916365855222, 0.0324315329841, 0.0293145469376, 0.0279182097243, 0.0643280481628, 0.0155118765381, 0.473739804219, 0.328290380114, 0.0113132252975, 0.252146082774, 0.356180547797, 6.45811296537
0.0916365855222, 0.0324315329841, 0.0293145469376, 0.0279182097243, 0.0643280481628, 0.0155118765381, 0.473739804219, 0.328290380114, 0.0113132252975, 0.252146082774, 0.356180547797, 6.45811296537
0.0818233714825, 0.296562633975, 0.578304837419, 0.217372459674, 0.640690311457, 0.664080556453, 0.00274510300112, 0.159020672632, 0.559497495504, 0.912367094768, 0.280877880451, 8.35306777107
0.0818233714825, 0.296562633975, 0.578304837419, 0.217372459674, 0.640690311457, 0.664080556453, 0.00274510300112, 0.159020672632, 0.559497495504, 0.912367094768, 0.280877880451, 8.35306777107
0.0803828384568, 0.0146910515842, 0.545807095891, 0.0155872103515, 0.711576692674, 0.733947783342, 0.361527173603, 0.22589157133, 0.3722927829, 0.706808286343, 0.281662237294, 8.19117057111
0.0803828384568, 0.0146910515842, 0.545807095891, 0.0155872103515, 0.711576692674, 0.733947783342, 0.361527173603, 0.22589157133, 0.3722927829, 0.706808286343, 0.281662237294, 8.19117057111
0.0736142756232, 0.175261415745, 0.212144669458, 0.00210016774362, 0.165855462712, 0.00487924606017, 0.148452231385, 0.495450029047, 0.835949199291, 0.203833475537, 0.326799477271, 7.34515038515
0.0736142756232, 0.175261415745, 0.212144669458, 0.00210016774362, 0.165855462712, 0.00487924606017, 0.148452231385, 0.495450029047, 0.835949199291, 0.203833475537, 0.326799477271, 7.34515038515
0.0855680451695, 0.296562633975, 0.423332875012, 0.246191486134, 0.703238162687, 0.130159599728, 0.00254380267469, 0.0563169796968, 0.472323661442, 0.201669896856, 0.293616423357, 7.54343249997
0.0855680451695, 0.296562633975, 0.423332875012, 0.246191486134, 0.703238162687, 0.130159599728, 0.00254380267469, 0.0563169796968, 0.472323661442, 0.201669896856, 0.293616423357, 7.54343249997
0.0916365855222, 0.179841872208, 0.0576647766646, 0.00107371570312, 0.72247578902, 0.0155118765381, 0.0438451629992, 0.884954880041, 0.0113132252975, 0.0994005548464, 0.356180547797, 7.17404552693
0.0916365855222, 0.179841872208, 0.0576647766646, 0.00107371570312, 0.72247578902, 0.0155118765381, 0.0438451629992, 0.884954880041, 0.0113132252975, 0.0994005548464, 0.356180547797, 7.17404552693
0.0224927020856, 0.259323431524, 0.226396853659, 0.00374739613884, 0.00680075395291, 0.00165858024871, 0.179692104683, 0.484772990504, 0.176876818388, 0.107536612955, 0.995569608583, 6.55085285419
0.0224927020856, 0.259323431524, 0.226396853659, 0.00374739613884, 0.00680075395291, 0.00165858024871, 0.179692104683, 0.484772990504, 0.176876818388, 0.107536612955, 0.995569608583, 6.55085285419
0.114472798103, 0.383290243154, 0.0128958412299, 0.124860350259, 0.0240832550178, 0.0146053608996, 0.0111183559502, 0.242273925302, 0.916875654887, 0.0338109956037, 0.789215735397, 6.89905251013
0.114472798103, 0.383290243154, 0.0128958412299, 0.124860350259, 0.0240832550178, 0.0146053608996, 0.0111183559502, 0.242273925302, 0.916875654887, 0.0338109956037, 0.789215735397, 6.89905251013
0.267779841194, 0.00534005702044, 0.0652934199196, 0.00403100899987, 0.35255599622, 0.0155118765381, 0.0438451629992, 0.991429802579, 0.0113132252975, 0.394812797419, 0.756973212927, 7.00694737315
0.267779841194, 0.00534005702044, 0.0652934199196, 0.00403100899987, 0.35255599622, 0.0155118765381, 0.0438451629992, 0.991429802579, 0.0113132252975, 0.394812797419, 0.756973212927, 7.00694737315
0.267779841194, 0.00534005702044, 0.0652934199196, 0.00403100899987, 0.35255599622, 0.0155118765381, 0.0438451629992, 0.991429802579, 0.0113132252975, 0.394812797419, 0.756973212927, 7.00694737315
0.267779841194, 0.00534005702044, 0.0652934199196, 0.00403100899987, 0.35255599622, 0.0155118765381, 0.0438451629992, 0.991429802579, 0.0113132252975, 0.394812797419, 0.756973212927, 7.00694737315
0.428094640641, 0.0916750287473, 0.0790263900862, 0.0874247560633, 0.242933318539, 0.773934869654, 0.0889376893324, 0.0234604611962, 0.0150198666104, 0.0901864486041, 0.843183031574, 6.63795095073
0.428094640641, 0.0916750287473, 0.0790263900862, 0.0874247560633, 0.242933318539, 0.773934869654, 0.0889376893324, 0.0234604611962, 0.0150198666104, 0.0901864486041, 0.843183031574, 6.63795095073
0.265813479355, 0.175261415745, 0.168266658744, 0.00210016774362, 0.165855462712, 0.00487924606017, 0.179692104683, 0.495450029047, 0.497785687502, 0.203833475537, 0.736538227846, 7.01858118567
0.265813479355, 0.175261415745, 0.168266658744, 0.00210016774362, 0.165855462712, 0.00487924606017, 0.179692104683, 0.495450029047, 0.497785687502, 0.203833475537, 0.736538227846, 7.01858118567
0.0711113344689, 0.383290243154, 0.0128958412299, 0.340318610996, 0.0240832550178, 0.0146053608996, 0.0111183559502, 0.242273925302, 0.916875654887, 0.0396322737214, 0.359238427734, 7.1497506009
0.0711113344689, 0.383290243154, 0.0128958412299, 0.340318610996, 0.0240832550178, 0.0146053608996, 0.0111183559502, 0.242273925302, 0.916875654887, 0.0396322737214, 0.359238427734, 7.1497506009
0.0818233714825, 0.296562633975, 0.578304837419, 0.979318567686, 0.640690311457, 0.664080556453, 0.363096581724, 0.159020672632, 0.559497495504, 0.912367094768, 0.280877880451, 8.81987193785
0.0818233714825, 0.296562633975, 0.578304837419, 0.979318567686, 0.640690311457, 0.664080556453, 0.363096581724, 0.159020672632, 0.559497495504, 0.912367094768, 0.280877880451, 8.81987193785
0.0803828384568, 0.16026203819, 0.287694918395, 0.219985019377, 0.502785848319, 0.625878944521, 0.361527173603, 0.22589157133, 0.3722927829, 0.986663274624, 0.281662237294, 8.2178275817
0.0803828384568, 0.16026203819, 0.287694918395, 0.219985019377, 0.502785848319, 0.625878944521, 0.361527173603, 0.22589157133, 0.3722927829, 0.986663274624, 0.281662237294, 8.2178275817
0.0855680451695, 0.105302731618, 0.271633306956, 0.246191486134, 0.796190962832, 0.664080556453, 0.00423950130031, 0.00871697802011, 0.472323661442, 0.357291344073, 0.293616423357, 7.784878986
0.0855680451695, 0.105302731618, 0.271633306956, 0.246191486134, 0.796190962832, 0.664080556453, 0.00423950130031, 0.00871697802011, 0.472323661442, 0.357291344073, 0.293616423357, 7.784878986
0.0916365855222, 0.179841872208, 0.0576647766646, 0.0279182097243, 0.72247578902, 0.0155118765381, 0.0438451629992, 0.927756693616, 0.0113132252975, 0.0994005548464, 0.356180547797, 7.22696852644
0.0916365855222, 0.179841872208, 0.0576647766646, 0.0279182097243, 0.72247578902, 0.0155118765381, 0.0438451629992, 0.927756693616, 0.0113132252975, 0.0994005548464, 0.356180547797, 7.22696852644
0.0352864251461, 0.020690667776, 0.0652934199196, 0.00969762463515, 0.561315202476, 0.0155118765381, 0.0268645041297, 0.514432157572, 0.0113132252975, 0.394812797419, 0.952015023242, 6.73006077907
0.0352864251461, 0.020690667776, 0.0652934199196, 0.00969762463515, 0.561315202476, 0.0155118765381, 0.0268645041297, 0.514432157572, 0.0113132252975, 0.394812797419, 0.952015023242, 6.73006077907
0.428094640641, 0.0916750287473, 0.0790263900862, 0.186148459014, 0.242933318539, 0.773934869654, 0.0252600130465, 0.0234604611962, 0.0150198666104, 0.259860215897, 0.843183031574, 6.82835147822
0.428094640641, 0.0916750287473, 0.0790263900862, 0.186148459014, 0.242933318539, 0.773934869654, 0.0252600130465, 0.0234604611962, 0.0150198666104, 0.259860215897, 0.843183031574, 6.82835147822
0.265813479355, 0.175261415745, 0.392467905218, 0.00210016774362, 0.0183441888891, 0.00399039158595, 0.179692104683, 0.495450029047, 0.597752244179, 0.0523588224411, 0.736538227846, 7.03825018508
0.265813479355, 0.175261415745, 0.392467905218, 0.00210016774362, 0.0183441888891, 0.00399039158595, 0.179692104683, 0.495450029047, 0.597752244179, 0.0523588224411, 0.736538227846, 7.03825018508
0.0803828384568, 0.16026203819, 0.907109471883, 0.172240283574, 0.99091898225, 0.0312169738206, 0.361527173603, 0.0512418094113, 0.3722927829, 0.710988787568, 0.281662237294, 8.22497790399
0.0803828384568, 0.16026203819, 0.907109471883, 0.172240283574, 0.99091898225, 0.0312169738206, 0.361527173603, 0.0512418094113, 0.3722927829, 0.710988787568, 0.281662237294, 8.22497790399
0.0855680451695, 0.0508577561925, 0.384317438898, 0.246191486134, 0.803250224414, 0.664080556453, 0.00423950130031, 0.00871697802011, 0.472323661442, 0.357291344073, 0.293616423357, 7.82253478852
0.0855680451695, 0.0508577561925, 0.384317438898, 0.246191486134, 0.803250224414, 0.664080556453, 0.00423950130031, 0.00871697802011, 0.472323661442, 0.357291344073, 0.293616423357, 7.82253478852
0.0916365855222, 0.573958587145, 0.0293145469376, 0.0279182097243, 0.0643280481628, 0.0155118765381, 0.209489288808, 0.791687166622, 0.0102035200166, 0.394812797419, 0.356180547797, 7.25046662937
0.0916365855222, 0.573958587145, 0.0293145469376, 0.0279182097243, 0.0643280481628, 0.0155118765381, 0.209489288808, 0.791687166622, 0.0102035200166, 0.394812797419, 0.356180547797, 7.25046662937
0.0218038229811, 0.175261415745, 0.16533116426, 0.00018629004453, 0.165855462712, 0.00165858024871, 0.179692104683, 0.495450029047, 0.484230894197, 0.107536612955, 0.996273087191, 6.85598762717
0.0218038229811, 0.175261415745, 0.16533116426, 0.00018629004453, 0.165855462712, 0.00165858024871, 0.179692104683, 0.495450029047, 0.484230894197, 0.107536612955, 0.996273087191, 6.85598762717
0.428094640641, 0.0916750287473, 0.0790263900862, 0.186148459014, 0.242933318539, 0.773934869654, 0.0889376893324, 0.0234604611962, 0.101813932526, 0.259860215897, 0.843183031574, 6.9574926209
0.428094640641, 0.0916750287473, 0.0790263900862, 0.186148459014, 0.242933318539, 0.773934869654, 0.0889376893324, 0.0234604611962, 0.101813932526, 0.259860215897, 0.843183031574, 6.9574926209
0.114472798103, 0.383290243154, 0.0128958412299, 0.340318610996, 0.0240832550178, 0.0146053608996, 0.0111183559502, 0.242273925302, 0.916875654887, 0.0396322737214, 0.789215735397, 7.08085745119
0.114472798103, 0.383290243154, 0.0128958412299, 0.340318610996, 0.0240832550178, 0.0146053608996, 0.0111183559502, 0.242273925302, 0.916875654887, 0.0396322737214, 0.789215735397, 7.08085745119
0.265813479355, 0.175261415745, 0.168266658744, 0.00210016774362, 0.165855462712, 0.00487924606017, 0.179692104683, 0.495450029047, 0.597752244179, 0.203833475537, 0.736538227846, 7.09833860757
0.265813479355, 0.175261415745, 0.168266658744, 0.00210016774362, 0.165855462712, 0.00487924606017, 0.179692104683, 0.495450029047, 0.597752244179, 0.203833475537, 0.736538227846, 7.09833860757
0.411276221099, 0.0916750287473, 0.0790263900862, 0.0874247560633, 0.242933318539, 0.773934869654, 0.0889376893324, 0.0234604611962, 0.0150198666104, 0.561095671546, 0.812903467784, 7.0585102687
0.411276221099, 0.0916750287473, 0.0790263900862, 0.0874247560633, 0.242933318539, 0.773934869654, 0.0889376893324, 0.0234604611962, 0.0150198666104, 0.561095671546, 0.812903467784, 7.0585102687
0.0803828384568, 0.16026203819, 0.786478150011, 0.219985019377, 0.502785848319, 0.625878944521, 0.361527173603, 0.22589157133, 0.3722927829, 0.66279772429, 0.281662237294, 8.30092207064
0.0803828384568, 0.16026203819, 0.786478150011, 0.219985019377, 0.502785848319, 0.625878944521, 0.361527173603, 0.22589157133, 0.3722927829, 0.66279772429, 0.281662237294, 8.30092207064
0.0855680451695, 0.296562633975, 0.423332875012, 0.246191486134, 0.640690311457, 0.130159599728, 0.15482802406, 0.0563169796968, 0.472323661442, 0.603515471766, 0.293616423357, 7.84113335683
0.0855680451695, 0.296562633975, 0.423332875012, 0.246191486134, 0.640690311457, 0.130159599728, 0.15482802406, 0.0563169796968, 0.472323661442, 0.603515471766, 0.293616423357, 7.84113335683
0.0855680451695, 0.296562633975, 0.423332875012, 0.246191486134, 0.640690311457, 0.130159599728, 0.15482802406, 0.0563169796968, 0.472323661442, 0.603515471766, 0.293616423357, 7.84113335683
0.0855680451695, 0.296562633975, 0.423332875012, 0.246191486134, 0.640690311457, 0.130159599728, 0.15482802406, 0.0563169796968, 0.472323661442, 0.603515471766, 0.293616423357, 7.84113335683
0.0916365855222, 0.46226012072, 0.0293145469376, 0.0279182097243, 0.0643280481628, 0.0155118765381, 0.232343700629, 0.896830680103, 0.0113132252975, 0.394812797419, 0.356180547797, 7.2633425964
0.0916365855222, 0.46226012072, 0.0293145469376, 0.0279182097243, 0.0643280481628, 0.0155118765381, 0.232343700629, 0.896830680103, 0.0113132252975, 0.394812797419, 0.356180547797, 7.2633425964
0.00107379338868, 0.0226573254452, 0.645712847756, 0.00370168103229, 0.165855462712, 0.00165858024871, 0.179692104683, 0.495450029047, 0.176876818388, 0.107536612955, 0.999999999932, 6.87545308696
0.00107379338868, 0.0226573254452, 0.645712847756, 0.00370168103229, 0.165855462712, 0.00165858024871, 0.179692104683, 0.495450029047, 0.176876818388, 0.107536612955, 0.999999999932, 6.87545308696
0.0352864251461, 0.020690667776, 0.0652934199196, 0.00969762463515, 0.561315202476, 0.0155118765381, 0.0268645041297, 0.514432157572, 0.330949055699, 0.394812797419, 0.952015023242, 7.00500577709
0.0352864251461, 0.020690667776, 0.0652934199196, 0.00969762463515, 0.561315202476, 0.0155118765381, 0.0268645041297, 0.514432157572, 0.330949055699, 0.394812797419, 0.952015023242, 7.00500577709
0.0224927020856, 0.259323431524, 0.645712847756, 0.00374739613884, 0.00680075395291, 0.00165858024871, 0.179692104683, 0.517081200894, 0.176876818388, 0.107536612955, 0.995569608583, 6.95969383814
0.0224927020856, 0.259323431524, 0.645712847756, 0.00374739613884, 0.00680075395291, 0.00165858024871, 0.179692104683, 0.517081200894, 0.176876818388, 0.107536612955, 0.995569608583, 6.95969383814
0.265813479355, 0.175261415745, 0.168266658744, 0.00210016774362, 0.165855462712, 0.0179126983392, 0.179692104683, 0.495450029047, 0.597752244179, 0.203833475537, 0.736538227846, 7.10851330001
0.265813479355, 0.175261415745, 0.168266658744, 0.00210016774362, 0.165855462712, 0.0179126983392, 0.179692104683, 0.495450029047, 0.597752244179, 0.203833475537, 0.736538227846, 7.10851330001
0.428094640641, 0.0916750287473, 0.0790263900862, 0.161997995921, 0.242933318539, 0.755243290024, 0.0522290502755, 0.328290380114, 0.0101575018525, 0.259860215897, 0.843183031574, 7.06566649561
0.428094640641, 0.0916750287473, 0.0790263900862, 0.161997995921, 0.242933318539, 0.755243290024, 0.0522290502755, 0.328290380114, 0.0101575018525, 0.259860215897, 0.843183031574, 7.06566649561
0.0803828384568, 0.0611117184387, 0.874038665699, 0.425996691109, 0.99091898225, 0.0312169738206, 0.382121129084, 0.0512418094113, 0.3722927829, 0.793979496533, 0.281662237294, 8.33109961167
0.0803828384568, 0.0611117184387, 0.874038665699, 0.425996691109, 0.99091898225, 0.0312169738206, 0.382121129084, 0.0512418094113, 0.3722927829, 0.793979496533, 0.281662237294, 8.33109961167
0.0224927020856, 0.318186267524, 0.120029646022, 0.00374739613884, 0.155894320742, 0.00487924606017, 0.179692104683, 0.495450029047, 0.597752244179, 0.0288061454763, 0.995569608583, 6.96460821308
0.0224927020856, 0.318186267524, 0.120029646022, 0.00374739613884, 0.155894320742, 0.00487924606017, 0.179692104683, 0.495450029047, 0.597752244179, 0.0288061454763, 0.995569608583, 6.96460821308
0.0916365855222, 0.189850937735, 0.0652934199196, 0.0279182097243, 0.561315202476, 0.0155118765381, 0.00428997423309, 0.884954880041, 0.0412409914335, 0.394812797419, 0.356180547797, 7.30029186029
0.265813479355, 0.175261415745, 0.241656061788, 0.241990326109, 0.165855462712, 0.00487924606017, 0.179692104683, 0.495450029047, 0.597752244179, 0.00606949374174, 0.736538227846, 7.1868271082
0.0855680451695, 0.105302731618, 0.485140153005, 0.246191486134, 0.919000634955, 0.41344878164, 0.00423950130031, 0.0668150058228, 0.472323661442, 0.362921357502, 0.293616423357, 7.87014247086
0.0855680451695, 0.105302731618, 0.485140153005, 0.246191486134, 0.919000634955, 0.41344878164, 0.00423950130031, 0.0668150058228, 0.472323661442, 0.362921357502, 0.293616423357, 7.87014247086
0.781882448014, 0.0916750287473, 0.0790263900862, 0.213788940751, 0.242933318539, 0.756101483983, 0.0889376893324, 0.328290380114, 0.0101575018525, 0.259860215897, 0.986203034137, 7.09879326604
0.428094640641, 0.0916750287473, 0.0790263900862, 0.161997995921, 0.242933318539, 0.770607357537, 0.0889376893324, 0.349158512022, 0.0101575018525, 0.259860215897, 0.843183031574, 7.12240514156
0.0916365855222, 0.189850937735, 0.0652934199196, 0.0279182097243, 0.561315202476, 0.0155118765381, 0.00428997423309, 0.884954880041, 0.0412409914335, 0.394812797419, 0.356180547797, 7.30029186029
0.265813479355, 0.175261415745, 0.241656061788, 0.241990326109, 0.165855462712, 0.00487924606017, 0.179692104683, 0.495450029047, 0.597752244179, 0.00606949374174, 0.736538227846, 7.1868271082
0.114472798103, 0.383290243154, 0.0128958412299, 0.340318610996, 0.0240832550178, 0.0146053608996, 0.0997373768135, 0.242273925302, 0.916875654887, 0.0396322737214, 0.789215735397, 7.1493830273
0.114472798103, 0.383290243154, 0.0128958412299, 0.340318610996, 0.0240832550178, 0.0146053608996, 0.0997373768135, 0.242273925302, 0.916875654887, 0.0396322737214, 0.789215735397, 7.1493830273
