7.16878115015e-06, 1.25672259813, 0.455760479276, -0.0105252000574, 0.484954708074, -0.0272802812189, -3.07140281925, -2.86416063511, -1.06066740554, -0.965621470866, 7.16878115015e-06, 63.8423419955
0.000743459157486, 1.48140365617, 0.455760479276, -0.0105252000574, 0.484954708074, -0.0272802812189, 0.366210071228, 1.42169091834, 0.966429437918, -4.37584064167, 0.000743459157486, 54.837668333
0.00476755745666, 1.49877744476, -1.17898040912, 0.871455557333, 0.484954708074, -0.0272802812189, 0.439856113761, -3.07427832296, -1.04076597348, -0.965621470866, 0.00476755745666, 53.7476643881
7.16878115015e-06, 1.25672259813, 0.455760479276, -0.0105252000574, 0.484954708074, -0.0272802812189, -3.07140281925, -2.86416063511, -1.06066740554, -0.965621470866, 7.16878115015e-06, 63.8423419955
0.000743459157486, 1.48140365617, 0.455760479276, -0.0105252000574, 0.484954708074, -0.0272802812189, 0.366210071228, 1.42169091834, 0.966429437918, -4.37584064167, 0.000743459157486, 54.837668333
0.00476755745666, 1.49877744476, -1.17898040912, 0.871455557333, 0.484954708074, -0.0272802812189, 0.439856113761, -3.07427832296, -1.04076597348, -0.965621470866, 0.00476755745666, 53.7476643881
0.000820717802397, -1.07491884109, 1.35309749244, -1.47050866374, -3.08750609679, -0.0272802812189, 0.439856113761, -3.07427832296, 0.966429437918, -0.965621470866, 0.000820717802397, 59.3135967495
0.000943245596012, 1.48140365617, 0.455760479276, -0.0105252000574, 0.484954708074, -0.0272802812189, -3.07140281925, 1.42169091834, 0.966429437918, -4.37584064167, 0.000943245596012, 56.7973157327
0.000820717802397, -1.07491884109, 1.35309749244, -1.47050866374, -3.08750609679, -0.0272802812189, 0.439856113761, -3.07427832296, 0.966429437918, -0.965621470866, 0.000820717802397, 59.3135967495
0.000943245596012, 1.48140365617, 0.455760479276, -0.0105252000574, 0.484954708074, -0.0272802812189, -3.07140281925, 1.42169091834, 0.966429437918, -4.37584064167, 0.000943245596012, 56.7973157327
7.16878115015e-06, 1.25672259813, 1.85248740552, -0.0105252000574, 0.484954708074, -0.0272802812189, -4.9990945449, 1.42169091834, -1.04076597348, -0.965621470866, 7.16878115015e-06, 75.5447052669
7.16878115015e-06, 1.25672259813, 1.85248740552, -0.0105252000574, 0.484954708074, -0.0272802812189, -4.9990945449, 1.42169091834, -1.04076597348, -0.965621470866, 7.16878115015e-06, 75.5447052669
0.874638416457, 0.367305265489, -3.44897415061, -0.0575963526831, -1.53523002975, 0.865504031556, -0.990344582399, -2.00674063132, -0.544013053488, 1.42498403585, 0.874638416457, 56.7977570076
0.874638416457, 0.367305265489, -3.44897415061, -0.0575963526831, -1.53523002975, 0.865504031556, -0.990344582399, -2.00674063132, -0.544013053488, 1.42498403585, 0.874638416457, 56.7977570076
0.00331142287413, 1.58597235661, 0.455760479276, 1.4845913791, 0.484954708074, -0.0272802812189, 0.439856113761, -3.07427832296, 0.966429437918, -4.37584064167, 0.00331142287413, 61.1751369196
0.00331142287413, 1.58597235661, 0.455760479276, 1.4845913791, 0.484954708074, -0.0272802812189, 0.439856113761, -3.07427832296, 0.966429437918, -4.37584064167, 0.00331142287413, 61.1751369196
7.16878115015e-06, 2.55436243589, 0.455760479276, -1.47050866374, -0.59991402951, -3.63790204217, -2.93800876201, -3.07427832296, -1.39137219198, 4.54252759817, 7.16878115015e-06, 103.369618512
1.1403715246e-05, 1.49877744476, -1.17898040912, -2.95514592538, 1.1540820349, -1.88225841609, 0.439856113761, -3.07427832296, 0.966429437918, -2.36194975794, 1.1403715246e-05, 94.1684878159
7.16878115015e-06, 2.55436243589, 0.455760479276, -1.47050866374, -0.59991402951, -3.63790204217, -2.93800876201, -3.07427832296, -1.39137219198, 4.54252759817, 7.16878115015e-06, 103.369618512
1.1403715246e-05, 1.49877744476, -1.17898040912, -2.95514592538, 1.1540820349, -1.88225841609, 0.439856113761, -3.07427832296, 0.966429437918, -2.36194975794, 1.1403715246e-05, 94.1684878159
0.60123755854, 1.25672259813, 2.08892839921, -0.0105252000574, 0.484954708074, -0.0272802812189, -3.07140281925, 1.42169091834, 1.55461964881, -0.965621470866, 0.60123755854, 59.8188177116
0.60123755854, 1.25672259813, 2.08892839921, -0.0105252000574, 0.484954708074, -0.0272802812189, -3.07140281925, 1.42169091834, 1.55461964881, -0.965621470866, 0.60123755854, 59.8188177116
0.00487558095821, -1.99014835903, -0.910258041273, 0.0698078412656, -1.013454769, -0.538011659944, -4.59151048408, -0.466027353185, -2.54812926314, -1.10362246794, 0.00487558095821, 62.7112184304
0.00487558095821, -1.99014835903, -0.910258041273, 0.0698078412656, -1.013454769, -0.538011659944, -4.59151048408, -0.466027353185, -2.54812926314, -1.10362246794, 0.00487558095821, 62.7112184304
7.16878115015e-06, 1.49877744476, 0.455760479276, -3.81372606342, -0.59991402951, -3.63790204217, -2.93800876201, -3.07427832296, -1.39137219198, 4.54252759817, 7.16878115015e-06, 125.512823121
7.16878115015e-06, 1.49877744476, 0.455760479276, -3.81372606342, -0.59991402951, -3.63790204217, -2.93800876201, -3.07427832296, -1.39137219198, 4.54252759817, 7.16878115015e-06, 125.512823121
1.1403715246e-05, -1.95767622626, -1.81252100427, -2.95514592538, -3.08750609679, -1.88225841609, 0.439856113761, -3.07427832296, 0.966429437918, -2.36194975794, 1.1403715246e-05, 99.9120573994
1.1403715246e-05, -1.95767622626, -1.81252100427, -2.95514592538, -3.08750609679, -1.88225841609, 0.439856113761, -3.07427832296, 0.966429437918, -2.36194975794, 1.1403715246e-05, 99.9120573994
0.000943245596012, 1.48140365617, -1.17898040912, 1.4845913791, 0.484954708074, -2.35157497457, -3.07140281925, 1.42169091834, -1.04076597348, 1.38711330696, 0.000943245596012, 74.8223727275
0.000943245596012, 1.48140365617, -1.17898040912, 1.4845913791, 0.484954708074, -2.35157497457, -3.07140281925, 1.42169091834, -1.04076597348, 1.38711330696, 0.000943245596012, 74.8223727275
7.16878115015e-06, 1.49877744476, 0.455760479276, 3.705684234, -0.59991402951, -4.43170317408, 1.14705097391, -3.07427832296, -2.75014797144, 4.54252759817, 7.16878115015e-06, 144.687850898
7.16878115015e-06, 1.49877744476, 0.455760479276, 3.705684234, -0.59991402951, -4.43170317408, 1.14705097391, -3.07427832296, -2.75014797144, 4.54252759817, 7.16878115015e-06, 144.687850898
7.16878115015e-06, 1.49877744476, -4.8500528408, 3.705684234, 0.697554641067, -4.43170317408, 1.90379124348, -3.07427832296, -2.75014797144, 4.54252759817, 7.16878115015e-06, 186.747401913
8.44963932545e-06, 1.49877744476, 3.90081253759, 3.705684234, -0.59991402951, -2.89583976396, 1.90379124348, -4.63569693969, 2.66587078267, 4.54252759817, 8.44963932545e-06, 167.517831828
7.16878115015e-06, 1.49877744476, -4.8500528408, 3.705684234, 0.697554641067, -4.43170317408, 1.90379124348, -3.07427832296, -2.75014797144, 4.54252759817, 7.16878115015e-06, 186.747401913
8.44963932545e-06, 1.49877744476, 3.90081253759, 3.705684234, -0.59991402951, -2.89583976396, 1.90379124348, -4.63569693969, 2.66587078267, 4.54252759817, 8.44963932545e-06, 167.517831828
0.000820717802397, -2.88437665965, 1.35309749244, -2.95514592538, 1.1540820349, -0.0272802812189, 0.439856113761, -3.07427832296, 0.966429437918, -3.02902764613, 0.000820717802397, 86.5207622534
0.000820717802397, -2.88437665965, 1.35309749244, -2.95514592538, 1.1540820349, -0.0272802812189, 0.439856113761, -3.07427832296, 0.966429437918, -3.02902764613, 0.000820717802397, 86.5207622534
0.00476755745666, 1.49877744476, -0.118045640862, -2.55315743405, 1.1540820349, -1.88225841609, 0.439856113761, -3.07427832296, 0.966429437918, 0.944518476043, 0.00476755745666, 70.0470893747
0.00476755745666, 1.49877744476, -0.118045640862, -2.55315743405, 1.1540820349, -1.88225841609, 0.439856113761, -3.07427832296, 0.966429437918, 0.944518476043, 0.00476755745666, 70.0470893747
1.1403715246e-05, -2.2377106768, -1.17898040912, -2.95514592538, -0.59991402951, -1.88225841609, -1.3496958892, -3.07427832296, -1.04076597348, -2.54711598797, 1.1403715246e-05, 112.729873595
1.1403715246e-05, -2.2377106768, -1.17898040912, -2.95514592538, -0.59991402951, -1.88225841609, -1.3496958892, -3.07427832296, -1.04076597348, -2.54711598797, 1.1403715246e-05, 112.729873595
0.00476755745666, 1.49877744476, -0.910258041273, -2.55315743405, 0.924438154738, -1.88225841609, 0.439856113761, -3.07427832296, 0.966429437918, 3.57541747707, 0.00476755745666, 71.2983435456
0.00476755745666, 1.49877744476, -0.910258041273, -2.55315743405, 0.924438154738, -1.88225841609, 0.439856113761, -3.07427832296, 0.966429437918, 3.57541747707, 0.00476755745666, 71.2983435456
0.874638416457, 1.40393963365, -3.44897415061, 1.6638426672, -1.53523002975, 0.865504031556, -0.990344582399, -2.00674063132, -0.544013053488, 1.42498403585, 0.874638416457, 69.0615472751
0.874638416457, 1.40393963365, -3.44897415061, 1.6638426672, -1.53523002975, 0.865504031556, -0.990344582399, -2.00674063132, -0.544013053488, 1.42498403585, 0.874638416457, 69.0615472751
1.1403715246e-05, 1.49877744476, -1.17898040912, 4.61508061341, -0.59991402951, -2.89583976396, 1.90379124348, -3.07427832296, -1.04076597348, 4.54252759817, 1.1403715246e-05, 122.005404167
8.36911213379e-05, 1.81158431596, -1.17898040912, -3.1174364263, -0.59991402951, -1.88225841609, 2.35378604849, -3.07427832296, 1.47855255976, -2.54711598797, 8.36911213379e-05, 120.171626987
1.1403715246e-05, 1.49877744476, -1.17898040912, 4.61508061341, -0.59991402951, -2.89583976396, 1.90379124348, -3.07427832296, -1.04076597348, 4.54252759817, 1.1403715246e-05, 122.005404167
8.36911213379e-05, 1.81158431596, -1.17898040912, -3.1174364263, -0.59991402951, -1.88225841609, 2.35378604849, -3.07427832296, 1.47855255976, -2.54711598797, 8.36911213379e-05, 120.171626987
0.00208311116738, 1.49877744476, -0.0810127374387, -2.55315743405, 1.1540820349, -1.88225841609, 0.439856113761, -4.04944916177, 0.966429437918, 1.16194828556, 0.00208311116738, 83.0317518219
0.00208311116738, 1.49877744476, -0.0810127374387, -2.55315743405, 1.1540820349, -1.88225841609, 0.439856113761, -4.04944916177, 0.966429437918, 1.16194828556, 0.00208311116738, 83.0317518219
0.000818641570463, 1.34986335629, 0.455760479276, -0.0105252000574, 3.2117781655, -1.88225841609, 3.21036449981, 1.42169091834, -1.96944394422, -1.38768933586, 0.000818641570463, 110.066745494
0.000818641570463, 1.34986335629, 0.455760479276, -0.0105252000574, 3.2117781655, -1.88225841609, 3.21036449981, 1.42169091834, -1.96944394422, -1.38768933586, 0.000818641570463, 110.066745494
0.000818641570463, 1.34986335629, 0.455760479276, -0.0105252000574, 3.2117781655, -1.88225841609, 3.21036449981, 1.42169091834, -1.96944394422, -1.38768933586, 0.000818641570463, 110.066745494
0.000818641570463, 1.34986335629, 0.455760479276, -0.0105252000574, 3.2117781655, -1.88225841609, 3.21036449981, 1.42169091834, -1.96944394422, -1.38768933586, 0.000818641570463, 110.066745494
0.000818641570463, 1.34986335629, 0.455760479276, -0.0105252000574, 3.2117781655, -1.88225841609, 3.21036449981, 1.42169091834, -1.96944394422, -1.38768933586, 0.000818641570463, 110.066745494
0.000818641570463, 1.34986335629, 0.455760479276, -0.0105252000574, 3.2117781655, -1.88225841609, 3.21036449981, 1.42169091834, -1.96944394422, -1.38768933586, 0.000818641570463, 110.066745494
0.000943245596012, 1.48140365617, -1.17898040912, -2.95514592538, 0.484954708074, -2.35157497457, -3.07140281925, -0.758742362202, -1.04076597348, -0.965621470866, 0.000943245596012, 88.1853591946
0.000943245596012, 1.48140365617, -1.17898040912, -2.95514592538, 0.484954708074, -2.35157497457, -3.07140281925, -0.758742362202, -1.04076597348, -0.965621470866, 0.000943245596012, 88.1853591946
0.00476755745666, 1.49877744476, -1.17898040912, -2.95514592538, 1.1540820349, -0.929546143631, 0.439856113761, -2.00674063132, 0.966429437918, 1.16194828556, 0.00476755745666, 75.2497018951
0.00476755745666, 1.49877744476, -1.17898040912, -2.95514592538, 1.1540820349, -0.929546143631, 0.439856113761, -2.00674063132, 0.966429437918, 1.16194828556, 0.00476755745666, 75.2497018951
0.00476755745666, 1.49877744476, -1.17898040912, -2.95514592538, 1.1540820349, -0.929546143631, 0.439856113761, -2.00674063132, 0.966429437918, 1.16194828556, 0.00476755745666, 75.2497018951
0.00476755745666, 1.49877744476, -1.17898040912, -2.95514592538, 1.1540820349, -0.929546143631, 0.439856113761, -2.00674063132, 0.966429437918, 1.16194828556, 0.00476755745666, 75.2497018951
0.00208311116738, 1.49877744476, -0.0810127374387, -2.55315743405, -0.989509729078, -1.88225841609, 1.23759153126, -4.04944916177, 0.966429437918, 1.16194828556, 0.00208311116738, 87.6861226695
0.00208311116738, 1.49877744476, -0.0810127374387, -2.55315743405, -0.989509729078, -1.88225841609, 1.23759153126, -4.04944916177, 0.966429437918, 1.16194828556, 0.00208311116738, 87.6861226695
0.00331142287413, 1.09423162698, 0.455760479276, -2.95514592538, 0.484954708074, -0.0272802812189, 0.439856113761, -3.07427832296, -3.70559183044, -2.60159614085, 0.00331142287413, 83.9160987898
0.00331142287413, 1.09423162698, 0.455760479276, -2.95514592538, 0.484954708074, -0.0272802812189, 0.439856113761, -3.07427832296, -3.70559183044, -2.60159614085, 0.00331142287413, 83.9160987898
8.36911213379e-05, 1.49877744476, -1.17898040912, 3.705684234, -0.59991402951, -2.89583976396, 1.90379124348, -3.07427832296, 1.47855255976, 4.54252759817, 8.36911213379e-05, 124.351067579
0.000271016134712, 3.13540552532, 0.227070406716, -2.95514592538, -0.59991402951, -0.0272802812189, 2.35378604849, -3.07427832296, -2.73137270913, 1.97576334427, 0.000271016134712, 123.122242704
0.000271016134712, 3.13540552532, 0.227070406716, -2.95514592538, -0.59991402951, -0.0272802812189, 2.35378604849, -3.07427832296, -2.73137270913, 1.97576334427, 0.000271016134712, 123.122242704
8.36911213379e-05, 1.49877744476, -1.17898040912, 3.705684234, -0.59991402951, -2.89583976396, 1.90379124348, -3.07427832296, 1.47855255976, 4.54252759817, 8.36911213379e-05, 124.351067579
0.000271016134712, 3.13540552532, 0.227070406716, -2.95514592538, -0.59991402951, -0.0272802812189, 2.35378604849, -3.07427832296, -2.73137270913, 1.97576334427, 0.000271016134712, 123.122242704
0.000271016134712, 3.13540552532, 0.227070406716, -2.95514592538, -0.59991402951, -0.0272802812189, 2.35378604849, -3.07427832296, -2.73137270913, 1.97576334427, 0.000271016134712, 123.122242704
1.1403715246e-05, 1.49877744476, -1.17898040912, 3.705684234, -0.59991402951, -2.89583976396, 1.90379124348, -3.46576479042, -1.04076597348, 3.85773098512, 1.1403715246e-05, 128.599677174
1.1403715246e-05, 1.49877744476, -1.17898040912, 3.705684234, -0.59991402951, -2.89583976396, 1.90379124348, -3.46576479042, -1.04076597348, 3.85773098512, 1.1403715246e-05, 128.599677174
0.000271016134712, -2.2377106768, -0.491791217579, -2.95514592538, 3.11043064198, -1.88225841609, 2.35378604849, -0.1018785008, -2.73137270913, 1.97576334427, 0.000271016134712, 123.821123952
0.000271016134712, -2.2377106768, -0.491791217579, -2.95514592538, 3.11043064198, -1.88225841609, 2.35378604849, -0.1018785008, -2.73137270913, 1.97576334427, 0.000271016134712, 123.821123952
1.1403715246e-05, 1.49877744476, -1.17898040912, -2.95514592538, -0.59991402951, -0.711945528974, 1.52910184224, -4.27950068643, -4.51956196118, 4.54252759817, 1.1403715246e-05, 141.227046284
1.1403715246e-05, 1.49877744476, -1.17898040912, -2.95514592538, -0.59991402951, -0.711945528974, 1.52910184224, -4.27950068643, -4.51956196118, 4.54252759817, 1.1403715246e-05, 141.227046284
0.000818641570463, 3.62343782752, 0.455760479276, -0.0105252000574, 3.2117781655, -1.88225841609, 3.21036449981, 1.42169091834, -1.96944394422, -1.38768933586, 0.000818641570463, 118.07112421
0.000818641570463, 3.62343782752, 0.455760479276, -0.0105252000574, 3.2117781655, -1.88225841609, 3.21036449981, 1.42169091834, -1.96944394422, -1.38768933586, 0.000818641570463, 118.07112421
0.000943245596012, 2.6242608508, 4.12974427364, -0.0105252000574, 2.97893140812, -0.0272802812189, -0.949486611421, 1.42169091834, -4.51956196118, -1.38768933586, 0.000943245596012, 95.7361218573
0.000943245596012, 2.6242608508, 4.12974427364, -0.0105252000574, 2.97893140812, -0.0272802812189, -0.949486611421, 1.42169091834, -4.51956196118, -1.38768933586, 0.000943245596012, 95.7361218573
0.583190116847, 2.61599255623, -0.118045640862, 1.07866382658, -1.53523002975, -1.00150737256, 3.21036449981, -2.00674063132, -0.944046027602, 0.944518476043, 0.583190116847, 75.4837050701
0.583190116847, 2.61599255623, -0.118045640862, 1.07866382658, -1.53523002975, -1.00150737256, 3.21036449981, -2.00674063132, -0.944046027602, 0.944518476043, 0.583190116847, 75.4837050701
0.583190116847, 2.61599255623, -0.118045640862, 1.07866382658, -1.53523002975, -1.00150737256, 3.21036449981, -2.00674063132, -0.944046027602, 0.944518476043, 0.583190116847, 75.4837050701
0.583190116847, 2.61599255623, -0.118045640862, 1.07866382658, -1.53523002975, -1.00150737256, 3.21036449981, -2.00674063132, -0.944046027602, 0.944518476043, 0.583190116847, 75.4837050701
0.000818641570463, 1.25672259813, 0.455760479276, -0.0105252000574, 0.272036396364, -0.0272802812189, 3.21036449981, 2.19936487211, -1.96944394422, 0.699678005446, 0.000818641570463, 119.754861999
0.000818641570463, 1.25672259813, 0.455760479276, -0.0105252000574, 0.272036396364, -0.0272802812189, 3.21036449981, 2.19936487211, -1.96944394422, 0.699678005446, 0.000818641570463, 119.754861999
1.1403715246e-05, 1.49877744476, -1.17898040912, 3.705684234, -0.59991402951, -4.98100545618, 1.90379124348, -2.72278068444, -1.04076597348, 4.57242475954, 1.1403715246e-05, 149.543519651
1.1403715246e-05, 1.49877744476, -1.17898040912, 3.705684234, -0.59991402951, -4.98100545618, 1.90379124348, -2.72278068444, -1.04076597348, 4.57242475954, 1.1403715246e-05, 149.543519651
