0.0720544262161, 0.547421349389, 0.212439255161, 0.0587668310172, 0.339501098218, 0.124268618605, 0.951956516839, 0.0945514498887, 0.600607651675, 0.0133086482099, 0.346132814235, 7.79035213651
0.0720544262161, 0.547421349389, 0.212439255161, 0.0587668310172, 0.339501098218, 0.124268618605, 0.951956516839, 0.0945514498887, 0.600607651675, 0.0133086482099, 0.346132814235, 7.79035213651
0.0790579403953, 0.111198025748, 0.443236641372, 0.0158978552709, 0.943399812394, 0.369399656038, 0.216468919675, 0.211188087227, 0.647403733827, 0.00369909089058, 0.28518876199, 7.80629500045
0.0790579403953, 0.111198025748, 0.443236641372, 0.0158978552709, 0.943399812394, 0.369399656038, 0.216468919675, 0.211188087227, 0.647403733827, 0.00369909089058, 0.28518876199, 7.80629500045
0.0999184452855, 0.467067255496, 0.06311292875, 0.280079420464, 0.475849785719, 0.304433707938, 0.212748787179, 0.0773108220391, 0.000150522543636, 0.00302316150726, 0.502308772837, 7.05190358231
0.0999184452855, 0.467067255496, 0.06311292875, 0.280079420464, 0.475849785719, 0.304433707938, 0.212748787179, 0.0773108220391, 0.000150522543636, 0.00302316150726, 0.502308772837, 7.05190358231
0.0581875956939, 0.0343890733957, 0.0429240975769, 0.161110942419, 0.0423890025986, 0.0244144826964, 0.609230290404, 0.27536693683, 0.135080038522, 0.149754981106, 0.606863490411, 6.6712913762
0.0581875956939, 0.0343890733957, 0.0429240975769, 0.161110942419, 0.0423890025986, 0.0244144826964, 0.609230290404, 0.27536693683, 0.135080038522, 0.149754981106, 0.606863490411, 6.6712913762
0.397861792883, 0.0869723439993, 0.0429240975769, 0.13416458936, 0.357603861149, 0.25421004444, 0.227339780954, 0.0383255693935, 0.00516615115243, 0.00111040782787, 0.861453403031, 6.26201521737
0.397861792883, 0.0869723439993, 0.0429240975769, 0.13416458936, 0.357603861149, 0.25421004444, 0.227339780954, 0.0383255693935, 0.00516615115243, 0.00111040782787, 0.861453403031, 6.26201521737
0.575696957964, 0.170188415167, 0.0158055620235, 0.120800738349, 0.023430081197, 0.117375418199, 0.0597641776619, 0.207625360705, 0.0275636423268, 0.168046245345, 0.90606590086, 5.94079160607
0.575696957964, 0.170188415167, 0.0158055620235, 0.120800738349, 0.023430081197, 0.117375418199, 0.0597641776619, 0.207625360705, 0.0275636423268, 0.168046245345, 0.90606590086, 5.94079160607
0.575696957964, 0.170188415167, 0.0158055620235, 0.120800738349, 0.023430081197, 0.117375418199, 0.0597641776619, 0.207625360705, 0.0275636423268, 0.168046245345, 0.90606590086, 5.94079160607
0.575696957964, 0.170188415167, 0.0158055620235, 0.120800738349, 0.023430081197, 0.117375418199, 0.0597641776619, 0.207625360705, 0.0275636423268, 0.168046245345, 0.90606590086, 5.94079160607
0.0564288132362, 0.0751592590156, 0.0178395788922, 0.309936146806, 0.023430081197, 0.0694005892442, 0.00780714976159, 0.312972265015, 0.0205014717341, 0.550400116713, 0.643997520476, 6.57697465066
0.0564288132362, 0.0751592590156, 0.0178395788922, 0.309936146806, 0.023430081197, 0.0694005892442, 0.00780714976159, 0.312972265015, 0.0205014717341, 0.550400116713, 0.643997520476, 6.57697465066
0.0796421778044, 0.979887394567, 0.306553720471, 0.313532417765, 0.999404737239, 0.092277852236, 0.259408407009, 0.195687231597, 0.310965346123, 0.61155812402, 0.283303752024, 8.37050374382
0.0796421778044, 0.979887394567, 0.306553720471, 0.313532417765, 0.999404737239, 0.092277852236, 0.259408407009, 0.195687231597, 0.310965346123, 0.61155812402, 0.283303752024, 8.37050374382
0.0959593134699, 0.414221796593, 0.276831131434, 0.158665754136, 0.215801607349, 0.216354826996, 0.398766303222, 0.0945514498887, 0.867171988665, 0.0228304692952, 0.426151366219, 7.61540255535
0.0959593134699, 0.414221796593, 0.276831131434, 0.158665754136, 0.215801607349, 0.216354826996, 0.398766303222, 0.0945514498887, 0.867171988665, 0.0228304692952, 0.426151366219, 7.61540255535
0.0790579403953, 0.111198025748, 0.226599742758, 0.0158978552709, 0.943399812394, 0.945799554656, 0.458430905893, 0.141968292248, 0.262442304703, 0.000151769686041, 0.28518876199, 7.88778401241
0.0790579403953, 0.111198025748, 0.226599742758, 0.0158978552709, 0.943399812394, 0.945799554656, 0.458430905893, 0.141968292248, 0.262442304703, 0.000151769686041, 0.28518876199, 7.88778401241
0.0720544262161, 0.547421349389, 0.212439255161, 0.0587668310172, 0.339501098218, 0.124268618605, 0.951956516839, 0.0945514498887, 0.600607651675, 0.133236760434, 0.346132814235, 7.858787928
0.0720544262161, 0.547421349389, 0.212439255161, 0.0587668310172, 0.339501098218, 0.124268618605, 0.951956516839, 0.0945514498887, 0.600607651675, 0.133236760434, 0.346132814235, 7.858787928
0.0999184452855, 0.043618060318, 0.431489968966, 0.124952019794, 0.857176022014, 0.638492286585, 0.000692631930398, 0.0689023299593, 0.164495431005, 0.00302316150726, 0.502308772837, 7.38775067406
0.0999184452855, 0.043618060318, 0.431489968966, 0.124952019794, 0.857176022014, 0.638492286585, 0.000692631930398, 0.0689023299593, 0.164495431005, 0.00302316150726, 0.502308772837, 7.38775067406
0.0581875956939, 0.230648722525, 0.0429240975769, 0.0953684019558, 0.124197867483, 0.0244144826964, 0.148050454796, 0.0967365920833, 0.86422499104, 0.0666456765755, 0.606863490411, 6.8741739383
0.0581875956939, 0.230648722525, 0.0429240975769, 0.0953684019558, 0.124197867483, 0.0244144826964, 0.148050454796, 0.0967365920833, 0.86422499104, 0.0666456765755, 0.606863490411, 6.8741739383
0.397861792883, 0.150577701974, 0.0144410757877, 0.161110942419, 0.0239079091588, 0.0244144826964, 0.609230290404, 0.099112375356, 0.135080038522, 0.149754981106, 0.861453403031, 6.5070802832
0.397861792883, 0.150577701974, 0.0144410757877, 0.161110942419, 0.0239079091588, 0.0244144826964, 0.609230290404, 0.099112375356, 0.135080038522, 0.149754981106, 0.861453403031, 6.5070802832
0.575696957964, 0.0751592590156, 0.0178395788922, 0.838045392994, 0.023430081197, 0.0119876078347, 0.00780714976159, 0.312972265015, 0.0205014717341, 0.0123804142347, 0.90606590086, 6.44478743603
0.575696957964, 0.0751592590156, 0.0178395788922, 0.838045392994, 0.023430081197, 0.0119876078347, 0.00780714976159, 0.312972265015, 0.0205014717341, 0.0123804142347, 0.90606590086, 6.44478743603
0.890310637902, 0.0869723439993, 0.0429240975769, 0.13416458936, 0.357603861149, 0.25011502892, 0.227339780954, 0.0383255693935, 0.00516615115243, 0.000672831783117, 0.986888912077, 6.22022119735
0.890310637902, 0.0869723439993, 0.0429240975769, 0.13416458936, 0.357603861149, 0.25011502892, 0.227339780954, 0.0383255693935, 0.00516615115243, 0.000672831783117, 0.986888912077, 6.22022119735
0.0480361437236, 0.143241943994, 0.0429240975769, 0.161110942419, 0.0423890025986, 0.0244144826964, 0.609230290404, 0.27536693683, 0.135080038522, 0.149754981106, 0.804368843452, 6.73416331809
0.0480361437236, 0.143241943994, 0.0429240975769, 0.161110942419, 0.0423890025986, 0.0244144826964, 0.609230290404, 0.27536693683, 0.135080038522, 0.149754981106, 0.804368843452, 6.73416331809
0.0796421778044, 0.979887394567, 0.999663581938, 0.271895681312, 0.933541192827, 0.227875452435, 0.0450614619787, 0.195687231597, 0.310965346123, 0.316218262498, 0.283303752024, 8.46469932245
0.0796421778044, 0.979887394567, 0.999663581938, 0.271895681312, 0.933541192827, 0.227875452435, 0.0450614619787, 0.195687231597, 0.310965346123, 0.316218262498, 0.283303752024, 8.46469932245
0.0959593134699, 0.942162798838, 0.088140993591, 0.146804394274, 0.131664183137, 0.216354826996, 0.1167046317, 0.0895637609186, 0.867171988665, 0.0937569127221, 0.426151366219, 7.6322858357
0.0959593134699, 0.942162798838, 0.088140993591, 0.146804394274, 0.131664183137, 0.216354826996, 0.1167046317, 0.0895637609186, 0.867171988665, 0.0937569127221, 0.426151366219, 7.6322858357
0.0878241649735, 0.435498156763, 0.671636685629, 0.280079420464, 0.379977493374, 0.579255333723, 0.309972941302, 0.0773108220391, 0.455426720272, 0.00302316150726, 0.311210343281, 7.93331423017
0.0878241649735, 0.435498156763, 0.671636685629, 0.280079420464, 0.379977493374, 0.579255333723, 0.309972941302, 0.0773108220391, 0.455426720272, 0.00302316150726, 0.311210343281, 7.93331423017
0.0893147037638, 0.979887394567, 0.138346866531, 0.126553054106, 0.65421616901, 0.0198804456119, 0.206672510357, 0.0827532176923, 0.310965346123, 0.630352799474, 0.326639872373, 7.90877300697
0.0893147037638, 0.979887394567, 0.138346866531, 0.126553054106, 0.65421616901, 0.0198804456119, 0.206672510357, 0.0827532176923, 0.310965346123, 0.630352799474, 0.326639872373, 7.90877300697
0.0790579403953, 0.47826964828, 0.288817095835, 0.00701591576141, 0.474295959127, 0.991063964139, 0.166493732341, 0.0976270846784, 0.867171988665, 0.00701907283327, 0.28518876199, 8.03421703006
0.0790579403953, 0.47826964828, 0.288817095835, 0.00701591576141, 0.474295959127, 0.991063964139, 0.166493732341, 0.0976270846784, 0.867171988665, 0.00701907283327, 0.28518876199, 8.03421703006
0.0720544262161, 0.547421349389, 0.212439255161, 0.0587668310172, 0.329784427222, 0.124268618605, 0.980174068852, 0.0945514498887, 0.600607651675, 0.133236760434, 0.346132814235, 7.86916528057
0.0720544262161, 0.547421349389, 0.212439255161, 0.0587668310172, 0.329784427222, 0.124268618605, 0.980174068852, 0.0945514498887, 0.600607651675, 0.133236760434, 0.346132814235, 7.86916528057
0.0720544262161, 0.547421349389, 0.212439255161, 0.0587668310172, 0.329784427222, 0.124268618605, 0.980174068852, 0.0945514498887, 0.600607651675, 0.133236760434, 0.346132814235, 7.86916528057
0.0720544262161, 0.547421349389, 0.212439255161, 0.0587668310172, 0.329784427222, 0.124268618605, 0.980174068852, 0.0945514498887, 0.600607651675, 0.133236760434, 0.346132814235, 7.86916528057
0.0999184452855, 0.214905398952, 0.671636685629, 0.0724146711581, 0.238048331968, 0.634699183553, 0.227339780954, 0.182080780047, 0.164495431005, 0.00302316150726, 0.502308772837, 7.43952707927
0.0999184452855, 0.214905398952, 0.671636685629, 0.0724146711581, 0.238048331968, 0.634699183553, 0.227339780954, 0.182080780047, 0.164495431005, 0.00302316150726, 0.502308772837, 7.43952707927
0.0581875956939, 0.230648722525, 0.0429240975769, 0.0953684019558, 0.124197867483, 0.0244144826964, 0.0839847833523, 0.170401616284, 0.86422499104, 0.133236760434, 0.606863490411, 6.94025501787
0.0581875956939, 0.230648722525, 0.0429240975769, 0.0953684019558, 0.124197867483, 0.0244144826964, 0.0839847833523, 0.170401616284, 0.86422499104, 0.133236760434, 0.606863490411, 6.94025501787
0.397861792883, 0.150577701974, 0.0429240975769, 0.161110942419, 0.0423890025986, 0.0244144826964, 0.609230290404, 0.099112375356, 0.135080038522, 0.149754981106, 0.861453403031, 6.55551270849
0.397861792883, 0.150577701974, 0.0429240975769, 0.161110942419, 0.0423890025986, 0.0244144826964, 0.609230290404, 0.099112375356, 0.135080038522, 0.149754981106, 0.861453403031, 6.55551270849
0.575696957964, 0.0751592590156, 0.0178395788922, 0.309936146806, 0.023430081197, 0.12030116158, 0.00780714976159, 0.195922538159, 0.0205014717341, 0.550400116713, 0.90606590086, 6.44604917774
0.575696957964, 0.0751592590156, 0.0178395788922, 0.309936146806, 0.023430081197, 0.12030116158, 0.00780714976159, 0.195922538159, 0.0205014717341, 0.550400116713, 0.90606590086, 6.44604917774
0.575696957964, 0.0751592590156, 0.0178395788922, 0.309936146806, 0.023430081197, 0.12030116158, 0.00780714976159, 0.195922538159, 0.0205014717341, 0.550400116713, 0.90606590086, 6.44604917774
0.575696957964, 0.0751592590156, 0.0178395788922, 0.309936146806, 0.023430081197, 0.12030116158, 0.00780714976159, 0.195922538159, 0.0205014717341, 0.550400116713, 0.90606590086, 6.44604917774
0.484979832394, 0.0751592590156, 0.0178395788922, 0.309936146806, 0.023430081197, 0.0119876078347, 0.00614995461307, 0.312972265015, 0.0205014717341, 0.550400116713, 0.999931694907, 6.42644129278
0.484979832394, 0.0751592590156, 0.0178395788922, 0.309936146806, 0.023430081197, 0.0119876078347, 0.00614995461307, 0.312972265015, 0.0205014717341, 0.550400116713, 0.999931694907, 6.42644129278
0.0796421778044, 0.984645323606, 0.904261758493, 0.340116097135, 0.854667036806, 0.0700997764116, 0.432250296238, 0.195687231597, 0.310965346123, 0.316218262498, 0.283303752024, 8.52006555022
0.0796421778044, 0.984645323606, 0.904261758493, 0.340116097135, 0.854667036806, 0.0700997764116, 0.432250296238, 0.195687231597, 0.310965346123, 0.316218262498, 0.283303752024, 8.52006555022
0.0959593134699, 0.942162798838, 0.132246430547, 0.210678209462, 0.0294239075257, 0.158092345307, 0.398766303222, 0.0945514498887, 0.683297074986, 0.0937569127221, 0.426151366219, 7.66346831159
0.0959593134699, 0.942162798838, 0.132246430547, 0.210678209462, 0.0294239075257, 0.158092345307, 0.398766303222, 0.0945514498887, 0.683297074986, 0.0937569127221, 0.426151366219, 7.66346831159
0.0878241649735, 0.435498156763, 0.763739484473, 0.280079420464, 0.331025798083, 0.490300644395, 0.227339780954, 0.0481273627235, 0.767347894666, 0.00302316150726, 0.311210343281, 8.01589105788
0.0878241649735, 0.435498156763, 0.763739484473, 0.280079420464, 0.331025798083, 0.490300644395, 0.227339780954, 0.0481273627235, 0.767347894666, 0.00302316150726, 0.311210343281, 8.01589105788
0.0893147037638, 0.979887394567, 0.222309473446, 0.122055200499, 0.65421616901, 0.0198804456119, 0.128211677977, 0.195687231597, 0.19942538496, 0.731552122411, 0.326639872373, 7.96510044617
0.0893147037638, 0.979887394567, 0.222309473446, 0.122055200499, 0.65421616901, 0.0198804456119, 0.128211677977, 0.195687231597, 0.19942538496, 0.731552122411, 0.326639872373, 7.96510044617
0.0790579403953, 0.0783607407807, 0.443236641372, 0.0158978552709, 0.943399812394, 0.0600921072748, 0.819292094292, 0.211188087227, 0.867171988665, 0.00701907283327, 0.28518876199, 8.06939022038
0.0790579403953, 0.0783607407807, 0.443236641372, 0.0158978552709, 0.943399812394, 0.0600921072748, 0.819292094292, 0.211188087227, 0.867171988665, 0.00701907283327, 0.28518876199, 8.06939022038
0.0720544262161, 0.471156342104, 0.558686041465, 0.158665754136, 0.0860185076492, 0.216354826996, 0.500020373842, 0.0945514498887, 0.986247511451, 0.0937569127221, 0.346132814235, 7.91581556939
0.0720544262161, 0.471156342104, 0.558686041465, 0.158665754136, 0.0860185076492, 0.216354826996, 0.500020373842, 0.0945514498887, 0.986247511451, 0.0937569127221, 0.346132814235, 7.91581556939
0.0999184452855, 0.970201019761, 0.0412464385538, 0.00294401662969, 0.475849785719, 0.304433707938, 0.212748787179, 0.0773108220391, 0.000150522543636, 0.427405741825, 0.502308772837, 7.50837632675
0.0999184452855, 0.970201019761, 0.0412464385538, 0.00294401662969, 0.475849785719, 0.304433707938, 0.212748787179, 0.0773108220391, 0.000150522543636, 0.427405741825, 0.502308772837, 7.50837632675
0.0581875956939, 0.230648722525, 0.0429240975769, 0.0953684019558, 0.124197867483, 0.0244144826964, 0.178438085317, 0.0967365920833, 0.86422499104, 0.133236760434, 0.606863490411, 6.95791199648
0.0581875956939, 0.230648722525, 0.0429240975769, 0.0953684019558, 0.124197867483, 0.0244144826964, 0.178438085317, 0.0967365920833, 0.86422499104, 0.133236760434, 0.606863490411, 6.95791199648
0.116052245382, 0.0440378924444, 0.56328831077, 0.483097181484, 0.255999778, 0.0933989589247, 0.101042158269, 0.16946956864, 0.0291264876133, 0.085367114173, 0.814730822669, 6.94501308032
0.116052245382, 0.0440378924444, 0.56328831077, 0.483097181484, 0.255999778, 0.0933989589247, 0.101042158269, 0.16946956864, 0.0291264876133, 0.085367114173, 0.814730822669, 6.94501308032
0.397861792883, 0.128288578905, 0.0429240975769, 0.161110942419, 0.0423890025986, 0.0146460832916, 0.609230290404, 0.27536693683, 0.135080038522, 0.149754981106, 0.861453403031, 6.69698828263
0.397861792883, 0.128288578905, 0.0429240975769, 0.161110942419, 0.0423890025986, 0.0146460832916, 0.609230290404, 0.27536693683, 0.135080038522, 0.149754981106, 0.861453403031, 6.69698828263
0.575696957964, 0.0751592590156, 0.0178395788922, 0.309936146806, 0.023430081197, 0.0694005892442, 0.00780714976159, 0.312972265015, 0.0205014717341, 0.550400116713, 0.90606590086, 6.51579138373
0.575696957964, 0.0751592590156, 0.0178395788922, 0.309936146806, 0.023430081197, 0.0694005892442, 0.00780714976159, 0.312972265015, 0.0205014717341, 0.550400116713, 0.90606590086, 6.51579138373
0.0796421778044, 0.979887394567, 0.999729288974, 0.239948075942, 0.990796286354, 0.092277852236, 0.0450614619787, 0.195687231597, 0.310965346123, 0.61155812402, 0.283303752024, 8.54431100899
0.0796421778044, 0.979887394567, 0.999729288974, 0.239948075942, 0.990796286354, 0.092277852236, 0.0450614619787, 0.195687231597, 0.310965346123, 0.61155812402, 0.283303752024, 8.54431100899
0.0959593134699, 0.942162798838, 0.088140993591, 0.0976709302484, 0.131664183137, 0.216354826996, 0.272893536223, 0.0895637609186, 0.867171988665, 0.0937569127221, 0.426151366219, 7.69768783705
0.0959593134699, 0.942162798838, 0.088140993591, 0.0976709302484, 0.131664183137, 0.216354826996, 0.272893536223, 0.0895637609186, 0.867171988665, 0.0937569127221, 0.426151366219, 7.69768783705
0.575696957964, 0.352402373285, 0.0158055620235, 0.120800738349, 0.023430081197, 0.117375418199, 0.212853232647, 0.207625360705, 0.0275636423268, 0.321917976559, 0.90606590086, 6.5285088149
0.575696957964, 0.352402373285, 0.0158055620235, 0.120800738349, 0.023430081197, 0.117375418199, 0.212853232647, 0.207625360705, 0.0275636423268, 0.321917976559, 0.90606590086, 6.5285088149
0.0796421778044, 0.565227076924, 0.999663581938, 0.313532417765, 0.990796286354, 0.227875452435, 0.0450614619787, 0.195687231597, 0.310965346123, 0.82916796848, 0.283303752024, 8.54941347845
0.0796421778044, 0.565227076924, 0.999663581938, 0.313532417765, 0.990796286354, 0.227875452435, 0.0450614619787, 0.195687231597, 0.310965346123, 0.82916796848, 0.283303752024, 8.54941347845
