0.256369609821, 0.935892525405, 0.0748128759736, 0.197732993166, 0.528431976436, 0.240088599488, 0.148133092362, 0.0472756517626, 0.475781216573, 0.332298704096, 0.65658960605, 7.77227402821
0.256369609821, 0.935892525405, 0.0748128759736, 0.197732993166, 0.528431976436, 0.240088599488, 0.148133092362, 0.0472756517626, 0.475781216573, 0.332298704096, 0.65658960605, 7.77227402821
0.0893147037638, 0.979887394567, 0.995955532136, 0.313532417765, 0.724660986535, 0.227875452435, 0.0450614619787, 0.195687231597, 0.310965346123, 0.731552122411, 0.326639872373, 8.56619448461
0.0893147037638, 0.979887394567, 0.995955532136, 0.313532417765, 0.724660986535, 0.227875452435, 0.0450614619787, 0.195687231597, 0.310965346123, 0.731552122411, 0.326639872373, 8.56619448461
0.0745575138511, 0.682049887071, 0.111847955535, 0.267945909375, 0.677802167764, 0.112360321994, 0.978248013129, 0.986675400756, 0.799177363428, 0.881923226148, 0.316616325434, 8.94552018492
0.0745575138511, 0.682049887071, 0.111847955535, 0.267945909375, 0.677802167764, 0.112360321994, 0.978248013129, 0.986675400756, 0.799177363428, 0.881923226148, 0.316616325434, 8.94552018492
0.0720544262161, 0.473465162419, 0.138346866531, 0.0587668310172, 0.339501098218, 0.481873959163, 0.951956516839, 0.0945514498887, 0.395631659966, 0.95731402004, 0.346132814235, 8.28364099511
0.0720544262161, 0.473465162419, 0.138346866531, 0.0587668310172, 0.339501098218, 0.481873959163, 0.951956516839, 0.0945514498887, 0.395631659966, 0.95731402004, 0.346132814235, 8.28364099511
0.0999184452855, 0.435498156763, 0.671636685629, 0.280079420464, 0.857176022014, 0.634699183553, 0.227339780954, 0.0773108220391, 0.164495431005, 0.00302316150726, 0.502308772837, 7.9990424454
0.0999184452855, 0.435498156763, 0.671636685629, 0.280079420464, 0.857176022014, 0.634699183553, 0.227339780954, 0.0773108220391, 0.164495431005, 0.00302316150726, 0.502308772837, 7.9990424454
0.0999184452855, 0.435498156763, 0.671636685629, 0.280079420464, 0.857176022014, 0.634699183553, 0.227339780954, 0.0773108220391, 0.164495431005, 0.00302316150726, 0.502308772837, 7.9990424454
0.0999184452855, 0.435498156763, 0.671636685629, 0.280079420464, 0.857176022014, 0.634699183553, 0.227339780954, 0.0773108220391, 0.164495431005, 0.00302316150726, 0.502308772837, 7.9990424454
0.0999184452855, 0.435498156763, 0.671636685629, 0.280079420464, 0.857176022014, 0.634699183553, 0.227339780954, 0.0773108220391, 0.164495431005, 0.00302316150726, 0.502308772837, 7.9990424454
0.0999184452855, 0.435498156763, 0.671636685629, 0.280079420464, 0.857176022014, 0.634699183553, 0.227339780954, 0.0773108220391, 0.164495431005, 0.00302316150726, 0.502308772837, 7.9990424454
0.0999184452855, 0.435498156763, 0.671636685629, 0.280079420464, 0.857176022014, 0.634699183553, 0.227339780954, 0.0773108220391, 0.164495431005, 0.00302316150726, 0.502308772837, 7.9990424454
0.0999184452855, 0.435498156763, 0.671636685629, 0.280079420464, 0.857176022014, 0.634699183553, 0.227339780954, 0.0773108220391, 0.164495431005, 0.00302316150726, 0.502308772837, 7.9990424454
0.116052245382, 0.0440378924444, 0.56328831077, 0.519424487253, 0.598729391469, 0.251293915097, 0.39635194252, 0.446584368272, 0.0291264876133, 0.085367114173, 0.814730822669, 7.71562008868
0.116052245382, 0.0440378924444, 0.56328831077, 0.519424487253, 0.598729391469, 0.251293915097, 0.39635194252, 0.446584368272, 0.0291264876133, 0.085367114173, 0.814730822669, 7.71562008868
0.397861792883, 0.0869723439993, 0.0429240975769, 0.358392334661, 0.357603861149, 0.25421004444, 0.607563490017, 0.228041771296, 0.00516615115243, 0.28651696656, 0.861453403031, 7.24691857564
0.397861792883, 0.0869723439993, 0.0429240975769, 0.358392334661, 0.357603861149, 0.25421004444, 0.607563490017, 0.228041771296, 0.00516615115243, 0.28651696656, 0.861453403031, 7.24691857564
0.575696957964, 0.170188415167, 0.203027010202, 0.309936146806, 0.023430081197, 0.12030116158, 0.136638630295, 0.388793016578, 0.197090429679, 0.550400116713, 0.90606590086, 7.14183271458
0.575696957964, 0.170188415167, 0.203027010202, 0.309936146806, 0.023430081197, 0.12030116158, 0.136638630295, 0.388793016578, 0.197090429679, 0.550400116713, 0.90606590086, 7.14183271458
0.0893147037638, 0.979887394567, 0.995955532136, 0.313532417765, 0.65421616901, 0.227875452435, 0.206672510357, 0.195687231597, 0.310965346123, 0.731552122411, 0.326639872373, 8.60413474977
0.0893147037638, 0.979887394567, 0.995955532136, 0.313532417765, 0.65421616901, 0.227875452435, 0.206672510357, 0.195687231597, 0.310965346123, 0.731552122411, 0.326639872373, 8.60413474977
0.0745575138511, 0.968825924218, 0.111847955535, 0.267945909375, 0.656953469224, 0.112360321994, 0.978248013129, 0.913505187206, 0.799177363428, 0.883920890117, 0.316616325434, 9.01515127464
0.0745575138511, 0.968825924218, 0.111847955535, 0.267945909375, 0.656953469224, 0.112360321994, 0.978248013129, 0.913505187206, 0.799177363428, 0.883920890117, 0.316616325434, 9.01515127464
0.0959593134699, 0.283812270451, 0.443236641372, 0.0158978552709, 0.943399812394, 0.83224242122, 0.267414197582, 0.943036756373, 0.867171988665, 0.0159538211657, 0.426151366219, 8.59371252545
0.0959593134699, 0.283812270451, 0.443236641372, 0.0158978552709, 0.943399812394, 0.83224242122, 0.267414197582, 0.943036756373, 0.867171988665, 0.0159538211657, 0.426151366219, 8.59371252545
0.0999184452855, 0.435498156763, 0.671636685629, 0.280079420464, 0.857176022014, 0.634699183553, 0.227339780954, 0.0773108220391, 0.248750438242, 0.00302316150726, 0.502308772837, 8.04299093948
0.0999184452855, 0.435498156763, 0.671636685629, 0.280079420464, 0.857176022014, 0.634699183553, 0.227339780954, 0.0773108220391, 0.248750438242, 0.00302316150726, 0.502308772837, 8.04299093948
0.0581875956939, 0.230648722525, 0.613938728746, 0.0953684019558, 0.131664183137, 0.982011263635, 0.267414197582, 0.100977524454, 0.86422499104, 0.133236760434, 0.606863490411, 8.02031538001
0.0581875956939, 0.230648722525, 0.613938728746, 0.0953684019558, 0.131664183137, 0.982011263635, 0.267414197582, 0.100977524454, 0.86422499104, 0.133236760434, 0.606863490411, 8.02031538001
0.116052245382, 0.0440378924444, 0.56328831077, 0.121158284767, 0.598729391469, 0.219308325307, 0.39635194252, 0.446584368272, 0.000150522543636, 0.574397523039, 0.814730822669, 7.73301062583
0.116052245382, 0.0440378924444, 0.56328831077, 0.121158284767, 0.598729391469, 0.219308325307, 0.39635194252, 0.446584368272, 0.000150522543636, 0.574397523039, 0.814730822669, 7.73301062583
0.397861792883, 0.128288578905, 0.0429240975769, 0.36629570188, 0.103801156988, 0.0244144826964, 0.455426526606, 0.455930838447, 0.708307011519, 0.149754981106, 0.861453403031, 7.39195550096
0.397861792883, 0.128288578905, 0.0429240975769, 0.36629570188, 0.103801156988, 0.0244144826964, 0.455426526606, 0.455930838447, 0.708307011519, 0.149754981106, 0.861453403031, 7.39195550096
0.289865264693, 0.170188415167, 0.203027010202, 0.309936146806, 0.399918105097, 0.12030116158, 0.188180864936, 0.294758161887, 0.197090429679, 0.550400116713, 0.952257595209, 7.36906058279
0.289865264693, 0.170188415167, 0.203027010202, 0.309936146806, 0.399918105097, 0.12030116158, 0.188180864936, 0.294758161887, 0.197090429679, 0.550400116713, 0.952257595209, 7.36906058279
0.0893147037638, 0.666272249491, 0.844349095169, 0.141387091061, 0.111238186134, 0.803568545632, 0.621404351264, 0.392627333094, 0.310965346123, 0.782668385943, 0.326639872373, 8.62803638063
0.0893147037638, 0.666272249491, 0.844349095169, 0.141387091061, 0.111238186134, 0.803568545632, 0.621404351264, 0.392627333094, 0.310965346123, 0.782668385943, 0.326639872373, 8.62803638063
0.0745575138511, 0.968825924218, 0.111847955535, 0.267945909375, 0.677802167764, 0.112360321994, 0.978248013129, 0.986675400756, 0.831778560551, 0.882442188263, 0.316616325434, 9.05895504409
0.0745575138511, 0.968825924218, 0.111847955535, 0.267945909375, 0.677802167764, 0.112360321994, 0.978248013129, 0.986675400756, 0.831778560551, 0.882442188263, 0.316616325434, 9.05895504409
0.0999184452855, 0.435498156763, 0.671636685629, 0.124948448417, 0.857176022014, 0.634699183553, 0.227339780954, 0.0773108220391, 0.63499082522, 0.935333100373, 0.502308772837, 8.58001827604
0.0999184452855, 0.435498156763, 0.671636685629, 0.124948448417, 0.857176022014, 0.634699183553, 0.227339780954, 0.0773108220391, 0.63499082522, 0.935333100373, 0.502308772837, 8.58001827604
0.258502250364, 0.64849449531, 0.785671588368, 0.0291153165311, 0.96887246153, 0.188374593175, 0.240538354131, 0.310280745974, 0.0503215883757, 0.282177368312, 0.670900265565, 8.05365170561
0.258502250364, 0.64849449531, 0.785671588368, 0.0291153165311, 0.96887246153, 0.188374593175, 0.240538354131, 0.310280745974, 0.0503215883757, 0.282177368312, 0.670900265565, 8.05365170561
0.255191248269, 0.473465162419, 0.138346866531, 0.0587668310172, 0.339501098218, 0.481873959163, 0.716565220774, 0.0945514498887, 0.395631659966, 0.95731402004, 0.649899988922, 8.13351593025
0.255191248269, 0.473465162419, 0.138346866531, 0.0587668310172, 0.339501098218, 0.481873959163, 0.716565220774, 0.0945514498887, 0.395631659966, 0.95731402004, 0.649899988922, 8.13351593025
0.255191248269, 0.473465162419, 0.138346866531, 0.0587668310172, 0.339501098218, 0.481873959163, 0.716565220774, 0.0945514498887, 0.395631659966, 0.95731402004, 0.649899988922, 8.13351593025
0.255191248269, 0.473465162419, 0.138346866531, 0.0587668310172, 0.339501098218, 0.481873959163, 0.716565220774, 0.0945514498887, 0.395631659966, 0.95731402004, 0.649899988922, 8.13351593025
0.116052245382, 0.0440378924444, 0.56328831077, 0.701201556635, 0.598729391469, 0.251293915097, 0.39635194252, 0.446584368272, 0.0291264876133, 0.085367114173, 0.814730822669, 7.81969439478
0.116052245382, 0.0440378924444, 0.56328831077, 0.701201556635, 0.598729391469, 0.251293915097, 0.39635194252, 0.446584368272, 0.0291264876133, 0.085367114173, 0.814730822669, 7.81969439478
0.397861792883, 0.0420418296595, 0.0429240975769, 0.423858876871, 0.886032179694, 0.25421004444, 0.607563490017, 0.228041771296, 0.0014612244644, 0.149754981106, 0.861453403031, 7.52347048494
0.397861792883, 0.0420418296595, 0.0429240975769, 0.423858876871, 0.886032179694, 0.25421004444, 0.607563490017, 0.228041771296, 0.0014612244644, 0.149754981106, 0.861453403031, 7.52347048494
0.93763294981, 0.699407606318, 0.0877320726399, 0.310793032361, 0.536097809486, 0.0130813554381, 0.00456345369513, 0.100977524454, 0.502242241318, 0.23641097868, 0.985474123968, 7.39912380348
0.93763294981, 0.699407606318, 0.0877320726399, 0.310793032361, 0.536097809486, 0.0130813554381, 0.00456345369513, 0.100977524454, 0.502242241318, 0.23641097868, 0.985474123968, 7.39912380348
0.555219057411, 0.0869723439993, 0.0429240975769, 0.358392334661, 0.886032179694, 0.25421004444, 0.607563490017, 0.228041771296, 0.00516615115243, 0.0684617947878, 0.955222791727, 7.43763080401
0.555219057411, 0.0869723439993, 0.0429240975769, 0.358392334661, 0.886032179694, 0.25421004444, 0.607563490017, 0.228041771296, 0.00516615115243, 0.0684617947878, 0.955222791727, 7.43763080401
0.0893147037638, 0.949705893912, 0.844349095169, 0.193807352004, 0.111238186134, 0.803568545632, 0.621404351264, 0.392627333094, 0.032456822453, 0.782668385943, 0.326639872373, 8.65139518301
0.0893147037638, 0.949705893912, 0.844349095169, 0.193807352004, 0.111238186134, 0.803568545632, 0.621404351264, 0.392627333094, 0.032456822453, 0.782668385943, 0.326639872373, 8.65139518301
0.0959593134699, 0.90081218801, 0.558686041465, 0.137032484408, 0.215801607349, 0.216354826996, 0.728824556393, 0.987233480252, 0.867171988665, 0.0937569127221, 0.426151366219, 8.63211193303
0.0959593134699, 0.90081218801, 0.558686041465, 0.137032484408, 0.215801607349, 0.216354826996, 0.728824556393, 0.987233480252, 0.867171988665, 0.0937569127221, 0.426151366219, 8.63211193303
0.0745575138511, 0.968825924218, 0.111847955535, 0.676000971121, 0.656953469224, 0.112360321994, 0.978248013129, 0.913505187206, 0.799177363428, 0.883920890117, 0.316616325434, 9.15543824234
0.0745575138511, 0.968825924218, 0.111847955535, 0.676000971121, 0.656953469224, 0.112360321994, 0.978248013129, 0.913505187206, 0.799177363428, 0.883920890117, 0.316616325434, 9.15543824234
0.0999184452855, 0.435498156763, 0.671636685629, 0.280079420464, 0.857176022014, 0.634699183553, 0.227339780954, 0.0773108220391, 0.63499082522, 0.901971813994, 0.502308772837, 8.63006411528
0.0999184452855, 0.435498156763, 0.671636685629, 0.280079420464, 0.857176022014, 0.634699183553, 0.227339780954, 0.0773108220391, 0.63499082522, 0.901971813994, 0.502308772837, 8.63006411528
0.258502250364, 0.64849449531, 0.875389841738, 0.0291153165311, 0.96887246153, 0.188374593175, 0.240538354131, 0.310280745974, 0.0503215883757, 0.271341691594, 0.670900265565, 8.09360090763
0.258502250364, 0.64849449531, 0.875389841738, 0.0291153165311, 0.96887246153, 0.188374593175, 0.240538354131, 0.310280745974, 0.0503215883757, 0.271341691594, 0.670900265565, 8.09360090763
0.255191248269, 0.0189338378167, 0.977719950479, 0.689410483104, 0.12721299792, 0.15592941259, 0.183197160145, 0.281637148022, 0.506952426787, 0.803560561739, 0.649899988922, 8.17689722371
0.255191248269, 0.0189338378167, 0.977719950479, 0.689410483104, 0.12721299792, 0.15592941259, 0.183197160145, 0.281637148022, 0.506952426787, 0.803560561739, 0.649899988922, 8.17689722371
0.256369609821, 0.725361002353, 0.0748128759736, 0.550976739078, 0.528431976436, 0.240088599488, 0.770804933769, 0.0472756517626, 0.475781216573, 0.332298704096, 0.65658960605, 8.17645548977
0.256369609821, 0.725361002353, 0.0748128759736, 0.550976739078, 0.528431976436, 0.240088599488, 0.770804933769, 0.0472756517626, 0.475781216573, 0.332298704096, 0.65658960605, 8.17645548977
0.116052245382, 0.0440378924444, 0.56328831077, 0.519424487253, 0.598729391469, 0.251293915097, 0.39635194252, 0.446584368272, 0.261639785466, 0.085367114173, 0.814730822669, 7.84792261523
0.116052245382, 0.0440378924444, 0.56328831077, 0.519424487253, 0.598729391469, 0.251293915097, 0.39635194252, 0.446584368272, 0.261639785466, 0.085367114173, 0.814730822669, 7.84792261523
0.397861792883, 0.0869723439993, 0.0429240975769, 0.423858876871, 0.886032179694, 0.25421004444, 0.607563490017, 0.228041771296, 0.000664064707997, 0.149754981106, 0.861453403031, 7.55136244869
0.397861792883, 0.0869723439993, 0.0429240975769, 0.423858876871, 0.886032179694, 0.25421004444, 0.607563490017, 0.228041771296, 0.000664064707997, 0.149754981106, 0.861453403031, 7.55136244869
0.731758072797, 0.429847277456, 0.355791089992, 0.261630281701, 0.428519700307, 0.510674627033, 0.0187119949476, 0.345970532725, 0.194468322406, 0.076376236717, 0.962707149223, 7.49034935919
0.731758072797, 0.429847277456, 0.355791089992, 0.261630281701, 0.428519700307, 0.510674627033, 0.0187119949476, 0.345970532725, 0.194468322406, 0.076376236717, 0.962707149223, 7.49034935919
0.545497840821, 0.699407606318, 0.0877320726399, 0.290071597158, 0.772935277091, 0.0123046676644, 0.00456345369513, 0.100977524454, 0.363359440046, 0.23641097868, 0.978890311878, 7.45119325029
0.545497840821, 0.699407606318, 0.0877320726399, 0.290071597158, 0.772935277091, 0.0123046676644, 0.00456345369513, 0.100977524454, 0.363359440046, 0.23641097868, 0.978890311878, 7.45119325029
0.0893147037638, 0.967501881354, 0.844349095169, 0.193807352004, 0.0746697605964, 0.803568545632, 0.621404351264, 0.392627333094, 0.206653269824, 0.782668385943, 0.326639872373, 8.7136538448
0.0893147037638, 0.967501881354, 0.844349095169, 0.193807352004, 0.0746697605964, 0.803568545632, 0.621404351264, 0.392627333094, 0.206653269824, 0.782668385943, 0.326639872373, 8.7136538448
0.93763294981, 0.523919682447, 0.0877320726399, 0.105953120632, 0.772935277091, 0.300771633922, 0.00456345369513, 0.100977524454, 0.502242241318, 0.23641097868, 0.985474123968, 7.49316959214
0.93763294981, 0.523919682447, 0.0877320726399, 0.105953120632, 0.772935277091, 0.300771633922, 0.00456345369513, 0.100977524454, 0.502242241318, 0.23641097868, 0.985474123968, 7.49316959214
0.0959593134699, 0.90081218801, 0.558686041465, 0.210678209462, 0.215801607349, 0.216354826996, 0.728824556393, 0.987233480252, 0.867171988665, 0.0937569127221, 0.426151366219, 8.6619532735
0.255191248269, 0.829415187264, 0.0246383164564, 0.0587668310172, 0.339501098218, 0.323896793902, 0.951956516839, 0.0945514498887, 0.395631659966, 0.95731402004, 0.649899988922, 8.2866097822
0.116052245382, 0.0440378924444, 0.56328831077, 0.224701348387, 0.598729391469, 0.833515589011, 0.39635194252, 0.446584368272, 0.000150522543636, 0.085367114173, 0.814730822669, 7.8622613256
0.0959593134699, 0.90081218801, 0.558686041465, 0.210678209462, 0.215801607349, 0.216354826996, 0.728824556393, 0.987233480252, 0.867171988665, 0.0937569127221, 0.426151366219, 8.6619532735
0.116052245382, 0.0440378924444, 0.56328831077, 0.224701348387, 0.598729391469, 0.833515589011, 0.39635194252, 0.446584368272, 0.000150522543636, 0.085367114173, 0.814730822669, 7.8622613256
0.255191248269, 0.829415187264, 0.0246383164564, 0.0587668310172, 0.339501098218, 0.323896793902, 0.951956516839, 0.0945514498887, 0.395631659966, 0.95731402004, 0.649899988922, 8.2866097822
0.258502250364, 0.64849449531, 0.785671588368, 0.290071597158, 0.96887246153, 0.0825329272251, 0.240538354131, 0.335653783731, 0.0503215883757, 0.282177368312, 0.670900265565, 8.1440932066
0.575696957964, 0.170188415167, 0.203027010202, 0.309936146806, 0.153295409523, 0.649887536068, 0.188180864936, 0.388793016578, 0.197090429679, 0.550400116713, 0.90606590086, 7.62182123814
