0.192818373636, 0.903270617831, 0.67255123868, 0.866385476314, 0.608993747445, 0.389803108114, 0.266871313684, 0.272021302631, 0.0378042950937, 25.8946409494, 3.99348813093, 14.5517995993, 4.75898004428, 205.957836955
0.605391945356, 0.472355840868, 0.979530260847, 0.221530794039, 0.107644163024, 0.805650141729, 0.239422433783, 0.481168286221, 0.221999571315, 11.7906174655, 41.432761779, 1.1122358681, 60.6954915479, 74.9798565558
0.678016916704, 0.836789578399, 0.349762596174, 0.210431550923, 0.602610103129, 0.598722259492, 0.301208121204, 0.000172871315568, 0.303069612713, 0.827898048118, 3.10638863316, 7.31416219323, 2.19393755677, 6.38364755122
0.678016916704, 0.836789578399, 0.349762596174, 0.210431550923, 0.602610103129, 0.598722259492, 0.301208121204, 0.000172871315568, 0.303069612713, 0.827898048118, 3.10638863316, 7.31416219323, 2.19393755677, 6.38364755122
0.650639885361, 0.844154069699, 0.756651828065, 0.208751380131, 0.597910058784, 0.601958855774, 0.299704913401, 0.000621695357831, 0.299773033, 1.63435257758, 6.19482956509, 2.5179575222, 1.91026693457, 6.58159616572
0.360019718045, 0.708437937259, 0.752960149421, 0.207347766734, 0.598440401653, 0.601958855774, 0.301301486737, 0.00062169544934, 0.299774369874, 0.747822985303, 2.85878921546, 1.18329893004, 1.97131787584, 12.0189340449
0.360019718045, 0.708437937259, 0.752960149421, 0.207347766734, 0.598440401653, 0.601958855774, 0.301301486737, 0.00062169544934, 0.299774369874, 0.747822985303, 2.85878921546, 1.18329893004, 1.97131787584, 12.0189340449
0.623414531696, 0.70983161573, 0.446665880898, 0.213143114312, 0.599445519757, 0.599958984348, 0.301181141589, 0.0966035812404, 0.303069715996, 0.664614428407, 2.45354601769, 3.86280805732, 2.85371390396, 5.94082795909
0.701790778462, 0.710794113413, 0.427287338016, 0.213143114312, 0.599444886662, 0.601957946279, 0.301181141589, 0.0966035812404, 0.303058761879, 0.734471437238, 2.71143597389, 4.61870650214, 3.28130716442, 4.82117804345
0.592019891224, 0.664838479485, 0.441784917997, 0.213143114312, 0.599445519757, 0.601958773417, 0.299765029334, 0.0995939042086, 0.299768540712, 0.517962716502, 1.91215433501, 3.07056201769, 2.77302836341, 5.70168014349
0.677877173303, 0.846318887346, 0.747403752536, 0.211525047828, 0.597902426449, 0.601958855898, 0.299703214728, 0.096017643858, 0.299773033, 1.455926689, 5.42707229362, 2.32621218238, 1.67227960957, 5.17081368873
0.61390554297, 0.743211586303, 0.444916908038, 0.213143114312, 0.599445519757, 0.601958773417, 0.299765029334, 0.0995939042086, 0.299768522974, 0.604683531513, 2.23230012364, 3.53945114402, 2.20313381451, 5.39582012802
0.61390554297, 0.743211586303, 0.444916908038, 0.213143114312, 0.599445519757, 0.601958773417, 0.299765029334, 0.0995939042086, 0.299768522974, 0.604683531513, 2.23230012364, 3.53945114402, 2.20313381451, 5.39582012802
0.675469351635, 0.846318887346, 0.747356106568, 0.213114173033, 0.59779869057, 0.601958761539, 0.29964465778, 0.101007735482, 0.299773088955, 1.31501883029, 4.85547096669, 2.08593541016, 1.49926538489, 4.6871417414
0.675469351635, 0.846318887346, 0.747356106568, 0.213114173033, 0.59779869057, 0.601958761539, 0.29964465778, 0.101007735482, 0.299773088955, 1.31501883029, 4.85547096669, 2.08593541016, 1.49926538489, 4.6871417414
0.675469351635, 0.846318887346, 0.747356106568, 0.213114173033, 0.59779869057, 0.601958761539, 0.29964465778, 0.101007735482, 0.299773088955, 1.31501883029, 4.85547096669, 2.08593541016, 1.49926538489, 4.6871417414
0.569319106456, 0.664945807445, 0.441812697599, 0.317308421326, 0.599445519757, 0.601958773417, 0.299765029334, 0.0995939042086, 0.405096520618, 0.793820561144, 1.70791121713, 3.16069438528, 2.85319435792, 6.44193214961
0.569040478012, 0.62935086388, 0.747377232168, 0.211526678438, 0.599445519757, 0.601958773417, 0.301371425143, 0.101018769952, 0.2997730792, 0.801249616061, 2.98668683705, 1.28036947069, 2.98492195699, 6.0990656589
0.569040478012, 0.62935086388, 0.747377232168, 0.211526678438, 0.599445519757, 0.601958773417, 0.301371425143, 0.101018769952, 0.2997730792, 0.801249616061, 2.98668683705, 1.28036947069, 2.98492195699, 6.0990656589
0.569040478012, 0.62935086388, 0.747377232168, 0.211526678438, 0.599445519757, 0.601958773417, 0.301371425143, 0.101018769952, 0.2997730792, 0.801249616061, 2.98668683705, 1.28036947069, 2.98492195699, 6.0990656589
0.61390554297, 0.710885020898, 0.381744349048, 0.249132938124, 0.599445519757, 0.601958773417, 0.299765029334, 0.0995939042086, 0.299768522974, 0.580054208163, 1.74823771714, 3.77079488793, 2.48048180045, 5.39582012802
0.61390554297, 0.710885020898, 0.381744349048, 0.249132938124, 0.599445519757, 0.601958773417, 0.299765029334, 0.0995939042086, 0.299768522974, 0.580054208163, 1.74823771714, 3.77079488793, 2.48048180045, 5.39582012802
0.569026679416, 0.660284731534, 0.542621494287, 0.213143114312, 0.599445519757, 0.601958773417, 0.301376422451, 0.0995814044951, 0.29976852255, 0.613842825686, 2.26611333742, 2.42753016655, 2.73069186254, 6.0880104084
0.569026679416, 0.660284731534, 0.542621494287, 0.213143114312, 0.599445519757, 0.601958773417, 0.301376422451, 0.0995814044951, 0.29976852255, 0.613842825686, 2.26611333742, 2.42753016655, 2.73069186254, 6.0880104084
0.567999615876, 0.847071647972, 0.756739242819, 0.211526678438, 0.599445519757, 0.601958773417, 0.301333327876, 0.101018769952, 0.299773032595, 1.08922582284, 4.06012853229, 1.65530709727, 1.22849780714, 6.10973632527
0.567999615876, 0.847071647972, 0.756739242819, 0.211526678438, 0.599445519757, 0.601958773417, 0.301333327876, 0.101018769952, 0.299773032595, 1.08922582284, 4.06012853229, 1.65530709727, 1.22849780714, 6.10973632527
0.567999615876, 0.847071647972, 0.756739242819, 0.211526678438, 0.599445519757, 0.601958773417, 0.301333327876, 0.101018769952, 0.299773032595, 1.08922582284, 4.06012853229, 1.65530709727, 1.22849780714, 6.10973632527
0.567999615876, 0.847071647972, 0.756739242819, 0.211526678438, 0.599445519757, 0.601958773417, 0.301333327876, 0.101018769952, 0.299773032595, 1.08922582284, 4.06012853229, 1.65530709727, 1.22849780714, 6.10973632527
0.567999615876, 0.847071647972, 0.756739242819, 0.211526678438, 0.599445519757, 0.601958773417, 0.301333327876, 0.101018769952, 0.299773032595, 1.08922582284, 4.06012853229, 1.65530709727, 1.22849780714, 6.10973632527
0.567999615876, 0.847071647972, 0.756739242819, 0.211526678438, 0.599445519757, 0.601958773417, 0.301333327876, 0.101018769952, 0.299773032595, 1.08922582284, 4.06012853229, 1.65530709727, 1.22849780714, 6.10973632527
0.567999615876, 0.847071647972, 0.756739242819, 0.211526678438, 0.599445519757, 0.601958773417, 0.301333327876, 0.101018769952, 0.299773032595, 1.08922582284, 4.06012853229, 1.65530709727, 1.22849780714, 6.10973632527
0.569026679416, 0.699870281757, 0.542621494287, 0.213143114312, 0.599445519757, 0.601958773417, 0.301376422451, 0.0995814044951, 0.29976852255, 0.650644079517, 2.40197191334, 2.57306604333, 2.41249615601, 6.0880104084
0.569040478012, 0.562225912071, 0.747377232168, 0.210460627236, 0.599445519757, 0.601958773996, 0.301371425143, 0.0980865983777, 0.299719763208, 0.731288260641, 2.74341515655, 1.17449282218, 3.62007086403, 6.26268171735
0.607591962079, 0.847071647972, 0.756739242819, 0.168356900481, 0.599445519757, 0.601958773417, 0.301333327876, 0.101018769952, 0.299773032595, 0.927358545969, 4.58093094689, 1.77069008317, 1.31413010183, 5.54978590695
0.607591962079, 0.847071647972, 0.756739242819, 0.168356900481, 0.599445519757, 0.601958773417, 0.301333327876, 0.101018769952, 0.299773032595, 0.927358545969, 4.58093094689, 1.77069008317, 1.31413010183, 5.54978590695
0.607591962079, 0.847071647972, 0.756739242819, 0.168356900481, 0.599445519757, 0.601958773417, 0.301333327876, 0.101018769952, 0.299773032595, 0.927358545969, 4.58093094689, 1.77069008317, 1.31413010183, 5.54978590695
0.607591962079, 0.847071647972, 0.756739242819, 0.168356900481, 0.599445519757, 0.601958773417, 0.301333327876, 0.101018769952, 0.299773032595, 0.927358545969, 4.58093094689, 1.77069008317, 1.31413010183, 5.54978590695
0.607591962079, 0.847071647972, 0.756739242819, 0.168356900481, 0.599445519757, 0.601958773417, 0.301333327876, 0.101018769952, 0.299773032595, 0.927358545969, 4.58093094689, 1.77069008317, 1.31413010183, 5.54978590695
0.583447362529, 0.658211521618, 0.391922615556, 0.213143114312, 0.599445306871, 0.500229056258, 0.299766390961, 0.0995823306155, 0.299773189181, 0.419726882634, 1.54949874302, 3.05530102193, 2.60907817785, 5.45001730688
0.583447362529, 0.658211521618, 0.391922615556, 0.213143114312, 0.599445306871, 0.500229056258, 0.299766390961, 0.0995823306155, 0.299773189181, 0.419726882634, 1.54949874302, 3.05530102193, 2.60907817785, 5.45001730688
0.650639885361, 0.632710377815, 0.756651828065, 0.208751380131, 0.597910058784, 0.601958851822, 0.299704913401, 0.0996634117631, 0.299773033, 0.933516355523, 3.53838871613, 1.43821753135, 3.43083782728, 5.01561475123
0.650639885361, 0.632710377815, 0.756651828065, 0.208751380131, 0.597910058784, 0.601958851822, 0.299704913401, 0.0996634117631, 0.299773033, 0.933516355523, 3.53838871613, 1.43821753135, 3.43083782728, 5.01561475123
0.650639885361, 0.632710377815, 0.756651828065, 0.208751380131, 0.597910058784, 0.601958851822, 0.299704913401, 0.0996634117631, 0.299773033, 0.933516355523, 3.53838871613, 1.43821753135, 3.43083782728, 5.01561475123
0.650639885361, 0.632710377815, 0.756651828065, 0.208751380131, 0.597910058784, 0.601958851822, 0.299704913401, 0.0996634117631, 0.299773033, 0.933516355523, 3.53838871613, 1.43821753135, 3.43083782728, 5.01561475123
0.583447362529, 0.658211521618, 0.4540522696, 0.213143114312, 0.599445306871, 0.500229056258, 0.29972056126, 0.10099509772, 0.299773194414, 0.487277011124, 1.79887242747, 2.74884232701, 2.61451238349, 5.46136863973
0.583447362529, 0.658211521618, 0.4540522696, 0.213143114312, 0.599445306871, 0.500229056258, 0.29972056126, 0.10099509772, 0.299773194414, 0.487277011124, 1.79887242747, 2.74884232701, 2.61451238349, 5.46136863973
0.569026544853, 0.562277399091, 0.419051751562, 0.213143114312, 0.599445519757, 0.601958773417, 0.301376422451, 0.101011617637, 0.29977598166, 0.40443291903, 1.49303827226, 2.63054040685, 3.52497364626, 6.09922842163
0.569026544853, 0.562277399091, 0.419051751562, 0.213143114312, 0.599445519757, 0.601958773417, 0.301376422451, 0.101011617637, 0.29977598166, 0.40443291903, 1.49303827226, 2.63054040685, 3.52497364626, 6.09922842163
0.569026544853, 0.562277399091, 0.419051751562, 0.213143114312, 0.599445519757, 0.601958773417, 0.301376422451, 0.101011617637, 0.29977598166, 0.40443291903, 1.49303827226, 2.63054040685, 3.52497364626, 6.09922842163
0.569026544853, 0.562277399091, 0.419051751562, 0.213143114312, 0.599445519757, 0.601958773417, 0.301376422451, 0.101011617637, 0.29977598166, 0.40443291903, 1.49303827226, 2.63054040685, 3.52497364626, 6.09922842163
0.569026544853, 0.562277399091, 0.419051751562, 0.213143114312, 0.599445519757, 0.601958773417, 0.301376422451, 0.101011617637, 0.29977598166, 0.40443291903, 1.49303827226, 2.63054040685, 3.52497364626, 6.09922842163
0.592019891224, 0.702520629581, 0.441784917997, 0.213143114312, 0.599445519757, 0.498097086773, 0.299765955488, 0.0995818962417, 0.299768540712, 0.526193962267, 1.94254148793, 3.11935809856, 2.36625442831, 5.48159918447
0.592019891224, 0.702520629581, 0.441784917997, 0.213143114312, 0.599445519757, 0.498097086773, 0.299765955488, 0.0995818962417, 0.299768540712, 0.526193962267, 1.94254148793, 3.11935809856, 2.36625442831, 5.48159918447
0.592019891224, 0.702520629581, 0.441784917997, 0.213143114312, 0.599445519757, 0.498097086773, 0.299765955488, 0.0995818962417, 0.299768540712, 0.526193962267, 1.94254148793, 3.11935809856, 2.36625442831, 5.48159918447
0.569040478012, 0.70195870587, 0.747377232168, 0.211499506584, 0.599445519757, 0.601958773417, 0.301371425143, 0.101018769952, 0.299768594386, 0.893592995806, 3.33144284584, 1.42811448163, 2.40024409438, 6.09919178464
0.569045806245, 0.658211521618, 0.39195489699, 0.213143114312, 0.599445525409, 0.500229056258, 0.299766390961, 0.0995823306155, 0.299768585547, 0.409408966865, 1.51140826519, 2.97979058484, 2.54473103838, 5.63856190205
0.569045806245, 0.658211521618, 0.39195489699, 0.213143114312, 0.599445525409, 0.500229056258, 0.299766390961, 0.0995823306155, 0.299768585547, 0.409408966865, 1.51140826519, 2.97979058484, 2.54473103838, 5.63856190205
0.608163774165, 0.846077726887, 0.756739242819, 0.168356900481, 0.599492845271, 0.601958773417, 0.301333327876, 0.101018769952, 0.299773033012, 0.926847990829, 4.57840892577, 1.76971523377, 1.32349571987, 5.53994062351
0.608163774165, 0.846077726887, 0.756739242819, 0.168356900481, 0.599492845271, 0.601958773417, 0.301333327876, 0.101018769952, 0.299773033012, 0.926847990829, 4.57840892577, 1.76971523377, 1.32349571987, 5.53994062351
0.608163774165, 0.846077726887, 0.756739242819, 0.168356900481, 0.599492845271, 0.601958773417, 0.301333327876, 0.101018769952, 0.299773033012, 0.926847990829, 4.57840892577, 1.76971523377, 1.32349571987, 5.53994062351
0.608163774165, 0.846077726887, 0.756739242819, 0.168356900481, 0.599492845271, 0.601958773417, 0.301333327876, 0.101018769952, 0.299773033012, 0.926847990829, 4.57840892577, 1.76971523377, 1.32349571987, 5.53994062351
0.608163774165, 0.846077726887, 0.756739242819, 0.168356900481, 0.599492845271, 0.601958773417, 0.301333327876, 0.101018769952, 0.299773033012, 0.926847990829, 4.57840892577, 1.76971523377, 1.32349571987, 5.53994062351
0.608163774165, 0.846077726887, 0.756739242819, 0.168356900481, 0.599492845271, 0.601958773417, 0.301333327876, 0.101018769952, 0.299773033012, 0.926847990829, 4.57840892577, 1.76971523377, 1.32349571987, 5.53994062351
0.569026544853, 0.562277399091, 0.395552390243, 0.213143114312, 0.599445519757, 0.601958852711, 0.301367811768, 0.101011617637, 0.29977598166, 0.381695973436, 1.40910066885, 2.73653446847, 3.52444389936, 6.0983118056
0.592019891224, 0.628635325362, 0.441784917997, 0.213143114312, 0.599445519757, 0.498097086773, 0.299765955488, 0.0995818962417, 0.299768540712, 0.470853237249, 1.73824105495, 2.79128983639, 2.95396384846, 5.48159918447
0.592019891224, 0.628635325362, 0.441784917997, 0.213143114312, 0.599445519757, 0.498097086773, 0.299765955488, 0.0995818962417, 0.299768540712, 0.470853237249, 1.73824105495, 2.79128983639, 2.95396384846, 5.48159918447
0.592019891224, 0.628635325362, 0.441784917997, 0.213143114312, 0.599445519757, 0.498097086773, 0.299765955488, 0.0995818962417, 0.299768540712, 0.470853237249, 1.73824105495, 2.79128983639, 2.95396384846, 5.48159918447
0.606009570123, 0.660640539457, 0.748046796882, 0.213143114312, 0.599445519757, 0.601958773417, 0.301376422451, 0.0995814044951, 0.299768480781, 0.901716179318, 3.32885060314, 1.42491733978, 2.90512302258, 5.56558420077
0.606009570123, 0.660640539457, 0.748046796882, 0.213143114312, 0.599445519757, 0.601958773417, 0.301376422451, 0.0995814044951, 0.299768480781, 0.901716179318, 3.32885060314, 1.42491733978, 2.90512302258, 5.56558420077
0.591579622612, 0.621075439753, 0.444936697358, 0.213143114312, 0.599445519757, 0.600467379268, 0.299766187383, 0.0995819578035, 0.299768540712, 0.474052507805, 1.75005174879, 2.77459391733, 3.04975754332, 5.5565695568
0.591579622612, 0.621075439753, 0.444936697358, 0.213143114312, 0.599445519757, 0.600467379268, 0.299766187383, 0.0995819578035, 0.299768540712, 0.474052507805, 1.75005174879, 2.77459391733, 3.04975754332, 5.5565695568
0.591579622612, 0.621075439753, 0.444936697358, 0.213143114312, 0.599445519757, 0.600467379268, 0.299766187383, 0.0995819578035, 0.299768540712, 0.474052507805, 1.75005174879, 2.77459391733, 3.04975754332, 5.5565695568
0.569056522384, 0.847071647972, 0.396806043758, 0.211526678438, 0.599445519757, 0.499817429375, 0.301333327876, 0.101018769952, 0.299773086186, 0.536013872797, 1.99801103959, 3.85202931298, 1.1529234286, 5.70922767787
0.569056522384, 0.847071647972, 0.396806043758, 0.211526678438, 0.599445519757, 0.499817429375, 0.301333327876, 0.101018769952, 0.299773086186, 0.536013872797, 1.99801103959, 3.85202931298, 1.1529234286, 5.70922767787
0.569056522384, 0.847071647972, 0.396806043758, 0.211526678438, 0.599445519757, 0.499817429375, 0.301333327876, 0.101018769952, 0.299773086186, 0.536013872797, 1.99801103959, 3.85202931298, 1.1529234286, 5.70922767787
0.569056522384, 0.847071647972, 0.396806043758, 0.211526678438, 0.599445519757, 0.499817429375, 0.301333327876, 0.101018769952, 0.299773086186, 0.536013872797, 1.99801103959, 3.85202931298, 1.1529234286, 5.70922767787
0.569056522384, 0.847071647972, 0.396806043758, 0.211526678438, 0.599445519757, 0.499817429375, 0.301333327876, 0.101018769952, 0.299773086186, 0.536013872797, 1.99801103959, 3.85202931298, 1.1529234286, 5.70922767787
0.591280357173, 0.701825014568, 0.441784917997, 0.213143114312, 0.599445525509, 0.498097086773, 0.299766392425, 0.0995818962417, 0.299768585813, 0.525015017271, 1.93818919632, 3.11236913273, 2.36881910277, 5.49152226161
0.591280357173, 0.701825014568, 0.441784917997, 0.213143114312, 0.599445525509, 0.498097086773, 0.299766392425, 0.0995818962417, 0.299768585813, 0.525015017271, 1.93818919632, 3.11236913273, 2.36881910277, 5.49152226161
0.591280357173, 0.701825014568, 0.441784917997, 0.213143114312, 0.599445525509, 0.498097086773, 0.299766392425, 0.0995818962417, 0.299768585813, 0.525015017271, 1.93818919632, 3.11236913273, 2.36881910277, 5.49152226161
0.569055744269, 0.518883527944, 0.397113974991, 0.213147942755, 0.599445519757, 0.603411508449, 0.301376422451, 0.101011617637, 0.29977306967, 0.373232522863, 1.37781662187, 2.65838808238, 4.08849533317, 6.43545954737
0.569055744269, 0.518883527944, 0.397113974991, 0.213147942755, 0.599445519757, 0.603411508449, 0.301376422451, 0.101011617637, 0.29977306967, 0.373232522863, 1.37781662187, 2.65838808238, 4.08849533317, 6.43545954737
0.569026679416, 0.659544075349, 0.542621494287, 0.213143114312, 0.599445519757, 0.601958773417, 0.301376422451, 0.0995814044951, 0.29976852255, 0.613154264428, 2.26357138729, 2.42480715155, 2.73664538894, 6.0880104084
0.569026679416, 0.659544075349, 0.542621494287, 0.213143114312, 0.599445519757, 0.601958773417, 0.301376422451, 0.0995814044951, 0.29976852255, 0.613154264428, 2.26357138729, 2.42480715155, 2.73664538894, 6.0880104084
0.569026679416, 0.660276355406, 0.542621494287, 0.187088413705, 0.599445519757, 0.601958773417, 0.301376422451, 0.0995814044951, 0.29976852255, 0.538799594998, 2.34112003405, 2.42749937181, 2.73075919135, 6.0880104084
0.591554016711, 0.701946782994, 0.381744349048, 0.213503932984, 0.599445519807, 0.601958773417, 0.299765029334, 0.0995939042086, 0.299768522974, 0.472978052966, 1.74233501577, 3.58781951008, 2.4640647635, 5.70819139442
0.591554016711, 0.701946782994, 0.381744349048, 0.213503932984, 0.599445519807, 0.601958773417, 0.299765029334, 0.0995939042086, 0.299768522974, 0.472978052966, 1.74233501577, 3.58781951008, 2.4640647635, 5.70819139442
0.591554016711, 0.701946782994, 0.381744349048, 0.213503932984, 0.599445519807, 0.601958773417, 0.299765029334, 0.0995939042086, 0.299768522974, 0.472978052966, 1.74233501577, 3.58781951008, 2.4640647635, 5.70819139442
0.591554016711, 0.701946782994, 0.381744349048, 0.213503932984, 0.599445519807, 0.601958773417, 0.299765029334, 0.0995939042086, 0.299768522974, 0.472978052966, 1.74233501577, 3.58781951008, 2.4640647635, 5.70819139442
0.583127903495, 0.658211521618, 0.391390972089, 0.213143114312, 0.599445525409, 0.500229056258, 0.299720007429, 0.100942083376, 0.299773142566, 0.419544700384, 1.54882618384, 3.0607969418, 2.6114881954, 5.46222582598
0.583127903495, 0.658211521618, 0.391390972089, 0.213143114312, 0.599445525409, 0.500229056258, 0.299720007429, 0.100942083376, 0.299773142566, 0.419544700384, 1.54882618384, 3.0607969418, 2.6114881954, 5.46222582598
0.569026679772, 0.660284731534, 0.543993228579, 0.213143114312, 0.599445519757, 0.601958773417, 0.301376422451, 0.0995814044951, 0.29976852255, 0.615394606204, 2.27184201971, 2.42024970706, 2.73069186425, 6.08801040337
