0.192818373636, 0.903270617831, 0.67255123868, 0.866385476314, 0.608993747445, 0.389803108114, 0.266871313684, 0.272021302631, 0.0378042950937, 25.8946409494, 3.99348813093, 14.5517995993, 4.75898004428, 205.957836955
0.605391945356, 0.472355840868, 0.979530260847, 0.221530794039, 0.107644163024, 0.805650141729, 0.239422433783, 0.481168286221, 0.221999571315, 11.7906174655, 41.432761779, 1.1122358681, 60.6954915479, 74.9798565558
0.674065689918, 0.571551229885, 0.681268749798, 0.0228423927302, 0.597980835556, 0.601958855774, 0.195409553839, 0.000205188052238, 0.302993025868, 0.145688119816, 6.23228294199, 2.98393063073, 7.0179103051, 7.92021134227
0.674065689918, 0.571551229885, 0.681268749798, 0.0228423927302, 0.597980835556, 0.601958855774, 0.195409553839, 0.000205188052238, 0.302993025868, 0.145688119816, 6.23228294199, 2.98393063073, 7.0179103051, 7.92021134227
0.673619809711, 0.722903644735, 0.729440375809, 0.0195450953172, 0.597895511811, 0.601958855774, 0.1954077089, 0.00420056411954, 0.302993025868, 0.179562714691, 9.00753572496, 3.40762313641, 4.827685501, 8.44145088244
0.673600171605, 0.723241240675, 0.597862250559, 0.0458329245198, 0.597893394432, 0.601958855774, 0.196730817295, 0.000205188052238, 0.302993025868, 0.31077926544, 6.46991973415, 4.56087507244, 4.34001795311, 7.5986752405
0.673600171605, 0.56787025554, 0.59225202526, 0.0708415262801, 0.597893394432, 0.601958855774, 0.196730817295, 0.000205188052238, 0.302993025868, 0.373623114497, 4.90044612308, 3.63104043303, 6.77648235455, 7.5986752405
0.551622669828, 0.670196313219, 0.594150239041, 0.0458172036929, 0.59789339603, 0.601958855774, 0.199856809716, 0.000204800718296, 0.302993025868, 0.222784571566, 4.63968091321, 3.32143341026, 4.02729763591, 9.92566839294
0.554477231272, 0.723896374128, 0.684092750918, 0.02341863224, 0.598435103632, 0.601958855774, 0.19975008877, 0.00361019169173, 0.302993025868, 0.148289474556, 6.18382561383, 2.92410796015, 3.53044556779, 10.2740954605
0.554477231272, 0.723896374128, 0.684092750918, 0.02341863224, 0.598435103632, 0.601958855774, 0.19975008877, 0.00361019169173, 0.302993025868, 0.148289474556, 6.18382561383, 2.92410796015, 3.53044556779, 10.2740954605
0.559406213971, 0.670196313219, 0.597839396236, 0.0473112459349, 0.597893026886, 0.601958855774, 0.302593312663, 0.000235067871782, 0.302993025868, 0.214642484396, 4.32217492877, 3.05187185979, 3.73439490892, 8.91817145505
0.559406213971, 0.670196313219, 0.597839396236, 0.0473112459349, 0.597893026886, 0.601958855774, 0.302593312663, 0.000235067871782, 0.302993025868, 0.214642484396, 4.32217492877, 3.05187185979, 3.73439490892, 8.91817145505
0.559406213971, 0.670196313219, 0.597839396236, 0.0473112459349, 0.597893026886, 0.601958855774, 0.302593312663, 0.000235067871782, 0.302993025868, 0.214642484396, 4.32217492877, 3.05187185979, 3.73439490892, 8.91817145505
0.559406213971, 0.670196313219, 0.597839396236, 0.0473112459349, 0.597893026886, 0.601958855774, 0.302593312663, 0.000235067871782, 0.302993025868, 0.214642484396, 4.32217492877, 3.05187185979, 3.73439490892, 8.91817145505
0.559406213971, 0.670196313219, 0.597839396236, 0.0473112459349, 0.597893026886, 0.601958855774, 0.302593312663, 0.000235067871782, 0.302993025868, 0.214642484396, 4.32217492877, 3.05187185979, 3.73439490892, 8.91817145505
0.559406213971, 0.670196313219, 0.597818448839, 0.0473112459349, 0.597893026886, 0.601958855774, 0.302593312663, 0.00023426553998, 0.302993025868, 0.214634994757, 4.32202411273, 3.05203126547, 3.73439545022, 8.91817274776
0.559406213971, 0.670196313219, 0.597818448839, 0.0473112459349, 0.597893026886, 0.601958855774, 0.302593312663, 0.00023426553998, 0.302993025868, 0.214634994757, 4.32202411273, 3.05203126547, 3.73439545022, 8.91817274776
0.559406213971, 0.670196313219, 0.597818448839, 0.0473112459349, 0.597893026886, 0.601958855774, 0.302593312663, 0.00023426553998, 0.302993025868, 0.214634994757, 4.32202411273, 3.05203126547, 3.73439545022, 8.91817274776
0.559406213971, 0.670196313219, 0.597818448839, 0.0473112459349, 0.597893026886, 0.601958855774, 0.302593312663, 0.00023426553998, 0.302993025868, 0.214634994757, 4.32202411273, 3.05203126547, 3.73439545022, 8.91817274776
0.559406213971, 0.670196313219, 0.597818448839, 0.0473112459349, 0.597893026886, 0.601958855774, 0.302593312663, 0.00023426553998, 0.302993025868, 0.214634994757, 4.32202411273, 3.05203126547, 3.73439545022, 8.91817274776
0.559406213971, 0.670196313219, 0.597818448839, 0.0473112459349, 0.597893026886, 0.601958855774, 0.302593312663, 0.00023426553998, 0.302993025868, 0.214634994757, 4.32202411273, 3.05203126547, 3.73439545022, 8.91817274776
0.559406213971, 0.670196313219, 0.597818448839, 0.0473112459349, 0.597893026886, 0.601958855774, 0.302593312663, 0.00023426553998, 0.302993025868, 0.214634994757, 4.32202411273, 3.05203126547, 3.73439545022, 8.91817274776
0.672983228746, 0.655298206731, 0.59783972918, 0.0473112459349, 0.597893028234, 0.601958855774, 0.302593312663, 0.000234719066846, 0.302993025868, 0.252481664032, 5.08412824853, 3.58987933211, 4.69553680849, 6.61923029813
0.679518081305, 0.671935226786, 0.699838002898, 0.0473112459349, 0.59789553445, 0.601958855774, 0.305197785074, 0.000234777269886, 0.302993025868, 0.335158867682, 6.74896798333, 3.03839696403, 4.94220774168, 7.10499721311
0.679518081305, 0.671935226786, 0.699838002898, 0.0473112459349, 0.59789553445, 0.601958855774, 0.305197785074, 0.000234777269886, 0.302993025868, 0.335158867682, 6.74896798333, 3.03839696403, 4.94220774168, 7.10499721311
0.673600171605, 0.671953123255, 0.600673565246, 0.0473511224419, 0.597893021918, 0.601958855774, 0.30373712061, 0.000205188052238, 0.302993025868, 0.269434177323, 5.42069867335, 3.78278751721, 4.62467072894, 6.83113144676
0.673600171605, 0.671953123255, 0.600673565246, 0.0473511224419, 0.597893021918, 0.601958855774, 0.30373712061, 0.000205188052238, 0.302993025868, 0.269434177323, 5.42069867335, 3.78278751721, 4.62467072894, 6.83113144676
0.673600171605, 0.671953123255, 0.600673565246, 0.0473511224419, 0.597893021918, 0.601958855774, 0.30373712061, 0.000205188052238, 0.302993025868, 0.269434177323, 5.42069867335, 3.78278751721, 4.62467072894, 6.83113144676
0.555573169722, 0.670196313219, 0.665857845864, 0.0669389860734, 0.597893394577, 0.601958855774, 0.199856809716, 0.000205185029093, 0.302993025868, 0.367383802373, 5.12095451768, 2.75416922738, 4.05613896085, 9.83821534639
0.555573169722, 0.670196313219, 0.665857845864, 0.0669389860734, 0.597893394577, 0.601958855774, 0.199856809716, 0.000205185029093, 0.302993025868, 0.367383802373, 5.12095451768, 2.75416922738, 4.05613896085, 9.83821534639
0.555573169722, 0.670196313219, 0.665857845864, 0.0669389860734, 0.597893394577, 0.601958855774, 0.199856809716, 0.000205185029093, 0.302993025868, 0.367383802373, 5.12095451768, 2.75416922738, 4.05613896085, 9.83821534639
0.555573169722, 0.670196313219, 0.665857845864, 0.0669389860734, 0.597893394577, 0.601958855774, 0.199856809716, 0.000205185029093, 0.302993025868, 0.367383802373, 5.12095451768, 2.75416922738, 4.05613896085, 9.83821534639
0.559389074254, 0.670196313219, 0.597839396236, 0.0473112459349, 0.597893026886, 0.601958855774, 0.302593312663, 0.000232447654167, 0.302993025868, 0.214636014529, 4.3220446475, 3.05177986866, 3.73428234482, 8.91852281349
0.559389074254, 0.670196313219, 0.597839396236, 0.0473112459349, 0.597893026886, 0.601958855774, 0.302593312663, 0.000232447654167, 0.302993025868, 0.214636014529, 4.3220446475, 3.05177986866, 3.73428234482, 8.91852281349
0.559389074254, 0.670196313219, 0.597839396236, 0.0473112459349, 0.597893026886, 0.601958855774, 0.302593312663, 0.000232447654167, 0.302993025868, 0.214636014529, 4.3220446475, 3.05177986866, 3.73428234482, 8.91852281349
0.559406213971, 0.670196313219, 0.597817673519, 0.0473112459349, 0.597893026886, 0.601958855774, 0.302593312663, 0.00023426553998, 0.302993025868, 0.214634716393, 4.32201850742, 3.05203714914, 3.73439545022, 8.91817274776
0.67365788272, 0.671953123255, 0.477493490581, 0.0473499196863, 0.597893029375, 0.601958855774, 0.302592104527, 0.000205188052238, 0.302993025868, 0.207154318933, 4.16781231894, 4.78739206267, 4.47305481782, 6.60544444251
0.67365788272, 0.671953123255, 0.477493490581, 0.0473499196863, 0.597893029375, 0.601958855774, 0.302592104527, 0.000205188052238, 0.302993025868, 0.207154318933, 4.16781231894, 4.78739206267, 4.47305481782, 6.60544444251
0.67365788272, 0.671953123255, 0.477493490581, 0.0473499196863, 0.597893029375, 0.601958855774, 0.302592104527, 0.000205188052238, 0.302993025868, 0.207154318933, 4.16781231894, 4.78739206267, 4.47305481782, 6.60544444251
0.648224740338, 0.671953123255, 0.477493490581, 0.0473499196863, 0.59789302937, 0.601958855774, 0.302593325547, 0.000205188052238, 0.302993025868, 0.199339346481, 4.01058007474, 4.60678594601, 4.30430718871, 7.12044343833
0.648224740338, 0.671953123255, 0.477493490581, 0.0473499196863, 0.59789302937, 0.601958855774, 0.302593325547, 0.000205188052238, 0.302993025868, 0.199339346481, 4.01058007474, 4.60678594601, 4.30430718871, 7.12044343833
0.648224740338, 0.671953123255, 0.477493490581, 0.0473499196863, 0.59789302937, 0.601958855774, 0.302593325547, 0.000205188052238, 0.302993025868, 0.199339346481, 4.01058007474, 4.60678594601, 4.30430718871, 7.12044343833
0.648224740338, 0.671953123255, 0.477493490581, 0.0473499196863, 0.59789302937, 0.601958855774, 0.302593325547, 0.000205188052238, 0.302993025868, 0.199339346481, 4.01058007474, 4.60678594601, 4.30430718871, 7.12044343833
0.648224740338, 0.671953123255, 0.477493490581, 0.0473499196863, 0.59789302937, 0.601958855774, 0.302593325547, 0.000205188052238, 0.302993025868, 0.199339346481, 4.01058007474, 4.60678594601, 4.30430718871, 7.12044343833
0.645507738763, 0.655298206731, 0.59783972918, 0.0473508456759, 0.597893021956, 0.601958855774, 0.303720834646, 0.000234719066846, 0.302993025868, 0.250467696393, 5.0391463077, 3.55826569662, 4.65418639658, 7.41490404339
0.645507738763, 0.655298206731, 0.59783972918, 0.0473508456759, 0.597893021956, 0.601958855774, 0.303720834646, 0.000234719066846, 0.302993025868, 0.250467696393, 5.0391463077, 3.55826569662, 4.65418639658, 7.41490404339
0.645507738763, 0.655298206731, 0.59783972918, 0.0473508456759, 0.597893021956, 0.601958855774, 0.303720834646, 0.000234719066846, 0.302993025868, 0.250467696393, 5.0391463077, 3.55826569662, 4.65418639658, 7.41490404339
0.645507738763, 0.655298206731, 0.59783972918, 0.0473508456759, 0.597893021956, 0.601958855774, 0.303720834646, 0.000234719066846, 0.302993025868, 0.250467696393, 5.0391463077, 3.55826569662, 4.65418639658, 7.41490404339
0.551622669828, 0.670196313219, 0.666832599949, 0.0119492842528, 0.597893396065, 0.601958855774, 0.199856809716, 0.000204798140895, 0.302993025868, 0.0652107163963, 5.39207986407, 2.72660831842, 4.02729763782, 9.92566839763
0.560460363105, 0.671992934814, 0.597817673519, 0.0473571140228, 0.597893026886, 0.601958855774, 0.302593312663, 0.000205273412569, 0.302993025868, 0.215826718045, 4.34160298388, 3.0660145417, 3.72108610584, 8.89691953043
0.560460363105, 0.671992934814, 0.597817673519, 0.0473571140228, 0.597893026886, 0.601958855774, 0.302593312663, 0.000205273412569, 0.302993025868, 0.215826718045, 4.34160298388, 3.0660145417, 3.72108610584, 8.89691953043
0.560460363105, 0.671992934814, 0.597817673519, 0.0473571140228, 0.597893026886, 0.601958855774, 0.302593312663, 0.000205273412569, 0.302993025868, 0.215826718045, 4.34160298388, 3.0660145417, 3.72108610584, 8.89691953043
0.560460363105, 0.671992934814, 0.597817673519, 0.0473571140228, 0.597893026886, 0.601958855774, 0.302593312663, 0.000205273412569, 0.302993025868, 0.215826718045, 4.34160298388, 3.0660145417, 3.72108610584, 8.89691953043
0.554992179287, 0.670196313219, 0.665857845864, 0.0473131446744, 0.597893026886, 0.601958855774, 0.20022879864, 0.000167427884813, 0.302993025868, 0.259312661001, 5.2214615041, 2.75037336758, 4.05054869622, 9.84779800053
0.648224740338, 0.671953123255, 0.477493490581, 0.0473499196863, 0.59789302937, 0.601958855774, 0.302593325547, 0.000205188052238, 0.302993025868, 0.199339346481, 4.01058007474, 4.60678594601, 4.30430718871, 7.12044343833
0.648224740338, 0.671953123255, 0.477493490581, 0.0473499196863, 0.59789302937, 0.601958855774, 0.302593325547, 0.000205188052238, 0.302993025868, 0.199339346481, 4.01058007474, 4.60678594601, 4.30430718871, 7.12044343833
0.648224740338, 0.671953123255, 0.477493490581, 0.0473499196863, 0.59789302937, 0.601958855774, 0.302593325547, 0.000205188052238, 0.302993025868, 0.199339346481, 4.01058007474, 4.60678594601, 4.30430718871, 7.12044343833
0.648224740338, 0.671953123255, 0.477493490581, 0.0473499196863, 0.59789302937, 0.601958855774, 0.302593325547, 0.000205188052238, 0.302993025868, 0.199339346481, 4.01058007474, 4.60678594601, 4.30430718871, 7.12044343833
0.658999655239, 0.671953123255, 0.477493490581, 0.0473499196863, 0.59789302937, 0.601958855774, 0.302593325547, 0.000205188052238, 0.302993025868, 0.202652803004, 4.0772446994, 4.68336081804, 4.37585420131, 6.90234347251
0.658999655239, 0.671953123255, 0.477493490581, 0.0473499196863, 0.59789302937, 0.601958855774, 0.302593325547, 0.000205188052238, 0.302993025868, 0.202652803004, 4.0772446994, 4.68336081804, 4.37585420131, 6.90234347251
0.67365788272, 0.671953123255, 0.477493490581, 0.0473499196863, 0.597893029375, 0.601958855774, 0.302592104527, 0.000205188052238, 0.302993025868, 0.207154318933, 4.16781231894, 4.78739206267, 4.47305481782, 6.60544444251
0.67365788272, 0.671953123255, 0.477493490581, 0.0473499196863, 0.597893029375, 0.601958855774, 0.302592104527, 0.000205188052238, 0.302993025868, 0.207154318933, 4.16781231894, 4.78739206267, 4.47305481782, 6.60544444251
0.67365788272, 0.671953123255, 0.477493490581, 0.0473499196863, 0.597893029375, 0.601958855774, 0.302592104527, 0.000205188052238, 0.302993025868, 0.207154318933, 4.16781231894, 4.78739206267, 4.47305481782, 6.60544444251
0.630623117567, 0.670196313219, 0.480228517738, 0.0119492842528, 0.597893035196, 0.601958855774, 0.301411368795, 0.000205206924692, 0.302993025868, 0.0480181752245, 3.97047985432, 4.34938909318, 4.11783826501, 7.31330360426
0.630623117567, 0.670196313219, 0.480228517738, 0.0119492842528, 0.597893035196, 0.601958855774, 0.301411368795, 0.000205206924692, 0.302993025868, 0.0480181752245, 3.97047985432, 4.34938909318, 4.11783826501, 7.31330360426
0.630623117567, 0.670196313219, 0.480228517738, 0.0119492842528, 0.597893035196, 0.601958855774, 0.301411368795, 0.000205206924692, 0.302993025868, 0.0480181752245, 3.97047985432, 4.34938909318, 4.11783826501, 7.31330360426
0.630623117567, 0.670196313219, 0.480228517738, 0.0119492842528, 0.597893035196, 0.601958855774, 0.301411368795, 0.000205206924692, 0.302993025868, 0.0480181752245, 3.97047985432, 4.34938909318, 4.11783826501, 7.31330360426
0.630623117567, 0.670196313219, 0.480228517738, 0.0119492842528, 0.597893035196, 0.601958855774, 0.301411368795, 0.000205206924692, 0.302993025868, 0.0480181752245, 3.97047985432, 4.34938909318, 4.11783826501, 7.31330360426
0.630623117567, 0.670196313219, 0.480228517738, 0.0119492842528, 0.597893035196, 0.601958855774, 0.301411368795, 0.000205206924692, 0.302993025868, 0.0480181752245, 3.97047985432, 4.34938909318, 4.11783826501, 7.31330360426
0.630623117567, 0.670196313219, 0.480228517738, 0.0119492842528, 0.597893035196, 0.601958855774, 0.301411368795, 0.000205206924692, 0.302993025868, 0.0480181752245, 3.97047985432, 4.34938909318, 4.11783826501, 7.31330360426
0.630623117567, 0.670196313219, 0.480228517738, 0.0119492842528, 0.597893035196, 0.601958855774, 0.301411368795, 0.000205206924692, 0.302993025868, 0.0480181752245, 3.97047985432, 4.34938909318, 4.11783826501, 7.31330360426
0.630623117567, 0.670196313219, 0.480228517738, 0.0119492842528, 0.597893035196, 0.601958855774, 0.301411368795, 0.000205206924692, 0.302993025868, 0.0480181752245, 3.97047985432, 4.34938909318, 4.11783826501, 7.31330360426
0.648224740338, 0.671953123255, 0.477493490581, 0.0473499196863, 0.59789302937, 0.601958855774, 0.302593325547, 0.000205188052238, 0.302993025868, 0.199339346481, 4.01058007474, 4.60678594601, 4.30430718871, 7.12044343833
0.648224740338, 0.671953123255, 0.477493490581, 0.0473499196863, 0.59789302937, 0.601958855774, 0.302593325547, 0.000205188052238, 0.302993025868, 0.199339346481, 4.01058007474, 4.60678594601, 4.30430718871, 7.12044343833
0.647978385642, 0.670210047154, 0.477493490581, 0.0473499196863, 0.59789302937, 0.601958855774, 0.302581461994, 0.000205206960635, 0.302993025868, 0.198689756588, 3.99751074183, 4.59177374876, 4.32429448782, 7.12338885104
0.647978385642, 0.670210047154, 0.477493490581, 0.0473499196863, 0.59789302937, 0.601958855774, 0.302581461994, 0.000205206960635, 0.302993025868, 0.198689756588, 3.99751074183, 4.59177374876, 4.32429448782, 7.12338885104
0.630623117567, 0.670223207163, 0.38734826837, 0.0119492842528, 0.597893035196, 0.601958855774, 0.302596644129, 0.000205187248035, 0.302993025868, 0.0396013017374, 3.27451366109, 5.24178997712, 4.20984958557, 7.47732596092
0.630623117567, 0.670223207163, 0.38734826837, 0.0119492842528, 0.597893035196, 0.601958855774, 0.302596644129, 0.000205187248035, 0.302993025868, 0.0396013017374, 3.27451366109, 5.24178997712, 4.20984958557, 7.47732596092
0.630623117567, 0.670223207163, 0.38734826837, 0.0119492842528, 0.597893035196, 0.601958855774, 0.302596644129, 0.000205187248035, 0.302993025868, 0.0396013017374, 3.27451366109, 5.24178997712, 4.20984958557, 7.47732596092
0.630623117567, 0.670223207163, 0.38734826837, 0.0119492842528, 0.597893035196, 0.601958855774, 0.302596644129, 0.000205187248035, 0.302993025868, 0.0396013017374, 3.27451366109, 5.24178997712, 4.20984958557, 7.47732596092
0.630623117567, 0.670223207163, 0.38734826837, 0.0119492842528, 0.597893035196, 0.601958855774, 0.302596644129, 0.000205187248035, 0.302993025868, 0.0396013017374, 3.27451366109, 5.24178997712, 4.20984958557, 7.47732596092
0.630623117567, 0.670223207163, 0.38734826837, 0.0119492842528, 0.597893035196, 0.601958855774, 0.302596644129, 0.000205187248035, 0.302993025868, 0.0396013017374, 3.27451366109, 5.24178997712, 4.20984958557, 7.47732596092
0.630623117567, 0.670223207163, 0.38734826837, 0.0119492842528, 0.597893035196, 0.601958855774, 0.302596644129, 0.000205187248035, 0.302993025868, 0.0396013017374, 3.27451366109, 5.24178997712, 4.20984958557, 7.47732596092
0.630623117567, 0.670223207163, 0.38734826837, 0.0119492842528, 0.597893035196, 0.601958855774, 0.302596644129, 0.000205187248035, 0.302993025868, 0.0396013017374, 3.27451366109, 5.24178997712, 4.20984958557, 7.47732596092
0.630623117567, 0.670223207163, 0.38734826837, 0.0119492842528, 0.597893035196, 0.601958855774, 0.302596644129, 0.000205187248035, 0.302993025868, 0.0396013017374, 3.27451366109, 5.24178997712, 4.20984958557, 7.47732596092
0.630623117567, 0.670223207163, 0.38734826837, 0.0119492842528, 0.597893035196, 0.601958855774, 0.302596644129, 0.000205187248035, 0.302993025868, 0.0396013017374, 3.27451366109, 5.24178997712, 4.20984958557, 7.47732596092
0.630623117567, 0.670223207163, 0.38734826837, 0.0119492842528, 0.597893035196, 0.601958855774, 0.302596644129, 0.000205187248035, 0.302993025868, 0.0396013017374, 3.27451366109, 5.24178997712, 4.20984958557, 7.47732596092
0.630623117567, 0.670223207163, 0.38734826837, 0.0119492842528, 0.597893035196, 0.601958855774, 0.302596644129, 0.000205187248035, 0.302993025868, 0.0396013017374, 3.27451366109, 5.24178997712, 4.20984958557, 7.47732596092
0.648224740338, 0.671935199961, 0.674139520404, 0.0473452597087, 0.504656033365, 0.601958855774, 0.302593325547, 0.000234894133315, 0.302993025868, 0.298200240422, 6.00021785373, 3.04448185982, 4.56156576611, 7.54560376174
0.648224740338, 0.671935199961, 0.674139520404, 0.0473452597087, 0.504656033365, 0.601958855774, 0.302593325547, 0.000234894133315, 0.302993025868, 0.298200240422, 6.00021785373, 3.04448185982, 4.56156576611, 7.54560376174
0.648224740338, 0.671935199961, 0.674139520404, 0.0473452597087, 0.504656033365, 0.601958855774, 0.302593325547, 0.000234894133315, 0.302993025868, 0.298200240422, 6.00021785373, 3.04448185982, 4.56156576611, 7.54560376174
0.648224740338, 0.671935199961, 0.674139520404, 0.0473452597087, 0.504656033365, 0.601958855774, 0.302593325547, 0.000234894133315, 0.302993025868, 0.298200240422, 6.00021785373, 3.04448185982, 4.56156576611, 7.54560376174
