0.192818373636, 0.903270617831, 0.67255123868, 0.866385476314, 0.608993747445, 0.389803108114, 0.266871313684, 0.272021302631, 0.0378042950937, 25.8946409494, 3.99348813093, 14.5517995993, 4.75898004428, 205.957836955
0.605391945356, 0.472355840868, 0.979530260847, 0.221530794039, 0.107644163024, 0.805650141729, 0.239422433783, 0.481168286221, 0.221999571315, 11.7906174655, 41.432761779, 1.1122358681, 60.6954915479, 74.9798565558
0.667591652765, 0.670196313219, 0.612371316443, 0.0470832229819, 0.597893026623, 0.601958855774, 0.301377821564, 0.000205362881858, 0.302993025868, 0.255299612098, 5.16700574275, 3.43229839495, 4.35735157606, 6.57851879276
0.560512813428, 0.655626716816, 0.666290115369, 0.0473112459349, 0.597893396187, 0.601958855774, 0.302593312663, 0.000180563802539, 0.302993025868, 0.2344847821, 4.72173181009, 2.48230977623, 3.90714667636, 8.89592138979
0.630623117567, 0.60735903494, 0.387266278751, 0.0476402679511, 0.597893034969, 0.594896570145, 0.302596633984, 0.000205187224569, 0.302993025868, 0.157891460779, 3.15635229916, 5.24380516349, 5.53254400613, 8.25332776893
0.650699344073, 0.752877872594, 0.594525795934, 0.0457441932149, 0.597893030523, 0.601958855774, 0.302593325547, 0.000205168863501, 0.302993025868, 0.269682844396, 5.62577241325, 4.02077596052, 3.25487073493, 7.07035375618
0.630627657707, 0.650000797488, 0.38734826837, 0.0119496897506, 0.597893035305, 0.601958855774, 0.298883110596, 0.000180398665957, 0.302993025868, 0.0375226483614, 3.10252944878, 4.96648239274, 4.36504173159, 7.30487358859
0.559406213971, 0.670196313219, 0.597818448839, 0.0473112459349, 0.597893028281, 0.601958855774, 0.302593312663, 0.000232008040786, 0.302993025868, 0.21463508354, 4.32202590052, 3.05203252794, 3.73439699495, 8.91817643674
0.648224740338, 0.840182744561, 0.406298373595, 0.00991265439564, 0.597893029427, 0.601958855774, 0.302593325547, 0.000180783309876, 0.302993025868, 0.0443999398485, 4.43471716405, 6.54508923063, 2.09699426843, 7.12054548671
0.702388705896, 0.569820187727, 0.387633459027, 0.0119496897506, 0.597893035195, 0.601958855774, 0.298883110596, 0.000205187248215, 0.302993025868, 0.036663597628, 3.03149954245, 4.84695117378, 5.97543306291, 5.88560685259
0.702388705896, 0.569820187727, 0.387633459027, 0.0119496897506, 0.597893035195, 0.601958855774, 0.298883110596, 0.000205187248215, 0.302993025868, 0.036663597628, 3.03149954245, 4.84695117378, 5.97543306291, 5.88560685259
0.702388705896, 0.569820187727, 0.387633459027, 0.0119496897506, 0.597893035195, 0.601958855774, 0.298883110596, 0.000205187248215, 0.302993025868, 0.036663597628, 3.03149954245, 4.84695117378, 5.97543306291, 5.88560685259
0.755300652662, 0.655152214805, 0.664880955821, 0.0473112459349, 0.597893396586, 0.601958855774, 0.302593312663, 0.000671870957841, 0.302993025868, 0.315337064619, 6.34982379486, 3.35943196594, 5.27657322254, 4.95721184969
0.755300652662, 0.655152214805, 0.664880955821, 0.0473112459349, 0.597893396586, 0.601958855774, 0.302593312663, 0.000671870957841, 0.302993025868, 0.315337064619, 6.34982379486, 3.35943196594, 5.27657322254, 4.95721184969
0.514868340981, 0.569820187727, 0.387633459027, 0.0119496897506, 0.597893035195, 0.601958855774, 0.298883110596, 0.000180223592176, 0.302993025868, 0.0268757315064, 2.22219784842, 3.55298898085, 4.38020666336, 9.59418314958
0.632280950989, 0.569820187727, 0.387633459027, 0.0119496897506, 0.597893035195, 0.601958855774, 0.298883110596, 0.000205187230885, 0.302993025868, 0.0330040819001, 2.72891548162, 4.36316084221, 5.37900519741, 7.27206862637
0.560512813428, 0.670793720231, 0.606073539048, 0.0394472390954, 0.597893389383, 0.601958855774, 0.301394425791, 0.000161731113593, 0.302993025868, 0.177940551792, 4.33290877182, 2.93189323648, 3.65268414952, 8.69970810945
0.65068943151, 0.670223207163, 0.664391234493, 0.01166570158, 0.597893033781, 0.601958855774, 0.299767033598, 0.000661836428277, 0.299844663319, 0.0636819642992, 5.39522368851, 2.75749662556, 4.04280061189, 6.58112599261
0.665910449224, 0.666993630097, 0.621388562276, 0.0106239513846, 0.597893035289, 0.601958855774, 0.301318365557, 0.000667524606416, 0.302993025868, 0.0580348737523, 5.40461001714, 3.32838414074, 4.38905040983, 6.61249095118
0.513361311337, 0.670223207163, 0.765465600142, 0.01166570158, 0.598448959231, 0.601958855774, 0.299770338508, 0.000661836428277, 0.302981021651, 0.0597741918316, 5.0641518251, 1.56994241554, 3.29365268129, 9.46762849177
0.630627657707, 0.563421500774, 0.38734826837, 0.0119496817944, 0.597893035196, 0.601958855774, 0.298883110596, 0.000205187248035, 0.302993025868, 0.0325241705584, 2.68923621754, 4.304888781, 5.44474065087, 7.30476440917
0.6572846971, 0.754686531324, 0.477493490581, 0.0473499196863, 0.59789302937, 0.601958855774, 0.298914893003, 0.000205187260445, 0.302993025868, 0.221708877006, 4.46064071249, 5.12375181683, 3.18750719713, 6.77500712848
0.577523768517, 0.670196313219, 0.480228517738, 0.0456673925958, 0.597893035196, 0.601958855774, 0.301411368795, 0.000205207010614, 0.302993025868, 0.16806216398, 3.51207270747, 3.98316444444, 3.77111052007, 8.36461915522
0.649216216071, 0.752417256557, 0.476102989001, 0.0478564050974, 0.597893034905, 0.601958855774, 0.302602363198, 0.000205188052238, 0.302993025868, 0.225333593819, 4.48320214681, 5.18120628872, 3.25421757972, 7.10192963969
0.702388705896, 0.569820187727, 0.662505012094, 0.0119564498002, 0.597893035195, 0.601958855774, 0.299792877033, 0.000210172128667, 0.303169226011, 0.0625891298961, 5.17216959382, 2.6667041002, 5.96512701285, 5.87545572911
0.667288450389, 0.640808055771, 0.470701103191, 0.0461633872228, 0.597893035224, 0.601958855774, 0.298878448909, 0.00020553633643, 0.302993025868, 0.183759956154, 3.79688286945, 4.47619485464, 4.74030864786, 6.58012738374
0.667288450389, 0.640808055771, 0.470701103191, 0.0461633872228, 0.597893035224, 0.601958855774, 0.298878448909, 0.00020553633643, 0.302993025868, 0.183759956154, 3.79688286945, 4.47619485464, 4.74030864786, 6.58012738374
0.630400512641, 0.570383984928, 0.598598197684, 0.0119496897506, 0.597893035195, 0.601958855774, 0.298837929667, 0.000653824042284, 0.302993025868, 0.0509334698127, 4.21139223704, 2.85818638847, 5.36320463495, 7.31911730928
0.513160321637, 0.670223207163, 0.772281465567, 0.01166570158, 0.597892366776, 0.601958855774, 0.299770337574, 0.000661836428277, 0.299844663319, 0.0583779323229, 4.94585879724, 1.47557270868, 3.18832704076, 9.17224550565
0.513160321637, 0.670223207163, 0.772281465567, 0.01166570158, 0.597892366776, 0.601958855774, 0.299770337574, 0.000661836428277, 0.299844663319, 0.0583779323229, 4.94585879724, 1.47557270868, 3.18832704076, 9.17224550565
0.513160321637, 0.670223207163, 0.772281465567, 0.01166570158, 0.597892366776, 0.601958855774, 0.299770337574, 0.000661836428277, 0.299844663319, 0.0583779323229, 4.94585879724, 1.47557270868, 3.18832704076, 9.17224550565
0.514307172301, 0.674700623795, 0.480228517738, 0.0456673925958, 0.59790136915, 0.601958855774, 0.299796444236, 0.000641374897941, 0.302993025868, 0.14953859177, 3.12497705867, 3.54414573573, 3.2875414921, 9.5439272824
0.514307172301, 0.674700623795, 0.480228517738, 0.0456673925958, 0.59790136915, 0.601958855774, 0.299796444236, 0.000641374897941, 0.302993025868, 0.14953859177, 3.12497705867, 3.54414573573, 3.2875414921, 9.5439272824
0.514307172301, 0.674700623795, 0.480228517738, 0.0456673925958, 0.59790136915, 0.601958855774, 0.299796444236, 0.000641374897941, 0.302993025868, 0.14953859177, 3.12497705867, 3.54414573573, 3.2875414921, 9.5439272824
0.664981262836, 0.670196313219, 0.606337495986, 0.217035681241, 0.597893026424, 0.601958855774, 0.298838020231, 0.000662491747421, 0.302993025868, 1.16144629925, 4.1899608639, 3.47438243189, 4.34317212701, 6.63454622325
0.630838695975, 0.710145540206, 0.480228517738, 0.0456405798979, 0.597893389771, 0.601958855774, 0.301411368795, 0.000205207127828, 0.29983170949, 0.186392268592, 3.89752316388, 4.42019309425, 3.47105437334, 7.00776090672
0.630838695975, 0.710145540206, 0.480228517738, 0.0456405798979, 0.597893389771, 0.601958855774, 0.301411368795, 0.000205207127828, 0.29983170949, 0.186392268592, 3.89752316388, 4.42019309425, 3.47105437334, 7.00776090672
0.630838695975, 0.710145540206, 0.480228517738, 0.0456405798979, 0.597893389771, 0.601958855774, 0.301411368795, 0.000205207127828, 0.29983170949, 0.186392268592, 3.89752316388, 4.42019309425, 3.47105437334, 7.00776090672
0.630838695975, 0.710145540206, 0.480228517738, 0.0456405798979, 0.597893389771, 0.601958855774, 0.301411368795, 0.000205207127828, 0.29983170949, 0.186392268592, 3.89752316388, 4.42019309425, 3.47105437334, 7.00776090672
0.631080286561, 0.670776657116, 0.4783788754, 0.174445424598, 0.59790135869, 0.601958855774, 0.299800592591, 0.000211051116715, 0.302993025868, 0.693632049593, 3.2825802884, 4.33563532599, 4.07953115907, 7.24380720151
0.66578406128, 0.670222288707, 0.663791906977, 0.210852479691, 0.59789302377, 0.601958855774, 0.299559007972, 0.000662498685361, 0.302993025868, 1.2287915405, 4.59893949827, 2.95172375348, 4.31986306123, 6.57570685093
0.603240965788, 0.670223207163, 0.765465600142, 0.0116678874603, 0.598448959231, 0.601958855774, 0.299770338508, 0.000661836428277, 0.303172549361, 0.0706564629867, 5.9849781347, 1.85541273947, 3.89255369099, 7.76337419
0.638735434122, 0.670223577104, 0.606337495986, 0.210852479691, 0.597893031413, 0.601958855774, 0.301377821564, 0.000665930498899, 0.302979193537, 1.08363283366, 4.05566092871, 3.3366685464, 4.17050761309, 7.15276031692
0.65068943151, 0.670223207163, 0.664391234493, 0.01166570158, 0.597893384944, 0.601958855774, 0.299767033598, 0.000661836428277, 0.299844663319, 0.0636814837453, 5.39518297533, 2.75747581706, 4.04277010429, 6.58107633042
0.65068943151, 0.670223207163, 0.664391234493, 0.01166570158, 0.597893384944, 0.601958855774, 0.299767033598, 0.000661836428277, 0.299844663319, 0.0636814837453, 5.39518297533, 2.75747581706, 4.04277010429, 6.58107633042
0.650699344073, 0.752877872594, 0.58875158913, 0.0457441932149, 0.597893030523, 0.601958855774, 0.302593325547, 0.000205168863501, 0.302993025868, 0.267063606466, 5.57113328141, 4.07803433029, 3.25487073493, 7.07035375618
0.638907967822, 0.670223577104, 0.372085379967, 0.210852479691, 0.597900105053, 0.601958855774, 0.298891168067, 0.000669784456647, 0.302979193537, 0.664530969321, 2.48710836778, 5.3185653707, 4.16767464643, 7.14255850339
0.630838695975, 0.710145540206, 0.480228517738, 0.047177884962, 0.597893039405, 0.601958855774, 0.301368521563, 0.000205207127828, 0.30296700863, 0.200693925219, 4.0532891726, 4.60426446702, 3.61560048927, 7.29958711037
0.630909126682, 0.710396768378, 0.371355272759, 0.210431550923, 0.597893467158, 0.601958855774, 0.301411368795, 0.000200955773582, 0.302877195001, 0.691183346772, 2.59341605736, 5.56029831261, 3.60574692363, 7.28380539977
0.630909126682, 0.710396768378, 0.371355272759, 0.210431550923, 0.597893467158, 0.601958855774, 0.301411368795, 0.000200955773582, 0.302877195001, 0.691183346772, 2.59341605736, 5.56029831261, 3.60574692363, 7.28380539977
0.630909126682, 0.710396768378, 0.371355272759, 0.210431550923, 0.597893467158, 0.601958855774, 0.301411368795, 0.000200955773582, 0.302877195001, 0.691183346772, 2.59341605736, 5.56029831261, 3.60574692363, 7.28380539977
0.702388705896, 0.569820187727, 0.387633459027, 0.0479504692935, 0.597893035195, 0.601958855774, 0.298883110596, 0.000205187248215, 0.302993025868, 0.147119862436, 2.92104327764, 4.84695117378, 5.97543306291, 5.88560685259
0.632280950989, 0.569820187727, 0.388780135646, 0.046140696275, 0.597893035195, 0.601958855774, 0.298883110596, 0.000205187230885, 0.302993025868, 0.127813868731, 2.6422758579, 4.35499067911, 5.37900519741, 7.27206862637
0.632280950989, 0.569820187727, 0.388780135646, 0.046140696275, 0.597893035195, 0.601958855774, 0.298883110596, 0.000205187230885, 0.302993025868, 0.127813868731, 2.6422758579, 4.35499067911, 5.37900519741, 7.27206862637
0.513361311337, 0.670223207163, 0.765465600142, 0.01166570158, 0.598448959231, 0.601958855774, 0.299770338508, 0.000661836428277, 0.302981021651, 0.0597741918316, 5.0641518251, 1.56994241554, 3.29365268129, 9.46762849177
0.630627657707, 0.708182161084, 0.370717842738, 0.0119458856316, 0.598393562224, 0.601958855774, 0.301214099804, 0.000207443741607, 0.302948454192, 0.0386631049627, 3.19785749762, 5.49389436392, 3.59750777182, 7.22073261744
0.631080286561, 0.670776657116, 0.387895415286, 0.174445424598, 0.59790135869, 0.601958855774, 0.299800592591, 0.000210976878861, 0.302993025868, 0.562434326095, 2.66169337683, 5.08772022276, 4.07953128751, 7.24380742958
0.644770753506, 0.779994659447, 0.4783788754, 0.174445424598, 0.597901231217, 0.601958855774, 0.299811358664, 0.000211051116715, 0.302993025868, 0.824044766929, 3.89975219609, 5.15079659855, 2.78522845383, 6.97478756725
0.560512813428, 0.675758350941, 0.666290115369, 0.0473112459349, 0.597901205812, 0.601958855774, 0.299810854282, 0.000180563802539, 0.302993025868, 0.234442043817, 4.72087120538, 2.48185733895, 3.56849523572, 8.62932834613
0.513361311337, 0.670223207163, 0.474846043986, 0.0114099847287, 0.598399024588, 0.601958855774, 0.299809329013, 0.000207381871877, 0.302980061675, 0.0362594547411, 3.14161112117, 3.51455240237, 3.29294145965, 9.46558408002
0.513361311337, 0.670223207163, 0.474846043986, 0.0114099847287, 0.598399024588, 0.601958855774, 0.299809329013, 0.000207381871877, 0.302980061675, 0.0362594547411, 3.14161112117, 3.51455240237, 3.29294145965, 9.46558408002
0.613690772788, 0.670223207163, 0.765465600142, 0.0116657142474, 0.597889910487, 0.601958855774, 0.299770338508, 0.000661836428277, 0.299753220465, 0.0692220639353, 5.86458211364, 1.81808457676, 3.81424126248, 7.28070707065
0.613690772788, 0.670223207163, 0.765465600142, 0.0116657142474, 0.597889910487, 0.601958855774, 0.299770338508, 0.000661836428277, 0.299753220465, 0.0692220639353, 5.86458211364, 1.81808457676, 3.81424126248, 7.28070707065
0.613690772788, 0.670223207163, 0.765465600142, 0.0116657142474, 0.597889910487, 0.601958855774, 0.299770338508, 0.000661836428277, 0.299753220465, 0.0692220639353, 5.86458211364, 1.81808457676, 3.81424126248, 7.28070707065
0.613690772788, 0.670223207163, 0.765465600142, 0.0116657142474, 0.597889910487, 0.601958855774, 0.299770338508, 0.000661836428277, 0.299753220465, 0.0692220639353, 5.86458211364, 1.81808457676, 3.81424126248, 7.28070707065
0.613690772788, 0.670223207163, 0.765465600142, 0.0116657142474, 0.597889910487, 0.601958855774, 0.299770338508, 0.000661836428277, 0.299753220465, 0.0692220639353, 5.86458211364, 1.81808457676, 3.81424126248, 7.28070707065
0.630396634548, 0.571057212946, 0.4783788754, 0.174445424598, 0.597901722921, 0.601958855774, 0.299800592591, 0.000167322380839, 0.302993025868, 0.58988734478, 2.79161346637, 3.68716585671, 5.30954431978, 7.25738081168
0.630396634548, 0.571057212946, 0.4783788754, 0.174445424598, 0.597901722921, 0.601958855774, 0.299800592591, 0.000167322380839, 0.302993025868, 0.58988734478, 2.79161346637, 3.68716585671, 5.30954431978, 7.25738081168
0.630396634548, 0.571057212946, 0.4783788754, 0.174445424598, 0.597901722921, 0.601958855774, 0.299800592591, 0.000167322380839, 0.302993025868, 0.58988734478, 2.79161346637, 3.68716585671, 5.30954431978, 7.25738081168
0.630838695975, 0.710145540206, 0.480228517738, 0.0456405798979, 0.597893389771, 0.601958855774, 0.301407845097, 0.000205207127828, 0.29983170949, 0.18638334127, 3.89733649066, 4.41998138757, 3.47088812598, 7.00742526758
0.512779047206, 0.670195775256, 0.746445543794, 0.01166570158, 0.597892376229, 0.601958855774, 0.30155748141, 0.000661836428277, 0.299844663319, 0.0569744072415, 4.82695022007, 1.65898351638, 3.21977372519, 9.27608721124
0.512779047206, 0.670195775256, 0.746445543794, 0.01166570158, 0.597892376229, 0.601958855774, 0.30155748141, 0.000661836428277, 0.299844663319, 0.0569744072415, 4.82695022007, 1.65898351638, 3.21977372519, 9.27608721124
0.512779047206, 0.670195775256, 0.746445543794, 0.01166570158, 0.597892376229, 0.601958855774, 0.30155748141, 0.000661836428277, 0.299844663319, 0.0569744072415, 4.82695022007, 1.65898351638, 3.21977372519, 9.27608721124
0.512779047206, 0.670195775256, 0.746445543794, 0.01166570158, 0.597892376229, 0.601958855774, 0.30155748141, 0.000661836428277, 0.299844663319, 0.0569744072415, 4.82695022007, 1.65898351638, 3.21977372519, 9.27608721124
0.512779047206, 0.670195775256, 0.746445543794, 0.01166570158, 0.597892376229, 0.601958855774, 0.30155748141, 0.000661836428277, 0.299844663319, 0.0569744072415, 4.82695022007, 1.65898351638, 3.21977372519, 9.27608721124
0.512779047206, 0.670195775256, 0.746445543794, 0.01166570158, 0.597892376229, 0.601958855774, 0.30155748141, 0.000661836428277, 0.299844663319, 0.0569744072415, 4.82695022007, 1.65898351638, 3.21977372519, 9.27608721124
0.512779047206, 0.670195775256, 0.746445543794, 0.01166570158, 0.597892376229, 0.601958855774, 0.30155748141, 0.000661836428277, 0.299844663319, 0.0569744072415, 4.82695022007, 1.65898351638, 3.21977372519, 9.27608721124
0.512779047206, 0.670195775256, 0.746445543794, 0.01166570158, 0.597892376229, 0.601958855774, 0.30155748141, 0.000661836428277, 0.299844663319, 0.0569744072415, 4.82695022007, 1.65898351638, 3.21977372519, 9.27608721124
0.630628603563, 0.708182161084, 0.480573355426, 0.0119458856316, 0.598403847984, 0.601958855774, 0.301398030004, 0.000207444040046, 0.302837267149, 0.0500680279131, 4.1411681397, 4.53008830926, 3.5937618895, 7.21318478527
0.513211475493, 0.622304478703, 0.427699903815, 0.0486618144571, 0.597892376445, 0.601958855774, 0.302602363198, 0.000644715759061, 0.299825165707, 0.12925423503, 2.52691953227, 3.55419416501, 3.76926124417, 9.46582294811
0.513211475493, 0.622304478703, 0.427699903815, 0.0486618144571, 0.597892376445, 0.601958855774, 0.302602363198, 0.000644715759061, 0.299825165707, 0.12925423503, 2.52691953227, 3.55419416501, 3.76926124417, 9.46582294811
0.513211475493, 0.622304478703, 0.427699903815, 0.0486618144571, 0.597892376445, 0.601958855774, 0.302602363198, 0.000644715759061, 0.299825165707, 0.12925423503, 2.52691953227, 3.55419416501, 3.76926124417, 9.46582294811
0.66578406128, 0.670222288707, 0.477749716509, 0.210852479691, 0.597892976676, 0.601958855774, 0.299557406968, 0.000173481298676, 0.302993025868, 0.883689219063, 3.30734149756, 4.58140926983, 4.3164114801, 6.57045284512
0.66578406128, 0.670222288707, 0.477749716509, 0.210852479691, 0.597892976676, 0.601958855774, 0.299557406968, 0.000173481298676, 0.302993025868, 0.883689219063, 3.30734149756, 4.58140926983, 4.3164114801, 6.57045284512
0.630909126682, 0.710396768378, 0.371355272759, 0.210431550923, 0.597893467158, 0.601958855774, 0.301411368795, 0.000200955773582, 0.302877195001, 0.691183346772, 2.59341605736, 5.56029831261, 3.60574692363, 7.28380539977
0.638907967822, 0.709788717114, 0.372104562367, 0.210860820012, 0.597900105053, 0.601958855774, 0.298899342324, 0.000200586553196, 0.302979193537, 0.703155075047, 2.63153306194, 5.62700831674, 3.66416845176, 7.13576828957
0.630909126682, 0.710396768378, 0.370698008933, 0.210431550923, 0.597885560974, 0.601958855774, 0.301208121204, 0.000207289766304, 0.302877195001, 0.68837612314, 2.58288296382, 5.55333399995, 3.59746945577, 7.26708446334
0.630909126682, 0.710396768378, 0.370698008933, 0.210431550923, 0.597885560974, 0.601958855774, 0.301208121204, 0.000207289766304, 0.302877195001, 0.68837612314, 2.58288296382, 5.55333399995, 3.59746945577, 7.26708446334
0.630909126682, 0.710396768378, 0.370698008933, 0.210431550923, 0.597885560974, 0.601958855774, 0.301208121204, 0.000207289766304, 0.302877195001, 0.68837612314, 2.58288296382, 5.55333399995, 3.59746945577, 7.26708446334
0.630909126682, 0.710396768378, 0.370698008933, 0.210431550923, 0.597885560974, 0.601958855774, 0.301208121204, 0.000207289766304, 0.302877195001, 0.68837612314, 2.58288296382, 5.55333399995, 3.59746945577, 7.26708446334
0.630909126682, 0.710396768378, 0.370698008933, 0.210431550923, 0.597885560974, 0.601958855774, 0.301208121204, 0.000207289766304, 0.302877195001, 0.68837612314, 2.58288296382, 5.55333399995, 3.59746945577, 7.26708446334
0.630909126682, 0.710396768378, 0.370698008933, 0.210431550923, 0.597885560974, 0.601958855774, 0.301208121204, 0.000207289766304, 0.302877195001, 0.68837612314, 2.58288296382, 5.55333399995, 3.59746945577, 7.26708446334
