2.70639432407, 0.758509970656, 22.8768938659, 7.6005993067, 7.88641776979, 3.89955895196, 5.07980130222, 4005.20919238, 695.441845617
2.68543704248, 0.707682782685, 17.0603281389, 7.6005993067, 7.32189144215, 3.55668361122, 5.06289551681, 2623.01098656, 919.635551114
2.68543704248, 0.707682782685, 17.015023226, 7.98291808676, 7.68779449072, 3.73548126203, 5.06289551681, 2684.24768963, 794.356963814
2.66774969706, 0.705238172526, 17.0768978104, 7.6005993067, 7.49088271632, 3.8984965016, 5.019985751, 2699.18342319, 698.351278916
2.86568183684, 0.758509970656, 23.968686994, 7.97789075853, 8.05488424936, 3.89972707249, 5.07980130222, 4392.26684955, 695.359871399
2.74389953173, 0.708333854225, 17.2058537613, 7.75361806766, 7.68779449072, 3.29474255218, 5.07980130222, 2615.95972408, 1157.03449934
2.82783341846, 0.712143546379, 17.1811112901, 7.6005993067, 8.05488424936, 3.89955895196, 5.30680672033, 2993.58062129, 697.640243883
2.86568183684, 0.722144666329, 17.177590993, 7.83221161379, 7.68779449072, 3.89955895196, 5.17550850052, 2958.65963515, 697.784673755
2.70639432407, 0.702119035237, 17.0603281389, 7.83221161379, 8.05857149666, 3.2208120173, 5.09334552858, 2555.97934326, 1239.01047608
2.68257598687, 0.707682782685, 17.0603281389, 7.37932600707, 7.30046242299, 3.8984965016, 5.07980130222, 2740.32908199, 698.071427677
2.68543704248, 0.705238172526, 17.0421764777, 7.6005993067, 7.68779449072, 3.61124888171, 5.06289551681, 2635.79133026, 878.627018874
2.68543704248, 0.702863783479, 17.015023226, 7.98291808676, 7.3164101483, 3.73548126203, 5.05978936185, 2658.07233614, 794.434722544
2.66774969706, 0.705238172526, 17.0400014862, 7.6005993067, 7.49088271632, 3.8984965016, 5.019985751, 2694.23666436, 698.370824072
3.22758436383, 0.76880680862, 17.0603281389, 7.6005993067, 7.88641776979, 3.89908889264, 5.09531599027, 3254.30809455, 697.325616393
2.86568183684, 0.762293723995, 25.0575155938, 7.97789075853, 8.05488424936, 3.89972707249, 5.05026232554, 4657.53097645, 695.154287436
3.45539680996, 0.76880680862, 19.5131179058, 7.6005993067, 8.05488424936, 3.89908889264, 5.07980130222, 3897.81204155, 696.428999841
3.41625814664, 0.76880680862, 17.1811112901, 7.6005993067, 8.05488424936, 3.89908889264, 5.30680672033, 3505.19913073, 697.272328685
2.87578378915, 0.76880680862, 20.9446522245, 7.97789075853, 7.68779449072, 3.89940932685, 5.26633367912, 3924.05426445, 696.130095376
3.56238882817, 0.76880680862, 17.177590993, 7.35220534794, 7.68779449072, 3.89908889264, 5.26633367912, 3539.37714743, 697.032608796
2.75665575556, 0.760782382943, 17.1811112901, 7.83221161379, 8.29639909221, 3.89909116088, 5.13246451422, 3047.11446694, 697.58753409
2.70639432407, 0.758509970656, 22.8768938659, 7.6005993067, 7.88641776979, 3.89955895196, 5.07980130222, 4005.20919238, 695.441845617
2.68543704248, 0.707682782685, 17.0603281389, 7.6005993067, 7.32189144215, 3.55668361122, 5.06289551681, 2623.01098656, 919.635551114
2.68543704248, 0.707682782685, 17.015023226, 7.98291808676, 7.68779449072, 3.73548126203, 5.06289551681, 2684.24768963, 794.356963814
2.66774969706, 0.705238172526, 17.0768978104, 7.6005993067, 7.49088271632, 3.8984965016, 5.019985751, 2699.18342319, 698.351278916
2.86568183684, 0.758509970656, 23.968686994, 7.97789075853, 8.05488424936, 3.89972707249, 5.07980130222, 4392.26684955, 695.359871399
2.74389953173, 0.708333854225, 17.2058537613, 7.75361806766, 7.68779449072, 3.29474255218, 5.07980130222, 2615.95972408, 1157.03449934
2.82783341846, 0.712143546379, 17.1811112901, 7.6005993067, 8.05488424936, 3.89955895196, 5.30680672033, 2993.58062129, 697.640243883
2.86568183684, 0.722144666329, 17.177590993, 7.83221161379, 7.68779449072, 3.89955895196, 5.17550850052, 2958.65963515, 697.784673755
2.70639432407, 0.702119035237, 17.0603281389, 7.83221161379, 8.05857149666, 3.2208120173, 5.09334552858, 2555.97934326, 1239.01047608
2.68257598687, 0.707682782685, 17.0603281389, 7.37932600707, 7.30046242299, 3.8984965016, 5.07980130222, 2740.32908199, 698.071427677
2.68543704248, 0.705238172526, 17.0421764777, 7.6005993067, 7.68779449072, 3.61124888171, 5.06289551681, 2635.79133026, 878.627018874
2.68543704248, 0.702863783479, 17.015023226, 7.98291808676, 7.3164101483, 3.73548126203, 5.05978936185, 2658.07233614, 794.434722544
2.66774969706, 0.705238172526, 17.0400014862, 7.6005993067, 7.49088271632, 3.8984965016, 5.019985751, 2694.23666436, 698.370824072
3.22758436383, 0.76880680862, 17.0603281389, 7.6005993067, 7.88641776979, 3.89908889264, 5.09531599027, 3254.30809455, 697.325616393
2.86568183684, 0.762293723995, 25.0575155938, 7.97789075853, 8.05488424936, 3.89972707249, 5.05026232554, 4657.53097645, 695.154287436
3.45539680996, 0.76880680862, 19.5131179058, 7.6005993067, 8.05488424936, 3.89908889264, 5.07980130222, 3897.81204155, 696.428999841
3.41625814664, 0.76880680862, 17.1811112901, 7.6005993067, 8.05488424936, 3.89908889264, 5.30680672033, 3505.19913073, 697.272328685
2.87578378915, 0.76880680862, 20.9446522245, 7.97789075853, 7.68779449072, 3.89940932685, 5.26633367912, 3924.05426445, 696.130095376
3.56238882817, 0.76880680862, 17.177590993, 7.35220534794, 7.68779449072, 3.89908889264, 5.26633367912, 3539.37714743, 697.032608796
2.75665575556, 0.760782382943, 17.1811112901, 7.83221161379, 8.29639909221, 3.89909116088, 5.13246451422, 3047.11446694, 697.58753409
2.76426019997, 0.702119035237, 17.0603281389, 7.83221161379, 8.05857149666, 3.2208120173, 5.09334552858, 2579.28912686, 1239.01047608
2.76426019997, 0.702119035237, 17.0603281389, 7.83221161379, 8.05857149666, 3.2208120173, 5.09334552858, 2579.28912686, 1239.01047608
2.85504319214, 0.706905978732, 17.0421764777, 7.75361806766, 7.88641776979, 3.2208120173, 5.07980130222, 2618.84902132, 1238.74336142
2.85504319214, 0.706905978732, 17.0421764777, 7.75361806766, 7.88641776979, 3.2208120173, 5.07980130222, 2618.84902132, 1238.74336142
2.86568183684, 0.719465841521, 27.0647843769, 8.29592787706, 7.32482775232, 3.89964858851, 5.08688536791, 4763.30903683, 695.276461503
2.75665575556, 0.760782382943, 25.6330099964, 7.83221161379, 8.29639909221, 3.89909116088, 5.13246451422, 4716.79582652, 695.345255434
2.86568183684, 0.719465841521, 27.0647843769, 8.29592787706, 7.32482775232, 3.89964858851, 5.08688536791, 4763.30903683, 695.276461503
2.75665575556, 0.760782382943, 25.6330099964, 7.83221161379, 8.29639909221, 3.89909116088, 5.13246451422, 4716.79582652, 695.345255434
3.45539680996, 0.76880680862, 17.1811112901, 7.6005993067, 8.05488424936, 3.89908889264, 5.30680672033, 3524.39599134, 697.272328685
3.45539680996, 0.76880680862, 17.1811112901, 7.6005993067, 8.05488424936, 3.89908889264, 5.30680672033, 3524.39599134, 697.272328685
2.74389953173, 0.722144666329, 17.1811112901, 7.89661658419, 8.05488424936, 3.89975275883, 5.30680672033, 2999.65835371, 697.753210415
3.58709875645, 0.76880680862, 17.0768978104, 7.6005993067, 8.23019294997, 3.89940242042, 5.30680672033, 3570.57124699, 697.150051246
2.74389953173, 0.722144666329, 17.1811112901, 7.89661658419, 8.05488424936, 3.89975275883, 5.30680672033, 2999.65835371, 697.753210415
3.58709875645, 0.76880680862, 17.0768978104, 7.6005993067, 8.23019294997, 3.89940242042, 5.30680672033, 3570.57124699, 697.150051246
2.75665575556, 0.742555691216, 17.1811112901, 7.83221161379, 8.29639909221, 3.8990423927, 5.13246451422, 2976.05887409, 697.815690336
2.75665575556, 0.742555691216, 17.1811112901, 7.83221161379, 8.29639909221, 3.8990423927, 5.13246451422, 2976.05887409, 697.815690336
3.52181472386, 0.76880680862, 17.0603281389, 7.6005993067, 8.05488424936, 3.89908889264, 5.09531599027, 3400.90509034, 697.325616393
2.86568183684, 0.714688740276, 17.1831791012, 7.6005993067, 7.68779449072, 3.32785903421, 5.00421700869, 2650.69802478, 1122.44032244
3.58980403854, 0.722144666329, 17.1831791012, 7.30883554211, 7.98382362029, 3.89893642571, 5.26633367912, 3324.98809053, 697.533426139
3.52181472386, 0.76880680862, 17.0603281389, 7.6005993067, 8.05488424936, 3.89908889264, 5.09531599027, 3400.90509034, 697.325616393
2.86568183684, 0.714688740276, 17.1831791012, 7.6005993067, 7.68779449072, 3.32785903421, 5.00421700869, 2650.69802478, 1122.44032244
3.58980403854, 0.722144666329, 17.1831791012, 7.30883554211, 7.98382362029, 3.89893642571, 5.26633367912, 3324.98809053, 697.533426139
2.68543704248, 0.707682782685, 17.0603281389, 7.6005993067, 7.32122866734, 3.78569293118, 5.06289551681, 2695.48161755, 762.632485273
2.68543704248, 0.707682782685, 17.0603281389, 7.6005993067, 7.32122866734, 3.78569293118, 5.06289551681, 2695.48161755, 762.632485273
2.86568183684, 0.705238172526, 17.0421764777, 7.37932600707, 7.30046242299, 3.8984965016, 5.07980130222, 2802.32661877, 698.109884647
3.53844335761, 0.76880680862, 17.0768978104, 7.6005993067, 7.52845811153, 3.89908889264, 5.30680672033, 3531.3808503, 697.318239372
3.53844335761, 0.76880680862, 17.0768978104, 7.6005993067, 7.52845811153, 3.89908889264, 5.30680672033, 3531.3808503, 697.318239372
2.86568183684, 0.705238172526, 17.0421764777, 7.37932600707, 7.30046242299, 3.8984965016, 5.07980130222, 2802.32661877, 698.109884647
3.53844335761, 0.76880680862, 17.0768978104, 7.6005993067, 7.52845811153, 3.89908889264, 5.30680672033, 3531.3808503, 697.318239372
3.53844335761, 0.76880680862, 17.0768978104, 7.6005993067, 7.52845811153, 3.89908889264, 5.30680672033, 3531.3808503, 697.318239372
2.86568183684, 0.762293723995, 21.760247218, 7.97789075853, 7.6360703063, 3.89719200269, 5.00421700869, 3883.97471405, 697.158184416
2.86568183684, 0.762293723995, 21.760247218, 7.6005993067, 7.43270257273, 3.89955895196, 5.26633367912, 4035.47654935, 695.647173423
2.86568183684, 0.762293723995, 21.760247218, 7.97789075853, 7.6360703063, 3.89719200269, 5.00421700869, 3883.97471405, 697.158184416
2.86568183684, 0.762293723995, 21.760247218, 7.6005993067, 7.43270257273, 3.89955895196, 5.26633367912, 4035.47654935, 695.647173423
3.58980403854, 0.722144666329, 17.1831791012, 7.37932600707, 7.68779449072, 3.89893642571, 5.26633367912, 3319.38145242, 697.609574273
3.58980403854, 0.722144666329, 17.1831791012, 7.37932600707, 7.68779449072, 3.89893642571, 5.26633367912, 3319.38145242, 697.609574273
3.52181472386, 0.759294673334, 17.0768978104, 7.6005993067, 8.05488424936, 3.89908889264, 5.30680672033, 3487.3695583, 697.413935792
3.52181472386, 0.760947831003, 17.0090327589, 7.6005993067, 8.05488424936, 3.89908889264, 5.30680672033, 3481.62697253, 697.42802456
3.52181472386, 0.760947831003, 17.0768978104, 7.6005993067, 8.05488424936, 3.89908889264, 5.30680672033, 3495.6001375, 697.397047226
3.52181472386, 0.759294673334, 17.0090327589, 7.6005993067, 8.05488424936, 3.89908889264, 5.30680672033, 3473.45704073, 697.445047405
2.86568183684, 0.762293723995, 21.760247218, 7.97789075853, 7.32482775232, 3.89719200269, 5.01869917867, 3886.21944565, 697.158184416
3.52181472386, 0.759294673334, 17.0768978104, 7.6005993067, 8.05488424936, 3.89908889264, 5.30680672033, 3487.3695583, 697.413935792
3.52181472386, 0.760947831003, 17.0090327589, 7.6005993067, 8.05488424936, 3.89908889264, 5.30680672033, 3481.62697253, 697.42802456
3.52181472386, 0.760947831003, 17.0768978104, 7.6005993067, 8.05488424936, 3.89908889264, 5.30680672033, 3495.6001375, 697.397047226
3.52181472386, 0.759294673334, 17.0090327589, 7.6005993067, 8.05488424936, 3.89908889264, 5.30680672033, 3473.45704073, 697.445047405
2.86568183684, 0.762293723995, 21.760247218, 7.97789075853, 7.32482775232, 3.89719200269, 5.01869917867, 3886.21944565, 697.158184416
2.68543704248, 0.705238172526, 17.0603281389, 7.6005993067, 7.32122866734, 3.8475028537, 5.06289551681, 2707.97374179, 726.497252665
2.68543704248, 0.705238172526, 17.0603281389, 7.6005993067, 7.32122866734, 3.8475028537, 5.06289551681, 2707.97374179, 726.497252665
2.8183005493, 0.722144666329, 17.1831791012, 7.83221161379, 7.68779449072, 3.89888736036, 5.09531599027, 2890.11457401, 698.14238687
2.8183005493, 0.722144666329, 17.1831791012, 7.83221161379, 7.68779449072, 3.89888736036, 5.09531599027, 2890.11457401, 698.14238687
2.82783341846, 0.712143546379, 17.1811112901, 7.83221161379, 8.05488424936, 3.89955895196, 5.30680672033, 2996.34682087, 697.91029322
2.82783341846, 0.712143546379, 17.1811112901, 7.83221161379, 8.05488424936, 3.89955895196, 5.30680672033, 2996.34682087, 697.91029322
