2.68543704248, 0.760620593086, 17.015023226, 7.98291808676, 7.3164101483, 3.89955895196, 5.06289551681, 2925.99636051, 697.578998778
2.68543704248, 0.707682782685, 17.0008042734, 7.6005993067, 7.68779449072, 3.8997355329, 5.00222560334, 2698.56191656, 697.694913167
2.86568183684, 0.76880680862, 19.5131179058, 7.97789075853, 8.05488424936, 3.89972707249, 5.05026232554, 3505.98443658, 696.383111541
2.86568183684, 0.714688740276, 17.1831791012, 7.42721238798, 7.60310564534, 3.89908889264, 5.00421700869, 2821.41926406, 697.664942485
2.61386486149, 0.705238172526, 17.015023226, 7.6005993067, 7.49088271632, 3.8984965016, 5.019985751, 2669.42177723, 698.384127775
2.70639432407, 0.714149572386, 22.8768938659, 7.6005993067, 8.1727782189, 3.89963616148, 5.07980130222, 3727.34274781, 695.679352796
2.86568183684, 0.762293723995, 19.5131179058, 7.97789075853, 7.49088271632, 3.89979023603, 5.00051147928, 3431.6851983, 696.404257423
2.88585700961, 0.762293723995, 21.760247218, 7.6005993067, 7.43270257273, 3.89955895196, 5.00421700869, 3892.2153466, 695.647173423
2.70639432407, 0.762293723995, 17.0603281389, 7.6005993067, 7.43270257273, 3.89964829737, 5.04481882501, 2936.59538446, 697.09080213
2.68543704248, 0.707682782685, 17.0603281389, 7.98291808676, 7.68779449072, 3.34668790147, 5.05018918876, 2567.27656004, 1104.57030437
2.64410089396, 0.702379550881, 17.0421764777, 7.98291808676, 7.3164101483, 3.25178476641, 5.07980130222, 2515.13000944, 1204.27830324
2.86568183684, 0.712143546379, 23.968686994, 7.6005993067, 7.68779449072, 3.8997355329, 5.30680672033, 4179.5065306, 695.420214758
3.43369655566, 0.76880680862, 25.0575155938, 7.6005993067, 8.25022729803, 3.89979638548, 5.07980130222, 5333.059264, 694.904038249
2.87578378915, 0.789324972962, 17.1811112901, 7.42721238798, 7.60310564534, 3.89908889264, 5.3074053081, 3314.89673872, 696.919329271
2.70639432407, 0.758509970656, 25.8959709225, 7.6005993067, 7.32189144215, 3.89955895196, 5.019985751, 4613.93310244, 694.963606407
2.68543704248, 0.714149572386, 22.8768938659, 7.6005993067, 8.1727782189, 3.89955895196, 5.07980130222, 3711.46074073, 695.720676029
2.68543704248, 0.702863783479, 17.0603281389, 7.34030860655, 7.68779449072, 3.8984965016, 5.00222560334, 2686.14741818, 698.084404421
2.63878669534, 0.707682782685, 17.015023226, 7.6005993067, 7.30046242299, 3.61124888171, 5.07980130222, 2624.09689294, 878.605806097
2.65290354549, 0.762293723995, 24.225389088, 7.6005993067, 7.43270257273, 3.89955895196, 5.00421700869, 4210.660856, 695.186927228
2.70639432407, 0.701951261207, 17.0603281389, 8.06614760318, 7.31435183566, 3.10017495599, 5.07980130222, 2505.2887576, 1389.94061222
2.68543704248, 0.707682782685, 17.0421764777, 7.37932600707, 7.30046242299, 3.34668790147, 5.07980130222, 2569.28785372, 1103.4464893
2.86568183684, 0.749096491807, 20.4466483372, 7.97789075853, 8.05488424936, 3.89972707249, 5.05026232554, 3578.45128492, 696.252784987
2.85987381335, 0.762293723995, 20.4466483372, 7.97789075853, 7.49088271632, 3.89972707249, 5.05026232554, 3637.45413664, 696.14724564
2.68543704248, 0.760620593086, 17.015023226, 7.98291808676, 7.3164101483, 3.89955895196, 5.06289551681, 2925.99636051, 697.578998778
2.68543704248, 0.707682782685, 17.0008042734, 7.6005993067, 7.68779449072, 3.8997355329, 5.00222560334, 2698.56191656, 697.694913167
2.86568183684, 0.76880680862, 19.5131179058, 7.97789075853, 8.05488424936, 3.89972707249, 5.05026232554, 3505.98443658, 696.383111541
2.86568183684, 0.714688740276, 17.1831791012, 7.42721238798, 7.60310564534, 3.89908889264, 5.00421700869, 2821.41926406, 697.664942485
2.61386486149, 0.705238172526, 17.015023226, 7.6005993067, 7.49088271632, 3.8984965016, 5.019985751, 2669.42177723, 698.384127775
2.70639432407, 0.714149572386, 22.8768938659, 7.6005993067, 8.1727782189, 3.89963616148, 5.07980130222, 3727.34274781, 695.679352796
2.86568183684, 0.762293723995, 19.5131179058, 7.97789075853, 7.49088271632, 3.89979023603, 5.00051147928, 3431.6851983, 696.404257423
2.88585700961, 0.762293723995, 21.760247218, 7.6005993067, 7.43270257273, 3.89955895196, 5.00421700869, 3892.2153466, 695.647173423
2.70639432407, 0.762293723995, 17.0603281389, 7.6005993067, 7.43270257273, 3.89964829737, 5.04481882501, 2936.59538446, 697.09080213
2.68543704248, 0.707682782685, 17.0603281389, 7.98291808676, 7.68779449072, 3.34668790147, 5.05018918876, 2567.27656004, 1104.57030437
2.64410089396, 0.702379550881, 17.0421764777, 7.98291808676, 7.3164101483, 3.25178476641, 5.07980130222, 2515.13000944, 1204.27830324
2.86568183684, 0.712143546379, 23.968686994, 7.6005993067, 7.68779449072, 3.8997355329, 5.30680672033, 4179.5065306, 695.420214758
3.43369655566, 0.76880680862, 25.0575155938, 7.6005993067, 8.25022729803, 3.89979638548, 5.07980130222, 5333.059264, 694.904038249
2.87578378915, 0.789324972962, 17.1811112901, 7.42721238798, 7.60310564534, 3.89908889264, 5.3074053081, 3314.89673872, 696.919329271
2.70639432407, 0.758509970656, 25.8959709225, 7.6005993067, 7.32189144215, 3.89955895196, 5.019985751, 4613.93310244, 694.963606407
2.68543704248, 0.714149572386, 22.8768938659, 7.6005993067, 8.1727782189, 3.89955895196, 5.07980130222, 3711.46074073, 695.720676029
2.68543704248, 0.702863783479, 17.0603281389, 7.34030860655, 7.68779449072, 3.8984965016, 5.00222560334, 2686.14741818, 698.084404421
2.63878669534, 0.707682782685, 17.015023226, 7.6005993067, 7.30046242299, 3.61124888171, 5.07980130222, 2624.09689294, 878.605806097
2.65290354549, 0.762293723995, 24.225389088, 7.6005993067, 7.43270257273, 3.89955895196, 5.00421700869, 4210.660856, 695.186927228
2.70639432407, 0.701951261207, 17.0603281389, 8.06614760318, 7.31435183566, 3.10017495599, 5.07980130222, 2505.2887576, 1389.94061222
2.68543704248, 0.707682782685, 17.0421764777, 7.37932600707, 7.30046242299, 3.34668790147, 5.07980130222, 2569.28785372, 1103.4464893
2.86568183684, 0.749096491807, 20.4466483372, 7.97789075853, 8.05488424936, 3.89972707249, 5.05026232554, 3578.45128492, 696.252784987
2.85987381335, 0.762293723995, 20.4466483372, 7.97789075853, 7.49088271632, 3.89972707249, 5.05026232554, 3637.45413664, 696.14724564
2.87578378915, 0.789324972962, 25.0575155938, 7.42721238798, 8.05488424936, 3.89908889264, 5.07980130222, 4908.51093972, 695.115967951
2.87578378915, 0.789324972962, 25.0575155938, 7.42721238798, 8.05488424936, 3.89908889264, 5.07980130222, 4908.51093972, 695.115967951
2.87578378915, 0.789324972962, 25.0575155938, 7.42721238798, 8.05488424936, 3.89908889264, 5.07980130222, 4908.51093972, 695.115967951
2.87578378915, 0.789324972962, 25.0575155938, 7.42721238798, 8.05488424936, 3.89908889264, 5.07980130222, 4908.51093972, 695.115967951
2.63878669534, 0.707682782685, 17.015023226, 7.6005993067, 7.68779449072, 3.61124888171, 5.07614755278, 2629.75713107, 878.605806097
2.63878669534, 0.707682782685, 17.015023226, 7.6005993067, 7.68779449072, 3.61124888171, 5.07614755278, 2629.75713107, 878.605806097
2.68543704248, 0.705238172526, 17.0421764777, 7.6005993067, 7.68779449072, 3.2208120173, 5.09334552858, 2546.58903964, 1238.4562849
2.68543704248, 0.705238172526, 17.0005336012, 7.6005993067, 7.68779449072, 3.2208120173, 5.09334552858, 2540.979688, 1238.49565952
3.22758436383, 0.798232098243, 17.0400014862, 7.6005993067, 8.05488424936, 3.89908889264, 5.019985751, 3347.32930547, 697.058756731
2.74108114294, 0.762293723995, 21.760247218, 7.6005993067, 7.43270257273, 3.89955895196, 5.26633367912, 3937.76131436, 695.647173423
2.68543704248, 0.705238172526, 17.0421764777, 7.6005993067, 7.68779449072, 3.2208120173, 5.09334552858, 2546.58903964, 1238.4562849
2.68543704248, 0.705238172526, 17.0005336012, 7.6005993067, 7.68779449072, 3.2208120173, 5.09334552858, 2540.979688, 1238.49565952
3.22758436383, 0.798232098243, 17.0400014862, 7.6005993067, 8.05488424936, 3.89908889264, 5.019985751, 3347.32930547, 697.058756731
2.74108114294, 0.762293723995, 21.760247218, 7.6005993067, 7.43270257273, 3.89955895196, 5.26633367912, 3937.76131436, 695.647173423
2.86568183684, 0.762293723995, 19.5131179058, 7.97789075853, 7.49088271632, 3.89972707249, 5.07614755278, 3475.92151874, 696.438096768
2.86568183684, 0.714688740276, 17.0163093375, 7.50783229904, 7.68779449072, 2.93733408494, 5.00421700869, 2535.23008318, 1632.24150968
2.86568183684, 0.762293723995, 19.5131179058, 7.97789075853, 7.49088271632, 3.89972707249, 5.07614755278, 3475.92151874, 696.438096768
2.86568183684, 0.714688740276, 17.0163093375, 7.50783229904, 7.68779449072, 2.93733408494, 5.00421700869, 2535.23008318, 1632.24150968
2.70639432407, 0.705238172526, 25.8959709225, 7.6005993067, 7.32189144215, 3.89955895196, 5.07980130222, 4221.70480858, 695.230135766
2.86568183684, 0.76880680862, 24.3449222763, 7.91590311317, 8.05488424936, 3.89972707249, 5.05026232554, 4540.93345372, 695.204580416
2.88340573377, 0.714688740276, 17.0163093375, 7.50783229904, 7.57781213913, 2.93733408494, 5.00421700869, 2540.53002756, 1632.24150968
2.69972736092, 0.762293723995, 24.225389088, 7.6005993067, 7.43270257273, 3.89955895196, 5.49790734821, 4571.16656479, 695.186927228
2.86568183684, 0.762293723995, 24.6319051802, 7.97789075853, 8.05488424936, 3.89972707249, 5.00168501196, 4528.51740902, 695.223297137
2.69972736092, 0.762293723995, 24.225389088, 7.6005993067, 7.43270257273, 3.89955895196, 5.49790734821, 4571.16656479, 695.186927228
2.70639432407, 0.705238172526, 25.8959709225, 7.6005993067, 7.32189144215, 3.89955895196, 5.07980130222, 4221.70480858, 695.230135766
2.86568183684, 0.76880680862, 24.3449222763, 7.91590311317, 8.05488424936, 3.89972707249, 5.05026232554, 4540.93345372, 695.204580416
2.88340573377, 0.714688740276, 17.0163093375, 7.50783229904, 7.57781213913, 2.93733408494, 5.00421700869, 2540.53002756, 1632.24150968
2.69972736092, 0.762293723995, 24.225389088, 7.6005993067, 7.43270257273, 3.89955895196, 5.49790734821, 4571.16656479, 695.186927228
2.86568183684, 0.762293723995, 24.6319051802, 7.97789075853, 8.05488424936, 3.89972707249, 5.00168501196, 4528.51740902, 695.223297137
2.69972736092, 0.762293723995, 24.225389088, 7.6005993067, 7.43270257273, 3.89955895196, 5.49790734821, 4571.16656479, 695.186927228
2.70639432407, 0.701919579164, 17.0603281389, 7.6005993067, 7.68779449072, 3.2208120173, 5.10451186438, 2552.5690739, 1238.51513478
2.70639432407, 0.702119035237, 17.0603281389, 7.6005993067, 7.68779449072, 3.2208120173, 5.10451186438, 2553.27258518, 1238.51054131
2.74962788218, 0.762293723995, 21.760247218, 7.6005993067, 7.43270257273, 3.89955895196, 5.26633367912, 3944.4638985, 695.647173423
2.70639432407, 0.701919579164, 17.0603281389, 7.6005993067, 7.68779449072, 3.2208120173, 5.10451186438, 2552.5690739, 1238.51513478
2.70639432407, 0.702119035237, 17.0603281389, 7.6005993067, 7.68779449072, 3.2208120173, 5.10451186438, 2553.27258518, 1238.51054131
2.74962788218, 0.762293723995, 21.760247218, 7.6005993067, 7.43270257273, 3.89955895196, 5.26633367912, 3944.4638985, 695.647173423
2.74389953173, 0.740784987547, 17.1811112901, 7.6005993067, 8.22344946414, 3.89975275883, 5.30637739342, 3069.93965457, 697.205174761
2.68069166075, 0.76880680862, 17.0176036324, 7.37932600707, 7.32163213274, 3.8984965016, 5.07980130222, 2957.73062827, 697.443230587
2.74389953173, 0.740784987547, 17.1811112901, 7.6005993067, 8.22344946414, 3.89975275883, 5.30637739342, 3069.93965457, 697.205174761
2.68463092836, 0.76880680862, 17.0421764777, 7.37932600707, 8.05857149666, 3.8984965016, 5.06649586067, 2970.5186098, 697.432839922
3.43369655566, 0.76880680862, 17.1811112901, 7.33633113921, 7.84807233837, 3.89979638548, 5.28530439145, 3492.51434005, 696.636742912
2.9276522569, 0.755120861141, 24.6319051802, 7.97789075853, 8.05488424936, 3.89972707249, 5.00168501196, 4532.40012724, 695.262402836
2.74389953173, 0.740784987547, 17.1811112901, 7.6005993067, 8.22344946414, 3.89975275883, 5.30637739342, 3069.93965457, 697.205174761
2.68069166075, 0.76880680862, 17.0176036324, 7.37932600707, 7.32163213274, 3.8984965016, 5.07980130222, 2957.73062827, 697.443230587
2.74389953173, 0.740784987547, 17.1811112901, 7.6005993067, 8.22344946414, 3.89975275883, 5.30637739342, 3069.93965457, 697.205174761
2.68463092836, 0.76880680862, 17.0421764777, 7.37932600707, 8.05857149666, 3.8984965016, 5.06649586067, 2970.5186098, 697.432839922
