2.86568183684, 0.726420147227, 17.2058537613, 7.97789075853, 7.68779449072, 3.29474255218, 5.07713370606, 2737.29173552, 1157.08477373
2.86568183684, 0.708333854225, 17.1811112901, 7.95524028758, 7.68779449072, 3.61124888171, 5.07980130222, 2753.86505574, 879.016766963
2.86568183684, 0.705238172526, 17.0603281389, 7.6005993067, 7.65952904915, 3.77784735959, 5.07980130222, 2773.46085226, 767.427942624
2.81427672718, 0.731189383616, 26.3023457694, 7.93435302509, 7.90171568398, 3.8984965016, 5.26633367912, 4758.06015338, 695.764628837
2.86568183684, 0.722144666329, 17.1811112901, 7.97789075853, 7.68779449072, 3.89544382846, 5.05686753555, 2887.72406171, 700.166299798
2.85504319214, 0.714782676576, 17.0421764777, 7.37932600707, 8.05857149666, 3.2208120173, 5.09531599027, 2658.23365802, 1237.79477132
2.85504319214, 0.706905978732, 17.1831791012, 7.75361806766, 8.05488424936, 3.2208120173, 5.09531599027, 2651.97458219, 1238.60748745
2.86568183684, 0.762293723995, 21.760247218, 7.97789075853, 7.88641776979, 3.89719200269, 5.07713370606, 3931.83366226, 697.158184416
2.86568183684, 0.708333854225, 17.1811112901, 8.01485000611, 7.68779449072, 3.89544382846, 5.07980130222, 2848.53388939, 700.396198789
3.52181472386, 0.711561038522, 17.0152471118, 7.6005993067, 7.32482775232, 3.89908889264, 5.07713370606, 3090.23786173, 697.98542733
2.86568183684, 0.722144666329, 17.1811112901, 7.83221161379, 7.68779449072, 3.8984965016, 5.26633367912, 3015.97918097, 698.353478337
2.85504319214, 0.714782676576, 17.1831791012, 7.37932600707, 8.05488424936, 3.2208120173, 5.09531599027, 2678.99990136, 1237.67430486
2.85504319214, 0.706905978732, 17.0421764777, 7.75361806766, 8.02677477049, 3.2208120173, 5.09531599027, 2631.01678199, 1238.74336142
3.52181472386, 0.711561038522, 22.8768938659, 7.97789075853, 7.88641776979, 3.89765610742, 5.07980130222, 4321.37859995, 697.00998495
3.52181472386, 0.76880680862, 17.1811112901, 7.6005993067, 8.05488424936, 3.89908889264, 5.30680672033, 3556.97286869, 697.272328685
3.52181472386, 0.76880680862, 17.0768978104, 7.6005993067, 8.05488424936, 3.89908889264, 5.30680672033, 3534.97246441, 697.318239372
2.81427672718, 0.731189383616, 17.300998105, 7.83221161379, 8.10432096957, 3.89505695818, 5.13246451422, 2971.0022258, 700.033018518
2.75665575556, 0.731189383616, 17.1811112901, 7.83221161379, 8.29639909221, 3.89505695818, 5.13246451422, 2931.2113056, 700.093957016
2.86568183684, 0.726420147227, 17.2058537613, 7.97789075853, 7.68779449072, 3.29474255218, 5.07713370606, 2737.29173552, 1157.08477373
2.86568183684, 0.708333854225, 17.1811112901, 7.95524028758, 7.68779449072, 3.61124888171, 5.07980130222, 2753.86505574, 879.016766963
2.86568183684, 0.705238172526, 17.0603281389, 7.6005993067, 7.65952904915, 3.77784735959, 5.07980130222, 2773.46085226, 767.427942624
2.81427672718, 0.731189383616, 26.3023457694, 7.93435302509, 7.90171568398, 3.8984965016, 5.26633367912, 4758.06015338, 695.764628837
2.86568183684, 0.722144666329, 17.1811112901, 7.97789075853, 7.68779449072, 3.89544382846, 5.05686753555, 2887.72406171, 700.166299798
2.85504319214, 0.714782676576, 17.0421764777, 7.37932600707, 8.05857149666, 3.2208120173, 5.09531599027, 2658.23365802, 1237.79477132
2.85504319214, 0.706905978732, 17.1831791012, 7.75361806766, 8.05488424936, 3.2208120173, 5.09531599027, 2651.97458219, 1238.60748745
2.86568183684, 0.762293723995, 21.760247218, 7.97789075853, 7.88641776979, 3.89719200269, 5.07713370606, 3931.83366226, 697.158184416
2.86568183684, 0.708333854225, 17.1811112901, 8.01485000611, 7.68779449072, 3.89544382846, 5.07980130222, 2848.53388939, 700.396198789
3.52181472386, 0.711561038522, 17.0152471118, 7.6005993067, 7.32482775232, 3.89908889264, 5.07713370606, 3090.23786173, 697.98542733
2.86568183684, 0.722144666329, 17.1811112901, 7.83221161379, 7.68779449072, 3.8984965016, 5.26633367912, 3015.97918097, 698.353478337
2.85504319214, 0.714782676576, 17.1831791012, 7.37932600707, 8.05488424936, 3.2208120173, 5.09531599027, 2678.99990136, 1237.67430486
2.85504319214, 0.706905978732, 17.0421764777, 7.75361806766, 8.02677477049, 3.2208120173, 5.09531599027, 2631.01678199, 1238.74336142
3.52181472386, 0.711561038522, 22.8768938659, 7.97789075853, 7.88641776979, 3.89765610742, 5.07980130222, 4321.37859995, 697.00998495
3.52181472386, 0.76880680862, 17.1811112901, 7.6005993067, 8.05488424936, 3.89908889264, 5.30680672033, 3556.97286869, 697.272328685
3.52181472386, 0.76880680862, 17.0768978104, 7.6005993067, 8.05488424936, 3.89908889264, 5.30680672033, 3534.97246441, 697.318239372
2.81427672718, 0.731189383616, 17.300998105, 7.83221161379, 8.10432096957, 3.89505695818, 5.13246451422, 2971.0022258, 700.033018518
2.75665575556, 0.731189383616, 17.1811112901, 7.83221161379, 8.29639909221, 3.89505695818, 5.13246451422, 2931.2113056, 700.093957016
2.86568183684, 0.723621373231, 17.2058537613, 8.22326544955, 8.29900084719, 3.29474255218, 5.07980130222, 2742.39381139, 1157.62468043
2.86568183684, 0.723621373231, 17.2058537613, 8.22326544955, 8.29900084719, 3.29474255218, 5.07980130222, 2742.39381139, 1157.62468043
2.86568183684, 0.762293723995, 21.760247218, 7.97789075853, 7.88641776979, 3.89719200269, 5.07980130222, 3933.42764028, 697.158184416
3.52181472386, 0.763225403632, 21.760247218, 7.97789075853, 7.88641776979, 3.89719200269, 5.01927896107, 4422.07026284, 697.151771953
2.86568183684, 0.762293723995, 21.760247218, 7.97789075853, 7.88641776979, 3.89719200269, 5.07980130222, 3933.42764028, 697.158184416
3.52181472386, 0.763225403632, 21.760247218, 7.97789075853, 7.88641776979, 3.89719200269, 5.01927896107, 4422.07026284, 697.151771953
2.86568183684, 0.731446375785, 17.0603281389, 7.6005993067, 7.68779449072, 3.61124888171, 5.07980130222, 2821.14457096, 878.214849757
2.86568183684, 0.726420147227, 17.2058537613, 7.97789075853, 7.68779449072, 3.62992864898, 5.07713370606, 2832.00589819, 865.23756809
2.68543704248, 0.740588549919, 17.4478076653, 7.40344548111, 7.32189144215, 3.73548126203, 5.04185896196, 2841.32006207, 792.925152326
2.99827820299, 0.707682782685, 17.0603281389, 7.6005993067, 7.68779449072, 3.61124888171, 5.06289551681, 2774.03527994, 878.575709624
2.86568183684, 0.731446375785, 17.0603281389, 7.6005993067, 7.68779449072, 3.61124888171, 5.07980130222, 2821.14457096, 878.214849757
2.86568183684, 0.726420147227, 17.2058537613, 7.97789075853, 7.68779449072, 3.62992864898, 5.07713370606, 2832.00589819, 865.23756809
2.68543704248, 0.740588549919, 17.4478076653, 7.40344548111, 7.32189144215, 3.73548126203, 5.04185896196, 2841.32006207, 792.925152326
2.99827820299, 0.707682782685, 17.0603281389, 7.6005993067, 7.68779449072, 3.61124888171, 5.06289551681, 2774.03527994, 878.575709624
2.92526892813, 0.76880680862, 17.1811112901, 7.6005993067, 8.05488424936, 3.89719200269, 5.15767855398, 3169.13636372, 698.290979613
2.92526892813, 0.76880680862, 17.1811112901, 7.37932600707, 8.05488424936, 3.89719200269, 5.30680672033, 3261.06800989, 698.075451441
2.92526892813, 0.76880680862, 17.1811112901, 7.6005993067, 8.05488424936, 3.89719200269, 5.15767855398, 3169.13636372, 698.290979613
2.92526892813, 0.76880680862, 17.1811112901, 7.37932600707, 8.05488424936, 3.89719200269, 5.30680672033, 3261.06800989, 698.075451441
2.86568183684, 0.726420147227, 17.2058537613, 7.97789075853, 7.68779449072, 2.93022257743, 5.07980130222, 2655.16819823, 1644.85569422
2.86568183684, 0.726420147227, 17.2058537613, 7.97789075853, 7.68779449072, 2.93022257743, 5.07980130222, 2655.16819823, 1644.85569422
2.86568183684, 0.726420147227, 17.2058537613, 7.97789075853, 7.68779449072, 3.61124888171, 5.07713370606, 2826.25027475, 878.733882439
2.86568183684, 0.726420147227, 17.2058537613, 7.97789075853, 7.68779449072, 3.61124888171, 5.07713370606, 2826.25027475, 878.733882439
3.52181472386, 0.719465841521, 22.8768938659, 7.97789075853, 7.88641776979, 3.89719200269, 5.07980130222, 4385.14220149, 697.199397954
3.52181472386, 0.762293723995, 21.760247218, 7.97789075853, 7.88641776979, 3.89719200269, 5.01927896107, 4414.75711302, 697.158184416
3.52181472386, 0.719465841521, 22.8768938659, 7.97789075853, 7.88641776979, 3.89719200269, 5.07980130222, 4385.14220149, 697.199397954
3.52181472386, 0.719465841521, 22.8768938659, 7.97789075853, 7.88641776979, 3.89719200269, 5.07980130222, 4385.14220149, 697.199397954
3.52181472386, 0.762293723995, 21.760247218, 7.97789075853, 7.88641776979, 3.89719200269, 5.01927896107, 4414.75711302, 697.158184416
3.52181472386, 0.719465841521, 22.8768938659, 7.97789075853, 7.88641776979, 3.89719200269, 5.07980130222, 4385.14220149, 697.199397954
2.85504319214, 0.728514282786, 17.3217973392, 7.37932600707, 8.05488424936, 3.09763249762, 5.03834200318, 2690.94748986, 1390.84504
2.85504319214, 0.726420147227, 17.300998105, 7.37932600707, 8.05488424936, 3.18846664329, 5.09531599027, 2734.39059134, 1275.38864724
2.85504319214, 0.728514282786, 17.3217973392, 7.37932600707, 8.05488424936, 3.09763249762, 5.03834200318, 2690.94748986, 1390.84504
2.85504319214, 0.726420147227, 17.300998105, 7.37932600707, 8.05488424936, 3.18846664329, 5.09531599027, 2734.39059134, 1275.38864724
3.52181472386, 0.711561038522, 17.0152471118, 7.37932600707, 7.32482775232, 3.89719200269, 5.10394466241, 3102.64709112, 698.748843512
3.52181472386, 0.711561038522, 17.0152471118, 7.37932600707, 7.32482775232, 3.89719200269, 5.10394466241, 3102.64709112, 698.748843512
2.92526892813, 0.724007057283, 17.3217973392, 8.01643670382, 7.78780214672, 3.00691830981, 5.07980130222, 2708.53607192, 1522.20436957
3.52181472386, 0.711561038522, 17.0152471118, 7.37932600707, 7.32482775232, 3.89719200269, 5.10394466241, 3102.64709112, 698.748843512
3.52181472386, 0.711561038522, 17.0152471118, 7.37932600707, 7.32482775232, 3.89719200269, 5.10394466241, 3102.64709112, 698.748843512
2.92526892813, 0.724007057283, 17.3217973392, 8.01643670382, 7.78780214672, 3.00691830981, 5.07980130222, 2708.53607192, 1522.20436957
3.52181472386, 0.711561038522, 22.8768938659, 8.24209734694, 7.88641776979, 3.89719200269, 5.07980130222, 4324.36866446, 697.44272348
3.52181472386, 0.711561038522, 22.8768938659, 8.24209734694, 7.88641776979, 3.89719200269, 5.07980130222, 4324.36866446, 697.44272348
3.52181472386, 0.78649269868, 17.0603281389, 7.75644120349, 7.88641776979, 3.89719200269, 5.18393406526, 3541.90838138, 698.325748626
3.52181472386, 0.78649269868, 17.0603281389, 7.75644120349, 7.88641776979, 3.89719200269, 5.18393406526, 3541.90838138, 698.325748626
2.86568183684, 0.726420147227, 27.5814962157, 7.82331143557, 7.68779449072, 3.89544382846, 5.38939339286, 5139.60103624, 697.199555941
2.86568183684, 0.726420147227, 27.5814962157, 7.82331143557, 7.68779449072, 3.89544382846, 5.38939339286, 5139.60103624, 697.199555941
2.85504319214, 0.726420147227, 17.0152471118, 7.37932600707, 7.32482775232, 3.18846664329, 5.20607222385, 2743.3423502, 1275.63043476
2.85504319214, 0.728514282786, 17.0152471118, 7.37932600707, 7.32482775232, 3.18846664329, 5.20607222385, 2751.37724715, 1275.58806785
2.85504319214, 0.726420147227, 17.0152471118, 7.37932600707, 7.32482775232, 3.18846664329, 5.20607222385, 2743.3423502, 1275.63043476
2.85504319214, 0.726420147227, 17.0152471118, 7.37932600707, 7.32482775232, 3.18846664329, 5.20607222385, 2743.3423502, 1275.63043476
2.85504319214, 0.728514282786, 17.0152471118, 7.37932600707, 7.32482775232, 3.18846664329, 5.20607222385, 2751.37724715, 1275.58806785
2.85504319214, 0.726420147227, 17.0152471118, 7.37932600707, 7.32482775232, 3.18846664329, 5.20607222385, 2743.3423502, 1275.63043476
2.86568183684, 0.726420147227, 17.1811112901, 7.82331143557, 7.68779449072, 3.89544382846, 5.38939339286, 3112.09130263, 699.933346687
3.16519729914, 0.736679543988, 17.3793945771, 7.68422501482, 8.27220091733, 3.89529607409, 5.04185896196, 3113.48890825, 699.641874738
2.86568183684, 0.726420147227, 17.1811112901, 7.82331143557, 7.68779449072, 3.89544382846, 5.38939339286, 3112.09130263, 699.933346687
3.16519729914, 0.736679543988, 17.3793945771, 7.68422501482, 8.27220091733, 3.89529607409, 5.04185896196, 3113.48890825, 699.641874738
2.96310351906, 0.731021006707, 17.1811112901, 7.6005993067, 8.05488424936, 3.89343786753, 5.01643345495, 2943.86874448, 700.712182638
3.02145190906, 0.735138403473, 17.0092767634, 7.86241808349, 7.32482775232, 3.8767078347, 5.00103931975, 2932.35931544, 710.158934872
