-1, -1, 0.47393892992, -1, -1, 0.660766957444, 1, 1, -1, -1, -1, 0.782042349442, -1, -1, 0.904776388287, 0.782042349442, 0.782042349442, 0.904776388287, -1, -1, -1, 0.782042349442, -1, 0.904776388287, -1, 1, 1, 1, -1, 0.904776388287, -1, -1, -1, 0.660766957444, -1, 1, -1, -1, -1, -1, -1, -1, 0.904776388287, 0.782042349442, -1, -1, 1, 0.904776388287, 0.782042349442, -1, 41.94, 47.83, 93.45
-1, -1, -1, -1, -1, -1, 1, 1, 1, 1, -1, -1, 0.782452192985, -1, 0.782452192985, 0.782452192985, -1, 0.782452192985, -1, -1, -1, -1, 1, -1, -1, 1, -1, 1, 0.782452192985, 0.782452192985, -1, -1, 0.782452192985, -1, -1, -1, -1, 1, -1, -1, -1, 0.782452192985, -1, -1, 0.782452192985, 0.782452192985, 1, 0.782452192985, 0.782452192985, -1, 59.14, 78.26, 93.73
-1, -1, 0.904776388287, -1, -1, 0.904776388287, 1, -1, -1, 1, -1, -1, 0.733594288313, -1, 0.904776388287, -1, -1, 0.904776388287, -1, 1, 0.754463890677, -1, 0.904776388287, -1, 0.733594288313, 1, 1, -1, -1, 0.754463890677, -1, -1, 0.904776388287, -1, 0.790701347935, -1, 0.790701347935, 1, -1, 0.754463890677, 0.754463890677, -1, -1, -1, -1, -1, -1, 0.790701347935, 0.754463890677, -1, 52.69, 73.91, 95.73
-1, -1, -1, -1, 0.849087388204, -1, 1, 1, 1, 1, 1, -1, -1, -1, -1, -1, -1, 1, -1, 1, 0.849087388204, -1, 1, -1, -1, 1, 1, 1, -1, -1, -1, 1, -1, -1, 1, 1, 1, 1, 1, -1, 1, -1, -1, 1, -1, -1, 1, -1, -1, -1, 62.9, 69.57, 92.59
-1, -1, -1, -1, -1, 0.875341120555, -1, 0.875341120555, -1, 0.76497730587, -1, 1, 0.76497730587, 0.875341120555, -1, -1, -1, 1, -1, -1, 0.569814531164, 1, 1, -1, 0.76497730587, -1, -1, 1, 0.76497730587, -1, -1, -1, 0.875341120555, -1, 0.569814531164, -1, 1, -1, -1, 0.569814531164, -1, -1, -1, 0.875341120555, 0.76497730587, 0.76497730587, -1, -1, -1, -1, 55.38, 73.91, 93.16
-1, 1, -1, -1, -1, 0.685612939805, -1, -1, -1, -1, 0.685612939805, 1, 0.685612939805, 0.748075900104, 0.748075900104, -1, 1, 1, -1, 1, 0.875341120555, 1, -1, 0.875341120555, 0.748075900104, -1, -1, -1, -1, -1, -1, 0.685612939805, -1, 0.748075900104, -1, 0.748075900104, 1, -1, -1, -1, 1, -1, -1, -1, -1, -1, 0.461653385508, -1, -1, 0.461653385508, 37.1, 43.48, 92.59
1, 1, -1, 1, 1, -1, 1, -1, -1, -1, -1, 1, 0.972671332328, -1, -1, -1, 1, 1, 1, 1, -1, 1, 1, 1, -1, -1, 1, 1, -1, -1, 1, -1, -1, -1, 0.972671332328, -1, 1, -1, -1, -1, 1, -1, 1, -1, -1, -1, -1, 1, -1, -1, 59.68, 73.91, 95.44
0.795742571183, -1, -1, 0.475643415671, -1, -1, -1, -1, -1, 0.475643415671, -1, 0.795742571183, 1, -1, 0.680050126985, -1, -1, -1, -1, -1, 0.795742571183, -1, 0.795742571183, 0.795742571183, -1, 1, -1, -1, 1, 0.680050126985, 0.337862189771, 0.281164514666, -1, -1, -1, 0.337862189771, 1, 0.337862189771, 0.795742571183, -1, 0.795742571183, 0.475643415671, -1, -1, 0.795742571183, -1, -1, 0.680050126985, -1, 0.680050126985, 56.45, 82.61, 94.59
1, -1, -1, 0.467295456387, 1, 1, -1, -1, 0.467295456387, 0.467295456387, -1, -1, 1, -1, 0.795742571183, 0.795742571183, -1, -1, -1, 0.467295456387, 0.795742571183, -1, 0.467295456387, -1, -1, 1, 0.467295456387, 1, 1, -1, -1, -1, -1, -1, -1, -1, 0.795742571183, -1, 1, 0.795742571183, -1, 0.467295456387, 0.467295456387, -1, 0.467295456387, 0.795742571183, 0.795742571183, -1, 0.467295456387, 0.795742571183, 48.92, 78.26, 92.02
1, -1, 1, -1, 1, 1, -1, 1, -1, -1, 1, -1, 1, -1, -1, -1, 1, 1, 1, -1, -1, 1, -1, -1, 1, 1, -1, 1, 1, -1, -1, -1, -1, -1, -1, -1, 1, -1, 1, -1, -1, -1, -1, 1, -1, -1, -1, -1, -1, -1, 55.91, 47.83, 93.16
0.947954532768, -1, -1, 0.947954532768, -1, -1, 0.947954532768, -1, 0.947954532768, -1, 1, -1, 0.947954532768, 0.947954532768, -1, -1, 0.947954532768, 0.947954532768, -1, -1, 0.947954532768, -1, -1, 0.947954532768, -1, 0.947954532768, -1, 1, 1, 0.947954532768, 1, 0.947954532768, 0.947954532768, 0.947954532768, 0.580406329561, -1, 0.947954532768, 0.947954532768, -1, 0.947954532768, 0.947954532768, -1, -1, 1, 0.947954532768, 0.947954532768, -1, 0.931453001582, -1, 0.947954532768, 62.9, 73.91, 92.88
0.947954532768, -1, -1, 0.947954532768, 0.947954532768, 0.947954532768, -1, -1, 0.947954532768, -1, 1, 0.947954532768, 0.947954532768, -1, 0.947954532768, -1, 0.947954532768, 0.947954532768, -1, 0.947954532768, 0.947954532768, 0.947954532768, 0.947954532768, 0.947954532768, -1, 0.947954532768, -1, 1, 1, 0.947954532768, -1, -1, -1, -1, -1, 0.947954532768, 0.947954532768, 0.947954532768, -1, 0.947954532768, -1, -1, 0.947954532768, 1, 0.947954532768, 0.947954532768, 0.947954532768, 0.947954532768, -1, -1, 60.22, 78.26, 94.3
0.947954532768, -1, -1, -1, -1, -1, -1, -1, 0.947954532768, -1, 1, -1, -1, -1, -1, -1, 0.947954532768, -1, 0.947954532768, -1, -1, -1, 0.947954532768, -1, 0.947954532768, -1, -1, 1, 1, 0.947954532768, 1, -1, 0.947954532768, 0.947954532768, -1, 0.947954532768, 0.947954532768, -1, 0.947954532768, -1, -1, 0.947954532768, 0.947954532768, 1, 0.947954532768, 0.947954532768, 0.947954532768, 0.947954532768, 1, 0.947954532768, 52.69, 56.52, 92.59
1, -1, 1, -1, -1, 1, -1, -1, 1, 1, 1, -1, -1, -1, 1, -1, -1, -1, 1, 1, -1, -1, 1, 1, -1, 1, 1, 1, 1, 1, 1, 1, 1, 1, -1, 1, 1, 1, -1, -1, -1, 1, -1, 1, -1, -1, -1, -1, 1, -1, 52.69, 82.61, 94.02
0.813438000278, -1, -1, -1, -1, -1, -1, 1, -1, 0.677611395198, -1, 1, -1, -1, 1, -1, -1, -1, 1, -1, 0.813438000278, 1, 1, -1, 1, -1, 1, 1, -1, 1, 0.813438000278, 0.677611395198, 1, -1, -1, 0.677611395198, -1, -1, -1, -1, -1, 0.813438000278, -1, -1, -1, -1, 0.677611395198, -1, -1, -1, 61.83, 78.26, 94.59
-1, 1, -1, -1, 0.813438000278, -1, -1, 1, -1, 0.813438000278, -1, -1, -1, -1, 1, -1, 1, -1, -1, 1, -1, -1, 1, -1, -1, -1, 1, -1, -1, -1, 0.813438000278, -1, 1, -1, 0.813438000278, -1, -1, 1, 1, 0.813438000278, -1, 0.813438000278, -1, 1, 0.813438000278, -1, -1, -1, 0.813438000278, -1, 52.15, 78.26, 94.87
-1, 1, 1, 1, -1, 1, 1, 1, 1, -1, -1, 1, -1, 1, 1, 1, 1, 1, 1, 1, -1, 1, 1, -1, 1, 1, 1, 1, -1, 1, -1, -1, 1, 1, -1, -1, -1, 1, 1, -1, 1, -1, 1, 1, -1, -1, -1, -1, -1, 1, 53.23, 73.91, 94.3
0.637813818802, 0.637813818802, 1, 1, 0.637813818802, 0.637813818802, -1, 1, 0.637813818802, 1, -1, 1, -1, 0.637813818802, -1, 0.637813818802, -1, -1, -1, -1, -1, 0.637813818802, -1, 0.637813818802, 1, 0.637813818802, 1, -1, -1, 1, 1, 0.637813818802, 1, 0.637813818802, 0.637813818802, -1, -1, -1, 0.637813818802, 0.637813818802, 1, 0.637813818802, 0.637813818802, -1, 0.637813818802, -1, 0.637813818802, -1, 1, 0.637813818802, 56.99, 100.0, 95.44
0.637813818802, -1, 1, 1, 0.637813818802, 0.637813818802, 1, -1, 0.637813818802, -1, -1, 1, -1, -1, -1, 0.637813818802, -1, 1, 1, -1, 1, -1, 1, 0.637813818802, 1, -1, 1, -1, -1, -1, 1, -1, 1, -1, 0.637813818802, 0.637813818802, 1, -1, -1, -1, 1, 0.637813818802, -1, -1, 0.637813818802, -1, 0.637813818802, 0.637813818802, -1, -1, 63.44, 95.65, 95.16
0.637813818802, -1, -1, 1, 0.637813818802, -1, 1, 1, 0.637813818802, 1, -1, -1, -1, 0.637813818802, 1, 0.637813818802, -1, -1, 1, -1, 1, -1, 1, -1, 1, 0.637813818802, 1, 1, -1, -1, 1, 0.637813818802, 1, -1, -1, -1, -1, -1, -1, -1, 1, 0.637813818802, -1, 1, 0.637813818802, 0.637813818802, -1, -1, 1, -1, 51.61, 52.17, 94.02
-1, -1, 1, 1, -1, -1, 1, 1, -1, 1, 1, 1, -1, -1, 1, -1, -1, 1, 1, -1, 1, -1, 1, -1, 1, -1, 1, 1, 1, 1, 1, -1, 1, -1, -1, -1, 1, -1, -1, -1, 1, -1, -1, 1, -1, -1, -1, -1, 1, -1, 63.98, 78.26, 94.3
0.797990691844, 1, -1, 0.797990691844, -1, -1, -1, -1, 0.797990691844, 0.797990691844, 1, 1, 0.586854204336, -1, 0.797990691844, -1, -1, 1, -1, 1, 1, -1, -1, 0.664743454167, -1, -1, 0.797990691844, -1, 0.586854204336, 0.273455525663, 0.797990691844, 0.797990691844, 1, -1, 0.664743454167, -1, -1, -1, -1, 0.586854204336, -1, 0.797990691844, -1, 0.797990691844, 0.586854204336, -1, -1, 0.664743454167, -1, -1, 58.6, 86.96, 93.45
-1, 1, 1, 0.797990691844, 1, -1, 1, -1, -1, -1, -1, 1, 0.797990691844, 1, -1, 0.797990691844, -1, 1, 0.797990691844, -1, 1, -1, -1, 0.797990691844, -1, -1, -1, 0.797990691844, -1, 0.797990691844, 0.797990691844, 0.797990691844, 1, -1, 0.797990691844, -1, 1, 0.797990691844, 0.797990691844, -1, 1, -1, 1, 0.797990691844, -1, -1, -1, -1, -1, -1, 53.76, 73.91, 93.16
-1, -1, 1, -1, 1, -1, -1, -1, -1, -1, -1, 1, 0.512318735666, -1, 0.797990691844, -1, -1, 1, 0.670002198632, 0.670002198632, 1, -1, -1, -1, 0.670002198632, -1, -1, -1, -1, -1, 0.670002198632, -1, -1, 0.670002198632, -1, -1, 1, 0.670002198632, 0.670002198632, 0.797990691844, 1, -1, 1, 0.670002198632, 0.670002198632, -1, 0.797990691844, -1, 0.670002198632, -1, 48.39, 47.83, 91.45
1, 1, 1, -1, 1, -1, 1, -1, -1, -1, 1, 1, -1, 1, -1, -1, 1, 1, -1, 1, 1, 0.535301007568, -1, -1, -1, 1, -1, -1, -1, -1, -1, -1, 1, -1, -1, 1, 1, -1, -1, 1, 1, -1, 1, -1, -1, 1, -1, -1, 1, 1, 50.54, 47.83, 94.87
-1, -1, 0.477918788974, -1, -1, -1, 0.821570959759, -1, 0.710495993793, -1, -1, -1, -1, -1, -1, 0.821570959759, -1, -1, -1, -1, -1, 1, 0.821570959759, -1, 0.568953123514, 1, -1, -1, -1, 0.821570959759, -1, 0.821570959759, -1, 0.821570959759, 0.423058396703, 0.821570959759, 1, 0.821570959759, -1, 1, -1, 0.710495993793, -1, 0.423058396703, -1, 0.821570959759, 0.821570959759, 0.821570959759, -1, -1, 53.23, 82.61, 94.59
0.634585010835, 0.710123840454, 0.710123840454, 1, -1, -1, 0.583429224129, -1, 0.821570959759, -1, -1, 0.710123840454, -1, 1, -1, -1, 0.710123840454, -1, -1, -1, -1, 0.710123840454, -1, -1, -1, -1, -1, 1, 1, 0.821570959759, -1, 1, -1, 0.583429224129, 0.710123840454, -1, -1, -1, 1, -1, 1, -1, -1, 0.710123840454, 0.821570959759, 0.821570959759, 0.821570959759, 0.821570959759, 0.710123840454, -1, 48.92, 73.91, 93.73
0.821570959759, 0.644337758163, 0.644337758163, 1, 0.644337758163, 1, 0.644337758163, -1, -1, -1, -1, 1, 1, 1, -1, 0.644337758163, 0.821570959759, -1, -1, -1, -1, 1, 0.464229924328, 1, -1, 1, -1, 1, 1, 0.644337758163, -1, -1, 1, -1, 0.644337758163, -1, -1, -1, 1, -1, -1, 0.464229924328, -1, -1, -1, 0.40301636327, 1, 1, -1, 1, 51.61, 86.96, 92.59
-1, -1, -1, 1, -1, 1, -1, -1, 1, -1, -1, 1, 1, 1, -1, 1, 1, -1, 1, -1, 1, 1, -1, 1, -1, 1, -1, 1, 1, 1, 1, 1, 1, -1, -1, -1, 1, 1, 1, 1, 1, -1, 1, -1, 1, -1, 1, 1, -1, 1, 55.38, 69.57, 94.59
-1, 0.657505374994, -1, -1, -1, 0.554380039616, -1, 0.554380039616, -1, -1, -1, -1, -1, 0.657505374994, 0.554380039616, -1, -1, -1, 1, 0.657505374994, 0.657505374994, 0.657505374994, -1, 1, 1, 0.657505374994, -1, -1, -1, 0.657505374994, -1, -1, -1, -1, 1, 0.657505374994, 0.657505374994, 0.657505374994, -1, 0.657505374994, -1, 1, 0.818783780732, 0.818783780732, -1, -1, -1, -1, -1, -1, 57.53, 86.96, 92.59
1, 0.818783780732, 1, -1, -1, 0.699741391531, -1, -1, 1, 1, -1, 1, -1, -1, -1, 0.699741391531, 0.699741391531, -1, -1, 0.526428728992, 0.818783780732, -1, -1, 1, -1, 0.585479426496, 1, -1, -1, -1, 1, 0.699741391531, -1, 0.526428728992, -1, 0.585479426496, 0.699741391531, -1, -1, -1, -1, 1, -1, 0.526428728992, 0.699741391531, -1, -1, -1, 0.585479426496, -1, 41.94, 78.26, 93.45
1, -1, 1, -1, -1, 0.818783780732, -1, 0.734131983648, -1, -1, 0.734131983648, -1, -1, -1, -1, 0.818783780732, 0.734131983648, -1, -1, -1, -1, 0.734131983648, 1, 1, 1, -1, -1, -1, -1, -1, 1, 0.734131983648, 0.818783780732, -1, -1, -1, 0.818783780732, 0.734131983648, -1, 0.734131983648, -1, 1, 0.734131983648, -1, 0.818783780732, -1, -1, 1, -1, -1, 46.24, 47.83, 95.16
1, -1, 1, -1, -1, -1, -1, -1, 1, 1, -1, 1, -1, -1, 1, -1, 0.96862812188, 1, 1, -1, -1, -1, 1, 1, 1, -1, 1, -1, -1, -1, 1, 1, -1, 1, 1, -1, -1, 1, -1, 1, 1, 1, 1, -1, -1, 1, 1, 1, -1, -1, 54.84, 86.96, 94.59
-1, -1, 1, -1, -1, -1, 0.863192332634, 0.863192332634, -1, -1, -1, 0.863192332634, -1, 0.863192332634, 0.863192332634, 1, 0.863192332634, 0.863192332634, 0.863192332634, 0.967005039222, 0.863192332634, 0.863192332634, 1, 1, 1, -1, 1, 0.863192332634, -1, 0.863192332634, -1, 0.863192332634, 0.967005039222, -1, 0.967005039222, -1, 0.863192332634, 0.967005039222, -1, 0.967005039222, 1, 1, -1, 0.967005039222, -1, -1, -1, 1, 0.967005039222, 0.863192332634, 59.68, 86.96, 93.16
-1, -1, -1, -1, 1, 0.967005039222, -1, -1, -1, -1, 0.722089255073, 0.967005039222, 1, 0.867029054981, -1, 1, 1, -1, 0.967005039222, 0.630785564579, -1, -1, 1, 1, -1, -1, 1, 0.867029054981, -1, 0.867029054981, 1, -1, 0.967005039222, -1, 0.967005039222, -1, -1, 0.867029054981, -1, 0.722089255073, -1, -1, 0.867029054981, -1, -1, 0.722089255073, -1, -1, -1, -1, 53.76, 73.91, 95.73
-1, -1, 1, -1, 1, -1, -1, -1, -1, -1, -1, -1, 1, -1, -1, 1, 1, -1, -1, 1, -1, 1, 1, 1, 1, 1, 1, -1, 1, 1, 1, -1, -1, -1, -1, -1, -1, 1, -1, -1, 1, 1, 1, -1, -1, -1, 1, 1, -1, 1, 45.7, 47.83, 94.02
-1, 0.9736137954, -1, -1, -1, 1, -1, -1, -1, 1, 1, 0.9736137954, 0.707481137594, 1, -1, 1, 1, -1, -1, 1, -1, -1, -1, -1, 0.9736137954, 1, -1, 1, -1, 0.9736137954, -1, -1, -1, 0.951017739841, -1, -1, 0.9736137954, 0.581986366067, 1, 1, -1, -1, -1, 0.9736137954, 1, 1, -1, -1, 0.9736137954, 1, 54.84, 69.57, 93.16
1, 0.9736137954, 0.9736137954, -1, -1, 1, -1, -1, 0.9736137954, 1, -1, 0.9736137954, -1, -1, -1, 1, 1, 0.9736137954, -1, -1, -1, -1, 0.9736137954, -1, 0.9736137954, 1, 1, 1, -1, 0.9736137954, -1, 1, -1, -1, 1, -1, -1, 0.9736137954, -1, -1, -1, -1, -1, -1, 1, -1, 1, 0.9736137954, 0.9736137954, -1, 58.6, 78.26, 92.88
1, -1, -1, 1, -1, 1, 1, 1, -1, 1, 1, -1, -1, 1, 1, 1, 1, -1, -1, 1, 1, -1, -1, -1, -1, 1, 1, 1, 1, -1, -1, 1, -1, -1, 1, -1, -1, -1, 1, 1, 1, 1, -1, -1, 1, 1, 1, -1, -1, 1, 65.05, 91.3, 92.02
0.868550089557, 0.868550089557, 0.868550089557, -1, -1, 0.868550089557, -1, 1, 1, -1, -1, 1, -1, -1, -1, -1, 0.868550089557, -1, 0.868550089557, -1, 0.868550089557, -1, 0.868550089557, 0.868550089557, -1, -1, 1, 0.868550089557, -1, -1, -1, -1, 0.868550089557, 1, 1, -1, -1, -1, 0.868550089557, -1, 1, 0.868550089557, -1, -1, 0.868550089557, 0.868550089557, -1, -1, -1, -1, 59.14, 86.96, 96.3
0.868550089557, 0.868550089557, -1, 1, -1, 0.868550089557, 0.868550089557, 1, 1, -1, 0.868550089557, -1, -1, -1, -1, 0.868550089557, 0.868550089557, -1, -1, -1, -1, -1, 0.868550089557, 0.868550089557, -1, 0.868550089557, 1, 0.868550089557, -1, 1, 0.868550089557, 0.868550089557, -1, 1, -1, 0.868550089557, -1, 0.868550089557, -1, -1, -1, 0.868550089557, 0.868550089557, -1, -1, 0.868550089557, 1, 0.868550089557, -1, -1, 48.92, 43.48, 94.02
1, -1, 1, 1, 1, 1, -1, 1, 1, 1, -1, 1, -1, 1, 1, 1, 1, -1, -1, 1, -1, 1, -1, -1, -1, -1, 1, 1, -1, 1, 1, 1, -1, 1, 1, 1, -1, -1, -1, 1, 1, -1, -1, 1, -1, -1, 1, -1, 1, -1, 63.98, 73.91, 94.87
-1, -1, 0.545436173583, 0.658789070098, -1, 0.426144076246, 0.545436173583, 1, -1, 0.426144076246, 1, 0.658789070098, 0.545436173583, -1, 0.426144076246, 0.426144076246, 0.658789070098, 0.545436173583, 0.658789070098, 0.426144076246, -1, -1, -1, -1, -1, 0.545436173583, 1, -1, -1, -1, 0.617828284055, 1, 0.617828284055, 0.545436173583, -1, -1, -1, -1, -1, 1, -1, 0.658789070098, 1, -1, 1, 0.658789070098, -1, 0.658789070098, 0.426144076246, 0.658789070098, 46.77, 82.61, 92.59
-1, -1, -1, -1, 1, 0.658789070098, 0.658789070098, -1, -1, 0.41313487949, 1, -1, -1, 1, 0.59067868492, 0.658789070098, 1, 0.658789070098, -1, -1, 0.658789070098, -1, 0.658789070098, 0.658789070098, 0.658789070098, 0.41313487949, 1, -1, -1, -1, 0.658789070098, 1, 0.658789070098, -1, -1, -1, 0.658789070098, -1, 1, 1, 1, 0.658789070098, -1, -1, -1, 0.59067868492, 0.658789070098, 0.658789070098, -1, -1, 41.4, 52.17, 93.16
-1, 1, -1, -1, -1, 0.658789070098, -1, 1, -1, -1, 0.658789070098, 0.658789070098, -1, 1, 0.658789070098, 0.658789070098, -1, -1, -1, -1, 0.658789070098, -1, -1, 0.658789070098, -1, -1, -1, -1, -1, 0.658789070098, -1, -1, -1, -1, -1, -1, 0.658789070098, -1, -1, 1, 1, -1, -1, -1, -1, 0.658789070098, 0.658789070098, 0.658789070098, -1, 0.658789070098, 62.37, 43.48, 95.44
-1, 1, -1, -1, 1, -1, -1, 1, -1, -1, 1, -1, -1, 1, -1, -1, 1, -1, 1, -1, -1, 1, 1, 1, 1, -1, 1, 1, -1, -1, -1, 1, -1, -1, 1, 1, 1, -1, 1, 1, 1, -1, 1, -1, 1, 1, 1, -1, -1, -1, 56.99, 69.57, 92.88
1, -1, 0.886405765515, 0.886405765515, -1, -1, -1, -1, 0.599809394585, -1, 0.886405765515, -1, -1, 1, 0.886405765515, -1, -1, 0.886405765515, 1, 0.599809394585, -1, -1, -1, -1, 0.886405765515, -1, -1, -1, -1, -1, 0.886405765515, -1, 1, 1, -1, 0.716887679169, 0.886405765515, -1, -1, 0.599809394585, 0.886405765515, 0.716887679169, -1, 0.886405765515, 0.599809394585, 1, 0.716887679169, -1, -1, 0.599809394585, 46.24, 47.83, 93.45
1, 1, 0.886405765515, 0.886405765515, -1, -1, -1, 1, 0.886405765515, 0.886405765515, -1, 0.886405765515, -1, 0.886405765515, 0.886405765515, -1, -1, -1, -1, 0.886405765515, -1, -1, -1, 1, 0.886405765515, 0.886405765515, 0.886405765515, -1, -1, 0.886405765515, -1, -1, -1, -1, 1, 0.886405765515, 0.886405765515, -1, 1, -1, 0.886405765515, -1, -1, 0.886405765515, -1, 1, 0.886405765515, -1, 0.886405765515, 0.886405765515, 59.14, 82.61, 94.02
1, 1, -1, 1, 1, -1, -1, 1, -1, 1, 1, -1, -1, 1, -1, -1, -1, -1, 1, -1, 1, 1, 1, 1, 1, 1, 1, -1, 1, -1, -1, 1, 1, 1, 1, 1, 1, -1, 1, -1, -1, -1, -1, -1, -1, 1, -1, 1, 1, 1, 68.28, 69.57, 95.16
