0.634238002568, 0.400658016092, -1, -1, 0.478863448772, -1, -1, -1, -1, -1, 0.634238002568, 0.400658016092, -1, -1, -1, 0.634238002568, -1, 0.400658016092, 0.400658016092, -1, -1, 0.634238002568, -1, -1, -1, 1, 0.478863448772, -1, -1, 0.478863448772, -1, -1, 0.634238002568, 1, -1, 0.400658016092, 1, 0.634238002568, -1, -1, -1, -1, -1, -1, 0.634238002568, -1, -1, -1, -1, -1, 57.53, 43.48, 92.88
-1, -1, 1, 1, 0.501585921623, -1, -1, -1, -1, -1, 0.501585921623, 0.501585921623, 1, 0.501585921623, -1, 0.501585921623, -1, 0.501585921623, -1, -1, 0.501585921623, 0.501585921623, -1, -1, 0.501585921623, 1, -1, -1, 1, -1, 1, 1, 0.634238002568, -1, -1, 0.501585921623, 1, 0.501585921623, -1, -1, -1, -1, 0.634238002568, 1, -1, 1, 1, -1, 0.501585921623, 0.501585921623, 53.76, 47.83, 96.3
0.478843779307, -1, 1, -1, 0.634238002568, 1, -1, 0.634238002568, -1, -1, 0.634238002568, -1, 1, -1, -1, -1, 1, 0.380908415116, 0.380908415116, -1, -1, 0.634238002568, -1, -1, 0.634238002568, 1, -1, 0.478843779307, 1, -1, -1, -1, -1, -1, -1, -1, 1, -1, 1, -1, -1, -1, -1, 1, -1, -1, -1, -1, -1, -1, 48.92, 47.83, 91.17
-1, -1, 1, 1, -1, 1, 1, -1, -1, 1, -1, -1, 1, -1, -1, -1, 1, -1, -1, 1, -1, -1, 1, -1, -1, 1, -1, -1, 1, -1, 1, 1, -1, 1, 1, -1, 1, -1, 1, -1, -1, -1, -1, 1, -1, 1, 1, -1, -1, -1, 52.15, 47.83, 93.16
1, 0.884330264589, -1, -1, 0.884330264589, -1, 0.884330264589, -1, 0.884330264589, -1, 0.884330264589, -1, 0.884330264589, -1, -1, -1, 0.884330264589, -1, -1, 0.884330264589, 0.884330264589, -1, 0.884330264589, -1, -1, -1, -1, 0.884330264589, -1, -1, -1, 0.884330264589, 0.884330264589, -1, 1, -1, 0.884330264589, 0.884330264589, 0.884330264589, 0.884330264589, -1, -1, -1, -1, 0.884330264589, -1, -1, -1, -1, 0.884330264589, 60.22, 69.57, 94.59
-1, 0.884330264589, 0.796668137937, -1, 0.796668137937, -1, 0.884330264589, 1, -1, -1, 0.796668137937, 0.796668137937, 0.478013788711, -1, 1, -1, 0.796668137937, 1, -1, -1, -1, -1, -1, -1, -1, 0.884330264589, 0.884330264589, -1, 0.884330264589, 0.796668137937, 0.884330264589, 0.884330264589, 0.884330264589, 0.796668137937, 1, -1, -1, -1, 1, -1, -1, 0.478013788711, -1, 0.796668137937, 0.478013788711, -1, -1, -1, -1, -1, 40.86, 82.61, 95.44
1, 0.587433277817, 0.702095837449, -1, -1, 1, -1, 1, 0.884330264589, -1, -1, 0.702095837449, -1, -1, -1, -1, 0.702095837449, -1, 0.884330264589, -1, 0.587433277817, -1, 0.884330264589, 1, -1, -1, 0.702095837449, 0.884330264589, -1, -1, -1, -1, 0.884330264589, 0.884330264589, 1, -1, -1, -1, 0.884330264589, -1, 1, 0.587433277817, -1, -1, 0.884330264589, 1, -1, -1, -1, -1, 55.91, 86.96, 93.73
1, -1, -1, -1, 1, 1, 1, 1, 1, -1, -1, -1, -1, 1, 1, -1, 1, 1, 1, -1, -1, 1, 1, 1, 1, 1, -1, -1, -1, 1, -1, -1, -1, 1, 1, -1, -1, -1, 1, -1, 1, -1, -1, 1, -1, 1, -1, -1, -1, 1, 56.45, 69.57, 93.45
-1, -1, -1, 0.442453585849, 1, 0.299198686714, 0.299198686714, 0.299198686714, 0.723523404132, -1, -1, 0.723523404132, 0.442453585849, 0.442453585849, 0.723523404132, -1, 1, -1, 0.723523404132, -1, -1, 0.442453585849, -1, -1, -1, -1, 0.723523404132, -1, 0.442453585849, -1, 0.723523404132, -1, -1, -1, -1, -1, 1, 0.442453585849, -1, 0.723523404132, 0.723523404132, 0.723523404132, -1, -1, -1, -1, 0.723523404132, 0.723523404132, 0.442453585849, -1, 50.54, 56.52, 95.16
1, 0.723523404132, 1, -1, 0.723523404132, -1, 0.723523404132, -1, -1, -1, 1, 1, -1, 0.505728945166, -1, -1, 1, 0.505728945166, -1, 0.723523404132, 0.723523404132, 0.505728945166, -1, -1, -1, 0.505728945166, -1, -1, -1, -1, -1, -1, 0.723523404132, -1, -1, 1, 1, -1, -1, 0.723523404132, 1, -1, 0.505728945166, -1, -1, 1, -1, -1, 0.505728945166, 0.723523404132, 52.69, 47.83, 95.16
1, 1, 1, -1, 1, -1, -1, -1, 1, 1, 1, 1, -1, -1, 1, 1, 1, -1, 1, -1, -1, -1, -1, 1, 1, -1, 1, -1, -1, 1, -1, -1, -1, 1, -1, 1, 1, -1, -1, -1, 1, -1, -1, 1, -1, 1, -1, -1, -1, 1, 53.23, 52.17, 95.73
0.789451823186, -1, 0.789451823186, -1, -1, 0.789451823186, -1, 1, -1, -1, 1, -1, -1, -1, -1, 0.789451823186, 0.789451823186, -1, -1, -1, -1, 0.789451823186, 0.789451823186, 0.789451823186, 1, -1, -1, -1, -1, -1, 1, 0.789451823186, 0.789451823186, -1, -1, -1, 1, 0.789451823186, -1, 0.789451823186, -1, 0.789451823186, 0.789451823186, -1, 0.789451823186, -1, -1, 0.789451823186, -1, -1, 49.46, 47.83, 92.59
0.649468797874, -1, -1, 0.789451823186, -1, 0.789451823186, -1, 1, -1, -1, 1, -1, -1, -1, -1, -1, -1, -1, -1, -1, -1, -1, -1, 0.649468797874, 1, -1, -1, 1, 1, -1, 1, -1, 0.649468797874, -1, -1, -1, -1, 0.649468797874, 0.789451823186, 0.649468797874, -1, -1, 0.649468797874, 0.789451823186, -1, -1, 0.789451823186, 0.649468797874, -1, -1, 45.7, 43.48, 94.87
0.789451823186, -1, 0.789451823186, 0.523749437856, -1, 0.789451823186, -1, 1, 0.596053249978, -1, 1, 1, -1, -1, -1, -1, -1, -1, 1, 0.523749437856, -1, -1, 0.789451823186, -1, 1, -1, -1, 1, 1, -1, 1, -1, -1, 0.596053249978, -1, 0.596053249978, 1, -1, -1, 0.789451823186, 0.596053249978, 0.789451823186, -1, -1, -1, -1, -1, -1, 0.596053249978, 0.596053249978, 43.01, 86.96, 94.02
-1, -1, 1, 1, -1, -1, 1, 1, -1, 1, 1, 1, -1, -1, 1, -1, -1, 1, 1, -1, 1, -1, 1, -1, 1, -1, 1, 1, 1, 1, 1, -1, 1, -1, -1, -1, 1, -1, -1, -1, 1, -1, -1, 1, -1, -1, -1, -1, 1, -1, 63.98, 78.26, 94.3
-1, -1, 0.621542911744, 0.74286341549, 0.621542911744, 1, -1, -1, -1, 0.824605088983, -1, -1, 0.621542911744, -1, -1, -1, -1, -1, 0.621542911744, -1, 0.621542911744, -1, -1, 1, -1, -1, 0.824605088983, -1, 0.824605088983, -1, 1, -1, -1, 0.621542911744, 0.824605088983, -1, 0.824605088983, 1, -1, 0.824605088983, -1, 1, -1, -1, 0.621542911744, 0.621542911744, -1, -1, 0.824605088983, 0.621542911744, 48.92, 95.65, 94.02
1, -1, -1, 0.576383098941, -1, -1, 0.824605088983, -1, 0.824605088983, -1, 1, -1, 0.824605088983, 0.576383098941, -1, -1, 1, 0.576383098941, -1, -1, 0.824605088983, -1, -1, 1, -1, 0.576383098941, -1, 0.824605088983, 0.576383098941, 0.576383098941, 1, 1, 0.824605088983, 0.576383098941, 0.824605088983, -1, 0.824605088983, 1, -1, 0.824605088983, 0.576383098941, -1, -1, 0.576383098941, 0.824605088983, 0.576383098941, -1, 1, -1, 0.824605088983, 55.38, 73.91, 94.02
1, -1, -1, 0.824605088983, 0.678388801106, 1, 0.678388801106, -1, -1, -1, 1, -1, 0.824605088983, -1, -1, 1, 1, 0.485240798017, -1, -1, -1, -1, 1, 1, -1, 0.824605088983, -1, -1, 0.824605088983, -1, 1, 1, -1, 0.824605088983, 0.824605088983, 1, -1, -1, 0.824605088983, -1, 0.485240798017, 1, 1, -1, 0.485240798017, -1, -1, 1, 0.678388801106, -1, 43.01, 95.65, 95.16
1, 1, -1, 1, -1, 1, 1, 1, 1, -1, 1, -1, -1, -1, -1, 1, 1, -1, -1, -1, -1, -1, 1, 1, -1, 1, 1, 1, -1, 1, 1, 1, -1, 1, -1, 1, -1, 1, -1, -1, -1, 1, 1, -1, -1, 1, 1, 1, -1, -1, 45.7, 43.48, 93.45
-1, -1, 0.817253730097, -1, -1, -1, 1, -1, 0.817253730097, -1, -1, -1, -1, -1, -1, 1, -1, -1, -1, -1, -1, 0.817253730097, 0.817253730097, -1, 0.610009371133, 0.536012621741, -1, -1, -1, 0.817253730097, -1, 1, -1, 0.817253730097, 1, 0.817253730097, 1, 1, -1, 0.610009371133, -1, 0.817253730097, -1, 1, -1, 0.817253730097, 0.817253730097, 0.610009371133, -1, -1, 59.14, 82.61, 94.02
-1, 1, -1, -1, -1, 0.817253730097, -1, 0.817253730097, -1, -1, 0.817253730097, 1, -1, 0.610009371133, 0.817253730097, 1, -1, -1, -1, -1, 1, -1, -1, 1, -1, -1, -1, -1, -1, 0.817253730097, -1, -1, -1, -1, -1, -1, 1, -1, -1, 0.610009371133, 1, -1, -1, -1, -1, 0.817253730097, 0.817253730097, 0.460570306511, -1, 0.817253730097, 60.22, 43.48, 96.58
-1, 1, 1, 1, 1, -1, 1, -1, -1, -1, -1, 1, 1, 1, -1, 1, -1, 1, 1, -1, 1, -1, -1, 1, -1, -1, -1, 1, -1, 1, 1, 1, 1, -1, 1, -1, 1, 1, 1, -1, 1, -1, 1, 1, -1, -1, -1, -1, -1, -1, 51.08, 73.91, 92.59
-1, -1, -1, -1, -1, 1, 1, -1, -1, -1, -1, 1, 0.702857536896, 0.702857536896, 1, 0.702857536896, 1, 1, -1, -1, 0.702857536896, 0.702857536896, -1, -1, -1, 0.702857536896, -1, -1, -1, 0.475290649036, 0.854347684999, -1, -1, -1, 0.854347684999, 0.702857536896, 0.702857536896, -1, 0.854347684999, -1, 0.475290649036, -1, 0.702857536896, 0.854347684999, 1, 1, -1, 1, -1, -1, 48.39, 43.48, 94.87
-1, -1, 0.66269261622, -1, -1, 1, 1, 1, -1, -1, -1, 1, -1, -1, 1, 0.66269261622, 1, 1, -1, -1, -1, 0.854347684999, -1, 0.854347684999, -1, 0.582305163556, 0.582305163556, 0.582305163556, -1, 0.582305163556, -1, -1, -1, 1, -1, 0.582305163556, -1, -1, -1, -1, -1, -1, 0.66269261622, 0.582305163556, -1, -1, 0.582305163556, 1, 1, -1, 47.85, 47.83, 95.44
-1, -1, 1, 1, -1, 1, 1, 1, -1, 1, 1, 1, 1, -1, 1, 1, 1, 1, 1, 1, -1, -1, -1, -1, -1, 1, 1, -1, -1, -1, 1, 1, 1, 1, -1, -1, -1, -1, -1, 1, -1, 1, 1, -1, 1, 1, -1, 1, 1, 1, 43.55, 82.61, 93.16
-1, 0.916657688206, -1, 1, -1, -1, 1, 1, 1, -1, -1, 1, 0.724936994456, 1, 1, 0.724936994456, 1, 1, 0.490221355706, 1, -1, -1, 0.916657688206, -1, 0.724936994456, 0.724936994456, -1, -1, -1, 0.916657688206, 0.916657688206, -1, 1, -1, -1, 0.724936994456, 0.724936994456, 1, 1, 0.916657688206, 1, 0.916657688206, -1, 0.724936994456, 0.916657688206, -1, -1, -1, 1, -1, 60.22, 78.26, 94.3
1, 0.916657688206, -1, 0.916657688206, 0.916657688206, 0.916657688206, 1, -1, 1, -1, -1, 0.916657688206, -1, -1, 0.916657688206, -1, -1, 0.916657688206, 0.916657688206, 1, -1, 0.916657688206, 0.916657688206, 0.916657688206, -1, 0.916657688206, -1, 0.916657688206, -1, -1, 0.916657688206, -1, 1, 0.916657688206, 1, -1, 0.916657688206, -1, 1, -1, 0.916657688206, -1, 0.916657688206, 0.916657688206, 0.916657688206, -1, 0.916657688206, 0.916657688206, 0.916657688206, -1, 57.53, 86.96, 92.02
1, -1, -1, 1, -1, 1, 1, 1, 1, 1, 1, 1, -1, 1, 1, -1, 1, 1, -1, 1, 1, 1, -1, 1, -1, -1, -1, -1, -1, -1, -1, 1, 1, -1, 1, -1, -1, 1, 1, -1, 1, 1, -1, -1, -1, 1, -1, 1, 1, -1, 55.38, 78.26, 95.16
-1, 0.849096361056, 0.849096361056, -1, 0.849096361056, 0.849096361056, 0.849096361056, 0.849096361056, 0.849096361056, 0.849096361056, 0.849096361056, -1, -1, -1, 0.849096361056, -1, -1, 0.849096361056, -1, -1, -1, 0.849096361056, 0.849096361056, -1, -1, -1, -1, 1, -1, 0.849096361056, -1, -1, -1, 0.849096361056, 0.849096361056, 1, -1, -1, -1, -1, 0.849096361056, 0.849096361056, 0.849096361056, -1, 1, 0.849096361056, 1, -1, 0.849096361056, 0.849096361056, 48.92, 82.61, 94.02
0.849096361056, -1, -1, 1, 0.624066557519, -1, 0.849096361056, 0.849096361056, 0.624066557519, 0.849096361056, -1, -1, -1, 0.849096361056, 0.849096361056, 1, -1, -1, 0.624066557519, -1, 1, -1, 1, -1, 0.624066557519, 1, 0.624066557519, 1, -1, -1, 1, 0.624066557519, 1, -1, -1, -1, -1, -1, -1, -1, 0.624066557519, 0.624066557519, -1, 0.624066557519, 1, 0.849096361056, -1, -1, 0.849096361056, -1, 56.45, 52.17, 93.73
-1, -1, 1, 1, -1, -1, -1, 1, -1, -1, -1, 1, 1, -1, -1, 1, -1, 1, 1, -1, 1, 1, 1, -1, -1, 1, -1, 1, -1, -1, 1, 1, 1, -1, -1, 1, -1, 1, -1, -1, 1, -1, -1, 1, 1, 1, 1, -1, 1, -1, 55.91, 73.91, 93.45
-1, -1, -1, -1, 1, 0.697205988765, -1, -1, -1, -1, 0.697205988765, 0.526405644147, 0.37652964558, 0.37652964558, -1, 0.697205988765, 0.697205988765, -1, 0.37652964558, 0.37652964558, -1, -1, 0.697205988765, 0.697205988765, -1, -1, 0.526405644147, 1, -1, 0.526405644147, 0.697205988765, -1, 0.697205988765, -1, 1, -1, -1, 0.697205988765, -1, 0.697205988765, -1, -1, 0.697205988765, -1, -1, 1, -1, -1, -1, -1, 65.05, 73.91, 93.73
0.573579694282, -1, -1, 0.697205988765, 1, 0.697205988765, -1, -1, 0.573579694282, -1, 0.573579694282, 1, 0.697205988765, -1, 1, -1, 0.573579694282, 1, -1, 0.697205988765, 1, 1, 0.573579694282, 0.433065110317, -1, 1, -1, 0.573579694282, 1, 0.573579694282, -1, -1, -1, -1, -1, 1, 1, 1, -1, 0.433065110317, -1, -1, 0.573579694282, 0.697205988765, 0.573579694282, 1, 0.697205988765, 1, -1, -1, 58.6, 78.26, 96.58
0.5513840341, -1, -1, 0.5513840341, 1, 0.697205988765, -1, -1, 0.697205988765, 1, -1, -1, 0.461334924964, -1, 1, 1, -1, -1, -1, 0.461334924964, 0.697205988765, -1, 0.697205988765, -1, -1, 1, 0.461334924964, 0.697205988765, 1, -1, -1, -1, -1, -1, -1, -1, 1, -1, 0.5513840341, 0.697205988765, -1, 0.697205988765, 0.697205988765, -1, 0.697205988765, 1, 0.697205988765, -1, 0.697205988765, 1, 54.84, 78.26, 93.45
-1, 1, 1, -1, 1, 1, -1, 1, 1, 1, -1, 1, -1, -1, 1, 1, 1, 1, -1, -1, 1, 1, 1, -1, -1, 1, -1, 1, 1, -1, -1, -1, 1, -1, 1, 1, 1, 1, -1, -1, -1, -1, -1, 1, 1, 1, 1, 1, 1, 1, 56.99, 91.3, 92.88
0.485796667198, 0.485796667198, 0.679165931613, 0.485796667198, 0.485796667198, 0.875585191689, 0.875585191689, -1, -1, -1, -1, 0.875585191689, 0.875585191689, 0.875585191689, -1, 0.679165931613, 0.679165931613, -1, -1, -1, -1, 0.875585191689, 0.679165931613, 0.875585191689, -1, 0.485796667198, -1, 0.679165931613, 0.485796667198, 0.679165931613, -1, -1, 0.679165931613, -1, 1, -1, -1, -1, 0.875585191689, -1, -1, 0.679165931613, -1, -1, -1, 0.875585191689, 0.875585191689, 0.875585191689, -1, 0.679165931613, 54.3, 86.96, 93.45
0.875585191689, 0.875585191689, 0.875585191689, 0.875585191689, -1, 0.875585191689, 0.875585191689, 0.875585191689, -1, 0.875585191689, 0.875585191689, 0.875585191689, 0.875585191689, -1, 1, 0.875585191689, 0.875585191689, 0.875585191689, -1, 0.875585191689, 0.875585191689, 0.875585191689, 0.875585191689, -1, 0.875585191689, 0.875585191689, 0.875585191689, -1, -1, 0.875585191689, -1, -1, 0.875585191689, -1, 1, 0.875585191689, -1, -1, 0.875585191689, 1, -1, -1, 1, -1, 0.875585191689, -1, 0.875585191689, -1, 0.875585191689, -1, 69.89, 86.96, 93.73
0.78878994896, 0.875585191689, 0.659968967926, -1, 0.659968967926, -1, 0.875585191689, 0.875585191689, -1, 0.875585191689, -1, -1, 0.659968967926, 0.78878994896, 1, 0.875585191689, -1, 0.78878994896, -1, 0.78878994896, 0.78878994896, -1, -1, -1, 0.875585191689, -1, -1, 0.875585191689, -1, 0.659968967926, -1, 0.875585191689, -1, 0.659968967926, 1, -1, -1, 0.78878994896, 0.78878994896, 1, -1, 0.78878994896, -1, -1, -1, -1, 0.875585191689, -1, -1, 0.659968967926, 64.52, 82.61, 91.17
-1, -1, 0.643535246945, -1, -1, -1, 0.875585191689, 0.875585191689, -1, -1, -1, 0.875585191689, -1, 0.875585191689, 1, 0.643535246945, 0.875585191689, 0.875585191689, 0.643535246945, 0.875585191689, 0.643535246945, 0.875585191689, 0.643535246945, 0.643535246945, 0.643535246945, -1, 0.643535246945, 0.643535246945, -1, 0.643535246945, -1, 0.643535246945, 0.875585191689, -1, 1, -1, 0.643535246945, 0.875585191689, -1, 1, 0.643535246945, 0.643535246945, -1, 0.643535246945, -1, -1, -1, 0.875585191689, 0.875585191689, 0.643535246945, 59.68, 86.96, 93.45
-1, 1, -1, -1, -1, 1, -1, 1, -1, -1, -1, -1, -1, 1, 1, -1, -1, -1, 1, 1, 1, 1, -1, 1, 1, 1, -1, -1, -1, 1, -1, -1, -1, -1, 1, 1, 1, 1, -1, 1, -1, 1, 1, 1, -1, -1, -1, -1, -1, -1, 60.75, 86.96, 91.17
0.88826016374, 0.88826016374, 0.88826016374, 0.88826016374, -1, -1, -1, 1, 0.683651284946, 1, -1, 0.683651284946, -1, 1, 1, -1, -1, -1, -1, 1, -1, -1, -1, 0.88826016374, 0.572000991572, 1, 0.683651284946, -1, -1, 0.683651284946, -1, -1, -1, -1, 0.88826016374, 0.88826016374, 0.88826016374, -1, 1, -1, 0.88826016374, -1, -1, 1, -1, 0.88826016374, 0.683651284946, -1, 0.88826016374, 0.88826016374, 50.54, 82.61, 93.45
0.88826016374, 0.88826016374, 0.88826016374, 0.88826016374, -1, 0.88826016374, -1, 1, -1, 1, -1, -1, 0.88826016374, 1, 1, -1, -1, -1, -1, 1, 0.88826016374, 1, 0.88826016374, 0.88826016374, -1, -1, -1, 1, -1, -1, 0.88826016374, 0.88826016374, -1, -1, 0.88826016374, 0.88826016374, 0.88826016374, -1, 1, 0.88826016374, 0.88826016374, 0.88826016374, 1, -1, -1, 0.88826016374, -1, -1, 0.88826016374, 0.88826016374, 67.74, 82.61, 93.45
0.663009545177, 0.88826016374, 0.88826016374, -1, -1, 0.88826016374, -1, 1, 0.88826016374, 1, 0.88826016374, -1, 0.554730351005, -1, -1, 1, 1, 1, -1, 1, -1, 1, -1, 1, -1, -1, -1, -1, -1, -1, 0.663009545177, 0.663009545177, -1, -1, 0.88826016374, -1, -1, 0.554730351005, -1, -1, 0.88826016374, 0.88826016374, 1, 1, -1, 0.88826016374, 0.88826016374, -1, -1, -1, 52.69, 91.3, 93.45
-1, 1, -1, 1, -1, -1, 1, 1, 1, 1, 1, -1, -1, 1, 1, 1, 1, 1, -1, 1, 1, 1, 1, 1, -1, 1, -1, 1, 1, 1, -1, 1, -1, 1, -1, 1, -1, -1, 1, 1, -1, 1, 1, 1, 1, -1, 1, -1, -1, -1, 55.38, 52.17, 94.02
-1, 0.988424987252, -1, -1, -1, -1, 0.988424987252, 0.988424987252, -1, 1, -1, -1, -1, -1, -1, 0.988424987252, -1, -1, -1, -1, -1, -1, -1, 0.988424987252, 0.988424987252, 0.988424987252, 0.988424987252, 0.988424987252, 0.988424987252, -1, 0.988424987252, 0.988424987252, 0.988424987252, -1, 1, -1, 0.988424987252, -1, -1, 0.988424987252, 0.988424987252, -1, 0.988424987252, -1, -1, -1, 0.988424987252, -1, 1, -1, 64.52, 69.57, 92.31
0.737773940554, 0.988424987252, 0.988424987252, -1, 0.988424987252, -1, 0.988424987252, 0.988424987252, -1, 1, -1, -1, 0.498902034396, -1, 0.988424987252, 1, 1, -1, -1, -1, -1, -1, -1, 0.737773940554, 0.737773940554, 1, -1, 0.988424987252, 0.737773940554, 0.988424987252, 0.498902034396, -1, -1, 0.988424987252, -1, -1, -1, 1, -1, 0.498902034396, 0.988424987252, -1, 0.988424987252, -1, -1, 0.988424987252, 0.988424987252, -1, -1, 0.988424987252, 62.9, 73.91, 94.3
-1, -1, -1, -1, -1, -1, 0.988424987252, 0.988424987252, 1, 1, -1, -1, 0.988424987252, -1, 0.766692474552, 1, -1, 1, -1, -1, -1, -1, 0.988424987252, -1, -1, 1, -1, 0.988424987252, 0.460027905077, 0.766692474552, -1, -1, 0.460027905077, -1, -1, -1, -1, 1, -1, -1, -1, 0.460027905077, -1, -1, 0.988424987252, 0.988424987252, 0.988424987252, 1, 1, -1, 52.69, 78.26, 92.31
1, 1, 1, -1, -1, 1, -1, -1, 1, 1, -1, 1, -1, -1, -1, 1, 1, 1, -1, -1, -1, -1, 1, -1, 1, 1, 1, 1, -1, 1, -1, 1, -1, -1, 1, -1, -1, 1, -1, -1, -1, -1, -1, -1, 1, -1, 1, 1, 1, -1, 50.0, 78.26, 94.3
-1, -1, -1, -1, -1, 0.781313223851, 0.781313223851, 0.781313223851, -1, 1, -1, 1, 0.781313223851, 0.781313223851, -1, 0.781313223851, -1, 0.781313223851, -1, 0.781313223851, -1, 0.781313223851, 1, 0.781313223851, 0.781313223851, -1, 1, 0.781313223851, -1, 0.781313223851, -1, -1, -1, 0.781313223851, 0.781313223851, 0.781313223851, -1, 0.781313223851, 0.781313223851, 0.781313223851, -1, -1, 0.781313223851, 0.781313223851, 0.781313223851, 0.781313223851, 1, 0.781313223851, 0.781313223851, 0.781313223851, 44.62, 86.96, 94.59
-1, -1, -1, -1, -1, 0.781313223851, -1, 0.468345674044, -1, 1, -1, 1, 0.468345674044, 0.62030757532, -1, -1, -1, 0.781313223851, -1, -1, 0.468345674044, 0.62030757532, 1, -1, 0.62030757532, -1, -1, 0.781313223851, 0.62030757532, -1, -1, -1, 0.781313223851, -1, 0.781313223851, -1, 0.781313223851, -1, -1, 0.62030757532, -1, -1, -1, 0.781313223851, 0.781313223851, 0.468345674044, -1, -1, -1, -1, 56.99, 73.91, 92.88
1, -1, -1, -1, -1, -1, -1, 1, -1, 1, -1, 1, -1, -1, 1, -1, -1, -1, 1, -1, 1, 1, 1, -1, 1, -1, 1, 1, -1, 1, 1, 1, 1, -1, -1, 1, -1, -1, -1, -1, -1, 1, -1, -1, -1, -1, 1, -1, -1, -1, 57.53, 78.26, 94.59
