-1, -1, -1, 0.606351652449, -1, 0.606351652449, -1, -1, 0.724706936586, -1, -1, 0.606351652449, 0.724706936586, 0.606351652449, -1, 0.724706936586, 1, -1, 0.606351652449, -1, 0.606351652449, 1, -1, 1, -1, 1, -1, 0.724706936586, 1, 0.724706936586, 1, 1, 0.724706936586, -1, -1, -1, 1, 0.724706936586, 0.606351652449, 0.606351652449, 0.606351652449, -1, 1, -1, 0.724706936586, -1, 1, 0.724706936586, -1, 1, 60.22, 69.57, 95.73
-1, 0.724706936586, -1, -1, -1, -1, 0.724706936586, 0.724706936586, -1, 0.724706936586, -1, -1, -1, -1, -1, 0.724706936586, -1, -1, -1, -1, -1, -1, -1, 0.724706936586, 1, 1, 0.724706936586, 0.724706936586, 1, -1, 1, 1, 0.724706936586, -1, 0.724706936586, -1, 1, -1, -1, 0.724706936586, 0.724706936586, -1, 1, -1, -1, -1, 1, -1, 0.724706936586, -1, 51.61, 69.57, 94.02
-1, 0.576486492188, -1, 0.576486492188, 1, -1, -1, -1, -1, 1, -1, -1, -1, 0.576486492188, -1, -1, 0.724706936586, -1, -1, 1, -1, 1, -1, -1, 1, -1, -1, 0.724706936586, 1, -1, 1, 1, -1, 0.724706936586, -1, 1, 1, -1, 0.724706936586, 0.576486492188, -1, -1, 1, -1, -1, -1, 1, -1, -1, -1, 50.0, 43.48, 94.59
-1, -1, -1, -1, 1, -1, 1, 1, -1, 1, 1, -1, -1, -1, -1, -1, 1, -1, -1, 1, -1, 1, -1, 1, 1, 1, -1, 1, 1, 1, 1, 1, -1, 1, 1, 1, 1, -1, -1, -1, -1, 1, 1, 1, -1, 1, 1, 1, -1, 1, 45.16, 43.48, 92.88
0.802602248587, 1, -1, -1, 0.574088715733, -1, 1, -1, 0.574088715733, -1, 0.574088715733, -1, 0.802602248587, -1, -1, -1, 1, -1, -1, 1, 0.802602248587, -1, 0.802602248587, -1, -1, -1, -1, 1, -1, -1, -1, 1, 1, -1, 0.574088715733, -1, 1, 1, 0.802602248587, 0.574088715733, -1, -1, -1, -1, 0.802602248587, -1, -1, -1, -1, 0.802602248587, 61.83, 69.57, 93.73
-1, 1, -1, 1, -1, -1, 0.802602248587, 0.574088715733, 0.802602248587, 0.802602248587, 0.574088715733, -1, -1, 1, 1, 0.574088715733, 1, 1, -1, 0.802602248587, 0.802602248587, 1, 0.802602248587, 1, -1, 1, -1, 1, 1, 0.802602248587, -1, 1, -1, 0.574088715733, -1, 0.802602248587, -1, -1, 0.802602248587, 0.802602248587, -1, 0.802602248587, 0.802602248587, 1, 0.802602248587, -1, 1, -1, -1, -1, 51.08, 52.17, 92.02
-1, 1, -1, 1, -1, 1, 0.802602248587, -1, -1, -1, -1, -1, -1, -1, 0.802602248587, -1, 1, 1, -1, 1, 0.671525516208, 1, 0.802602248587, -1, 1, -1, 0.671525516208, 0.802602248587, 1, 0.802602248587, -1, 1, -1, 0.671525516208, -1, -1, 1, -1, 0.671525516208, -1, -1, -1, 0.671525516208, 1, 0.802602248587, 1, 1, 0.802602248587, -1, 0.671525516208, 48.92, 73.91, 94.3
1, 1, 1, 1, -1, 1, 1, -1, -1, -1, -1, -1, -1, 1, 1, -1, 1, 1, -1, 1, -1, 1, -1, 1, 1, 1, -1, 1, 1, 1, 1, 1, 1, -1, -1, -1, 1, 1, -1, -1, -1, 1, -1, 1, -1, 1, 1, -1, -1, -1, 46.24, 47.83, 92.31
-1, -1, 0.497789377166, -1, 0.497789377166, -1, -1, -1, -1, -1, -1, -1, 0.497789377166, -1, -1, 0.497789377166, 1, -1, -1, 0.884479784393, -1, 0.884479784393, 1, 0.884479784393, 1, 0.497789377166, 0.497789377166, -1, 1, 1, 1, -1, -1, -1, -1, -1, -1, 0.884479784393, -1, -1, 0.884479784393, 1, 1, -1, -1, -1, 1, 1, -1, 1, 51.08, 47.83, 94.59
1, -1, -1, 0.884479784393, -1, 0.884479784393, -1, 0.884479784393, -1, -1, 1, -1, -1, -1, -1, -1, -1, -1, -1, -1, -1, -1, -1, 0.884479784393, 1, -1, -1, 1, 1, -1, 1, -1, 1, -1, -1, -1, -1, 0.884479784393, 1, 0.884479784393, -1, -1, 1, 1, -1, -1, 1, 1, -1, -1, 47.31, 43.48, 96.58
1, -1, -1, -1, -1, -1, -1, -1, 1, -1, 1, -1, -1, -1, -1, -1, 1, -1, 1, -1, -1, -1, 1, -1, 1, -1, -1, 1, 1, 1, 1, -1, 1, 1, -1, 1, 1, -1, 1, -1, -1, 1, 1, 1, 1, 1, 1, 1, 1, 1, 45.7, 56.52, 92.59
-1, -1, 0.759502281612, 0.759502281612, 0.759502281612, -1, -1, -1, -1, -1, 0.759502281612, 0.759502281612, 0.759502281612, 0.759502281612, -1, 0.759502281612, -1, 0.759502281612, -1, -1, 0.759502281612, 0.759502281612, -1, -1, 0.759502281612, 1, -1, -1, 0.759502281612, -1, 0.759502281612, 0.759502281612, 0.759502281612, -1, -1, 1, 1, 1, -1, -1, -1, -1, 0.759502281612, 1, -1, 0.759502281612, 0.759502281612, -1, 0.759502281612, 0.759502281612, 51.08, 47.83, 94.02
-1, 0.759502281612, 0.635464406708, 0.635464406708, 0.635464406708, -1, 0.759502281612, -1, -1, -1, -1, 0.635464406708, 0.635464406708, 0.635464406708, -1, 0.759502281612, -1, 0.635464406708, 1, -1, 0.635464406708, -1, -1, 1, -1, -1, -1, 0.759502281612, -1, 1, 0.759502281612, 0.759502281612, 0.759502281612, -1, 0.759502281612, -1, 1, 1, 0.635464406708, -1, 0.759502281612, -1, 0.759502281612, 1, -1, -1, -1, -1, -1, -1, 44.62, 73.91, 94.3
-1, -1, 0.543259989882, -1, 0.543259989882, 1, -1, -1, -1, -1, -1, -1, 0.759502281612, 0.543259989882, -1, -1, -1, -1, 1, 1, -1, -1, -1, 1, -1, -1, 0.543259989882, 0.543259989882, -1, 1, 0.759502281612, -1, 0.543259989882, -1, 0.543259989882, 1, 1, 1, -1, -1, -1, 1, 0.543259989882, -1, -1, -1, -1, 0.759502281612, 0.543259989882, 0.759502281612, 49.46, 47.83, 94.3
-1, 1, -1, -1, -1, 1, -1, 1, -1, -1, -1, -1, -1, 1, 1, -1, -1, -1, 1, 1, 1, 1, -1, 1, 1, 1, -1, -1, -1, 1, -1, -1, -1, -1, 1, 1, 1, 1, -1, 1, -1, 1, 1, 1, -1, -1, -1, -1, -1, -1, 66.13, 86.96, 92.31
0.501546230056, 0.378678282397, -1, 0.501546230056, -1, 0.501546230056, 0.378678282397, 1, 0.378678282397, -1, 0.501546230056, -1, -1, -1, -1, 0.378678282397, 0.378678282397, -1, -1, -1, -1, -1, 1, 0.501546230056, -1, 0.378678282397, 0.378678282397, 1, -1, 0.378678282397, 0.501546230056, 0.378678282397, -1, 0.378678282397, -1, 0.378678282397, -1, 0.501546230056, -1, -1, -1, 0.378678282397, 0.501546230056, -1, -1, 1, 0.501546230056, 0.501546230056, -1, -1, 54.3, 43.48, 94.59
0.501546230056, 0.378678282397, 0.501546230056, -1, -1, 0.501546230056, -1, 1, 0.501546230056, 1, 0.501546230056, -1, 1, -1, -1, 0.378678282397, 0.378678282397, 1, -1, 0.501546230056, -1, 1, -1, 0.378678282397, -1, -1, -1, -1, -1, -1, 0.501546230056, 0.378678282397, -1, -1, 1, -1, -1, 0.378678282397, -1, -1, 0.501546230056, 0.501546230056, 0.378678282397, 1, -1, 1, 0.378678282397, -1, -1, -1, 59.68, 91.3, 93.16
-1, -1, -1, -1, -1, 1, -1, 1, -1, 1, -1, 1, 1, 1, -1, -1, -1, 1, -1, -1, 1, 1, 1, -1, 1, -1, -1, 1, 1, -1, -1, -1, 1, -1, 1, -1, 1, -1, -1, 1, -1, -1, -1, 1, 1, 1, -1, -1, -1, -1, 63.98, 73.91, 93.73
-1, -1, 0.566226324264, -1, 0.566226324264, -1, -1, 1, 0.791610266166, 1, 0.566226324264, -1, -1, -1, 0.566226324264, 1, -1, 1, -1, 0.791610266166, -1, -1, 0.791610266166, 1, -1, 0.791610266166, 1, 1, 0.791610266166, 0.791610266166, 0.566226324264, -1, 0.791610266166, -1, -1, -1, 0.791610266166, 1, 0.791610266166, -1, 0.791610266166, -1, -1, -1, 1, -1, 0.791610266166, 1, -1, 1, 52.15, 78.26, 95.73
-1, -1, -1, -1, -1, -1, 0.791610266166, 0.791610266166, 0.791610266166, 1, -1, -1, 1, -1, 0.791610266166, 0.791610266166, -1, 0.791610266166, -1, -1, -1, -1, 0.791610266166, -1, -1, 0.791610266166, -1, 0.791610266166, 0.791610266166, 0.791610266166, -1, -1, 0.791610266166, -1, -1, -1, -1, 1, -1, -1, -1, 0.791610266166, -1, -1, 1, 1, 0.791610266166, 0.791610266166, 1, -1, 56.45, 78.26, 92.02
-1, -1, -1, 0.791610266166, -1, -1, 0.791610266166, -1, 0.791610266166, 1, -1, -1, -1, 0.791610266166, -1, -1, -1, -1, -1, 0.791610266166, 0.791610266166, 0.791610266166, 0.791610266166, -1, -1, 0.791610266166, 1, -1, 0.791610266166, 0.791610266166, -1, -1, 0.791610266166, -1, -1, 0.791610266166, 0.791610266166, 1, 0.791610266166, 1, 0.791610266166, 0.791610266166, 0.791610266166, 0.791610266166, 1, 1, 0.791610266166, -1, 1, -1, 64.52, 78.26, 91.45
-1, -1, -1, -1, -1, 1, 1, 1, -1, 1, -1, 1, 1, 1, -1, 1, -1, 1, -1, 1, -1, 1, 1, 1, 1, -1, 1, 1, -1, 1, -1, -1, -1, 1, 1, 1, -1, 1, 1, 1, -1, -1, 1, 1, 1, 1, 1, 1, 1, 1, 47.85, 86.96, 95.16
0.600509145721, 0.717724016466, -1, 1, -1, -1, -1, -1, 0.600509145721, 0.717724016466, 0.600509145721, 1, 1, -1, 0.600509145721, -1, -1, 0.600509145721, -1, 0.600509145721, 0.600509145721, -1, -1, 0.717724016466, -1, -1, 0.717724016466, -1, 0.717724016466, 0.600509145721, 1, 0.717724016466, 0.717724016466, -1, 0.717724016466, -1, -1, -1, -1, 0.717724016466, -1, 0.600509145721, -1, 0.600509145721, 0.600509145721, -1, -1, 0.600509145721, -1, -1, 51.08, 86.96, 94.87
-1, -1, -1, 1, 0.717724016466, 0.717724016466, 0.717724016466, 1, 0.717724016466, -1, -1, 1, 1, 0.717724016466, 0.717724016466, -1, 0.717724016466, -1, 1, -1, -1, 1, -1, -1, -1, -1, 0.717724016466, -1, 0.717724016466, -1, 1, -1, -1, -1, -1, -1, 0.717724016466, 1, -1, 0.717724016466, 1, 0.717724016466, -1, -1, -1, -1, 1, 0.717724016466, 1, -1, 54.3, 56.52, 93.73
-1, 0.717724016466, 0.570931751477, 1, -1, -1, 0.717724016466, 1, 0.717724016466, 0.570931751477, -1, 1, -1, -1, -1, 0.717724016466, -1, 0.570931751477, 1, 0.570931751477, -1, 1, 0.717724016466, 0.717724016466, -1, 0.570931751477, -1, 0.570931751477, 0.717724016466, -1, 1, -1, -1, -1, -1, -1, -1, 1, -1, -1, -1, 0.570931751477, -1, -1, 0.570931751477, 0.717724016466, 1, 0.717724016466, -1, -1, 53.76, 86.96, 93.73
-1, -1, 1, 1, -1, -1, -1, 1, -1, -1, -1, 1, 1, -1, -1, 1, -1, 1, 1, -1, 1, 1, 1, -1, -1, 1, -1, 1, -1, -1, 1, 1, 1, -1, -1, 1, -1, 1, -1, -1, 1, -1, -1, 1, 1, 1, 1, -1, 1, -1, 59.14, 73.91, 94.3
-1, 0.444450533438, -1, -1, 0.444450533438, -1, -1, 0.444450533438, -1, 0.65725132156, -1, -1, -1, -1, 0.65725132156, -1, 1, -1, -1, 0.65725132156, -1, -1, 0.65725132156, -1, -1, -1, 0.65725132156, -1, -1, -1, 1, -1, 1, -1, 1, -1, -1, 1, 0.444450533438, 1, -1, 0.65725132156, -1, 1, 1, -1, -1, -1, 0.65725132156, -1, 61.83, 78.26, 93.16
0.65725132156, -1, 0.470121492647, -1, 0.470121492647, -1, 1, -1, -1, -1, -1, -1, -1, 1, 0.65725132156, -1, -1, -1, -1, -1, -1, -1, -1, -1, -1, 1, 0.470121492647, 1, -1, 0.65725132156, -1, 1, 1, -1, 1, -1, 1, 1, -1, 1, -1, -1, 0.470121492647, -1, 0.65725132156, -1, -1, 0.65725132156, 0.470121492647, -1, 61.29, 73.91, 95.44
1, -1, -1, 1, -1, -1, 1, -1, 1, -1, 1, -1, 1, 1, -1, -1, 1, 1, -1, -1, 1, -1, -1, 1, -1, 1, -1, 1, 1, 1, 1, 1, 1, 1, 1, -1, 1, 1, -1, 1, 1, -1, -1, 1, 1, 1, -1, 1, -1, 1, 62.9, 73.91, 93.73
0.548010002143, -1, 1, 1, -1, -1, 0.725820210413, -1, -1, -1, -1, -1, 1, 0.725820210413, 0.725820210413, 0.548010002143, 0.725820210413, 0.548010002143, 1, 0.548010002143, -1, 0.725820210413, -1, -1, 0.548010002143, 0.548010002143, 1, 0.548010002143, 1, 0.548010002143, -1, 0.548010002143, 0.548010002143, -1, 1, 0.548010002143, 1, -1, -1, -1, 0.725820210413, -1, -1, -1, 1, -1, 0.725820210413, 0.725820210413, 1, 1, 53.76, 73.91, 94.3
-1, -1, -1, 1, 1, -1, -1, 0.577372074058, 0.577372074058, 1, 0.577372074058, 0.577372074058, 1, -1, -1, 0.577372074058, 0.577372074058, 0.577372074058, 1, -1, 1, -1, -1, -1, 0.577372074058, -1, -1, 0.577372074058, -1, -1, -1, 0.577372074058, -1, 1, 1, -1, -1, -1, 0.577372074058, 1, -1, -1, 0.577372074058, -1, 1, -1, 0.577372074058, -1, 1, 1, 56.99, 69.57, 92.31
-1, -1, 1, 1, 1, 1, -1, -1, -1, 1, -1, -1, 1, -1, -1, -1, -1, -1, 1, -1, 1, -1, -1, 1, -1, -1, 1, -1, 1, -1, 1, -1, -1, 1, 1, -1, 1, 1, -1, 1, -1, 1, -1, -1, 1, 1, -1, -1, 1, 1, 52.15, 95.65, 93.16
-1, -1, 0.674738926558, -1, -1, 0.674738926558, 0.80644289248, -1, -1, 0.80644289248, -1, -1, 0.674738926558, -1, 0.674738926558, -1, -1, 0.674738926558, -1, 0.674738926558, 0.674738926558, -1, 0.674738926558, -1, 1, 0.80644289248, 0.80644289248, -1, -1, 0.674738926558, -1, -1, 1, -1, 0.80644289248, -1, 1, 0.674738926558, -1, 0.80644289248, 0.80644289248, -1, -1, -1, -1, -1, -1, 0.674738926558, 0.80644289248, -1, 55.91, 73.91, 95.73
1, -1, -1, 0.80644289248, -1, -1, -1, -1, -1, 0.80644289248, -1, 0.80644289248, 0.80644289248, -1, 0.80644289248, -1, -1, -1, -1, -1, 0.80644289248, -1, 0.80644289248, 0.80644289248, -1, 0.80644289248, -1, -1, 0.80644289248, 0.80644289248, 1, 0.80644289248, -1, -1, -1, 1, 1, 0.80644289248, 0.80644289248, -1, 0.80644289248, 1, -1, -1, 1, -1, -1, 0.80644289248, -1, 1, 54.3, 82.61, 92.88
1, -1, 0.80644289248, -1, -1, 0.80644289248, -1, -1, 1, 0.80644289248, 1, -1, -1, -1, 0.80644289248, -1, -1, -1, 1, 0.80644289248, -1, -1, 0.80644289248, 0.80644289248, -1, 0.80644289248, 0.80644289248, 0.80644289248, 0.80644289248, 0.80644289248, 1, 0.80644289248, 1, 1, -1, 1, 1, 0.80644289248, -1, -1, -1, 1, -1, 1, -1, -1, -1, -1, 0.80644289248, -1, 52.15, 82.61, 95.73
1, -1, 1, 1, -1, -1, -1, -1, 1, -1, 1, -1, -1, 1, 1, -1, -1, 1, 1, 1, -1, -1, -1, -1, 1, -1, -1, -1, -1, -1, 1, -1, 1, 1, -1, 1, 1, -1, -1, 1, 1, 1, -1, 1, 1, 1, 1, -1, -1, 1, 41.4, 47.83, 94.3
-1, 0.687621942238, 1, -1, 1, 0.687621942238, -1, 0.821840575968, 0.821840575968, 0.821840575968, -1, 0.687621942238, -1, -1, 0.821840575968, 0.821840575968, 0.687621942238, 0.821840575968, -1, -1, 0.687621942238, 0.687621942238, 0.821840575968, -1, -1, 0.821840575968, -1, 0.821840575968, 0.821840575968, -1, -1, -1, 0.821840575968, -1, 0.687621942238, 0.687621942238, 1, 0.821840575968, -1, -1, -1, -1, -1, 0.687621942238, 0.821840575968, 1, 0.821840575968, 0.821840575968, 1, 1, 68.82, 91.3, 93.45
-1, 0.653753906386, 1, 0.653753906386, -1, 0.653753906386, 1, 1, 0.821840575968, 0.653753906386, -1, -1, -1, 0.653753906386, 0.653753906386, 0.653753906386, -1, -1, 0.821840575968, 1, -1, -1, -1, 0.653753906386, 0.821840575968, -1, -1, -1, -1, -1, 0.821840575968, -1, -1, 1, -1, 0.821840575968, 1, -1, -1, 1, -1, 1, -1, 0.821840575968, -1, 1, 0.821840575968, -1, 1, -1, 52.15, 47.83, 92.88
-1, -1, 1, -1, 1, -1, 1, 1, 1, -1, -1, 1, 1, -1, -1, -1, 1, -1, -1, 1, -1, -1, -1, -1, 1, -1, 1, -1, -1, -1, -1, -1, -1, 1, -1, 1, 1, -1, -1, 1, -1, 1, 1, -1, -1, 1, 1, -1, 1, 1, 47.85, 60.87, 93.73
0.593464887487, 0.786023626985, 0.786023626985, -1, -1, 0.786023626985, -1, -1, 0.786023626985, 1, -1, 0.786023626985, -1, -1, -1, 0.786023626985, 0.786023626985, 0.786023626985, -1, -1, -1, -1, 0.786023626985, -1, 1, 0.786023626985, 1, 1, -1, 0.786023626985, -1, 0.593464887487, -1, -1, 0.593464887487, -1, -1, 0.786023626985, -1, -1, -1, -1, -1, -1, 0.593464887487, -1, 0.593464887487, 0.593464887487, 1, -1, 61.29, 78.26, 93.73
-1, 0.786023626985, 0.786023626985, 0.786023626985, -1, 0.786023626985, 1, 1, 0.786023626985, -1, -1, 0.786023626985, -1, 0.786023626985, 0.786023626985, 0.786023626985, 0.786023626985, 0.786023626985, 0.786023626985, 0.786023626985, -1, 0.786023626985, 0.786023626985, -1, 1, 0.786023626985, 1, 1, -1, 0.786023626985, -1, -1, 1, 0.786023626985, -1, -1, -1, 0.786023626985, 0.786023626985, -1, 1, -1, 0.786023626985, 0.786023626985, -1, -1, -1, -1, -1, 0.786023626985, 50.54, 73.91, 96.01
-1, -1, 0.786023626985, 0.786023626985, -1, 0.786023626985, 1, 1, -1, 1, 1, 0.786023626985, 0.593464887487, -1, 0.786023626985, 0.786023626985, 0.786023626985, 0.786023626985, 0.786023626985, 0.786023626985, -1, -1, -1, -1, -1, 0.786023626985, 1, -1, -1, -1, 1, 0.593464887487, 1, 0.786023626985, -1, -1, -1, -1, -1, 0.593464887487, -1, 0.593464887487, 0.786023626985, -1, 0.593464887487, 0.593464887487, -1, 0.593464887487, 1, 0.786023626985, 47.31, 82.61, 93.45
-1, 0.786023626985, 0.786023626985, -1, 0.593464887487, -1, 1, 1, -1, -1, 1, 0.786023626985, 0.593464887487, -1, 0.786023626985, -1, 0.786023626985, 0.786023626985, -1, -1, -1, -1, -1, -1, -1, 0.786023626985, 1, -1, 1, 0.786023626985, 1, 0.593464887487, 1, 0.786023626985, 0.593464887487, -1, -1, -1, 0.786023626985, -1, -1, 0.593464887487, -1, 0.786023626985, 0.593464887487, -1, -1, -1, -1, -1, 46.24, 82.61, 93.73
-1, -1, 1, 1, -1, -1, 1, 1, -1, 1, 1, 1, -1, -1, 1, -1, -1, 1, 1, -1, 1, -1, 1, -1, 1, -1, 1, 1, 1, 1, 1, -1, 1, -1, -1, -1, 1, -1, -1, -1, 1, -1, -1, 1, -1, -1, -1, -1, 1, -1, 55.91, 78.26, 93.73
0.736446062917, 0.736446062917, 1, -1, -1, 0.556032751262, -1, 0.736446062917, 0.556032751262, -1, -1, 1, -1, -1, -1, -1, 0.556032751262, -1, 1, -1, 0.736446062917, -1, 0.736446062917, 0.736446062917, -1, -1, 0.736446062917, 0.556032751262, -1, -1, -1, -1, 0.736446062917, 1, 0.736446062917, -1, -1, -1, 0.736446062917, -1, 1, 0.556032751262, -1, -1, 1, 0.736446062917, -1, -1, -1, -1, 66.67, 86.96, 93.73
0.616173607077, -1, 1, 0.616173607077, 1, 0.616173607077, 0.736446062917, -1, 0.616173607077, -1, -1, 1, -1, -1, -1, 0.736446062917, -1, 0.616173607077, 1, -1, 0.616173607077, -1, 0.616173607077, 0.736446062917, 1, -1, 0.736446062917, -1, -1, -1, 0.736446062917, -1, 0.736446062917, -1, 0.736446062917, 0.616173607077, 1, -1, -1, -1, 1, 0.616173607077, -1, -1, 0.616173607077, -1, 0.736446062917, 0.616173607077, -1, -1, 62.37, 95.65, 95.16
-1, -1, 1, -1, 1, -1, -1, -1, -1, -1, -1, 1, 1, -1, 1, -1, -1, 1, 1, 1, 1, -1, -1, -1, 1, -1, -1, -1, -1, -1, 1, -1, -1, 1, -1, -1, 1, 1, 1, 1, 1, -1, 1, 1, 1, -1, 1, -1, 1, -1, 47.31, 47.83, 93.73
1, 1, 0.490779929418, -1, 1, -1, 0.872025290349, -1, -1, -1, 1, 0.872025290349, -1, 1, -1, -1, 0.872025290349, 0.872025290349, -1, 0.872025290349, 1, 1, -1, -1, -1, 1, -1, -1, -1, -1, -1, -1, 1, -1, -1, 1, 1, -1, -1, 0.490779929418, 0.872025290349, -1, 0.490779929418, -1, -1, 1, -1, -1, 1, 1, 59.68, 47.83, 94.3
1, 1, -1, -1, 1, -1, -1, -1, -1, -1, 1, 0.872025290349, -1, -1, -1, 0.872025290349, -1, 0.693674608803, 1, -1, -1, 1, -1, -1, -1, 1, 1, -1, -1, 0.872025290349, -1, -1, 1, 1, -1, 1, 1, 0.693674608803, -1, -1, -1, -1, -1, -1, 0.693674608803, -1, -1, -1, -1, -1, 49.46, 43.48, 92.88
1, 1, 0.872025290349, -1, 1, -1, -1, -1, 0.872025290349, 1, 1, 0.872025290349, -1, -1, 0.872025290349, 0.872025290349, 0.872025290349, -1, 1, -1, -1, -1, -1, 1, 1, -1, 1, -1, -1, 0.872025290349, -1, -1, -1, 1, -1, 1, 1, -1, -1, -1, 0.872025290349, -1, -1, 0.872025290349, -1, 1, -1, -1, -1, 1, 47.31, 52.17, 94.59
-1, 1, -1, -1, 1, -1, -1, 1, -1, -1, 1, -1, -1, 1, -1, -1, 0.658398008732, -1, 1, -1, -1, 1, 1, 1, 1, -1, 1, 0.872025290349, -1, -1, -1, 1, -1, -1, 1, 1, 1, -1, 1, 0.872025290349, 0.872025290349, -1, 0.658398008732, -1, 0.658398008732, 1, 0.658398008732, -1, -1, -1, 59.14, 69.57, 94.02
1, 1, -1, 1, 1, -1, -1, 1, -1, 1, 1, -1, -1, 1, -1, -1, -1, -1, 1, -1, 1, 1, 1, 1, 1, 1, 1, -1, 1, -1, -1, 1, 1, 1, 1, 1, 1, -1, 1, -1, -1, -1, -1, -1, -1, 1, -1, 1, 1, 1, 57.53, 69.57, 94.02
0.876475788518, -1, 0.661758231382, 0.876475788518, 0.661758231382, 0.876475788518, -1, 0.876475788518, 0.661758231382, 0.661758231382, -1, 1, -1, 1, 1, 1, 1, -1, -1, 0.661758231382, -1, 1, -1, -1, -1, -1, 0.661758231382, 0.876475788518, -1, 1, 0.876475788518, 0.661758231382, -1, 0.661758231382, 1, 1, -1, -1, -1, 0.876475788518, 1, -1, -1, 1, -1, -1, 0.876475788518, -1, 0.661758231382, -1, 52.69, 73.91, 93.16
-1, -1, -1, 0.697214870319, 0.697214870319, -1, 1, -1, 0.876475788518, 0.697214870319, -1, -1, -1, 1, 1, 1, 1, 1, 0.876475788518, 0.697214870319, 1, -1, -1, 0.697214870319, 0.876475788518, 1, 0.697214870319, 0.876475788518, -1, 1, 0.876475788518, -1, -1, 0.876475788518, -1, 1, -1, -1, 0.876475788518, 0.697214870319, 1, 0.876475788518, -1, 1, -1, 1, 0.876475788518, 0.876475788518, -1, -1, 52.69, 52.17, 94.3
-1, -1, -1, -1, 0.876475788518, -1, 0.876475788518, 0.876475788518, 0.876475788518, 0.661758231382, 0.661758231382, -1, -1, -1, -1, -1, -1, 1, -1, 0.661758231382, 1, -1, 0.661758231382, -1, -1, 1, 0.876475788518, 0.661758231382, -1, -1, -1, 0.661758231382, -1, -1, 1, 1, 1, 0.876475788518, 1, -1, 1, -1, -1, 1, -1, -1, 0.876475788518, -1, -1, -1, 60.75, 69.57, 92.59
-1, -1, -1, -1, -1, 1, 1, -1, -1, -1, -1, 1, 1, 1, 1, 1, 1, 1, -1, -1, 1, 1, -1, -1, -1, 1, -1, -1, -1, 1, 1, -1, -1, -1, 1, 1, 1, -1, 1, -1, 1, -1, 1, 1, 1, 1, -1, 1, -1, -1, 46.24, 43.48, 94.02
-1, 0.919883745588, -1, 0.919883745588, 0.919883745588, -1, 0.919883745588, 0.919883745588, 1, -1, -1, 1, -1, -1, -1, 0.919883745588, 0.919883745588, -1, -1, -1, -1, 0.919883745588, 1, 0.919883745588, 1, -1, 0.919883745588, -1, 0.919883745588, 0.919883745588, -1, -1, -1, -1, -1, -1, 0.919883745588, -1, -1, 1, -1, -1, 0.919883745588, -1, -1, 0.919883745588, 0.919883745588, 0.919883745588, 0.919883745588, -1, 54.3, 69.57, 94.87
1, -1, 1, -1, -1, -1, -1, -1, 1, 1, -1, 1, -1, -1, 1, -1, 1, 1, 1, -1, -1, -1, 1, 1, 1, -1, 1, -1, -1, -1, 1, 1, -1, 1, 1, -1, -1, 1, -1, 1, 1, 1, 1, -1, -1, 1, 1, 1, -1, -1, 65.59, 86.96, 93.45
