-1, 0.8086957087, -1, 0.8086957087, -1, -1, 0.8086957087, 0.8086957087, 0.8086957087, 0.8086957087, 0.8086957087, -1, -1, 0.8086957087, 0.8086957087, 0.8086957087, 0.8086957087, 0.8086957087, -1, 0.8086957087, 0.8086957087, 0.8086957087, 0.8086957087, 1, -1, 0.8086957087, -1, 0.8086957087, 0.8086957087, 0.8086957087, -1, 1, -1, 0.8086957087, -1, 0.8086957087, -1, -1, 0.8086957087, 0.8086957087, -1, 0.8086957087, 0.8086957087, 0.8086957087, 0.8086957087, -1, 0.8086957087, -1, -1, -1, 47.85, 52.17, 94.3
0.648977451999, 0.8086957087, -1, 0.8086957087, -1, -1, -1, -1, 0.8086957087, 0.8086957087, 1, 0.648977451999, 0.648977451999, -1, 0.8086957087, -1, -1, 0.8086957087, -1, 0.8086957087, 0.8086957087, -1, -1, 1, -1, -1, 0.648977451999, -1, 0.8086957087, 0.8086957087, 1, 1, 0.648977451999, -1, 0.648977451999, -1, -1, -1, -1, 0.8086957087, -1, 0.8086957087, -1, 0.8086957087, 0.8086957087, -1, -1, 1, -1, -1, 51.61, 86.96, 92.02
-1, -1, -1, -1, 1, 1, 1, -1, -1, 1, 1, -1, -1, 1, 1, 1, 1, 1, -1, -1, 1, -1, 1, 1, 1, 1, 1, -1, -1, -1, 1, 1, 1, -1, -1, -1, 1, -1, 1, 1, 1, 1, -1, -1, -1, 1, 1, 1, -1, -1, 49.46, 52.17, 92.59
0.836685316282, -1, 1, 0.836685316282, -1, -1, -1, -1, 0.836685316282, -1, 0.836685316282, -1, -1, 1, 0.836685316282, -1, -1, 0.836685316282, 1, 1, -1, -1, -1, -1, 0.836685316282, -1, -1, -1, -1, -1, 1, -1, 1, 0.836685316282, -1, 1, 1, -1, -1, 0.836685316282, 0.836685316282, 1, -1, 0.836685316282, 0.836685316282, 0.836685316282, 0.836685316282, -1, -1, 1, 45.7, 47.83, 93.45
-1, -1, 1, -1, 1, 1, -1, -1, -1, -1, -1, -1, 1, 1, -1, -1, -1, -1, 1, 1, -1, -1, -1, 1, -1, -1, 1, 1, -1, 1, 1, -1, 1, -1, 1, 1, 1, 1, -1, -1, -1, 1, 1, -1, -1, -1, -1, 1, 1, 1, 47.31, 47.83, 93.45
0.899299934218, -1, -1, -1, -1, -1, -1, 0.899299934218, -1, 0.899299934218, -1, 0.899299934218, -1, -1, 0.899299934218, -1, -1, -1, 0.899299934218, -1, 0.899299934218, 0.899299934218, 0.899299934218, -1, 0.899299934218, -1, 0.899299934218, 0.899299934218, -1, 0.899299934218, 0.899299934218, 0.899299934218, 0.899299934218, -1, -1, 0.899299934218, -1, -1, -1, -1, -1, 0.899299934218, -1, -1, -1, -1, 0.899299934218, -1, -1, -1, 63.98, 78.26, 94.02
0.689391620463, 0.899299934218, -1, 0.689391620463, 1, -1, 0.739206231791, -1, -1, -1, -1, 1, 1, -1, -1, -1, 1, 0.689391620463, 0.899299934218, 0.899299934218, -1, 0.739206231791, 1, 1, -1, -1, 1, 0.899299934218, -1, -1, 1, -1, -1, -1, 1, -1, 0.899299934218, -1, -1, -1, 0.689391620463, -1, 1, -1, -1, -1, -1, 0.739206231791, -1, -1, 53.76, 73.91, 94.02
-1, -1, -1, -1, 1, 1, -1, -1, -1, -1, 1, 1, 1, 1, -1, 1, 1, -1, 1, 1, -1, -1, 1, 1, -1, -1, 1, 1, -1, 1, 1, -1, 1, -1, 1, -1, -1, 1, -1, 1, -1, -1, 1, -1, -1, 1, -1, -1, -1, -1, 51.08, 73.91, 95.44
0.546826449802, 0.459379521271, 1, -1, 0.546826449802, -1, 0.459379521271, 1, -1, 1, -1, -1, 1, 0.459379521271, 1, 1, -1, 1, -1, 1, 0.459379521271, -1, -1, -1, 0.459379521271, -1, -1, 1, -1, 1, -1, 1, -1, 0.459379521271, 1, -1, -1, 1, 1, 1, -1, 0.459379521271, -1, -1, -1, -1, 0.459379521271, -1, -1, 0.459379521271, 61.83, 82.61, 93.45
0.88249107015, 0.88249107015, 1, -1, -1, 1, -1, -1, 1, 1, -1, 1, -1, -1, -1, 1, 1, 1, -1, -1, -1, -1, 0.88249107015, -1, 0.88249107015, 1, 0.88249107015, 1, -1, 1, -1, 1, -1, -1, 1, -1, -1, 1, -1, -1, -1, -1, -1, -1, 1, -1, 0.692928488544, 1, 1, -1, 61.83, 78.26, 92.88
-1, -1, 1, 1, -1, 1, -1, 1, 1, 1, -1, 1, 1, -1, 1, 1, 1, 1, -1, 1, -1, 1, -1, 1, -1, 1, -1, 1, -1, 1, -1, 1, -1, -1, 1, 1, -1, 1, 1, 1, -1, -1, -1, -1, 1, 1, -1, 1, 1, -1, 51.08, 86.96, 92.31
-1, -1, 1, 0.629499070345, -1, -1, -1, 1, -1, -1, -1, 1, 0.629499070345, -1, -1, 1, -1, 1, 1, -1, 1, 1, 1, -1, -1, 0.629499070345, -1, 1, -1, -1, 0.773177378467, 1, 1, -1, -1, 0.773177378467, -1, 1, -1, -1, 1, -1, -1, 1, 0.629499070345, 0.629499070345, 0.629499070345, -1, 1, -1, 60.22, 73.91, 94.02
-1, 0.629499070345, 1, 0.629499070345, -1, 0.629499070345, 1, 1, 0.629499070345, -1, -1, 1, -1, 1, 1, 1, 1, 1, 1, 1, -1, 1, 1, -1, 1, 0.629499070345, 1, 1, -1, 1, -1, -1, 1, 0.629499070345, -1, -1, -1, 1, 0.629499070345, -1, 1, -1, 0.629499070345, 1, -1, -1, -1, -1, -1, 1, 50.54, 73.91, 95.44
-1, 0.656290088901, -1, 0.773177378467, -1, -1, 1, 1, 0.773177378467, -1, -1, 1, 0.773177378467, 1, 1, 1, 1, 1, 1, 1, -1, -1, 1, -1, 1, 0.773177378467, -1, -1, -1, 1, 0.773177378467, -1, 1, -1, -1, 0.773177378467, 1, 1, 0.552347084284, 1, 1, 1, -1, 1, 0.656290088901, -1, -1, -1, 1, -1, 62.9, 78.26, 94.02
-1, -1, 1, -1, -1, -1, 1, 1, -1, -1, -1, 1, -1, 1, 1, 1, 1, 1, 1, 1, 1, 1, 1, 1, 1, -1, 1, 1, -1, 1, -1, 1, 1, -1, 1, -1, 1, 1, -1, 1, 1, 1, -1, 1, -1, -1, -1, 1, 1, 1, 63.98, 86.96, 94.87
-1, -1, 0.736757528956, -1, 0.736757528956, -1, -1, -1, -1, -1, -1, -1, 0.736757528956, -1, -1, 0.736757528956, 0.736757528956, -1, -1, 0.736757528956, -1, 0.736757528956, 0.736757528956, 0.736757528956, 0.736757528956, 0.736757528956, 0.736757528956, -1, 0.736757528956, 0.736757528956, 0.736757528956, -1, -1, -1, -1, -1, -1, 0.736757528956, -1, -1, 0.736757528956, 0.736757528956, 0.736757528956, -1, -1, -1, 0.736757528956, 0.736757528956, -1, 0.736757528956, 47.85, 47.83, 94.02
0.463063453713, -1, 0.606948383937, -1, -1, 0.736757528956, 0.198793251861, 0.606948383937, -1, 0.606948383937, -1, 0.736757528956, 0.736757528956, 0.198793251861, 0.606948383937, 0.606948383937, 0.606948383937, 0.606948383937, -1, 0.736757528956, -1, 0.606948383937, 0.736757528956, -1, 0.198793251861, 0.606948383937, 0.736757528956, 1, -1, -1, 0.736757528956, -1, 1, -1, 0.606948383937, -1, -1, 0.606948383937, 0.736757528956, -1, -1, -1, 0.736757528956, 0.606948383937, 0.606948383937, 0.736757528956, -1, 0.606948383937, 0.606948383937, -1, 53.76, 78.26, 94.59
-1, 1, 1, -1, 1, 1, -1, 1, 1, 1, -1, 1, -1, -1, 1, 1, 1, 1, -1, -1, 1, 1, 1, -1, -1, 1, -1, 1, 1, -1, -1, -1, 1, -1, 1, 1, 1, 1, -1, -1, -1, -1, -1, 1, 1, 1, 1, 1, 1, 1, 65.59, 91.3, 97.44
-1, -1, -1, 0.585106319532, 0.827114812485, -1, 1, -1, 0.585106319532, 0.585106319532, -1, -1, -1, 1, 0.585106319532, 0.827114812485, 1, 1, 0.585106319532, 1, 1, -1, -1, 0.827114812485, 0.827114812485, 0.827114812485, 0.827114812485, 0.585106319532, -1, 0.827114812485, 0.827114812485, -1, -1, 0.585106319532, -1, 0.585106319532, -1, -1, 0.585106319532, 1, 0.827114812485, 0.827114812485, -1, 0.585106319532, -1, 0.585106319532, 0.827114812485, 0.827114812485, -1, -1, 46.77, 52.17, 92.02
0.690060722739, -1, 0.827114812485, 0.690060722739, -1, -1, 1, 0.690060722739, -1, -1, -1, 1, 0.827114812485, 1, -1, -1, 1, 1, 0.690060722739, -1, -1, 1, -1, 0.827114812485, 0.827114812485, 0.827114812485, 0.827114812485, -1, 0.827114812485, 0.827114812485, -1, 0.690060722739, -1, 0.690060722739, -1, 0.690060722739, 1, 0.827114812485, -1, 1, 0.827114812485, 0.827114812485, -1, 0.690060722739, -1, 0.690060722739, 0.827114812485, 0.827114812485, -1, 1, 53.76, 47.83, 94.02
1, 1, 1, -1, 1, -1, 1, -1, -1, -1, 1, 1, -1, 1, -1, -1, 1, 1, -1, 1, 1, 1, -1, -1, -1, 1, -1, -1, -1, -1, -1, -1, 1, -1, -1, 1, 1, -1, -1, 1, 1, -1, 1, -1, -1, 1, -1, -1, 1, 1, 61.83, 47.83, 94.02
0.57255796494, -1, 0.803819331071, 0.57255796494, 1, 0.710648720624, -1, 0.803819331071, 0.803819331071, 0.57255796494, -1, 1, -1, 0.57255796494, 0.57255796494, 1, 0.803819331071, -1, -1, 0.57255796494, -1, 1, -1, -1, -1, -1, 1, 0.803819331071, -1, 1, 0.57255796494, 0.57255796494, -1, 1, 0.803819331071, 0.57255796494, -1, -1, -1, 0.710648720624, 0.57255796494, -1, -1, 0.57255796494, -1, -1, 0.57255796494, -1, 0.57255796494, -1, 59.14, 73.91, 94.02
0.803819331071, 0.803819331071, 0.803819331071, -1, -1, 0.803819331071, -1, 0.803819331071, 0.803819331071, -1, -1, 1, -1, -1, -1, -1, 0.803819331071, -1, 1, -1, 0.803819331071, -1, 0.803819331071, 0.803819331071, -1, -1, 1, 0.803819331071, -1, -1, -1, -1, 1, 0.803819331071, 0.803819331071, -1, -1, -1, 0.803819331071, -1, 0.803819331071, 0.803819331071, -1, -1, 0.803819331071, 0.803819331071, -1, -1, -1, -1, 50.54, 86.96, 94.87
0.710648720624, 0.803819331071, 0.710648720624, -1, 0.710648720624, -1, -1, -1, 0.710648720624, 0.710648720624, 0.710648720624, 1, -1, -1, 0.710648720624, 1, 0.710648720624, -1, 1, -1, -1, -1, -1, 0.710648720624, 0.710648720624, -1, 1, -1, -1, 1, -1, -1, -1, 0.710648720624, -1, 0.710648720624, 1, -1, -1, -1, 0.710648720624, -1, -1, 0.710648720624, -1, 0.710648720624, -1, -1, -1, 0.710648720624, 47.85, 52.17, 94.59
0.989249472771, 1, -1, -1, 1, -1, -1, -1, -1, -1, 0.989249472771, 1, -1, -1, -1, 1, -1, 1, 1, -1, -1, 1, -1, -1, -1, 1, 1, -1, -1, 1, -1, -1, 1, 1, -1, 1, 1, 1, -1, -1, -1, -1, -1, -1, 1, -1, -1, -1, -1, -1, 50.54, 43.48, 94.87
-1, -1, 1, -1, 1, -1, 0.913882416515, 1, 0.574941887337, -1, -1, 0.854343847004, 1, -1, -1, -1, 1, -1, -1, 0.574941887337, -1, -1, -1, -1, 1, -1, 0.574941887337, -1, -1, -1, -1, -1, -1, 0.913882416515, -1, 0.574941887337, 1, -1, -1, 0.913882416515, -1, 0.388951819282, 0.913882416515, -1, -1, 0.854343847004, 0.913882416515, -1, 0.388951819282, 0.854343847004, 47.31, 60.87, 92.88
-1, -1, -1, 0.516579709748, 1, -1, -1, 1, 0.516579709748, 0.913882416515, 1, 0.516579709748, 1, -1, -1, 0.516579709748, 1, 1, 1, -1, 0.913882416515, -1, -1, -1, 1, -1, -1, 1, -1, -1, -1, 0.516579709748, -1, 0.516579709748, 0.913882416515, -1, -1, -1, 1, 0.913882416515, -1, -1, 0.913882416515, -1, 0.516579709748, -1, 0.516579709748, -1, 0.913882416515, 0.752442291601, 53.76, 69.57, 93.73
-1, -1, 1, -1, 1, -1, -1, -1, -1, -1, -1, 0.854343847004, 1, -1, 0.854343847004, -1, -1, 1, 1, 0.854343847004, 0.854343847004, -1, -1, -1, 1, -1, -1, -1, -1, -1, 0.913882416515, -1, -1, 0.913882416515, -1, -1, 1, 0.854343847004, 1, 0.854343847004, 0.913882416515, -1, 0.913882416515, 1, 0.854343847004, -1, 0.854343847004, -1, 0.854343847004, -1, 55.38, 47.83, 94.87
1, -1, 1, -1, 1, 1, -1, 1, -1, -1, 1, -1, 1, -1, -1, -1, 1, 1, 1, -1, -1, 1, -1, -1, 1, 1, -1, 1, 1, -1, -1, -1, -1, -1, -1, -1, 1, -1, 1, -1, -1, -1, -1, 1, -1, -1, -1, -1, -1, -1, 48.92, 47.83, 94.87
0.660483330682, 0.660483330682, -1, 0.660483330682, 1, 0.660483330682, 0.660483330682, -1, 0.660483330682, -1, -1, 0.660483330682, -1, -1, 0.660483330682, -1, -1, 0.660483330682, 0.660483330682, 0.660483330682, -1, 0.660483330682, 0.660483330682, 0.660483330682, -1, 1, -1, 0.660483330682, -1, -1, 1, -1, 0.660483330682, 0.660483330682, 0.660483330682, -1, 0.660483330682, -1, 0.660483330682, -1, 0.660483330682, -1, 1, 0.660483330682, 0.660483330682, -1, 0.660483330682, 0.660483330682, 0.660483330682, -1, 44.09, 86.96, 94.3
-1, -1, -1, 0.660483330682, -1, -1, 0.660483330682, 0.660483330682, 0.660483330682, 0.660483330682, -1, 0.660483330682, 1, 0.660483330682, 0.660483330682, -1, 0.660483330682, 0.660483330682, -1, 0.660483330682, -1, 0.660483330682, -1, 0.660483330682, 0.660483330682, 1, -1, -1, 1, -1, 1, -1, -1, -1, -1, 0.660483330682, 0.660483330682, 1, -1, -1, -1, 0.660483330682, 1, 0.660483330682, -1, 1, 0.660483330682, 0.660483330682, -1, -1, 66.13, 78.26, 94.59
-1, -1, 1, 1, 1, -1, -1, -1, -1, -1, 1, 1, 1, 1, -1, 1, -1, 1, -1, -1, 1, 1, -1, -1, 1, 1, -1, -1, 1, -1, 1, 1, 1, -1, -1, 1, 1, 1, -1, -1, -1, -1, 1, 1, -1, 1, 1, -1, 1, 1, 46.77, 47.83, 92.31
0.711461273618, -1, -1, 1, 0.711461273618, 1, 0.711461273618, -1, -1, -1, 0.711461273618, -1, 0.711461273618, -1, -1, 0.711461273618, 1, 1, -1, -1, -1, -1, 1, 0.711461273618, -1, 0.711461273618, -1, -1, 0.711461273618, -1, 0.711461273618, 0.711461273618, -1, 1, 0.711461273618, 0.711461273618, -1, -1, 1, -1, 0.711461273618, 0.711461273618, 0.711461273618, -1, 0.711461273618, -1, -1, 0.711461273618, 0.711461273618, -1, 39.25, 95.65, 93.45
0.765220753168, -1, -1, -1, 0.522032909044, 0.865546107496, 1, 0.865546107496, 0.765220753168, -1, -1, -1, -1, 0.463627856585, 1, -1, 0.865546107496, 1, 0.865546107496, -1, -1, 1, 0.865546107496, 0.865546107496, 1, 0.522032909044, -1, -1, -1, 1, -1, -1, -1, 0.865546107496, 0.765220753168, -1, -1, -1, 0.865546107496, -1, 0.865546107496, -1, -1, 1, -1, 1, -1, -1, -1, 1, 52.69, 69.57, 94.87
-1, -1, 0.582442518717, 1, -1, 1, 0.786114783948, -1, -1, 0.865546107496, -1, -1, 0.865546107496, -1, -1, -1, 1, -1, -1, 1, -1, -1, 1, -1, -1, 0.786114783948, -1, -1, 0.786114783948, -1, 0.786114783948, 0.786114783948, -1, 1, 0.786114783948, -1, 0.64523023184, -1, 1, -1, -1, -1, -1, 1, -1, 1, 0.506547095933, -1, -1, -1, 52.69, 47.83, 92.31
-1, 1, -1, 1, -1, 1, 1, -1, -1, -1, -1, -1, -1, -1, 1, -1, 1, 1, -1, 1, 1, 1, 1, -1, 1, -1, 1, 1, 1, 1, -1, 1, -1, 1, -1, -1, 1, -1, 1, -1, -1, -1, 1, 1, 1, 1, 1, 1, -1, 1, 44.09, 73.91, 94.3
0.706681370402, 0.859730996011, 1, 0.706681370402, 0.706681370402, 0.706681370402, 1, -1, -1, -1, -1, 0.706681370402, 0.706681370402, 0.706681370402, -1, 1, 0.706681370402, -1, -1, -1, -1, 1, 1, 0.706681370402, -1, 1, -1, 0.859730996011, 0.706681370402, 1, -1, -1, 0.706681370402, -1, 1, -1, -1, -1, 0.706681370402, -1, -1, 1, -1, -1, -1, 1, 1, 1, -1, 0.706681370402, 55.91, 86.96, 93.45
-1, 0.859730996011, -1, -1, -1, 0.859730996011, -1, -1, 1, 0.646658043677, -1, 0.859730996011, -1, -1, -1, -1, 0.646658043677, -1, -1, -1, 0.646658043677, 0.859730996011, 1, 0.859730996011, -1, 1, -1, 0.859730996011, -1, 1, 0.859730996011, -1, 0.859730996011, -1, 0.859730996011, 1, 1, -1, -1, 1, -1, 1, 0.859730996011, -1, 0.859730996011, 1, 1, 1, 0.859730996011, -1, 54.3, 91.3, 94.3
-1, -1, -1, -1, -1, 0.859730996011, 1, -1, -1, -1, -1, 0.859730996011, 0.842069999419, 0.46027435155, 0.859730996011, 1, 0.842069999419, 0.859730996011, -1, -1, 0.46027435155, 0.859730996011, -1, -1, -1, 1, -1, -1, -1, 1, 0.649241342228, -1, -1, -1, 0.859730996011, 1, 1, -1, 0.859730996011, -1, 0.46027435155, -1, 0.859730996011, 1, 0.859730996011, 1, -1, 1, -1, -1, 46.24, 43.48, 93.73
-1, -1, 1, -1, -1, -1, 1, -1, 1, -1, -1, -1, -1, -1, -1, 1, -1, -1, -1, -1, -1, 1, 1, -1, 1, 1, -1, -1, -1, 1, -1, 1, -1, 1, 1, 1, 1, 1, -1, 1, -1, 1, -1, 1, -1, 1, 1, 1, -1, -1, 51.61, 82.61, 94.3
-1, -1, -1, -1, 0.426352819926, -1, 0.426352819926, 0.759058279419, 0.62496831201, 0.759058279419, 0.62496831201, -1, -1, -1, -1, -1, -1, 0.62496831201, -1, 0.759058279419, 0.759058279419, -1, 0.759058279419, -1, -1, 0.251213691962, 0.426352819926, 1, -1, -1, -1, 0.62496831201, -1, -1, 0.759058279419, 1, 1, 0.323015211721, 0.426352819926, -1, 0.759058279419, -1, -1, 0.426352819926, -1, -1, 0.426352819926, -1, -1, -1, 62.37, 69.57, 92.59
1, -1, 0.759058279419, -1, -1, 0.759058279419, -1, -1, 0.604666263616, 0.604666263616, 1, -1, -1, -1, 0.604666263616, -1, -1, -1, 1, 0.759058279419, -1, -1, 1, 0.759058279419, -1, 0.604666263616, 0.759058279419, 1, 1, 1, 1, 0.604666263616, 1, 1, -1, 1, 1, 0.759058279419, -1, -1, -1, 1, -1, 0.604666263616, -1, -1, -1, -1, 1, -1, 53.23, 82.61, 96.58
1, 0.412350115644, -1, 0.317924570088, -1, 0.759058279419, 0.317924570088, 0.317924570088, 0.317924570088, -1, 1, -1, -1, -1, -1, 0.317924570088, 1, -1, -1, -1, -1, -1, 1, 0.759058279419, -1, 0.604666263616, 0.759058279419, 1, -1, 1, 1, 0.604666263616, -1, 1, -1, 1, -1, 0.759058279419, -1, -1, -1, 1, 1, -1, -1, 0.317924570088, 1, 1, -1, -1, 40.86, 43.48, 94.59
1, -1, -1, -1, -1, -1, -1, -1, 1, -1, 1, -1, -1, -1, -1, -1, 1, -1, 1, -1, -1, -1, 1, -1, 1, -1, -1, 1, 1, 1, 1, -1, 1, 1, -1, 1, 1, -1, 1, -1, -1, 1, 1, 1, 1, 1, 1, 1, 1, 1, 47.31, 56.52, 93.16
0.398998764844, 0.890167185412, -1, 1, 0.73291642863, -1, -1, 0.890167185412, -1, 1, 0.398998764844, -1, -1, 1, -1, -1, -1, -1, 0.398998764844, -1, 0.890167185412, 0.890167185412, 0.890167185412, 0.890167185412, 0.398998764844, 1, 1, -1, 0.398998764844, -1, -1, 0.398998764844, 1, 0.73291642863, 0.890167185412, 1, 1, -1, 0.73291642863, -1, -1, -1, -1, -1, -1, 1, -1, 0.449262232538, 0.890167185412, 0.890167185412, 67.74, 69.57, 93.45
0.890167185412, 0.890167185412, 0.890167185412, 1, -1, 0.890167185412, -1, 0.890167185412, -1, 1, -1, -1, 0.890167185412, 1, 0.890167185412, -1, -1, -1, -1, 1, 0.890167185412, 0.890167185412, 0.890167185412, 0.890167185412, -1, -1, -1, 0.890167185412, -1, -1, 0.890167185412, 0.890167185412, -1, -1, 0.890167185412, 1, 1, -1, 0.890167185412, 1, 1, 1, 0.890167185412, -1, -1, 1, -1, -1, 0.890167185412, 0.890167185412, 68.28, 82.61, 96.01
0.890167185412, -1, -1, 1, -1, -1, -1, -1, -1, 1, -1, 0.670892737895, 0.890167185412, -1, 0.832173640634, -1, -1, -1, -1, -1, 0.670892737895, -1, 0.670892737895, 0.890167185412, -1, 0.890167185412, -1, -1, 0.890167185412, 1, 0.890167185412, 0.670892737895, -1, -1, -1, 1, 1, 0.670892737895, 0.832173640634, -1, 1, 1, -1, -1, 0.832173640634, -1, -1, 0.670892737895, -1, 0.670892737895, 50.54, 82.61, 95.44
-1, -1, -1, 1, -1, -1, 1, -1, 1, 1, -1, -1, -1, 1, -1, -1, -1, -1, -1, 1, 0.989092967631, 1, 0.989092967631, -1, -1, 1, 1, -1, 0.989092967631, 1, -1, -1, 1, -1, -1, 1, 1, 1, 1, 1, 1, 1, 1, 1, 1, 1, 1, -1, 1, -1, 56.99, 78.26, 94.59
-1, 0.730158314769, 1, 0.730158314769, 0.730158314769, -1, -1, 0.730158314769, -1, 0.730158314769, 0.730158314769, -1, 0.730158314769, -1, 0.730158314769, -1, -1, -1, -1, -1, -1, -1, -1, 0.730158314769, 0.730158314769, 0.730158314769, -1, 0.730158314769, -1, 0.730158314769, -1, -1, 0.730158314769, 0.730158314769, 0.730158314769, 0.730158314769, 0.730158314769, -1, -1, -1, -1, -1, -1, 0.730158314769, -1, 0.730158314769, 0.730158314769, -1, -1, 0.730158314769, 48.92, 73.91, 94.87
0.730158314769, 0.730158314769, 1, -1, 0.730158314769, -1, 0.730158314769, 0.730158314769, -1, 0.730158314769, -1, -1, 0.730158314769, -1, 0.730158314769, 0.730158314769, 0.730158314769, -1, -1, -1, -1, -1, -1, 0.730158314769, 0.730158314769, 0.730158314769, -1, 0.730158314769, 0.730158314769, 0.730158314769, 0.730158314769, -1, -1, 0.730158314769, -1, -1, -1, 0.730158314769, -1, 0.730158314769, 0.730158314769, -1, 0.730158314769, -1, -1, 0.730158314769, 0.730158314769, -1, -1, 0.730158314769, 58.6, 73.91, 94.02
-1, 1, 1, 1, -1, -1, 1, 1, 1, 1, -1, 1, -1, -1, -1, 1, -1, 1, 1, 1, -1, 1, 1, 1, -1, 1, -1, 1, 1, -1, 1, -1, -1, -1, -1, -1, -1, 1, -1, -1, -1, 1, -1, -1, 1, 1, 1, 1, -1, -1, 56.99, 86.96, 93.73
-1, 0.643392035447, -1, -1, 0.880478407921, -1, -1, 0.643392035447, -1, 0.643392035447, -1, -1, -1, -1, 0.643392035447, -1, 0.643392035447, -1, -1, 1, -1, -1, 0.643392035447, -1, -1, -1, 0.843094873717, -1, -1, -1, 1, -1, 0.843094873717, -1, 0.843094873717, -1, -1, 0.843094873717, 0.880478407921, 0.643392035447, -1, 1, -1, 0.643392035447, 0.643392035447, -1, -1, -1, 1, -1, 52.69, 78.26, 94.87
-1, 0.880478407921, 1, 0.739059083958, -1, 1, 0.405579348486, 0.739059083958, 0.739059083958, 0.378715061728, -1, -1, -1, 0.880478407921, 0.880478407921, 0.378715061728, -1, -1, 1, 1, -1, -1, -1, 0.880478407921, 0.880478407921, -1, -1, -1, -1, -1, 1, -1, -1, 0.880478407921, -1, 1, 1, -1, -1, 1, -1, 1, -1, 0.739059083958, -1, 0.405579348486, 0.739059083958, -1, 1, -1, 60.75, 47.83, 94.3
1, -1, 1, 1, -1, 1, -1, 1, 1, -1, 1, 1, -1, -1, -1, -1, -1, -1, 1, 1, -1, -1, 1, -1, 1, -1, -1, 1, 1, -1, 1, -1, -1, 1, -1, 1, 1, -1, -1, 1, 1, 1, -1, -1, -1, -1, -1, -1, 1, 1, 53.23, 86.96, 95.16
