1.7913745828e-05, 0.407477057462, 0.772734174933, 0.123753367342, 0.412292065716, 0.426573314683, 0.86302611465, 0.865090578369, 0.902600174539, 0.856244495594, 0.118036268336, 0.850769903942, 0.645586336494, 0.0068559606323, 0.24277224006, 0.0560437790224, 0.736781723381, 0.135115357709, 0.213850715656, 0.554816225554, 0.182899888908, 0.274552796607, 0.057570918248, 0.845361955676, 0.353908591108, 0.569639909393, 0.361321855635, 0.364197913812, 0.354920726186, 0.999708056819, 1.7913745828e-05, 5.19691212456
1.7913745828e-05, 0.407477057462, 0.772734174933, 0.123753367342, 0.412292065716, 0.426573314683, 0.86302611465, 0.865090578369, 0.902600174539, 0.856244495594, 0.118036268336, 0.850769903942, 0.645586336494, 0.0068559606323, 0.24277224006, 0.0560437790224, 0.736781723381, 0.135115357709, 0.213850715656, 0.554816225554, 0.182899888908, 0.274552796607, 0.057570918248, 0.845361955676, 0.353908591108, 0.569639909393, 0.361321855635, 0.364197913812, 0.354920726186, 0.999708056819, 1.7913745828e-05, 5.19691212456
0.000114360965108, 0.615362632266, 0.785972118922, 0.987721674761, 0.0538786672416, 0.577771729159, 0.737037438109, 0.00578113108947, 0.22720725328, 0.104698900468, 0.823469653314, 0.0156563794498, 0.0816257424715, 0.00569253490917, 0.926730487875, 0.0560437790224, 0.736781723381, 0.135928613214, 0.230492917694, 0.451878519074, 0.336497016867, 0.55652629769, 0.384740462441, 0.17037081188, 0.978962436528, 0.740429715724, 0.361321855635, 0.468788948092, 0.0672149958109, 0.687683459576, 0.000114360965108, 4.79756762092
0.000114360965108, 0.615362632266, 0.785972118922, 0.987721674761, 0.0538786672416, 0.577771729159, 0.737037438109, 0.00578113108947, 0.22720725328, 0.104698900468, 0.823469653314, 0.0156563794498, 0.0816257424715, 0.00569253490917, 0.926730487875, 0.0560437790224, 0.736781723381, 0.135928613214, 0.230492917694, 0.451878519074, 0.336497016867, 0.55652629769, 0.384740462441, 0.17037081188, 0.978962436528, 0.740429715724, 0.361321855635, 0.468788948092, 0.0672149958109, 0.687683459576, 0.000114360965108, 4.79756762092
0.000446866267506, 0.164581311135, 0.467628998283, 2.36942008069e-06, 0.243681066268, 0.570545819904, 0.113091058135, 0.375758959238, 0.865915537408, 0.981188263561, 0.54281109328, 0.241368885197, 0.929907021589, 0.0177915007553, 0.571654248012, 0.991784545581, 0.0148585976064, 0.72478924532, 0.797307423997, 0.770839789159, 0.264870548465, 0.502846908262, 0.220252897927, 0.442860714697, 0.0603849929749, 0.0548627273767, 0.118103837064, 0.992799339694, 0.0817030187635, 0.180567298052, 0.000446866267506, 4.77230782569
0.000446866267506, 0.164581311135, 0.467628998283, 2.36942008069e-06, 0.243681066268, 0.570545819904, 0.113091058135, 0.375758959238, 0.865915537408, 0.981188263561, 0.54281109328, 0.241368885197, 0.929907021589, 0.0177915007553, 0.571654248012, 0.991784545581, 0.0148585976064, 0.72478924532, 0.797307423997, 0.770839789159, 0.264870548465, 0.502846908262, 0.220252897927, 0.442860714697, 0.0603849929749, 0.0548627273767, 0.118103837064, 0.992799339694, 0.0817030187635, 0.180567298052, 0.000446866267506, 4.77230782569
0.0178182100411, 0.0778512396062, 0.241808757923, 0.0134198746464, 0.357073217516, 0.32917317172, 0.17355965253, 0.0959863228567, 0.351909291614, 0.37104259181, 0.0381246148234, 0.134136234415, 0.200981708414, 0.00712302296439, 0.104497616533, 0.592105963817, 0.00103339770642, 0.625476587037, 0.537128353033, 0.0152522389445, 0.463702135826, 0.835264619423, 0.0218962319668, 0.120345627349, 0.240668048197, 0.532677354013, 0.029782459572, 0.188232153272, 0.363994179007, 0.774216633845, 0.0178182100411, 3.175853071
0.0178182100411, 0.0778512396062, 0.241808757923, 0.0134198746464, 0.357073217516, 0.32917317172, 0.17355965253, 0.0959863228567, 0.351909291614, 0.37104259181, 0.0381246148234, 0.134136234415, 0.200981708414, 0.00712302296439, 0.104497616533, 0.592105963817, 0.00103339770642, 0.625476587037, 0.537128353033, 0.0152522389445, 0.463702135826, 0.835264619423, 0.0218962319668, 0.120345627349, 0.240668048197, 0.532677354013, 0.029782459572, 0.188232153272, 0.363994179007, 0.774216633845, 0.0178182100411, 3.175853071
7.99249350814e-07, 0.407477057462, 0.819423365686, 0.987721674761, 0.404508125377, 0.818205954007, 0.756235880239, 0.26053844832, 0.255007518233, 0.601184107899, 0.118036268336, 0.850769903942, 0.374724927647, 0.0068559606323, 0.942352590737, 0.0560437790224, 0.736781723381, 0.0912971406721, 0.213850715656, 0.103880771683, 0.480149789695, 0.320092713077, 0.057570918248, 0.845361955676, 0.943510635626, 0.712494943302, 0.652871788085, 0.364197913812, 0.814048699694, 0.999439830754, 7.99249350814e-07, 5.65138175434
7.99249350814e-07, 0.407477057462, 0.819423365686, 0.987721674761, 0.404508125377, 0.818205954007, 0.756235880239, 0.26053844832, 0.255007518233, 0.601184107899, 0.118036268336, 0.850769903942, 0.374724927647, 0.0068559606323, 0.942352590737, 0.0560437790224, 0.736781723381, 0.0912971406721, 0.213850715656, 0.103880771683, 0.480149789695, 0.320092713077, 0.057570918248, 0.845361955676, 0.943510635626, 0.712494943302, 0.652871788085, 0.364197913812, 0.814048699694, 0.999439830754, 7.99249350814e-07, 5.65138175434
0.266917384188, 0.00177097216991, 0.0856157490254, 0.0685523711666, 0.754875281097, 0.271616537694, 0.0700019782904, 0.187858646297, 0.076792212265, 0.472957467851, 0.785993212913, 0.690353748764, 0.0428781506377, 0.677197323115, 0.132563097543, 0.262982033263, 0.215284703685, 0.28083175084, 0.989248498398, 0.0586612314111, 0.0083770258528, 1.42055225358e-05, 0.0405703992425, 0.0636495284967, 0.000490202700272, 0.292136179512, 0.75273831619, 0.136468463085, 0.11729270225, 0.239265002181, 0.266917384188, 2.2289281167
0.266917384188, 0.00177097216991, 0.0856157490254, 0.0685523711666, 0.754875281097, 0.271616537694, 0.0700019782904, 0.187858646297, 0.076792212265, 0.472957467851, 0.785993212913, 0.690353748764, 0.0428781506377, 0.677197323115, 0.132563097543, 0.262982033263, 0.215284703685, 0.28083175084, 0.989248498398, 0.0586612314111, 0.0083770258528, 1.42055225358e-05, 0.0405703992425, 0.0636495284967, 0.000490202700272, 0.292136179512, 0.75273831619, 0.136468463085, 0.11729270225, 0.239265002181, 0.266917384188, 2.2289281167
0.62311256869, 0.328145306886, 0.0952975314516, 0.0685523711666, 0.601542063015, 0.159993839259, 0.0098873620878, 0.187858646297, 0.465851284223, 0.742602935601, 0.914008633836, 0.690353748764, 0.172374438606, 0.486107911537, 0.0868303402304, 0.282536915923, 0.717115011285, 0.281196940672, 0.989248498398, 0.0249327078249, 0.0083770258528, 0.00181774729342, 0.0569884778226, 0.114717526495, 0.00145163815216, 0.679628883678, 0.18169981777, 0.223494532165, 0.441745053006, 0.000160987519512, 0.62311256869, 1.84559639007
0.62311256869, 0.328145306886, 0.0952975314516, 0.0685523711666, 0.601542063015, 0.159993839259, 0.0098873620878, 0.187858646297, 0.465851284223, 0.742602935601, 0.914008633836, 0.690353748764, 0.172374438606, 0.486107911537, 0.0868303402304, 0.282536915923, 0.717115011285, 0.281196940672, 0.989248498398, 0.0249327078249, 0.0083770258528, 0.00181774729342, 0.0569884778226, 0.114717526495, 0.00145163815216, 0.679628883678, 0.18169981777, 0.223494532165, 0.441745053006, 0.000160987519512, 0.62311256869, 1.84559639007
0.015200346927, 0.184385171999, 0.0271650604048, 0.0341086194869, 0.825600970507, 0.305403067113, 0.137205503003, 0.0959863228567, 0.240878483813, 0.00708109881742, 0.00360134989918, 0.134136234415, 0.212923479493, 0.0429394061602, 0.505198561016, 0.789245890916, 0.529761406002, 0.0200841882885, 0.537128353033, 0.004216108343, 0.971662720252, 0.658859380208, 0.0218962319668, 0.0997357242511, 0.240668048197, 0.520484247259, 0.0126343458397, 0.698353535068, 0.00917500784012, 0.774216633845, 0.015200346927, 3.43926076367
0.015200346927, 0.184385171999, 0.0271650604048, 0.0341086194869, 0.825600970507, 0.305403067113, 0.137205503003, 0.0959863228567, 0.240878483813, 0.00708109881742, 0.00360134989918, 0.134136234415, 0.212923479493, 0.0429394061602, 0.505198561016, 0.789245890916, 0.529761406002, 0.0200841882885, 0.537128353033, 0.004216108343, 0.971662720252, 0.658859380208, 0.0218962319668, 0.0997357242511, 0.240668048197, 0.520484247259, 0.0126343458397, 0.698353535068, 0.00917500784012, 0.774216633845, 0.015200346927, 3.43926076367
0.6276472276, 0.263393974182, 0.135986411884, 0.0622144203843, 0.0845692394817, 0.0710966859572, 0.762114403804, 0.207932151903, 0.324439898351, 0.316729928065, 0.00945882111843, 0.145582742294, 0.284096487687, 0.0360908708567, 0.238038091394, 0.081398152105, 0.888694568796, 0.0538114751941, 0.232663880543, 0.416072530893, 0.235540787896, 0.0211337012212, 0.643019372974, 0.269642792365, 0.0587464134991, 0.37058909029, 0.336748759189, 0.711723454972, 0.175606323595, 0.294502583026, 0.6276472276, 1.45961805
0.6276472276, 0.263393974182, 0.135986411884, 0.0622144203843, 0.0845692394817, 0.0710966859572, 0.762114403804, 0.207932151903, 0.324439898351, 0.316729928065, 0.00945882111843, 0.145582742294, 0.284096487687, 0.0360908708567, 0.238038091394, 0.081398152105, 0.888694568796, 0.0538114751941, 0.232663880543, 0.416072530893, 0.235540787896, 0.0211337012212, 0.643019372974, 0.269642792365, 0.0587464134991, 0.37058909029, 0.336748759189, 0.711723454972, 0.175606323595, 0.294502583026, 0.6276472276, 1.45961805
0.490193281595, 0.0370902222927, 0.527180457719, 0.162349133493, 0.0591132001254, 0.0387280402413, 0.762114403804, 0.153262952068, 0.324439898351, 0.316729928065, 0.0667277136775, 0.0361822123713, 0.203009040683, 0.0360908708567, 0.238038091394, 0.0329875037255, 0.575779391418, 0.373422067234, 0.193918923379, 0.71968314229, 0.235540787896, 0.0211337012212, 0.55316432767, 0.131458717527, 0.00973554094576, 0.37058909029, 0.180316882701, 0.711723454972, 0.83343136551, 0.282408920464, 0.490193281595, 2.07453502994
0.490193281595, 0.0370902222927, 0.527180457719, 0.162349133493, 0.0591132001254, 0.0387280402413, 0.762114403804, 0.153262952068, 0.324439898351, 0.316729928065, 0.0667277136775, 0.0361822123713, 0.203009040683, 0.0360908708567, 0.238038091394, 0.0329875037255, 0.575779391418, 0.373422067234, 0.193918923379, 0.71968314229, 0.235540787896, 0.0211337012212, 0.55316432767, 0.131458717527, 0.00973554094576, 0.37058909029, 0.180316882701, 0.711723454972, 0.83343136551, 0.282408920464, 0.490193281595, 2.07453502994
0.0512510551427, 0.012339050225, 0.514042254373, 0.162349133493, 0.0918250866727, 0.05234348041, 0.762114403804, 0.380304467818, 0.444863989896, 0.0181013863283, 0.0667277136775, 0.145582742294, 0.203009040683, 0.00422115121617, 0.238038091394, 0.081398152105, 0.596316435725, 0.929939379231, 0.0044882473628, 0.214012544206, 0.235540787896, 0.0103290783799, 0.0890508490463, 0.451597445395, 0.0314976509397, 0.37058909029, 0.0829738215684, 0.52213822257, 0.522919430575, 0.189561004275, 0.0512510551427, 2.84251342127
0.0512510551427, 0.012339050225, 0.514042254373, 0.162349133493, 0.0918250866727, 0.05234348041, 0.762114403804, 0.380304467818, 0.444863989896, 0.0181013863283, 0.0667277136775, 0.145582742294, 0.203009040683, 0.00422115121617, 0.238038091394, 0.081398152105, 0.596316435725, 0.929939379231, 0.0044882473628, 0.214012544206, 0.235540787896, 0.0103290783799, 0.0890508490463, 0.451597445395, 0.0314976509397, 0.37058909029, 0.0829738215684, 0.52213822257, 0.522919430575, 0.189561004275, 0.0512510551427, 2.84251342127
0.0409431466569, 0.344887025866, 0.00167638454919, 0.193823283082, 0.215652251916, 0.359959091224, 0.143362486425, 0.40580314307, 0.0545400295327, 0.309418186261, 0.155036203389, 0.974983531625, 0.0405063637816, 0.240338483963, 0.0579312580998, 0.710569520337, 0.371975454108, 0.177269813042, 0.0177675127141, 0.250000893373, 0.497353297544, 0.0637128285193, 0.0218962319668, 0.199171620412, 0.263959840193, 0.341637356573, 0.192435917918, 0.46361441397, 0.0234335506413, 0.476493764183, 0.0409431466569, 2.93946922731
0.0409431466569, 0.344887025866, 0.00167638454919, 0.193823283082, 0.215652251916, 0.359959091224, 0.143362486425, 0.40580314307, 0.0545400295327, 0.309418186261, 0.155036203389, 0.974983531625, 0.0405063637816, 0.240338483963, 0.0579312580998, 0.710569520337, 0.371975454108, 0.177269813042, 0.0177675127141, 0.250000893373, 0.497353297544, 0.0637128285193, 0.0218962319668, 0.199171620412, 0.263959840193, 0.341637356573, 0.192435917918, 0.46361441397, 0.0234335506413, 0.476493764183, 0.0409431466569, 2.93946922731
0.00756471649399, 0.0166378349418, 0.851430154554, 0.463343953575, 0.34461817081, 0.00316588152387, 0.799252025287, 0.349493441612, 0.197352856767, 0.00472160166897, 0.535891614986, 0.00382810387663, 0.0206891849315, 0.277273036197, 0.812270320976, 0.939624232157, 0.0841397409107, 0.000905952002984, 0.063790687341, 0.0124496482246, 0.00549981460398, 0.504087277556, 0.171306507713, 0.234117338516, 0.316215730974, 0.516578561125, 0.132161993009, 0.0347551693042, 0.01216347793, 0.850761500825, 0.00756471649399, 3.48800842929
0.00756471649399, 0.0166378349418, 0.851430154554, 0.463343953575, 0.34461817081, 0.00316588152387, 0.799252025287, 0.349493441612, 0.197352856767, 0.00472160166897, 0.535891614986, 0.00382810387663, 0.0206891849315, 0.277273036197, 0.812270320976, 0.939624232157, 0.0841397409107, 0.000905952002984, 0.063790687341, 0.0124496482246, 0.00549981460398, 0.504087277556, 0.171306507713, 0.234117338516, 0.316215730974, 0.516578561125, 0.132161993009, 0.0347551693042, 0.01216347793, 0.850761500825, 0.00756471649399, 3.48800842929
0.000478318867477, 0.122942060872, 0.209240657095, 0.100251721074, 0.609969066435, 0.614960516349, 0.0451104923228, 0.27759986632, 0.566955073786, 0.378894568179, 0.390131617779, 0.124978624759, 0.0144047669567, 0.0560241385776, 0.124992122999, 0.650523979998, 0.319255189314, 0.855967325354, 0.219421169521, 0.0834971472982, 0.143039388151, 0.0941762144705, 0.725358027319, 0.0886882229835, 0.00644522056824, 0.946387389013, 0.029782459572, 0.0347551693042, 0.140336411332, 0.928216990266, 0.000478318867477, 3.72035313129
0.000478318867477, 0.122942060872, 0.209240657095, 0.100251721074, 0.609969066435, 0.614960516349, 0.0451104923228, 0.27759986632, 0.566955073786, 0.378894568179, 0.390131617779, 0.124978624759, 0.0144047669567, 0.0560241385776, 0.124992122999, 0.650523979998, 0.319255189314, 0.855967325354, 0.219421169521, 0.0834971472982, 0.143039388151, 0.0941762144705, 0.725358027319, 0.0886882229835, 0.00644522056824, 0.946387389013, 0.029782459572, 0.0347551693042, 0.140336411332, 0.928216990266, 0.000478318867477, 3.72035313129
9.28072672273e-05, 0.615362632266, 0.524086374302, 0.987721674761, 0.0538786672416, 0.577771729159, 0.349223015885, 0.00578113108947, 0.22720725328, 0.104698900468, 0.84252702771, 0.0156563794498, 0.0816257424715, 0.274510287043, 0.926730487875, 0.0198033322741, 0.736781723381, 0.36204680834, 0.770842884824, 0.0608070082651, 0.336497016867, 0.763980006616, 0.384740462441, 0.17037081188, 0.978962436528, 0.948938695074, 0.265900635477, 0.118744252615, 0.379823981769, 0.687683459576, 9.28072672273e-05, 4.88054456182
9.28072672273e-05, 0.615362632266, 0.524086374302, 0.987721674761, 0.0538786672416, 0.577771729159, 0.349223015885, 0.00578113108947, 0.22720725328, 0.104698900468, 0.84252702771, 0.0156563794498, 0.0816257424715, 0.274510287043, 0.926730487875, 0.0198033322741, 0.736781723381, 0.36204680834, 0.770842884824, 0.0608070082651, 0.336497016867, 0.763980006616, 0.384740462441, 0.17037081188, 0.978962436528, 0.948938695074, 0.265900635477, 0.118744252615, 0.379823981769, 0.687683459576, 9.28072672273e-05, 4.88054456182
2.69876685359e-05, 0.851913416498, 0.161190181272, 0.777840212776, 0.389691168414, 0.349322208278, 0.113091058135, 0.0276298487801, 0.934899739047, 0.8031586481, 0.877996651865, 0.240309030318, 0.468457912053, 0.487854349106, 0.0868303402304, 0.986145938329, 0.0148585976064, 0.72478924532, 0.401577334749, 0.811205552842, 0.30529090729, 0.162847125838, 0.469148546087, 0.450570474998, 0.145949500029, 0.303303108493, 0.860648899314, 0.223494532165, 0.313016068244, 0.215318018442, 2.69876685359e-05, 5.0099151336
2.69876685359e-05, 0.851913416498, 0.161190181272, 0.777840212776, 0.389691168414, 0.349322208278, 0.113091058135, 0.0276298487801, 0.934899739047, 0.8031586481, 0.877996651865, 0.240309030318, 0.468457912053, 0.487854349106, 0.0868303402304, 0.986145938329, 0.0148585976064, 0.72478924532, 0.401577334749, 0.811205552842, 0.30529090729, 0.162847125838, 0.469148546087, 0.450570474998, 0.145949500029, 0.303303108493, 0.860648899314, 0.223494532165, 0.313016068244, 0.215318018442, 2.69876685359e-05, 5.0099151336
1.7913745828e-05, 0.217470164377, 0.772734174933, 0.572315670319, 0.412292065716, 0.577771729159, 0.262506016577, 0.226724076175, 0.426410322757, 0.601184107899, 0.00632345311387, 0.987556243312, 0.374724927647, 0.0068559606323, 0.942352590737, 0.0560437790224, 0.736781723381, 0.582737860553, 0.213850715656, 0.0608070082651, 0.480149789695, 0.1528558189, 0.0388518917777, 0.845361955676, 0.943510635626, 0.569639909393, 0.406116392635, 0.364197913812, 0.814048699694, 0.999783004648, 1.7913745828e-05, 5.22712912226
1.7913745828e-05, 0.217470164377, 0.772734174933, 0.572315670319, 0.412292065716, 0.577771729159, 0.262506016577, 0.226724076175, 0.426410322757, 0.601184107899, 0.00632345311387, 0.987556243312, 0.374724927647, 0.0068559606323, 0.942352590737, 0.0560437790224, 0.736781723381, 0.582737860553, 0.213850715656, 0.0608070082651, 0.480149789695, 0.1528558189, 0.0388518917777, 0.845361955676, 0.943510635626, 0.569639909393, 0.406116392635, 0.364197913812, 0.814048699694, 0.999783004648, 1.7913745828e-05, 5.22712912226
0.000114360965108, 0.615362632266, 0.772734174933, 0.987721674761, 0.0538786672416, 0.577771729159, 0.349223015885, 0.00578113108947, 0.22720725328, 0.104698900468, 0.84252702771, 0.0156563794498, 0.0535019470995, 0.274510287043, 0.926730487875, 0.0198033322741, 0.736781723381, 0.36204680834, 0.770842884824, 0.0608070082651, 0.336497016867, 0.763980006616, 0.384740462441, 0.17037081188, 0.978962436528, 0.740429715724, 0.361321855635, 0.118744252615, 0.119799750156, 0.687683459576, 0.000114360965108, 4.83095661411
0.000114360965108, 0.615362632266, 0.772734174933, 0.987721674761, 0.0538786672416, 0.577771729159, 0.349223015885, 0.00578113108947, 0.22720725328, 0.104698900468, 0.84252702771, 0.0156563794498, 0.0535019470995, 0.274510287043, 0.926730487875, 0.0198033322741, 0.736781723381, 0.36204680834, 0.770842884824, 0.0608070082651, 0.336497016867, 0.763980006616, 0.384740462441, 0.17037081188, 0.978962436528, 0.740429715724, 0.361321855635, 0.118744252615, 0.119799750156, 0.687683459576, 0.000114360965108, 4.83095661411
0.0178182100411, 0.0778512396062, 0.241808757923, 0.162636999962, 0.357073217516, 0.0685764093374, 0.0398742320806, 0.0959863228567, 0.351909291614, 0.37104259181, 0.0381246148234, 0.134136234415, 0.200981708414, 0.0429394061602, 0.455707837842, 0.592105963817, 0.00103339770642, 0.25515426958, 0.537128353033, 0.0152522389445, 0.463702135826, 0.835264619423, 0.0218962319668, 0.120345627349, 0.240668048197, 0.532677354013, 0.029782459572, 0.188232153272, 0.77414811256, 0.774216633845, 0.0178182100411, 3.23024751442
0.0178182100411, 0.0778512396062, 0.241808757923, 0.162636999962, 0.357073217516, 0.0685764093374, 0.0398742320806, 0.0959863228567, 0.351909291614, 0.37104259181, 0.0381246148234, 0.134136234415, 0.200981708414, 0.0429394061602, 0.455707837842, 0.592105963817, 0.00103339770642, 0.25515426958, 0.537128353033, 0.0152522389445, 0.463702135826, 0.835264619423, 0.0218962319668, 0.120345627349, 0.240668048197, 0.532677354013, 0.029782459572, 0.188232153272, 0.77414811256, 0.774216633845, 0.0178182100411, 3.23024751442
7.99249350814e-07, 0.407477057462, 0.772734174933, 0.987721674761, 0.412292065716, 0.818205954007, 0.794572007407, 0.26053844832, 0.426410322757, 0.601184107899, 0.118036268336, 0.850769903942, 0.374724927647, 0.0068559606323, 0.942352590737, 0.0560437790224, 0.736781723381, 0.0912971406721, 0.213850715656, 0.103880771683, 0.460399872003, 0.320092713077, 0.057570918248, 0.984609726369, 0.943510635626, 0.712494943302, 0.652871788085, 0.364197913812, 0.814048699694, 0.999439830754, 7.99249350814e-07, 5.74146777213
7.99249350814e-07, 0.407477057462, 0.772734174933, 0.987721674761, 0.412292065716, 0.818205954007, 0.794572007407, 0.26053844832, 0.426410322757, 0.601184107899, 0.118036268336, 0.850769903942, 0.374724927647, 0.0068559606323, 0.942352590737, 0.0560437790224, 0.736781723381, 0.0912971406721, 0.213850715656, 0.103880771683, 0.460399872003, 0.320092713077, 0.057570918248, 0.984609726369, 0.943510635626, 0.712494943302, 0.652871788085, 0.364197913812, 0.814048699694, 0.999439830754, 7.99249350814e-07, 5.74146777213
0.413547548991, 0.0276329607901, 0.267948256219, 0.193823283082, 0.215652251916, 0.208212727597, 0.502894703107, 0.621139007655, 0.107702313038, 0.309418186261, 0.52245156988, 0.857958483783, 0.0288302939001, 0.240338483963, 0.0431131103752, 0.710569520337, 0.000568475089625, 0.393631323373, 0.189856415447, 0.0465341963339, 0.130740465516, 0.00389232516316, 0.274769925652, 0.478567156218, 0.263959840193, 0.700527100358, 0.238331169168, 0.434638324426, 0.26904535096, 0.654022023066, 0.413547548991, 2.35353139366
0.413547548991, 0.0276329607901, 0.267948256219, 0.193823283082, 0.215652251916, 0.208212727597, 0.502894703107, 0.621139007655, 0.107702313038, 0.309418186261, 0.52245156988, 0.857958483783, 0.0288302939001, 0.240338483963, 0.0431131103752, 0.710569520337, 0.000568475089625, 0.393631323373, 0.189856415447, 0.0465341963339, 0.130740465516, 0.00389232516316, 0.274769925652, 0.478567156218, 0.263959840193, 0.700527100358, 0.238331169168, 0.434638324426, 0.26904535096, 0.654022023066, 0.413547548991, 2.35353139366
0.266917384188, 0.00177097216991, 0.0856157490254, 0.0685523711666, 0.754875281097, 0.271616537694, 0.0700019782904, 0.187858646297, 0.076792212265, 0.472957467851, 0.736252240404, 0.690353748764, 0.0672736595148, 0.677197323115, 0.131242835734, 0.262982033263, 0.717115011285, 0.281196940672, 0.989248498398, 0.0586612314111, 0.0083770258528, 1.42055225358e-05, 0.0405703992425, 0.0636495284967, 0.000490202700272, 0.292136179512, 0.75273831619, 0.136468463085, 0.11729270225, 0.239265002181, 0.266917384188, 2.35609096122
0.266917384188, 0.00177097216991, 0.0856157490254, 0.0685523711666, 0.754875281097, 0.271616537694, 0.0700019782904, 0.187858646297, 0.076792212265, 0.472957467851, 0.736252240404, 0.690353748764, 0.0672736595148, 0.677197323115, 0.131242835734, 0.262982033263, 0.717115011285, 0.281196940672, 0.989248498398, 0.0586612314111, 0.0083770258528, 1.42055225358e-05, 0.0405703992425, 0.0636495284967, 0.000490202700272, 0.292136179512, 0.75273831619, 0.136468463085, 0.11729270225, 0.239265002181, 0.266917384188, 2.35609096122
0.639376951409, 0.109816972904, 0.34239168204, 0.463343953575, 0.333859101099, 0.178328312516, 0.0140395545387, 0.244338127937, 0.197352856767, 0.0467860322231, 0.672066314637, 0.713564329324, 0.0352989147631, 0.17036726797, 0.652296842335, 0.73837148029, 0.57768919156, 0.14699753655, 0.0147976465503, 0.908872276637, 0.0785220751253, 0.736636898957, 0.0889932394425, 0.619380317358, 0.413659556578, 0.0841407402209, 0.325835812269, 0.00639330441647, 0.0377088690869, 0.476159293782, 0.639376951409, 1.73748785711
0.639376951409, 0.109816972904, 0.34239168204, 0.463343953575, 0.333859101099, 0.178328312516, 0.0140395545387, 0.244338127937, 0.197352856767, 0.0467860322231, 0.672066314637, 0.713564329324, 0.0352989147631, 0.17036726797, 0.652296842335, 0.73837148029, 0.57768919156, 0.14699753655, 0.0147976465503, 0.908872276637, 0.0785220751253, 0.736636898957, 0.0889932394425, 0.619380317358, 0.413659556578, 0.0841407402209, 0.325835812269, 0.00639330441647, 0.0377088690869, 0.476159293782, 0.639376951409, 1.73748785711
0.666853434447, 0.328145306886, 0.0952975314516, 0.0685523711666, 0.754875281097, 0.159993839259, 0.202735797614, 0.187858646297, 0.154320295001, 0.742602935601, 0.189773671386, 0.305511836341, 0.172374438606, 0.486107911537, 0.128364226034, 0.262982033263, 0.850071461242, 0.281196940672, 0.989248498398, 0.0249327078249, 0.0083770258528, 0.00181774729342, 0.0569884778226, 0.340186586963, 0.00145163815216, 0.679628883678, 0.18169981777, 0.223494532165, 0.441745053006, 0.000160987519512, 0.666853434447, 1.46109726992
0.666853434447, 0.328145306886, 0.0952975314516, 0.0685523711666, 0.754875281097, 0.159993839259, 0.202735797614, 0.187858646297, 0.154320295001, 0.742602935601, 0.189773671386, 0.305511836341, 0.172374438606, 0.486107911537, 0.128364226034, 0.262982033263, 0.850071461242, 0.281196940672, 0.989248498398, 0.0249327078249, 0.0083770258528, 0.00181774729342, 0.0569884778226, 0.340186586963, 0.00145163815216, 0.679628883678, 0.18169981777, 0.223494532165, 0.441745053006, 0.000160987519512, 0.666853434447, 1.46109726992
0.490193281595, 0.0370902222927, 0.527180457719, 0.162349133493, 0.0591132001254, 0.0387280402413, 0.762114403804, 0.153262952068, 0.324439898351, 0.316729928065, 0.0667277136775, 0.0361822123713, 0.203009040683, 0.0360908708567, 0.238038091394, 0.0329875037255, 0.575779391418, 0.373422067234, 0.232663880543, 0.71968314229, 0.235540787896, 0.0211337012212, 0.55316432767, 0.131458717527, 0.00973554094576, 0.37058909029, 0.180316882701, 0.711723454972, 0.83343136551, 0.282408920464, 0.490193281595, 2.08432417421
0.490193281595, 0.0370902222927, 0.527180457719, 0.162349133493, 0.0591132001254, 0.0387280402413, 0.762114403804, 0.153262952068, 0.324439898351, 0.316729928065, 0.0667277136775, 0.0361822123713, 0.203009040683, 0.0360908708567, 0.238038091394, 0.0329875037255, 0.575779391418, 0.373422067234, 0.232663880543, 0.71968314229, 0.235540787896, 0.0211337012212, 0.55316432767, 0.131458717527, 0.00973554094576, 0.37058909029, 0.180316882701, 0.711723454972, 0.83343136551, 0.282408920464, 0.490193281595, 2.08432417421
0.14844760975, 0.0370902222927, 0.7622124066, 0.162349133493, 0.0845692394817, 0.0710966859572, 0.762114403804, 0.207932151903, 0.324439898351, 0.316729928065, 0.0667277136775, 0.145582742294, 0.398501319394, 0.0360908708567, 0.238038091394, 0.13794496248, 0.596316435725, 0.367804456842, 0.232663880543, 0.568915853071, 0.0964154029517, 0.0211337012212, 0.521245253145, 0.0823699601583, 0.0587464134991, 0.37058909029, 0.180316882701, 0.711723454972, 0.175606323595, 0.189561004275, 0.14844760975, 2.89108059174
0.14844760975, 0.0370902222927, 0.7622124066, 0.162349133493, 0.0845692394817, 0.0710966859572, 0.762114403804, 0.207932151903, 0.324439898351, 0.316729928065, 0.0667277136775, 0.145582742294, 0.398501319394, 0.0360908708567, 0.238038091394, 0.13794496248, 0.596316435725, 0.367804456842, 0.232663880543, 0.568915853071, 0.0964154029517, 0.0211337012212, 0.521245253145, 0.0823699601583, 0.0587464134991, 0.37058909029, 0.180316882701, 0.711723454972, 0.175606323595, 0.189561004275, 0.14844760975, 2.89108059174
0.0462095243505, 0.0166378349418, 0.135812944671, 0.463343953575, 0.314718085715, 0.334505022037, 0.351199021148, 0.612439733554, 0.197352856767, 0.0017242421981, 0.535891614986, 0.00382810387663, 0.0835600685625, 0.277273036197, 0.39329017227, 0.939624232157, 0.371975454108, 0.0293207836564, 0.0177675127141, 0.0124496482246, 0.00135197863218, 0.00392344966015, 0.171306507713, 0.0445250895559, 0.316215730974, 0.253176550351, 0.576445661581, 0.0172452369085, 0.451472109496, 0.928503528023, 0.0462095243505, 2.99385709037
0.0462095243505, 0.0166378349418, 0.135812944671, 0.463343953575, 0.314718085715, 0.334505022037, 0.351199021148, 0.612439733554, 0.197352856767, 0.0017242421981, 0.535891614986, 0.00382810387663, 0.0835600685625, 0.277273036197, 0.39329017227, 0.939624232157, 0.371975454108, 0.0293207836564, 0.0177675127141, 0.0124496482246, 0.00135197863218, 0.00392344966015, 0.171306507713, 0.0445250895559, 0.316215730974, 0.253176550351, 0.576445661581, 0.0172452369085, 0.451472109496, 0.928503528023, 0.0462095243505, 2.99385709037
0.0478177901383, 0.0166378349418, 0.167049121465, 0.463343953575, 0.333859101099, 0.334505022037, 0.351199021148, 0.349493441612, 0.197352856767, 0.000922165716398, 0.535891614986, 0.00161880216464, 0.0835600685625, 0.277273036197, 0.80792276584, 0.951839001001, 0.371975454108, 0.0769198750184, 0.0173316308768, 0.00939624074098, 0.00797282267988, 0.0336735006662, 0.171306507713, 0.0445250895559, 0.316215730974, 0.253176550351, 0.863507982802, 0.0489842172645, 0.451472109496, 0.29174897975, 0.0478177901383, 2.97750382694
0.0478177901383, 0.0166378349418, 0.167049121465, 0.463343953575, 0.333859101099, 0.334505022037, 0.351199021148, 0.349493441612, 0.197352856767, 0.000922165716398, 0.535891614986, 0.00161880216464, 0.0835600685625, 0.277273036197, 0.80792276584, 0.951839001001, 0.371975454108, 0.0769198750184, 0.0173316308768, 0.00939624074098, 0.00797282267988, 0.0336735006662, 0.171306507713, 0.0445250895559, 0.316215730974, 0.253176550351, 0.863507982802, 0.0489842172645, 0.451472109496, 0.29174897975, 0.0478177901383, 2.97750382694
0.0409431466569, 0.344887025866, 0.00167638454919, 0.108563941009, 0.215652251916, 0.359959091224, 0.143362486425, 0.40580314307, 0.0545400295327, 0.309418186261, 0.155036203389, 0.875485008058, 0.0405063637816, 0.240338483963, 0.0579312580998, 0.44628045307, 0.371975454108, 0.393631323373, 0.0177675127141, 0.660874887944, 0.497353297544, 0.0637128285193, 0.0218962319668, 0.199171620412, 0.263959840193, 0.854420135084, 0.235970527249, 0.46361441397, 0.0239074655403, 0.476493764183, 0.0409431466569, 3.15516401944
0.0409431466569, 0.344887025866, 0.00167638454919, 0.108563941009, 0.215652251916, 0.359959091224, 0.143362486425, 0.40580314307, 0.0545400295327, 0.309418186261, 0.155036203389, 0.875485008058, 0.0405063637816, 0.240338483963, 0.0579312580998, 0.44628045307, 0.371975454108, 0.393631323373, 0.0177675127141, 0.660874887944, 0.497353297544, 0.0637128285193, 0.0218962319668, 0.199171620412, 0.263959840193, 0.854420135084, 0.235970527249, 0.46361441397, 0.0239074655403, 0.476493764183, 0.0409431466569, 3.15516401944
0.0432868379099, 0.0132814292015, 0.851430154554, 0.463343953575, 0.646260191372, 0.0238114997281, 0.412156787485, 0.349493441612, 0.138282628568, 0.041925940703, 0.535891614986, 0.00341724144082, 0.0427755504765, 0.277273036197, 0.0405351333047, 0.939624232157, 0.371975454108, 0.108261439527, 0.00803826327129, 0.0124496482246, 0.010003125529, 0.504087277556, 0.171306507713, 0.234117338516, 0.316215730974, 0.634554327354, 0.132161993009, 0.0347551693042, 0.01216347793, 0.815182938044, 0.0432868379099, 3.0945895585
0.0432868379099, 0.0132814292015, 0.851430154554, 0.463343953575, 0.646260191372, 0.0238114997281, 0.412156787485, 0.349493441612, 0.138282628568, 0.041925940703, 0.535891614986, 0.00341724144082, 0.0427755504765, 0.277273036197, 0.0405351333047, 0.939624232157, 0.371975454108, 0.108261439527, 0.00803826327129, 0.0124496482246, 0.010003125529, 0.504087277556, 0.171306507713, 0.234117338516, 0.316215730974, 0.634554327354, 0.132161993009, 0.0347551693042, 0.01216347793, 0.815182938044, 0.0432868379099, 3.0945895585
0.00756471649399, 0.0166378349418, 0.851430154554, 0.463343953575, 0.333859101099, 0.0238114997281, 0.892349775401, 0.349493441612, 0.197352856767, 0.041925940703, 0.535891614986, 0.00382810387663, 0.0206891849315, 0.277273036197, 0.812270320976, 0.939624232157, 0.0841397409107, 0.000905952002984, 0.189856415447, 0.0124496482246, 0.00549981460398, 0.504087277556, 0.171306507713, 0.234117338516, 0.227641256387, 0.634554327354, 0.132161993009, 0.0347551693042, 0.01216347793, 0.897467274099, 0.00756471649399, 3.5918593334
0.00756471649399, 0.0166378349418, 0.851430154554, 0.463343953575, 0.333859101099, 0.0238114997281, 0.892349775401, 0.349493441612, 0.197352856767, 0.041925940703, 0.535891614986, 0.00382810387663, 0.0206891849315, 0.277273036197, 0.812270320976, 0.939624232157, 0.0841397409107, 0.000905952002984, 0.189856415447, 0.0124496482246, 0.00549981460398, 0.504087277556, 0.171306507713, 0.234117338516, 0.227641256387, 0.634554327354, 0.132161993009, 0.0347551693042, 0.01216347793, 0.897467274099, 0.00756471649399, 3.5918593334
0.000478318867477, 0.122942060872, 0.209240657095, 0.100251721074, 0.609969066435, 0.973596490765, 0.0451104923228, 0.27759986632, 0.566955073786, 0.558320570627, 0.390131617779, 0.124978624759, 0.00242871252598, 0.0560241385776, 0.124992122999, 0.650523979998, 0.319255189314, 0.855967325354, 0.219421169521, 0.0834971472982, 0.143039388151, 0.0941762144705, 0.895732811979, 0.0886882229835, 0.00644522056824, 0.946387389013, 0.00108797246408, 0.62645645072, 0.140336411332, 0.928216990266, 0.000478318867477, 4.10907332434
0.000478318867477, 0.122942060872, 0.209240657095, 0.100251721074, 0.609969066435, 0.973596490765, 0.0451104923228, 0.27759986632, 0.566955073786, 0.558320570627, 0.390131617779, 0.124978624759, 0.00242871252598, 0.0560241385776, 0.124992122999, 0.650523979998, 0.319255189314, 0.855967325354, 0.219421169521, 0.0834971472982, 0.143039388151, 0.0941762144705, 0.895732811979, 0.0886882229835, 0.00644522056824, 0.946387389013, 0.00108797246408, 0.62645645072, 0.140336411332, 0.928216990266, 0.000478318867477, 4.10907332434
3.26027780411e-05, 0.851913416498, 0.161190181272, 0.777840212776, 0.389691168414, 0.349322208278, 0.113091058135, 0.0276298487801, 0.934899739047, 0.769991900044, 0.877996651865, 0.240309030318, 0.468457912053, 0.487854349106, 0.0868303402304, 0.986145938329, 0.0148585976064, 0.875158129434, 0.401577334749, 0.811205552842, 0.30529090729, 0.162847125838, 0.469148546087, 0.450570474998, 0.145949500029, 0.303303108493, 0.860648899314, 0.223494532165, 0.313016068244, 0.215318018442, 3.26027780411e-05, 5.04508807097
3.26027780411e-05, 0.851913416498, 0.161190181272, 0.777840212776, 0.389691168414, 0.349322208278, 0.113091058135, 0.0276298487801, 0.934899739047, 0.769991900044, 0.877996651865, 0.240309030318, 0.468457912053, 0.487854349106, 0.0868303402304, 0.986145938329, 0.0148585976064, 0.875158129434, 0.401577334749, 0.811205552842, 0.30529090729, 0.162847125838, 0.469148546087, 0.450570474998, 0.145949500029, 0.303303108493, 0.860648899314, 0.223494532165, 0.313016068244, 0.215318018442, 3.26027780411e-05, 5.04508807097
7.99249350814e-07, 0.407477057462, 0.772734174933, 0.987721674761, 0.412292065716, 0.818205954007, 0.756235880239, 0.26053844832, 0.853928768737, 0.601184107899, 0.118036268336, 0.850769903942, 0.374724927647, 0.0068559606323, 0.942352590737, 0.0560437790224, 0.736781723381, 0.033765679148, 0.213850715656, 0.103880771683, 0.229577491892, 0.320092713077, 0.54638485888, 0.845361955676, 0.943510635626, 0.712494943302, 0.406116392635, 0.364197913812, 0.814048699694, 0.999439830754, 7.99249350814e-07, 5.80465440524
7.99249350814e-07, 0.407477057462, 0.772734174933, 0.987721674761, 0.412292065716, 0.818205954007, 0.756235880239, 0.26053844832, 0.853928768737, 0.601184107899, 0.118036268336, 0.850769903942, 0.374724927647, 0.0068559606323, 0.942352590737, 0.0560437790224, 0.736781723381, 0.033765679148, 0.213850715656, 0.103880771683, 0.229577491892, 0.320092713077, 0.54638485888, 0.845361955676, 0.943510635626, 0.712494943302, 0.406116392635, 0.364197913812, 0.814048699694, 0.999439830754, 7.99249350814e-07, 5.80465440524
0.871779440849, 0.471665017806, 0.0223348922958, 0.193823283082, 0.215652251916, 0.208212727597, 0.866750180949, 0.359066178966, 0.107702313038, 0.309418186261, 0.52245156988, 0.99989670761, 0.0405063637816, 0.539157045337, 0.0431131103752, 0.859262472377, 0.000568475089625, 0.232307914847, 0.189856415447, 0.0465341963339, 0.497353297544, 0.0926843611034, 0.274769925652, 0.478567156218, 0.263959840193, 0.341637356573, 0.708728714073, 0.311637491995, 0.26904535096, 0.321429936016, 0.871779440849, 1.48597379615
0.871779440849, 0.471665017806, 0.0223348922958, 0.193823283082, 0.215652251916, 0.208212727597, 0.866750180949, 0.359066178966, 0.107702313038, 0.309418186261, 0.52245156988, 0.99989670761, 0.0405063637816, 0.539157045337, 0.0431131103752, 0.859262472377, 0.000568475089625, 0.232307914847, 0.189856415447, 0.0465341963339, 0.497353297544, 0.0926843611034, 0.274769925652, 0.478567156218, 0.263959840193, 0.341637356573, 0.708728714073, 0.311637491995, 0.26904535096, 0.321429936016, 0.871779440849, 1.48597379615
0.833884654928, 0.640083064245, 0.133197427543, 0.0163399126186, 0.243681066268, 0.456873532024, 0.242688976926, 0.0880461550854, 0.777110948364, 0.422955686773, 0.213143717592, 0.827158380185, 0.0175621438996, 0.00356461616117, 0.531432763068, 0.325156481687, 0.432627928803, 0.0691170320839, 0.641986228978, 0.686444140994, 0.33669940597, 0.00389232516316, 0.148087458547, 0.41120667321, 0.982216315175, 0.303303108493, 0.666765712037, 0.647097046887, 0.00917500784012, 0.248067899696, 0.833884654928, 1.65108759367
0.266917384188, 0.00177097216991, 0.0856157490254, 0.0685523711666, 0.754875281097, 0.271616537694, 0.0700019782904, 0.187858646297, 0.076792212265, 0.472957467851, 0.908044177726, 0.690353748764, 0.0302564759398, 0.560347144486, 0.581381259839, 0.277356307986, 0.825600667893, 0.695206052929, 0.989248498398, 0.0586612314111, 0.0083770258528, 1.42055225358e-05, 0.0807192485452, 0.0636495284967, 0.000490202700272, 0.292136179512, 0.75273831619, 0.0962878472053, 0.11729270225, 0.239265002181, 0.266917384188, 2.62616189475
0.608348450623, 0.458656109513, 0.503411395818, 0.417051912131, 0.380092735138, 0.271616537694, 0.132582592261, 0.187858646297, 0.154320295001, 0.472957467851, 0.379264702741, 0.544758179403, 0.00847375576162, 0.711112224536, 0.0684711546346, 0.0120203422086, 0.717115011285, 0.281196940672, 0.202874754561, 0.0662125989984, 0.0401814589383, 0.212189392017, 0.362436186974, 0.0340708971331, 0.00145163815216, 0.27290581669, 0.777777163017, 0.339096057807, 0.491465071032, 0.487326799063, 0.608348450623, 2.11357404798
0.666853434447, 0.328145306886, 0.0952975314516, 0.0685523711666, 0.754875281097, 0.159993839259, 0.202735797614, 0.187858646297, 0.154320295001, 0.742602935601, 0.736252240404, 0.690353748764, 0.172374438606, 0.486107911537, 0.128364226034, 0.262982033263, 0.850071461242, 0.281196940672, 0.989248498398, 0.0249327078249, 0.00436230904839, 0.00181774729342, 0.0569884778226, 0.340186586963, 0.00145163815216, 0.679628883678, 0.18169981777, 0.223494532165, 0.441745053006, 0.000160987519512, 0.666853434447, 1.68799748795
0.0178182100411, 0.758771996524, 0.241808757923, 0.162636999962, 0.357073217516, 0.0685764093374, 0.0588092511085, 0.0959863228567, 0.351909291614, 0.37104259181, 0.0381246148234, 0.134136234415, 0.200981708414, 0.0429394061602, 0.313839762825, 0.592105963817, 0.00103339770642, 0.25515426958, 0.537128353033, 0.0152522389445, 0.463702135826, 0.835264619423, 0.142952245744, 0.120345627349, 0.240668048197, 0.532677354013, 0.029782459572, 0.188232153272, 0.77414811256, 0.774216633845, 0.0178182100411, 3.43356568025
0.0462095243505, 0.0166378349418, 0.167049121465, 0.463343953575, 0.314718085715, 0.258857207867, 0.351199021148, 0.612439733554, 0.197352856767, 0.0017242421981, 0.535891614986, 0.00382810387663, 0.0835600685625, 0.277273036197, 0.39329017227, 0.939624232157, 0.371975454108, 0.0769198750184, 0.0177675127141, 0.0124496482246, 0.00135197863218, 0.00392344966015, 0.171306507713, 0.0445250895559, 0.316215730974, 0.253176550351, 0.863507982802, 0.0172452369085, 0.451472109496, 0.928503528023, 0.0462095243505, 3.07874707526
0.406915520196, 0.239567921682, 0.0132892689815, 0.208042196705, 0.29038909384, 0.208212727597, 0.143362486425, 0.365539271694, 0.609930609286, 0.0387627332685, 0.52245156988, 0.707713109461, 0.0144047669567, 0.245872093914, 0.0107563112385, 0.674510018497, 0.715405517017, 0.25659135887, 0.0287563955444, 0.280946933925, 0.51957606996, 0.0624740012554, 0.432807042638, 0.478567156218, 0.316215730974, 0.717753959373, 0.235970527249, 0.46361441397, 0.12046119299, 0.271598857422, 0.406915520196, 2.51329323923
0.00398644220016, 0.421717029717, 0.133197427543, 0.0163399126186, 0.245252314093, 0.546046914749, 0.242688976926, 0.0880461550854, 0.777110948364, 0.422955686773, 0.54281109328, 0.827158380185, 0.0175621438996, 0.00356461616117, 0.885598078, 0.0875587208287, 0.432627928803, 0.0691170320839, 0.641986228978, 0.686444140994, 0.33669940597, 0.162847125838, 0.347936640406, 0.41120667321, 0.687832677376, 0.0295279924208, 0.666765712037, 0.647097046887, 0.00917500784012, 0.248067899696, 0.00398644220016, 4.16906673282
0.490193281595, 0.747757935465, 0.7622124066, 0.162349133493, 0.0591132001254, 0.0387280402413, 0.762114403804, 0.153262952068, 0.324439898351, 0.608675193393, 0.114454016449, 0.145582742294, 0.260989917766, 0.0360908708567, 0.238038091394, 0.0329875037255, 0.575779391418, 0.373422067234, 0.232663880543, 0.568915853071, 0.235540787896, 0.012232213422, 0.785820943847, 0.131458717527, 0.00616752104639, 0.296260470523, 0.180316882701, 0.711723454972, 0.123516870838, 0.282408920464, 0.490193281595, 2.27146670115
0.000478318867477, 0.122942060872, 0.0309208069078, 0.100251721074, 0.609969066435, 0.973596490765, 0.399460188053, 0.858177485621, 0.566955073786, 0.378894568179, 0.390131617779, 0.124978624759, 0.0144047669567, 0.0937515298476, 0.124992122999, 0.650523979998, 0.562722257784, 0.855967325354, 0.219421169521, 0.0834971472982, 0.143039388151, 0.0941762144705, 0.895732811979, 0.0886882229835, 0.00475900909249, 0.946387389013, 0.029782459572, 0.0347551693042, 0.140336411332, 0.928216990266, 0.000478318867477, 4.20342690453
0.000446866267506, 0.164581311135, 0.467628998283, 2.32867781669e-06, 0.243681066268, 0.386340863002, 0.113091058135, 0.375758959238, 0.841663696296, 0.87491946719, 0.640267445125, 0.761955018631, 0.929907021589, 0.00349859745515, 0.571654248012, 0.986145938329, 0.0062077234909, 0.72478924532, 0.124805808757, 0.770839789159, 0.264870548465, 0.502846908262, 0.220252897927, 0.442860714697, 0.0297331018832, 0.0548627273767, 0.118103837064, 0.992799339694, 0.0817030187635, 0.812682403927, 0.000446866267506, 4.83522045481
0.490193281595, 0.747757935465, 0.7622124066, 0.162349133493, 0.0591132001254, 0.0387280402413, 0.762114403804, 0.153262952068, 0.324439898351, 0.608675193393, 0.114454016449, 0.145582742294, 0.260989917766, 0.0360908708567, 0.238038091394, 0.0329875037255, 0.575779391418, 0.373422067234, 0.232663880543, 0.568915853071, 0.235540787896, 0.012232213422, 0.785820943847, 0.131458717527, 0.00616752104639, 0.296260470523, 0.180316882701, 0.711723454972, 0.123516870838, 0.282408920464, 0.490193281595, 2.27146670115
0.14844760975, 0.0370902222927, 0.7622124066, 0.162349133493, 0.215051248656, 0.0710966859572, 0.762114403804, 0.207932151903, 0.324439898351, 0.316729928065, 0.00827530870739, 0.269478227751, 0.203009040683, 0.0360908708567, 0.238038091394, 0.151484227395, 0.596316435725, 0.373422067234, 0.232663880543, 0.568915853071, 0.101875364321, 0.0211337012212, 0.643019372974, 0.0823699601583, 0.0587464134991, 0.37058909029, 0.180316882701, 0.711723454972, 0.175606323595, 0.189561004275, 0.14844760975, 2.93194253579
0.19868416319, 0.328145306886, 0.0952975314516, 0.0685523711666, 0.601542063015, 0.159993839259, 0.267194498713, 0.187858646297, 0.154320295001, 0.526241370561, 0.924485675783, 0.982673662202, 0.172374438606, 0.486107911537, 0.0868303402304, 0.282536915923, 0.717115011285, 0.281196940672, 0.989248498398, 0.0249327078249, 0.0083770258528, 0.00181774729342, 0.0569884778226, 0.114717526495, 0.00145163815216, 0.679628883678, 0.18169981777, 0.223494532165, 0.292516021803, 0.000160987519512, 0.19868416319, 2.90503363061
0.639376951409, 0.109816972904, 0.34239168204, 0.463343953575, 0.333859101099, 0.178328312516, 0.0140395545387, 0.244338127937, 0.197352856767, 0.0467860322231, 0.672066314637, 0.713564329324, 0.0352989147631, 0.17036726797, 0.652296842335, 0.924619508684, 0.57768919156, 0.14699753655, 0.0147976465503, 0.865770248732, 0.0785220751253, 0.736636898957, 0.0889932394425, 0.619380317358, 0.413659556578, 0.0841407402209, 0.325835812269, 0.00639330441647, 0.0377088690869, 0.476159293782, 0.639376951409, 1.77297371666
0.413547548991, 0.376367816004, 0.267948256219, 0.176854465387, 0.215652251916, 0.0803816454224, 0.866750180949, 0.621139007655, 0.107702313038, 0.309418186261, 0.52245156988, 0.857958483783, 0.0405063637816, 0.240338483963, 0.0431131103752, 0.710569520337, 0.000568475089625, 0.393631323373, 0.189856415447, 0.0465341963339, 0.497353297544, 0.00389232516316, 0.274769925652, 0.478567156218, 0.263959840193, 0.341637356573, 0.238331169168, 0.434638324426, 0.26904535096, 0.321429936016, 0.413547548991, 2.41953359515
0.266917384188, 0.00177097216991, 0.0856157490254, 0.0685523711666, 0.754875281097, 0.271616537694, 0.0700019782904, 0.187858646297, 0.076792212265, 0.472957467851, 0.908044177726, 0.690353748764, 0.0302564759398, 0.560347144486, 0.581381259839, 0.277356307986, 0.825600667893, 0.695206052929, 0.989248498398, 0.0586612314111, 0.0083770258528, 1.42055225358e-05, 0.0807192485452, 0.0636495284967, 0.000490202700272, 0.292136179512, 0.75273831619, 0.0962878472053, 0.11729270225, 0.239265002181, 0.266917384188, 2.62616189475
0.0178182100411, 0.758771996524, 0.241808757923, 0.162636999962, 0.357073217516, 0.0685764093374, 0.0588092511085, 0.0959863228567, 0.351909291614, 0.37104259181, 0.0381246148234, 0.134136234415, 0.200981708414, 0.0429394061602, 0.313839762825, 0.592105963817, 0.00103339770642, 0.25515426958, 0.537128353033, 0.0152522389445, 0.463702135826, 0.835264619423, 0.142952245744, 0.120345627349, 0.240668048197, 0.532677354013, 0.029782459572, 0.188232153272, 0.77414811256, 0.774216633845, 0.0178182100411, 3.43356568025
1.7913745828e-05, 0.407477057462, 0.772734174933, 0.0802493690183, 0.412292065716, 0.426573314683, 0.974951407933, 0.865090578369, 0.73107477215, 0.856244495594, 0.0708206475676, 0.850769903942, 0.645586336494, 0.0068559606323, 0.942352590737, 0.0560437790224, 0.736781723381, 0.135115357709, 0.789978434636, 0.0608070082651, 0.182899888908, 0.320092713077, 0.057570918248, 0.845361955676, 0.353908591108, 0.569639909393, 0.361321855635, 0.364197913812, 0.354920726186, 0.999439830754, 1.7913745828e-05, 5.40671437157
0.14844760975, 0.0370902222927, 0.7622124066, 0.162349133493, 0.215051248656, 0.0710966859572, 0.762114403804, 0.207932151903, 0.324439898351, 0.316729928065, 0.00827530870739, 0.269478227751, 0.203009040683, 0.0360908708567, 0.238038091394, 0.151484227395, 0.596316435725, 0.373422067234, 0.232663880543, 0.568915853071, 0.101875364321, 0.0211337012212, 0.643019372974, 0.0823699601583, 0.0587464134991, 0.37058909029, 0.180316882701, 0.711723454972, 0.175606323595, 0.189561004275, 0.14844760975, 2.93194253579
0.19868416319, 0.328145306886, 0.0952975314516, 0.0685523711666, 0.601542063015, 0.159993839259, 0.267194498713, 0.187858646297, 0.154320295001, 0.526241370561, 0.924485675783, 0.982673662202, 0.172374438606, 0.486107911537, 0.0868303402304, 0.282536915923, 0.717115011285, 0.281196940672, 0.989248498398, 0.0249327078249, 0.0083770258528, 0.00181774729342, 0.0569884778226, 0.114717526495, 0.00145163815216, 0.679628883678, 0.18169981777, 0.223494532165, 0.292516021803, 0.000160987519512, 0.19868416319, 2.90503363061
0.608348450623, 0.458656109513, 0.503411395818, 0.417051912131, 0.380092735138, 0.271616537694, 0.132582592261, 0.187858646297, 0.154320295001, 0.472957467851, 0.379264702741, 0.544758179403, 0.00847375576162, 0.711112224536, 0.0684711546346, 0.0120203422086, 0.717115011285, 0.281196940672, 0.202874754561, 0.0662125989984, 0.0401814589383, 0.212189392017, 0.362436186974, 0.0340708971331, 0.00145163815216, 0.27290581669, 0.777777163017, 0.339096057807, 0.491465071032, 0.487326799063, 0.608348450623, 2.11357404798
