0.000165060729002, 0.483770687503, 0.0399045752857, -1.54533952236, -0.310059099782, 2.50740560229, -3.14864865414, -1.69506016084, -3.02021981326, -0.97117971475, 0.000165060729002, 84.8129308118
0.000165060729002, 0.483770687503, 0.0399045752857, -1.54533952236, -0.310059099782, 2.50740560229, -3.14864865414, -1.69506016084, -3.02021981326, -0.97117971475, 0.000165060729002, 84.8129308118
2.97007635142e-06, -0.564934253328, -0.881599966563, -1.51536994788, -0.964112012792, -1.71505581367, -3.84217939762, 4.42254108469, -1.33810703144, -0.203702603014, 2.97007635142e-06, 128.183892935
2.97007635142e-06, -0.564934253328, -0.881599966563, -1.51536994788, -0.964112012792, -1.71505581367, -3.84217939762, 4.42254108469, -1.33810703144, -0.203702603014, 2.97007635142e-06, 128.183892935
0.555617058278, -0.0166393060469, 3.58078356007, 0.0486211037697, -1.07725370378, 0.904295608665, -2.53868040399, 4.03030886591, 1.41918720255, 1.51418956604, 0.555617058278, 67.0620053611
0.555617058278, -0.0166393060469, 3.58078356007, 0.0486211037697, -1.07725370378, 0.904295608665, -2.53868040399, 4.03030886591, 1.41918720255, 1.51418956604, 0.555617058278, 67.0620053611
6.60766156568e-07, -1.21859551969, -0.81680860486, 3.15159754831, -2.8517453293, 4.47620648366, -3.99259213819, 2.78352511082, -1.89103099718, -1.14752792092, 6.60766156568e-07, 172.310888791
6.60766156568e-07, -1.21859551969, -0.81680860486, 3.15159754831, -2.8517453293, 4.47620648366, -3.99259213819, 2.78352511082, -1.89103099718, -1.14752792092, 6.60766156568e-07, 172.310888791
1.14863902689e-06, -1.21859551969, 3.05924640136, 3.44303765567, -3.68405454532, 4.47620648366, -3.99259213819, -1.69506016084, -4.02804844491, -1.14752792092, 1.14863902689e-06, 166.35806287
1.14863902689e-06, -1.21859551969, 3.05924640136, 3.44303765567, -3.68405454532, 4.47620648366, -3.99259213819, -1.69506016084, -4.02804844491, -1.14752792092, 1.14863902689e-06, 166.35806287
0.307079014908, 1.25727198311, -2.90661871415, -1.5620586659, 0.463810549628, 0.865504031556, -2.02262711155, -2.00674063132, -0.544013053488, 0.944518476043, 0.307079014908, 69.1853701247
0.307079014908, 1.25727198311, -2.90661871415, -1.5620586659, 0.463810549628, 0.865504031556, -2.02262711155, -2.00674063132, -0.544013053488, 0.944518476043, 0.307079014908, 69.1853701247
0.307079014908, 1.25727198311, -2.90661871415, -1.5620586659, 0.463810549628, 0.865504031556, -2.02262711155, -2.00674063132, -0.544013053488, 0.944518476043, 0.307079014908, 69.1853701247
0.307079014908, 1.25727198311, -2.90661871415, -1.5620586659, 0.463810549628, 0.865504031556, -2.02262711155, -2.00674063132, -0.544013053488, 0.944518476043, 0.307079014908, 69.1853701247
3.17588770504e-06, -0.564934253328, -0.881599966563, -1.51536994788, -0.964112012792, -1.71505581367, -3.07414244741, 2.0672343852, 3.43554932889, -2.55666903026, 3.17588770504e-06, 85.8158988324
3.17588770504e-06, -0.564934253328, -0.881599966563, -1.51536994788, -0.964112012792, -1.71505581367, -3.07414244741, 2.0672343852, 3.43554932889, -2.55666903026, 3.17588770504e-06, 85.8158988324
2.77921928071e-06, -0.564934253328, -3.87342585129, -1.51536994788, -4.97881413119, -1.71505581367, -3.14864865414, -3.55344603303, -0.38911306304, -1.04995144075, 2.77921928071e-06, 128.32164199
2.77921928071e-06, -0.564934253328, -3.87342585129, -1.51536994788, -4.97881413119, -1.71505581367, -3.14864865414, -3.55344603303, -0.38911306304, -1.04995144075, 2.77921928071e-06, 128.32164199
0.945882059706, -0.0166393060469, 3.58078356007, 0.0486211037697, -0.582253655268, 0.904295608665, 1.57253322837, 4.03030886591, 1.41918720255, 1.51418956604, 0.945882059706, 65.5048038198
0.945882059706, -0.0166393060469, 3.58078356007, 0.0486211037697, -0.582253655268, 0.904295608665, 1.57253322837, 4.03030886591, 1.41918720255, 1.51418956604, 0.945882059706, 65.5048038198
1.4841551772e-06, -1.21859551969, 3.05924640136, 3.44303765567, -2.8517453293, 4.47620648366, -3.99259213819, -1.69506016084, -1.89103099718, -3.09954875202, 1.4841551772e-06, 154.128926238
1.4841551772e-06, -1.21859551969, 3.05924640136, 3.44303765567, -2.8517453293, 4.47620648366, -3.99259213819, -1.69506016084, -1.89103099718, -3.09954875202, 1.4841551772e-06, 154.128926238
0.192281714019, -2.46324447567, -1.08053324387, -2.07920051184, 0.983588067907, -0.431771295022, -3.12929904529, 3.51824158509, -3.42282201349, -0.471679331952, 0.192281714019, 77.5654744445
0.192281714019, -2.46324447567, -1.08053324387, -2.07920051184, 0.983588067907, -0.431771295022, -3.12929904529, 3.51824158509, -3.42282201349, -0.471679331952, 0.192281714019, 77.5654744445
0.00274086632991, 0.45511819418, -2.57836265044, -0.0542148354041, 0.9782142939, -2.50911401005, -1.8778222524, -1.3032930823, -2.70584271996, 0.973855619159, 0.00274086632991, 83.8134478931
0.00274086632991, 0.45511819418, -2.57836265044, -0.0542148354041, 0.9782142939, -2.50911401005, -1.8778222524, -1.3032930823, -2.70584271996, 0.973855619159, 0.00274086632991, 83.8134478931
0.000165060729002, 0.483770687503, 0.0399045752857, -2.00631027399, -0.441054334032, 0.921245928983, -3.14864865414, -1.69506016084, -1.89103099718, 0.839804631736, 0.000165060729002, 84.8901633742
0.000165060729002, 0.483770687503, 0.0399045752857, -2.00631027399, -0.441054334032, 0.921245928983, -3.14864865414, -1.69506016084, -1.89103099718, 0.839804631736, 0.000165060729002, 84.8901633742
0.000165060729002, 0.483770687503, 0.0399045752857, -2.00631027399, -0.441054334032, 0.921245928983, -3.14864865414, -1.69506016084, -1.89103099718, 0.839804631736, 0.000165060729002, 84.8901633742
0.000165060729002, 0.483770687503, 0.0399045752857, -2.00631027399, -0.441054334032, 0.921245928983, -3.14864865414, -1.69506016084, -1.89103099718, 0.839804631736, 0.000165060729002, 84.8901633742
6.60766156568e-07, -4.98648812604, -0.81680860486, -4.16269665461, -2.8517453293, 4.47620648366, -3.99259213819, -1.69506016084, -1.89103099718, -1.14752792092, 6.60766156568e-07, 178.989898384
6.60766156568e-07, -4.98648812604, -0.81680860486, -4.16269665461, -2.8517453293, 4.47620648366, -3.99259213819, -1.69506016084, -1.89103099718, -1.14752792092, 6.60766156568e-07, 178.989898384
0.307079014908, 1.25727198311, -2.90661871415, -1.5620586659, 0.463810549628, -1.08852048672, -2.02262711155, -1.37658800143, -0.544013053488, 0.944518476043, 0.307079014908, 71.6380461976
0.307079014908, 1.25727198311, -2.90661871415, -1.5620586659, 0.463810549628, -1.08852048672, -2.02262711155, -1.37658800143, -0.544013053488, 0.944518476043, 0.307079014908, 71.6380461976
4.84338205831e-06, -1.58740463649, 0.0399045752857, 0.467692682499, -0.441054334032, 2.50740560229, -3.14864865414, -1.69506016084, -1.89103099718, 0.839804631736, 4.84338205831e-06, 90.3645149829
4.84338205831e-06, -1.58740463649, 0.0399045752857, 0.467692682499, -0.441054334032, 2.50740560229, -3.14864865414, -1.69506016084, -1.89103099718, 0.839804631736, 4.84338205831e-06, 90.3645149829
4.84338205831e-06, -1.58740463649, 0.0399045752857, 0.467692682499, -0.441054334032, 2.50740560229, -3.14864865414, -1.69506016084, -1.89103099718, 0.839804631736, 4.84338205831e-06, 90.3645149829
4.84338205831e-06, -1.58740463649, 0.0399045752857, 0.467692682499, -0.441054334032, 2.50740560229, -3.14864865414, -1.69506016084, -1.89103099718, 0.839804631736, 4.84338205831e-06, 90.3645149829
3.17588770504e-06, -0.564934253328, -0.881599966563, 2.98243425144, -0.964112012792, -1.71505581367, -3.14864865414, -3.55344603303, 0.51680185587, -1.9194574287, 3.17588770504e-06, 93.9899511922
3.17588770504e-06, -0.564934253328, -0.881599966563, 2.98243425144, -0.964112012792, -1.71505581367, -3.14864865414, -3.55344603303, 0.51680185587, -1.9194574287, 3.17588770504e-06, 93.9899511922
3.03536187707e-06, -0.564934253328, -0.881599966563, -3.29030022349, -0.964112012792, -1.71505581367, -4.46801648998, -3.55344603303, -2.7858799906, -1.9194574287, 3.03536187707e-06, 138.613736582
3.03536187707e-06, -0.564934253328, -0.881599966563, -3.29030022349, -0.964112012792, -1.71505581367, -4.46801648998, -3.55344603303, -2.7858799906, -1.9194574287, 3.03536187707e-06, 138.613736582
2.77921928071e-06, 2.69194007715, -3.87342585129, -1.51536994788, -4.95367624346, -1.71505581367, -3.14864865414, -3.55344603303, -0.38911306304, -1.04995144075, 2.77921928071e-06, 150.599952656
2.77921928071e-06, 2.69194007715, -3.87342585129, -1.51536994788, -4.95367624346, -1.71505581367, -3.14864865414, -3.55344603303, -0.38911306304, -1.04995144075, 2.77921928071e-06, 150.599952656
1.4841551772e-06, 1.30070835256, 0.418010590719, 3.15159754831, -2.68797160338, 4.35250691704, -3.5400264891, -1.69506016084, -1.89103099718, 0.333905888574, 1.4841551772e-06, 166.020669357
1.4841551772e-06, 1.30070835256, 0.418010590719, 3.15159754831, -2.68797160338, 4.35250691704, -3.5400264891, -1.69506016084, -1.89103099718, 0.333905888574, 1.4841551772e-06, 166.020669357
0.192281714019, -2.46324447567, -1.08053324387, -2.07920051184, -1.16260192191, -0.431771295022, -1.41680673437, 3.51824158509, -3.42282201349, -0.471679331952, 0.192281714019, 78.948697093
0.192281714019, -2.46324447567, -1.08053324387, -2.07920051184, -1.16260192191, -0.431771295022, -1.41680673437, 3.51824158509, -3.42282201349, -0.471679331952, 0.192281714019, 78.948697093
0.192281714019, -2.46324447567, -1.08053324387, -2.07920051184, -1.16260192191, -0.431771295022, -1.41680673437, 3.51824158509, -3.42282201349, -0.471679331952, 0.192281714019, 78.948697093
0.192281714019, -2.46324447567, -1.08053324387, -2.07920051184, -1.16260192191, -0.431771295022, -1.41680673437, 3.51824158509, -3.42282201349, -0.471679331952, 0.192281714019, 78.948697093
0.000236678944798, 0.45511819418, -2.57836265044, -0.0542148354041, 0.9782142939, -2.50911401005, -1.8778222524, -0.842187037818, -1.31578365431, 0.677333825464, 0.000236678944798, 86.7632152274
0.000236678944798, 0.45511819418, -2.57836265044, -0.0542148354041, 0.9782142939, -2.50911401005, -1.8778222524, -0.842187037818, -1.31578365431, 0.677333825464, 0.000236678944798, 86.7632152274
0.000165060729002, -1.58740463649, 0.0399045752857, 0.467692682499, -0.441054334032, 0.423121520117, -3.14864865414, -1.69506016084, -1.89103099718, 0.839804631736, 0.000165060729002, 88.527934172
0.000165060729002, -1.58740463649, 0.0399045752857, 0.467692682499, -0.441054334032, 0.423121520117, -3.14864865414, -1.69506016084, -1.89103099718, 0.839804631736, 0.000165060729002, 88.527934172
8.09861871343e-07, -3.1448734129, -0.81680860486, 3.15159754831, -2.68797160338, 4.35250691704, -3.99259213819, -1.69506016084, -4.95137342223, 0.684611136573, 8.09861871343e-07, 200.162817282
8.09861871343e-07, -3.1448734129, -0.81680860486, 3.15159754831, -2.68797160338, 4.35250691704, -3.99259213819, -1.69506016084, -4.95137342223, 0.684611136573, 8.09861871343e-07, 200.162817282
0.307079014908, 2.63424229709, 2.95318492631, 0.62403561052, 0.463810549628, 1.67916589927, -2.02262711155, -2.00674063132, -0.000555014264738, 0.944518476043, 0.307079014908, 71.8929692305
0.307079014908, 2.63424229709, 2.95318492631, 0.62403561052, 0.463810549628, 1.67916589927, -2.02262711155, -2.00674063132, -0.000555014264738, 0.944518476043, 0.307079014908, 71.8929692305
3.17588770504e-06, -0.564934253328, 1.8876777319, -1.51536994788, -0.964112012792, -1.71505581367, -3.37086239199, 3.45115777869, -1.53796740341, -0.77983540206, 3.17588770504e-06, 101.862551885
3.17588770504e-06, -0.564934253328, 1.8876777319, -1.51536994788, -0.964112012792, -1.71505581367, -3.37086239199, 3.45115777869, -1.53796740341, -0.77983540206, 3.17588770504e-06, 101.862551885
6.1876366881e-05, 0.483770687503, 0.0399045752857, -2.00631027399, -0.310059099782, 2.50740560229, -3.14864865414, -1.69506016084, -3.02021981326, 0.839804631736, 6.1876366881e-05, 98.2952930058
6.1876366881e-05, 0.483770687503, 0.0399045752857, -2.00631027399, -0.310059099782, 2.50740560229, -3.14864865414, -1.69506016084, -3.02021981326, 0.839804631736, 6.1876366881e-05, 98.2952930058
1.4841551772e-06, -1.21859551969, 0.418010590719, 3.15159754831, -2.68797160338, 4.35250691704, -3.5400264891, -1.69506016084, -1.89103099718, -1.14752792092, 1.4841551772e-06, 166.068668654
1.4841551772e-06, -1.21859551969, 0.418010590719, 3.15159754831, -2.68797160338, 4.35250691704, -3.5400264891, -1.69506016084, -1.89103099718, -1.14752792092, 1.4841551772e-06, 166.068668654
1.4841551772e-06, -1.21859551969, 0.418010590719, 3.15159754831, -2.68797160338, 4.35250691704, -3.5400264891, -1.69506016084, -1.89103099718, -1.14752792092, 1.4841551772e-06, 166.068668654
1.4841551772e-06, -1.21859551969, 0.418010590719, 3.15159754831, -2.68797160338, 4.35250691704, -3.5400264891, -1.69506016084, -1.89103099718, -1.14752792092, 1.4841551772e-06, 166.068668654
0.192281714019, -2.78463772137, -1.08053324387, -0.0542148354041, -1.16260192191, -2.50911401005, -1.41680673437, 3.51824158509, -2.54812926314, -0.471679331952, 0.192281714019, 86.9344215016
0.192281714019, -2.78463772137, -1.08053324387, -0.0542148354041, -1.16260192191, -2.50911401005, -1.41680673437, 3.51824158509, -2.54812926314, -0.471679331952, 0.192281714019, 86.9344215016
0.000165060729002, -1.58740463649, 0.0399045752857, 0.467692682499, -0.441054334032, 0.423121520117, -3.195517426, -1.69506016084, -1.89103099718, 0.839804631736, 0.000165060729002, 93.6434647001
0.000165060729002, -1.58740463649, 0.0399045752857, 0.467692682499, -0.441054334032, 0.423121520117, -3.195517426, -1.69506016084, -1.89103099718, 0.839804631736, 0.000165060729002, 93.6434647001
0.128678140049, -2.46324447567, -1.08053324387, -2.07920051184, -1.16260192191, 1.92978252013, -3.12929904529, -2.08940111205, -3.42282201349, -0.471679331952, 0.128678140049, 93.41821592
0.128678140049, -2.46324447567, -1.08053324387, -2.07920051184, -1.16260192191, 1.92978252013, -3.12929904529, -2.08940111205, -3.42282201349, -0.471679331952, 0.128678140049, 93.41821592
0.165208994894, 0.483770687503, 0.0399045752857, -2.00631027399, -0.310059099782, 2.50740560229, -3.14864865414, -1.69506016084, -3.02021981326, 0.89001300162, 0.165208994894, 92.2264361725
0.165208994894, 0.483770687503, 0.0399045752857, -2.00631027399, -0.310059099782, 2.50740560229, -3.14864865414, -1.69506016084, -3.02021981326, 0.89001300162, 0.165208994894, 92.2264361725
8.09861871343e-07, -1.21859551969, -0.81680860486, 3.15159754831, -2.68797160338, 4.35250691704, -3.99259213819, -1.69506016084, -4.95137342223, -3.9042393843, 8.09861871343e-07, 202.889840567
8.09861871343e-07, -1.21859551969, -0.81680860486, 3.15159754831, -2.68797160338, 4.35250691704, -3.99259213819, -1.69506016084, -4.95137342223, -3.9042393843, 8.09861871343e-07, 202.889840567
0.411999720014, 1.25727198311, -2.90661871415, 0.62403561052, 0.463810549628, 0.865504031556, -2.02262711155, -2.00674063132, -0.544013053488, 0.944518476043, 0.411999720014, 74.1228252626
0.411999720014, 1.25727198311, -2.90661871415, 0.62403561052, 0.463810549628, 0.865504031556, -2.02262711155, -2.00674063132, -0.544013053488, 0.944518476043, 0.411999720014, 74.1228252626
0.307079014908, -2.46324447567, -0.436392678592, -2.07920051184, -1.16260192191, 0.865504031556, 2.00401386194, -2.00674063132, 2.89467441782, 0.944518476043, 0.307079014908, 75.3046297625
0.307079014908, -2.46324447567, -0.436392678592, -2.07920051184, -1.16260192191, 0.865504031556, 2.00401386194, -2.00674063132, 2.89467441782, 0.944518476043, 0.307079014908, 75.3046297625
0.307079014908, -2.46324447567, -0.436392678592, -2.07920051184, -1.16260192191, 0.865504031556, 2.00401386194, -2.00674063132, 2.89467441782, 0.944518476043, 0.307079014908, 75.3046297625
0.307079014908, -2.46324447567, -0.436392678592, -2.07920051184, -1.16260192191, 0.865504031556, 2.00401386194, -2.00674063132, 2.89467441782, 0.944518476043, 0.307079014908, 75.3046297625
3.17588770504e-06, -0.564934253328, -0.881599966563, -1.51536994788, -0.964112012792, -1.71505581367, -3.8828246545, -3.55344603303, 3.43554932889, -2.55666903026, 3.17588770504e-06, 103.588384687
3.17588770504e-06, -0.564934253328, -0.881599966563, -1.51536994788, -0.964112012792, -1.71505581367, -3.8828246545, -3.55344603303, 3.43554932889, -2.55666903026, 3.17588770504e-06, 103.588384687
1.4841551772e-06, -0.678446982584, 3.05924640136, 3.44303765567, 4.72387654546, 4.47620648366, -3.99259213819, -1.69506016084, -1.89103099718, -1.14752792092, 1.4841551772e-06, 168.510201875
1.4841551772e-06, -0.678446982584, 3.05924640136, 3.44303765567, 4.72387654546, 4.47620648366, -3.99259213819, -1.69506016084, -1.89103099718, -1.14752792092, 1.4841551772e-06, 168.510201875
0.675212530166, 3.03624785228, 2.95318492631, 0.586697596771, 0.463810549628, -1.25768602202, -3.10743355227, -2.00674063132, -0.000555014264738, 0.944518476043, 0.675212530166, 74.8714680531
0.675212530166, 3.03624785228, 2.95318492631, 0.586697596771, 0.463810549628, -1.25768602202, -3.10743355227, -2.00674063132, -0.000555014264738, 0.944518476043, 0.675212530166, 74.8714680531
1.4841551772e-06, -1.21859551969, 4.89347750101, 3.15159754831, -2.68797160338, 4.35250691704, -3.5400264891, -1.69506016084, 3.10706870042, 0.333905888574, 1.4841551772e-06, 199.467905711
1.4841551772e-06, -1.21859551969, 4.89347750101, 3.15159754831, -2.68797160338, 4.35250691704, -3.5400264891, -1.69506016084, 3.10706870042, 0.333905888574, 1.4841551772e-06, 199.467905711
3.17588770504e-06, -0.564934253328, -0.881599966563, -3.29030022349, -0.964112012792, -1.71505581367, -3.14864865414, -3.55344603303, 0.51680185587, -1.9194574287, 3.17588770504e-06, 114.423303896
0.000236678944798, 0.45511819418, -2.57836265044, -0.0542148354041, 0.9782142939, -2.50911401005, -3.91944313735, -0.842187037818, -1.31578365431, 0.677333825464, 0.000236678944798, 93.6545603308
