9.72586104764e-07, 2.48244909771, -3.87342585129, -1.51536994788, -4.99912562325, -1.71505581367, -1.96624645362, 0.0177246282196, -0.38911306304, -1.04995144075, 9.72586104764e-07, 98.4682873329
9.72586104764e-07, 2.48244909771, -3.87342585129, -1.51536994788, -4.99912562325, -1.71505581367, -1.96624645362, 0.0177246282196, -0.38911306304, -1.04995144075, 9.72586104764e-07, 98.4682873329
2.35358607992e-06, 2.48244909771, -3.87342585129, -1.51536994788, -4.99912562325, -1.71505581367, -1.96624645362, 0.0177246282196, -0.38911306304, -1.04995144075, 2.35358607992e-06, 98.4682873329
2.35358607992e-06, 2.48244909771, -3.87342585129, -1.51536994788, -4.99912562325, -1.71505581367, -1.96624645362, 0.0177246282196, -0.38911306304, -1.04995144075, 2.35358607992e-06, 98.4682873329
6.87223924323e-07, -1.21859551969, 3.05924640136, 3.44303765567, -2.8517453293, 2.18428883418, -3.99259213819, 0.0581549644503, -1.89103099718, -3.09954875202, 6.87223924323e-07, 137.173768622
6.87223924323e-07, -1.21859551969, 3.05924640136, 3.44303765567, -2.8517453293, 2.18428883418, -3.99259213819, 0.0581549644503, -1.89103099718, -3.09954875202, 6.87223924323e-07, 137.173768622
2.97007635142e-06, -0.564934253328, -0.881599966563, -1.51536994788, -0.0156203887512, 1.01725895498, -4.03028119313, 1.86521405291, -1.33810703144, -0.203702603014, 2.97007635142e-06, 84.6828718878
2.97007635142e-06, -0.564934253328, -0.881599966563, -1.51536994788, -0.0156203887512, 1.01725895498, -4.03028119313, 1.86521405291, -1.33810703144, -0.203702603014, 2.97007635142e-06, 84.6828718878
0.200038786716, 3.03624785228, -1.01622058083, 0.586697596771, 0.463810549628, -1.25768602202, -1.52355304979, -2.00674063132, 1.51611267462, 0.944518476043, 0.200038786716, 53.5062265687
0.200038786716, 3.03624785228, -1.01622058083, 0.586697596771, 0.463810549628, -1.25768602202, -1.52355304979, -2.00674063132, 1.51611267462, 0.944518476043, 0.200038786716, 53.5062265687
2.40219061309e-08, -1.21859551969, -0.81680860486, 3.15159754831, 1.52690659875, 4.47620648366, -3.99259213819, 2.78352511082, -1.89103099718, -1.14752792092, 2.40219061309e-08, 154.195222495
2.40219061309e-08, -1.21859551969, -0.81680860486, 3.15159754831, 1.52690659875, 4.47620648366, -3.99259213819, 2.78352511082, -1.89103099718, -1.14752792092, 2.40219061309e-08, 154.195222495
8.92302245536e-07, -0.564934253328, -0.881599966563, -1.51536994788, -0.964112012792, -1.71505581367, -3.84217939762, 4.42254108469, -1.33810703144, -0.203702603014, 8.92302245536e-07, 128.183892935
8.92302245536e-07, -0.564934253328, -0.881599966563, -1.51536994788, -0.964112012792, -1.71505581367, -3.84217939762, 4.42254108469, -1.33810703144, -0.203702603014, 8.92302245536e-07, 128.183892935
0.000105965932751, 0.483770687503, -0.987692856647, -2.00631027399, -0.441054334032, 0.921245928983, 0.439623672756, -1.69506016084, -1.23807382332, 0.839804631736, 0.000105965932751, 74.6917718461
0.000105965932751, 0.483770687503, -0.987692856647, -2.00631027399, -0.441054334032, 0.921245928983, 0.439623672756, -1.69506016084, -1.23807382332, 0.839804631736, 0.000105965932751, 74.6917718461
6.1876366881e-05, 0.483770687503, 1.08399490836, -2.00631027399, -0.310059099782, 2.50740560229, -1.47820314927, -1.69506016084, -3.02021981326, 0.839804631736, 6.1876366881e-05, 83.025407243
6.1876366881e-05, 0.483770687503, 1.08399490836, -2.00631027399, -0.310059099782, 2.50740560229, -1.47820314927, -1.69506016084, -3.02021981326, 0.839804631736, 6.1876366881e-05, 83.025407243
6.1876366881e-05, 0.483770687503, 1.08399490836, -2.00631027399, -0.310059099782, 2.50740560229, -1.47820314927, -1.69506016084, -3.02021981326, 0.839804631736, 6.1876366881e-05, 83.025407243
6.1876366881e-05, 0.483770687503, 1.08399490836, -2.00631027399, -0.310059099782, 2.50740560229, -1.47820314927, -1.69506016084, -3.02021981326, 0.839804631736, 6.1876366881e-05, 83.025407243
0.176320837118, 3.03624785228, -1.01622058083, 0.586697596771, 0.463810549628, -1.25768602202, -3.10743355227, -2.00674063132, -0.000555014264738, 0.944518476043, 0.176320837118, 65.7143871848
0.176320837118, 3.03624785228, -1.01622058083, 0.586697596771, 0.463810549628, -1.25768602202, -3.10743355227, -2.00674063132, -0.000555014264738, 0.944518476043, 0.176320837118, 65.7143871848
0.000165060729002, 0.483770687503, 0.0399045752857, -2.00631027399, -0.441054334032, 0.921245928983, 0.846103395532, -3.47902655017, -1.89103099718, 0.839804631736, 0.000165060729002, 68.1815750897
0.000165060729002, 0.483770687503, 0.0399045752857, -2.00631027399, -0.441054334032, 0.921245928983, 0.846103395532, -3.47902655017, -1.89103099718, 0.839804631736, 0.000165060729002, 68.1815750897
2.35358607992e-06, -0.564934253328, -0.117380467386, -1.51536994788, -4.99912562325, -1.94553077346, -3.25006765207, 3.6247697989, -0.38911306304, -1.04995144075, 2.35358607992e-06, 112.105965119
2.35358607992e-06, -0.564934253328, -0.117380467386, -1.51536994788, -4.99912562325, -1.94553077346, -3.25006765207, 3.6247697989, -0.38911306304, -1.04995144075, 2.35358607992e-06, 112.105965119
6.87223924323e-07, -1.21859551969, 3.05924640136, 3.20758559145, -2.8517453293, 2.18428883418, -3.99259213819, 0.0581549644503, -1.89103099718, -1.99331661906, 6.87223924323e-07, 139.311782113
6.87223924323e-07, -1.21859551969, 3.05924640136, 3.20758559145, -2.8517453293, 2.18428883418, -3.99259213819, 0.0581549644503, -1.89103099718, -1.99331661906, 6.87223924323e-07, 139.311782113
3.17588770504e-06, -1.52624391506, -0.729932661416, -1.51536994788, -0.964112012792, -3.10685232645, -3.37086239199, 3.45115777869, -1.53796740341, 0.886495788562, 3.17588770504e-06, 94.3346705157
3.17588770504e-06, -1.52624391506, -0.729932661416, -1.51536994788, -0.964112012792, -3.10685232645, -3.37086239199, 3.45115777869, -1.53796740341, 0.886495788562, 3.17588770504e-06, 94.3346705157
4.84338205831e-06, -1.58740463649, 0.0399045752857, 0.467692682499, -0.441054334032, 2.50740560229, 0.331994000617, 2.30349733937, -1.89103099718, 0.839804631736, 4.84338205831e-06, 85.3245982945
4.84338205831e-06, -1.58740463649, 0.0399045752857, 0.467692682499, -0.441054334032, 2.50740560229, 0.331994000617, 2.30349733937, -1.89103099718, 0.839804631736, 4.84338205831e-06, 85.3245982945
0.200038786716, 3.03624785228, -1.01622058083, 0.586697596771, 0.463810549628, -1.25768602202, -0.830241934383, -2.00674063132, -0.000555014264738, 0.944518476043, 0.200038786716, 64.2695503275
0.200038786716, 3.03624785228, -1.01622058083, 0.586697596771, 0.463810549628, -1.25768602202, -0.830241934383, -2.00674063132, -0.000555014264738, 0.944518476043, 0.200038786716, 64.2695503275
0.945882059706, -0.0166393060469, 3.58078356007, -2.02905832062, -0.582253655268, 0.904295608665, 1.57253322837, 4.03030886591, -1.50222885317, 1.51418956604, 0.945882059706, 63.9875914961
0.945882059706, -0.0166393060469, 3.58078356007, -2.02905832062, -0.582253655268, 0.904295608665, 1.57253322837, 4.03030886591, -1.50222885317, 1.51418956604, 0.945882059706, 63.9875914961
1.60094781099e-07, 0.526869174346, -0.81680860486, 3.15159754831, -2.8517453293, 4.47620648366, -3.99259213819, 2.78352511082, -4.07065911258, -1.14752792092, 1.60094781099e-07, 161.121772382
1.60094781099e-07, 0.526869174346, -0.81680860486, 3.15159754831, -2.8517453293, 4.47620648366, -3.99259213819, 2.78352511082, -4.07065911258, -1.14752792092, 1.60094781099e-07, 161.121772382
4.44142215339e-07, -1.21859551969, -0.81680860486, 3.15159754831, 1.52690659875, 4.47620648366, -3.99259213819, 2.78352511082, -1.89103099718, -1.14752792092, 4.44142215339e-07, 154.195222495
4.44142215339e-07, -1.21859551969, -0.81680860486, 3.15159754831, 1.52690659875, 4.47620648366, -3.99259213819, 2.78352511082, -1.89103099718, -1.14752792092, 4.44142215339e-07, 154.195222495
0.000105965932751, 0.483770687503, 0.0399045752857, -2.00631027399, -0.441054334032, 0.921245928983, -3.14864865414, -1.69506016084, -1.89103099718, 0.839804631736, 0.000105965932751, 84.8901633743
0.000105965932751, 0.483770687503, 0.0399045752857, -2.00631027399, -0.441054334032, 0.921245928983, -3.14864865414, -1.69506016084, -1.89103099718, 0.839804631736, 0.000105965932751, 84.8901633743
0.192281714019, -2.46324447567, -1.08053324387, -2.07920051184, 0.983588067907, -0.431771295022, -3.12929904529, 2.00133967493, -3.44168232624, -0.471679331952, 0.192281714019, 67.2835282555
0.192281714019, -2.46324447567, -1.08053324387, -2.07920051184, 0.983588067907, -0.431771295022, -3.12929904529, 2.00133967493, -3.44168232624, -0.471679331952, 0.192281714019, 67.2835282555
0.000236678944798, 0.45511819418, 0.0399045752857, -0.0542148354041, 0.9782142939, -2.50911401005, -1.8778222524, -0.842187037818, -3.58532921341, 2.95191627454, 0.000236678944798, 70.3606838124
0.000236678944798, 0.45511819418, 0.0399045752857, -0.0542148354041, 0.9782142939, -2.50911401005, -1.8778222524, -0.842187037818, -3.58532921341, 2.95191627454, 0.000236678944798, 70.3606838124
2.65569379931e-06, -0.564934253328, -4.43923473554, -1.87878623675, -4.97881413119, -2.07382221782, 0.110792882172, -1.46798017767, -0.38911306304, -3.65984817324, 2.65569379931e-06, 120.662107096
2.65569379931e-06, -0.564934253328, -4.43923473554, -1.87878623675, -4.97881413119, -2.07382221782, 0.110792882172, -1.46798017767, -0.38911306304, -3.65984817324, 2.65569379931e-06, 120.662107096
2.97007635142e-06, -0.564934253328, 4.95418351972, -1.51536994788, -0.0156203887512, -1.71505581367, -3.84217939762, 1.86521405291, -1.33810703144, 2.01237054221, 2.97007635142e-06, 119.199959513
2.97007635142e-06, -0.564934253328, 4.95418351972, -1.51536994788, -0.0156203887512, -1.71505581367, -3.84217939762, 1.86521405291, -1.33810703144, 2.01237054221, 2.97007635142e-06, 119.199959513
8.09861871343e-07, -4.84899583821, -0.81680860486, 3.15159754831, -0.0272075282879, -2.57258285205, -3.99259213819, 2.07173217733, -4.967415739, -1.04995144075, 8.09861871343e-07, 141.939492551
8.09861871343e-07, -4.84899583821, -0.81680860486, 3.15159754831, -0.0272075282879, -2.57258285205, -3.99259213819, 2.07173217733, -4.967415739, -1.04995144075, 8.09861871343e-07, 141.939492551
1.4841551772e-06, 1.39600631327, 0.418010590719, -0.896490585131, -3.49827543131, 4.42926040318, -4.37408415545, -1.69506016084, -1.89103099718, 1.23818128462, 1.4841551772e-06, 141.889902805
1.4841551772e-06, 1.39600631327, 0.418010590719, -0.896490585131, -3.49827543131, 4.42926040318, -4.37408415545, -1.69506016084, -1.89103099718, 1.23818128462, 1.4841551772e-06, 141.889902805
3.17588770504e-06, -0.564934253328, -0.881599966563, -1.51536994788, -1.22201684562, 1.81584335735, -3.07414244741, -0.0130369488737, 3.43554932889, -1.90122087019, 3.17588770504e-06, 96.7512826301
3.17588770504e-06, -0.564934253328, -0.881599966563, -1.51536994788, -1.22201684562, 1.81584335735, -3.07414244741, -0.0130369488737, 3.43554932889, -1.90122087019, 3.17588770504e-06, 96.7512826301
4.84338205831e-06, -1.58740463649, 0.0399045752857, 0.467692682499, -0.441054334032, 2.50740560229, -0.120237040123, 2.30349733937, -1.89103099718, 1.78085917733, 4.84338205831e-06, 86.9292911704
4.84338205831e-06, -1.58740463649, 0.0399045752857, 0.467692682499, -0.441054334032, 2.50740560229, -0.120237040123, 2.30349733937, -1.89103099718, 1.78085917733, 4.84338205831e-06, 86.9292911704
0.675212530166, 3.03624785228, -1.01622058083, 0.586697596771, 0.553668266752, -1.25768602202, -3.10743355227, -2.00674063132, -0.000555014264738, 0.944518476043, 0.675212530166, 66.9723806722
0.675212530166, 3.03624785228, -1.01622058083, 0.586697596771, 0.553668266752, -1.25768602202, -3.10743355227, -2.00674063132, -0.000555014264738, 0.944518476043, 0.675212530166, 66.9723806722
1.60094781099e-07, -3.70702915538, -0.81680860486, 3.15159754831, -2.8517453293, 4.47620648366, -3.99259213819, 2.78352511082, -1.89103099718, -1.14752792092, 1.60094781099e-07, 183.913780632
1.60094781099e-07, -3.70702915538, -0.81680860486, 3.15159754831, -2.8517453293, 4.47620648366, -3.99259213819, 2.78352511082, -1.89103099718, -1.14752792092, 1.60094781099e-07, 183.913780632
5.03408112973e-07, 0.526869174346, -0.81680860486, -2.870760197, -2.8517453293, 4.47620648366, -4.33571428064, 2.78352511082, -1.89103099718, -1.14752792092, 5.03408112973e-07, 165.550579413
5.03408112973e-07, 0.526869174346, -0.81680860486, -2.870760197, -2.8517453293, 4.47620648366, -4.33571428064, 2.78352511082, -1.89103099718, -1.14752792092, 5.03408112973e-07, 165.550579413
6.60766156568e-07, -1.21859551969, -0.81680860486, 3.15159754831, 1.52690659875, 4.47620648366, -3.99259213819, 2.78352511082, -1.89103099718, -1.14752792092, 6.60766156568e-07, 154.195222495
6.60766156568e-07, -1.21859551969, -0.81680860486, 3.15159754831, 1.52690659875, 4.47620648366, -3.99259213819, 2.78352511082, -1.89103099718, -1.14752792092, 6.60766156568e-07, 154.195222495
0.000165060729002, -0.529256177755, 0.0399045752857, 0.467692682499, -0.441054334032, -0.921355883823, -3.14864865414, -3.22102530484, -3.93205530873, -0.549544202501, 0.000165060729002, 86.0049401677
0.000165060729002, -0.529256177755, 0.0399045752857, 0.467692682499, -0.441054334032, -0.921355883823, -3.14864865414, -3.22102530484, -3.93205530873, -0.549544202501, 0.000165060729002, 86.0049401677
0.192281714019, -2.46324447567, -1.08053324387, -2.07920051184, 0.983588067907, -0.431771295022, -3.12929904529, 2.00133967493, -3.42282201349, -0.471679331952, 0.192281714019, 68.932583733
0.192281714019, -2.46324447567, -1.08053324387, -2.07920051184, 0.983588067907, -0.431771295022, -3.12929904529, 2.00133967493, -3.42282201349, -0.471679331952, 0.192281714019, 68.932583733
0.000236678944798, -2.06194822125, -2.57836265044, -0.0542148354041, 0.9782142939, -2.50911401005, -1.8778222524, -0.842187037818, -2.50925540323, 0.677333825464, 0.000236678944798, 79.9982968546
0.000236678944798, -2.06194822125, -2.57836265044, -0.0542148354041, 0.9782142939, -2.50911401005, -1.8778222524, -0.842187037818, -2.50925540323, 0.677333825464, 0.000236678944798, 79.9982968546
0.0636679486594, 1.71241399704, -2.60352047235, -0.163223958502, 1.50597849094, 0.865504031556, -2.02262711155, -2.00674063132, -0.544013053488, 0.944518476043, 0.0636679486594, 79.400379769
0.0636679486594, 1.71241399704, -2.60352047235, -0.163223958502, 1.50597849094, 0.865504031556, -2.02262711155, -2.00674063132, -0.544013053488, 0.944518476043, 0.0636679486594, 79.400379769
5.03408112973e-07, 0.526869174346, -0.81680860486, 3.15159754831, -2.8517453293, 4.47620648366, -4.33571428064, 2.78352511082, -1.89103099718, -1.14752792092, 5.03408112973e-07, 169.989807772
5.03408112973e-07, 0.526869174346, -0.81680860486, 3.15159754831, -2.8517453293, 4.47620648366, -4.33571428064, 2.78352511082, -1.89103099718, -1.14752792092, 5.03408112973e-07, 169.989807772
0.945882059706, -0.0166393060469, 3.58078356007, -2.02905832062, -0.582253655268, 0.904295608665, 1.57253322837, 4.03030886591, 1.41918720255, 1.9869836455, 0.945882059706, 70.1007927832
0.945882059706, -0.0166393060469, 3.58078356007, -2.02905832062, -0.582253655268, 0.904295608665, 1.57253322837, 4.03030886591, 1.41918720255, 1.9869836455, 0.945882059706, 70.1007927832
0.307079014908, 1.25727198311, -3.39931946767, -1.5620586659, 0.463810549628, 0.865504031556, -2.02262711155, -2.00674063132, -0.544013053488, 0.944518476043, 0.307079014908, 73.1532593746
0.00888014873548, -2.46324447567, -1.08053324387, -2.07920051184, 0.983588067907, -0.431771295022, -3.91521899417, 3.51824158509, -0.781699617826, -0.471679331952, 0.00888014873548, 81.4873977679
2.97007635142e-06, -0.564934253328, -0.881599966563, -1.51536994788, -0.964112012792, 2.29875720846, -3.86339070494, 4.42254108469, -1.33810703144, -0.203702603014, 2.97007635142e-06, 127.265204647
3.17588770504e-06, -0.564934253328, -2.47444339021, -2.45506545088, -0.964112012792, -1.71505581367, -3.8828246545, -3.55344603303, 2.89467441782, -1.00009307396, 3.17588770504e-06, 98.4290285958
0.200038786716, 3.03624785228, -1.01622058083, -2.38467401361, 0.463810549628, -1.25768602202, -3.10743355227, 0.611764321306, -0.000555014264738, 0.944518476043, 0.200038786716, 79.129453612
2.97007635142e-06, -0.564934253328, -0.881599966563, -1.51536994788, -0.964112012792, 2.29875720846, -3.86339070494, 4.42254108469, -1.33810703144, -0.203702603014, 2.97007635142e-06, 127.265204647
8.92302245536e-07, -1.31842038655, -0.881599966563, -1.51536994788, -0.964112012792, -1.71505581367, -3.84217939762, 4.42254108469, -1.33810703144, -0.203702603014, 8.92302245536e-07, 142.980387017
6.60766156568e-07, -1.21859551969, -0.81680860486, 3.15159754831, 1.52690659875, 4.47620648366, -3.99259213819, 2.78352511082, -1.89103099718, -2.12730624289, 6.60766156568e-07, 154.900324259
6.60766156568e-07, -1.21859551969, -0.81680860486, 3.15159754831, 1.52690659875, 4.47620648366, -3.99259213819, 2.78352511082, -1.89103099718, -2.12730624289, 6.60766156568e-07, 154.900324259
8.09861871343e-07, -3.1448734129, -0.81680860486, 4.00918851707, -2.06240294582, -2.57258285205, -3.99259213819, 2.07173217733, -4.95137342223, 1.21591086508, 8.09861871343e-07, 145.489960337
0.200038786716, 3.03624785228, -1.01622058083, -2.38467401361, 0.463810549628, -1.25768602202, -3.10743355227, 0.611764321306, -0.000555014264738, 0.944518476043, 0.200038786716, 79.129453612
0.000236678944798, -2.06194822125, -2.57836265044, -0.0542148354041, 0.9782142939, -2.50911401005, -1.878842094, -0.842187037818, 1.17039357117, 0.677333825464, 0.000236678944798, 90.2799431387
0.263268983837, -0.343962870373, 1.59461199367, -1.5620586659, 1.01466010116, 0.865504031556, -2.02262711155, -2.00674063132, -1.23225508424, 0.944518476043, 0.263268983837, 75.2558827067
0.263268983837, -0.343962870373, 1.59461199367, -1.5620586659, 1.01466010116, 0.865504031556, -2.02262711155, -2.00674063132, -1.23225508424, 0.944518476043, 0.263268983837, 75.2558827067
