4.44142215339e-07, 0.410031687406, -0.81680860486, 3.15159754831, 1.52690659875, 3.93131103639, -1.52984638168, 2.78352511082, -1.89103099718, -1.14752792092, 4.44142215339e-07, 124.911907327
4.44142215339e-07, 0.410031687406, -0.81680860486, 3.15159754831, 1.52690659875, 3.93131103639, -1.52984638168, 2.78352511082, -1.89103099718, -1.14752792092, 4.44142215339e-07, 124.911907327
6.87223924323e-07, -1.21859551969, 3.05924640136, 3.20758559145, 0.651365596728, -1.11302495185, -3.99259213819, 0.0581549644503, -1.89103099718, -1.99331661906, 6.87223924323e-07, 120.164166982
6.87223924323e-07, -1.21859551969, 3.05924640136, 3.20758559145, 0.651365596728, -1.11302495185, -3.99259213819, 0.0581549644503, -1.89103099718, -1.99331661906, 6.87223924323e-07, 120.164166982
9.72586104764e-07, 2.48244909771, -3.87342585129, -1.51536994788, 0.545753571184, -1.71505581367, -1.96624645362, 0.0177246282196, -0.38911306304, -1.04995144075, 9.72586104764e-07, 75.3821131543
9.72586104764e-07, 2.48244909771, -3.87342585129, -1.51536994788, 0.545753571184, -1.71505581367, -1.96624645362, 0.0177246282196, -0.38911306304, -1.04995144075, 9.72586104764e-07, 75.3821131543
0.694198762456, 1.07138419954, -1.01622058083, 0.586697596771, 0.463810549628, -1.25768602202, -1.52355304979, -2.00674063132, 1.51611267462, 0.944518476043, 0.694198762456, 48.1671725962
0.694198762456, 1.07138419954, -1.01622058083, 0.586697596771, 0.463810549628, -1.25768602202, -1.52355304979, -2.00674063132, 1.51611267462, 0.944518476043, 0.694198762456, 48.1671725962
1.70075171724e-08, 0.526869174346, -0.81680860486, -2.870760197, -2.8517453293, 4.47620648366, -4.33571428064, 2.78352511082, -1.89103099718, -2.41459862037, 1.70075171724e-08, 162.497489617
1.70075171724e-08, 0.526869174346, -0.81680860486, -2.870760197, -2.8517453293, 4.47620648366, -4.33571428064, 2.78352511082, -1.89103099718, -2.41459862037, 1.70075171724e-08, 162.497489617
8.92302245536e-07, -0.564934253328, -0.881599966563, -1.51536994788, -0.964112012792, -1.71505581367, -3.84217939762, 4.42254108469, 0.604204937782, 2.97581806176, 8.92302245536e-07, 110.620442462
8.92302245536e-07, -0.564934253328, -0.881599966563, -1.51536994788, -0.964112012792, -1.71505581367, -3.84217939762, 4.42254108469, 0.604204937782, 2.97581806176, 8.92302245536e-07, 110.620442462
0.307079014908, 1.25727198311, -1.08053324387, -1.5620586659, 0.463810549628, 2.46985345346, -2.02262711155, -2.00674063132, -0.544013053488, 0.944518476043, 0.307079014908, 55.3418192995
0.307079014908, 1.25727198311, -1.08053324387, -1.5620586659, 0.463810549628, 2.46985345346, -2.02262711155, -2.00674063132, -0.544013053488, 0.944518476043, 0.307079014908, 55.3418192995
0.000105965932751, 0.483770687503, -0.987692856647, -2.00631027399, -0.441054334032, 0.921245928983, 0.439623672756, 0.908794897724, -1.23807382332, 0.839804631736, 0.000105965932751, 60.8142168099
0.000105965932751, 0.483770687503, -0.987692856647, -2.00631027399, -0.441054334032, 0.921245928983, 0.439623672756, 0.908794897724, -1.23807382332, 0.839804631736, 0.000105965932751, 60.8142168099
2.00881312695e-08, -3.58920142349, -0.81680860486, 3.15159754831, 1.52690659875, 4.47620648366, -3.99259213819, 2.78352511082, -1.89103099718, -1.14752792092, 2.00881312695e-08, 152.012886977
2.00881312695e-08, -3.58920142349, -0.81680860486, 3.15159754831, 1.52690659875, 4.47620648366, -3.99259213819, 2.78352511082, -1.89103099718, -1.14752792092, 2.00881312695e-08, 152.012886977
8.09861871343e-07, -0.879393865009, -0.81680860486, 4.00918851707, -2.06240294582, -2.57258285205, -3.99259213819, 2.07173217733, -4.93394952955, -1.01662065379, 8.09861871343e-07, 115.295212882
8.09861871343e-07, -0.879393865009, -0.81680860486, 4.00918851707, -2.06240294582, -2.57258285205, -3.99259213819, 2.07173217733, -4.93394952955, -1.01662065379, 8.09861871343e-07, 115.295212882
6.60766156568e-07, 1.43699689155, -0.81680860486, 3.15159754831, 1.52690659875, -0.278837420991, -3.99259213819, 2.78352511082, -1.89103099718, -1.14752792092, 6.60766156568e-07, 137.465834834
6.60766156568e-07, 1.43699689155, -0.81680860486, 3.15159754831, 1.52690659875, -0.278837420991, -3.99259213819, 2.78352511082, -1.89103099718, -1.14752792092, 6.60766156568e-07, 137.465834834
6.63102496579e-07, -0.879393865009, -0.81680860486, 4.00918851707, -2.06240294582, -2.57258285205, -3.99259213819, 2.07173217733, -4.93394952955, 1.21591086508, 6.63102496579e-07, 134.619223677
6.63102496579e-07, -0.879393865009, -0.81680860486, 4.00918851707, -2.06240294582, -2.57258285205, -3.99259213819, 2.07173217733, -4.93394952955, 1.21591086508, 6.63102496579e-07, 134.619223677
1.93644337998e-06, -0.564934253328, -0.881599966563, -1.51536994788, -0.0156203887512, 2.42486447684, -4.03028119313, 1.86521405291, -1.33810703144, -0.203702603014, 1.93644337998e-06, 93.4296881978
1.93644337998e-06, -0.564934253328, -0.881599966563, -1.51536994788, -0.0156203887512, 2.42486447684, -4.03028119313, 1.86521405291, -1.33810703144, -0.203702603014, 1.93644337998e-06, 93.4296881978
2.35358607992e-06, -0.599910956494, 0.662062625928, -1.51536994788, -4.99912562325, -1.71505581367, -0.936534134949, 0.0177246282196, -0.38911306304, -1.04995144075, 2.35358607992e-06, 88.1906469576
2.35358607992e-06, -0.599910956494, 0.662062625928, -1.51536994788, -4.99912562325, -1.71505581367, -0.936534134949, 0.0177246282196, -0.38911306304, -1.04995144075, 2.35358607992e-06, 88.1906469576
4.84338205831e-06, -1.58740463649, 0.0399045752857, 0.467692682499, -0.441054334032, 2.50740560229, 1.87175734077, 2.30349733937, -1.89103099718, 2.12760928145, 4.84338205831e-06, 83.8494722858
4.84338205831e-06, -1.58740463649, 0.0399045752857, 0.467692682499, -0.441054334032, 2.50740560229, 1.87175734077, 2.30349733937, -1.89103099718, 2.12760928145, 4.84338205831e-06, 83.8494722858
6.1876366881e-05, 0.483770687503, 1.08399490836, -2.00631027399, -0.310059099782, 2.50740560229, -1.47820314927, -1.69506016084, -3.02021981326, 0.839804631736, 6.1876366881e-05, 83.025407243
6.1876366881e-05, 0.483770687503, 1.08399490836, -2.00631027399, -0.310059099782, 2.50740560229, -1.47820314927, -1.69506016084, -3.02021981326, 0.839804631736, 6.1876366881e-05, 83.025407243
9.72586104764e-07, 2.48244909771, -1.36107748608, -1.51536994788, -4.99912562325, -1.71505581367, 3.8010592398, 0.0177246282196, -0.38911306304, -1.04995144075, 9.72586104764e-07, 114.567226085
9.72586104764e-07, 2.48244909771, -1.36107748608, -1.51536994788, -4.99912562325, -1.71505581367, 3.8010592398, 0.0177246282196, -0.38911306304, -1.04995144075, 9.72586104764e-07, 114.567226085
0.000236678944798, 0.45511819418, -1.06183483857, -0.0542148354041, 0.9782142939, -2.50911401005, -1.99548948624, -0.842187037818, -3.58532921341, 2.95191627454, 0.000236678944798, 63.9518987683
0.000236678944798, 0.45511819418, -1.06183483857, -0.0542148354041, 0.9782142939, -2.50911401005, -1.99548948624, -0.842187037818, -3.58532921341, 2.95191627454, 0.000236678944798, 63.9518987683
0.000236678944798, 0.45511819418, -1.06183483857, -0.0542148354041, 0.9782142939, -2.50911401005, -1.99548948624, -0.842187037818, -3.58532921341, 2.95191627454, 0.000236678944798, 63.9518987683
0.000236678944798, 0.45511819418, -1.06183483857, -0.0542148354041, 0.9782142939, -2.50911401005, -1.99548948624, -0.842187037818, -3.58532921341, 2.95191627454, 0.000236678944798, 63.9518987683
0.000105965932751, 0.483770687503, 0.0399045752857, -1.47093333579, 0.438736525507, 0.921245928983, 1.96401531863, -1.69506016084, -1.89103099718, 0.839804631736, 0.000105965932751, 65.8746656141
0.000105965932751, 0.483770687503, 0.0399045752857, -1.47093333579, 0.438736525507, 0.921245928983, 1.96401531863, -1.69506016084, -1.89103099718, 0.839804631736, 0.000105965932751, 65.8746656141
2.00881312695e-08, -1.21859551969, -0.81680860486, 3.15159754831, 1.52690659875, 4.47620648366, -3.99259213819, 4.34474969285, -1.89103099718, -1.14752792092, 2.00881312695e-08, 159.908907371
2.00881312695e-08, -1.21859551969, -0.81680860486, 3.15159754831, 1.52690659875, 4.47620648366, -3.99259213819, 4.34474969285, -1.89103099718, -1.14752792092, 2.00881312695e-08, 159.908907371
1.60094781099e-07, 0.526869174346, 1.84525786102, 3.15159754831, -2.8517453293, 4.47950836389, -3.99259213819, 2.78352511082, -4.07065911258, 1.4228366982, 1.60094781099e-07, 153.006825154
1.60094781099e-07, 0.526869174346, 1.84525786102, 3.15159754831, -2.8517453293, 4.47950836389, -3.99259213819, 2.78352511082, -4.07065911258, 1.4228366982, 1.60094781099e-07, 153.006825154
8.32444292276e-07, -0.564934253328, -0.881599966563, -1.51536994788, -0.964112012792, -1.71505581367, -3.84217939762, 4.42254108469, -1.33810703144, -0.203702603014, 8.32444292276e-07, 128.183892935
8.32444292276e-07, -0.564934253328, -0.881599966563, -1.51536994788, -0.964112012792, -1.71505581367, -3.84217939762, 4.42254108469, -1.33810703144, -0.203702603014, 8.32444292276e-07, 128.183892935
6.87223924323e-07, -1.21859551969, 3.05924640136, 3.44303765567, -2.8517453293, 2.18428883418, -3.99259213819, 0.0581549644503, -1.89103099718, -3.09954875202, 6.87223924323e-07, 137.173768622
6.87223924323e-07, -1.21859551969, 3.05924640136, 3.44303765567, -2.8517453293, 2.18428883418, -3.99259213819, 0.0581549644503, -1.89103099718, -3.09954875202, 6.87223924323e-07, 137.173768622
2.35358607992e-06, -0.599910956494, -3.87342585129, -1.51536994788, -4.99912562325, -1.71505581367, -1.98029385677, 0.0177246282196, -0.38911306304, -1.04995144075, 2.35358607992e-06, 98.7969263838
2.35358607992e-06, -0.599910956494, -3.87342585129, -1.51536994788, -4.99912562325, -1.71505581367, -1.98029385677, 0.0177246282196, -0.38911306304, -1.04995144075, 2.35358607992e-06, 98.7969263838
4.84338205831e-06, -1.58740463649, 0.0399045752857, 0.467692682499, -0.441054334032, 2.50740560229, -0.120237040123, 2.30349733937, -1.89103099718, 1.78085917733, 4.84338205831e-06, 86.9292911704
4.84338205831e-06, -1.58740463649, 0.0399045752857, 0.467692682499, -0.441054334032, 2.50740560229, -0.120237040123, 2.30349733937, -1.89103099718, 1.78085917733, 4.84338205831e-06, 86.9292911704
4.84338205831e-06, -1.58740463649, 0.0399045752857, 0.467692682499, -0.441054334032, 2.50740560229, -0.120237040123, 2.30349733937, -1.89103099718, 1.78085917733, 4.84338205831e-06, 86.9292911704
4.84338205831e-06, -1.58740463649, 0.0399045752857, 0.467692682499, -0.441054334032, 2.50740560229, -0.120237040123, 2.30349733937, -1.89103099718, 1.78085917733, 4.84338205831e-06, 86.9292911704
4.84338205831e-06, -1.58740463649, 0.0399045752857, 0.467692682499, -0.441054334032, 2.50740560229, -0.120237040123, 2.30349733937, -1.89103099718, 1.78085917733, 4.84338205831e-06, 86.9292911704
4.84338205831e-06, -1.58740463649, 0.0399045752857, 0.467692682499, -0.441054334032, 2.50740560229, -0.120237040123, 2.30349733937, -1.89103099718, 1.78085917733, 4.84338205831e-06, 86.9292911704
1.93644337998e-06, -1.62438127829, -0.881599966563, -1.51536994788, -0.0156203887512, 2.42486447684, -4.75367728958, 1.86521405291, -1.33810703144, -0.203702603014, 1.93644337998e-06, 128.15119853
1.93644337998e-06, -1.62438127829, -0.881599966563, -1.51536994788, -0.0156203887512, 2.42486447684, -4.75367728958, 1.86521405291, -1.33810703144, -0.203702603014, 1.93644337998e-06, 128.15119853
0.945882059706, -0.0166393060469, 3.58078356007, -2.02905832062, -0.582253655268, 0.904295608665, 1.57253322837, 4.03030886591, -1.50222885317, 1.51418956604, 0.945882059706, 63.9875914961
0.945882059706, -0.0166393060469, 3.58078356007, -2.02905832062, -0.582253655268, 0.904295608665, 1.57253322837, 4.03030886591, -1.50222885317, 1.51418956604, 0.945882059706, 63.9875914961
0.945882059706, -0.0166393060469, 3.58078356007, -2.02905832062, -0.582253655268, 0.904295608665, 1.57253322837, 4.03030886591, -1.50222885317, 1.51418956604, 0.945882059706, 63.9875914961
0.945882059706, -0.0166393060469, 3.58078356007, -2.02905832062, -0.582253655268, 0.904295608665, 1.57253322837, 4.03030886591, -1.50222885317, 1.51418956604, 0.945882059706, 63.9875914961
0.000105965932751, 0.483770687503, -0.987692856647, -2.00631027399, -0.441054334032, 0.921245928983, 0.439623672756, -1.69506016084, 3.46561318003, 0.839804631736, 0.000105965932751, 66.2007031594
0.000105965932751, 0.483770687503, -0.987692856647, -2.00631027399, -0.441054334032, 0.921245928983, 0.439623672756, -1.69506016084, 3.46561318003, 0.839804631736, 0.000105965932751, 66.2007031594
2.40219061309e-08, -1.21859551969, -0.81680860486, 4.25621964846, 3.46790571126, 4.47620648366, -3.99259213819, 2.78352511082, -0.28987798723, -0.599177135093, 2.40219061309e-08, 179.338083836
2.40219061309e-08, -1.21859551969, -0.81680860486, 4.25621964846, 3.46790571126, 4.47620648366, -3.99259213819, 2.78352511082, -0.28987798723, -0.599177135093, 2.40219061309e-08, 179.338083836
5.03408112973e-07, 0.526869174346, -0.81680860486, -2.870760197, -2.8517453293, 4.47620648366, -4.33571428064, 2.78352511082, -1.89103099718, -2.41459862037, 5.03408112973e-07, 162.497489617
5.03408112973e-07, 0.526869174346, -0.81680860486, -2.870760197, -2.8517453293, 4.47620648366, -4.33571428064, 2.78352511082, -1.89103099718, -2.41459862037, 5.03408112973e-07, 162.497489617
6.60766156568e-07, -1.21859551969, -0.81680860486, 3.15159754831, 1.52690659875, 4.47620648366, -3.99259213819, 2.78352511082, -1.89103099718, -1.14752792092, 6.60766156568e-07, 154.195222495
6.60766156568e-07, -1.21859551969, -0.81680860486, 3.15159754831, 1.52690659875, 4.47620648366, -3.99259213819, 2.78352511082, -1.89103099718, -1.14752792092, 6.60766156568e-07, 154.195222495
1.60094781099e-07, 0.526869174346, 1.84525786102, 4.18920968281, -2.8517453293, 4.47950836389, -3.99259213819, 2.78352511082, -4.07065911258, 1.4228366982, 1.60094781099e-07, 164.56461578
1.60094781099e-07, 0.526869174346, 1.84525786102, 4.18920968281, -2.8517453293, 4.47950836389, -3.99259213819, 2.78352511082, -4.07065911258, 1.4228366982, 1.60094781099e-07, 164.56461578
8.92302245536e-07, -0.564934253328, -0.881599966563, -1.51536994788, -0.964112012792, -1.71505581367, -3.84217939762, 4.42254108469, -1.33810703144, -0.203702603014, 8.92302245536e-07, 128.183892935
8.92302245536e-07, -0.564934253328, -0.881599966563, -1.51536994788, -0.964112012792, -1.71505581367, -3.84217939762, 4.42254108469, -1.33810703144, -0.203702603014, 8.92302245536e-07, 128.183892935
0.000105965932751, 0.483770687503, 0.0399045752857, -2.00631027399, 0.438736525507, 0.921245928983, 1.96401531863, -1.69506016084, -1.89103099718, 0.839804631736, 0.000105965932751, 67.1080258298
0.000105965932751, 0.483770687503, 0.0399045752857, -2.00631027399, 0.438736525507, 0.921245928983, 1.96401531863, -1.69506016084, -1.89103099718, 0.839804631736, 0.000105965932751, 67.1080258298
2.40219061309e-08, -1.21859551969, -0.81680860486, 4.25621964846, 3.46790571126, 4.47620648366, -3.99259213819, 2.78352511082, -0.28987798723, -1.14752792092, 2.40219061309e-08, 186.277517421
2.40219061309e-08, -1.21859551969, -0.81680860486, 4.25621964846, 3.46790571126, 4.47620648366, -3.99259213819, 2.78352511082, -0.28987798723, -1.14752792092, 2.40219061309e-08, 186.277517421
4.84338205831e-06, -1.58740463649, 0.0399045752857, 0.467692682499, -0.441054334032, 2.50740560229, -1.83555958115, 2.30349733937, -1.89103099718, 0.839804631736, 4.84338205831e-06, 88.194412533
2.35358607992e-06, 2.48244909771, -3.87342585129, -1.51536994788, -4.99912562325, -1.71505581367, -1.96624645362, 0.0177246282196, -0.38911306304, -1.07412935374, 2.35358607992e-06, 100.647385946
9.72586104764e-07, 2.48244909771, -3.87342585129, -1.51536994788, -4.99912562325, -1.71505581367, -1.96624645362, -1.6263053659, -0.38911306304, 3.34535469575, 9.72586104764e-07, 132.852365095
4.84338205831e-06, -1.58740463649, 0.0399045752857, 0.467692682499, -0.441054334032, 2.50740560229, -1.83555958115, 2.30349733937, -1.89103099718, 0.839804631736, 4.84338205831e-06, 88.194412533
6.60766156568e-07, -1.21859551969, -0.81680860486, 3.15159754831, 1.52690659875, 4.47620648366, -3.99259213819, 2.78352511082, -1.89103099718, 3.08981340381, 6.60766156568e-07, 155.353070907
6.87223924323e-07, -1.21859551969, 3.47957099189, 3.44303765567, -2.8517453293, 2.18428883418, -3.99259213819, 0.0581549644503, -1.89103099718, -3.09954875202, 6.87223924323e-07, 137.604095544
1.60094781099e-07, -3.70702915538, -0.81680860486, 0.590699998946, -4.96084822158, 4.47620648366, -3.99259213819, 2.78352511082, -1.89103099718, -1.14752792092, 1.60094781099e-07, 171.654432505
2.35358607992e-06, 2.48244909771, -3.87342585129, -1.51536994788, -4.99912562325, -1.71505581367, -1.96624645362, 0.0177246282196, -0.38911306304, -1.07412935374, 2.35358607992e-06, 100.647385946
4.44142215339e-07, -1.21859551969, -0.81680860486, 3.15159754831, 3.32914170204, 4.47620648366, -1.52984638168, 2.78352511082, -1.89103099718, -1.14752792092, 4.44142215339e-07, 164.881276207
6.60766156568e-07, -1.21859551969, -0.81680860486, 3.15159754831, 1.52690659875, 4.47620648366, -3.99259213819, 2.78352511082, -1.89103099718, 3.08981340381, 6.60766156568e-07, 155.353070907
4.44142215339e-07, -1.21859551969, -0.81680860486, 3.15159754831, 3.32914170204, 4.47620648366, -1.52984638168, 2.78352511082, -1.89103099718, -1.14752792092, 4.44142215339e-07, 164.881276207
1.60094781099e-07, -3.70702915538, -0.81680860486, 0.590699998946, -4.96084822158, 4.47620648366, -3.99259213819, 2.78352511082, -1.89103099718, -1.14752792092, 1.60094781099e-07, 171.654432505
9.72586104764e-07, 2.48244909771, -3.87342585129, -1.51536994788, -4.99912562325, -1.71505581367, -1.96624645362, -1.6263053659, -0.38911306304, 3.34535469575, 9.72586104764e-07, 132.852365095
8.92302245536e-07, -0.564934253328, -0.881599966563, -1.51536994788, -0.964112012792, -1.71505581367, -3.84217939762, 4.42254108469, 3.30405210344, 1.64210687211, 8.92302245536e-07, 137.052240332
