0.368419642083, -2.21250319373, 0.780951073292, 1.03003473299, -3.00080857152, -3.95249670578, -2.44828273528, -0.0579353240278, 1.1875668889, 1.08915341475, 0.368419642083, 108.679937115
0.368419642083, -2.21250319373, 0.780951073292, 1.03003473299, -3.00080857152, -3.95249670578, -2.44828273528, -0.0579353240278, 1.1875668889, 1.08915341475, 0.368419642083, 108.679937115
0.930116534796, 1.09605007432, -0.623086169129, -0.0845302287306, 1.38103963144, 0.0897072627628, -3.56794765811, -2.03223281062, -2.45415600758, 2.21940321798, 0.930116534796, 93.7167404528
0.930116534796, 1.09605007432, -0.623086169129, -0.0845302287306, 1.38103963144, 0.0897072627628, -3.56794765811, -2.03223281062, -2.45415600758, 2.21940321798, 0.930116534796, 93.7167404528
0.00188655420681, 4.13568084163, -3.66919219909, -4.9534536242, 2.88491417862, 0.880968861396, 2.88501332593, 3.55205440755, 1.50062959299, -3.31678696118, 0.00188655420681, 173.166247868
0.00188655420681, 4.13568084163, -3.66919219909, -4.9534536242, 2.88491417862, 0.880968861396, 2.88501332593, 3.55205440755, 1.50062959299, -3.31678696118, 0.00188655420681, 173.166247868
0.00260200083401, 1.49877744476, -1.68325818963, -2.95514592538, -0.59991402951, -1.88225841609, 2.35378604849, -3.07427832296, -4.51956196118, -1.45755100713, 0.00260200083401, 108.852168102
0.00260200083401, 1.49877744476, -1.68325818963, -2.95514592538, -0.59991402951, -1.88225841609, 2.35378604849, -3.07427832296, -4.51956196118, -1.45755100713, 0.00260200083401, 108.852168102
0.40812163386, 2.78255472747, -2.57836265044, -0.0542148354041, 1.4075244724, -2.50911401005, -1.8778222524, -1.3032930823, -2.54812926314, -1.46464477508, 0.40812163386, 99.7292990736
0.40812163386, 2.78255472747, -2.57836265044, -0.0542148354041, 1.4075244724, -2.50911401005, -1.8778222524, -1.3032930823, -2.54812926314, -1.46464477508, 0.40812163386, 99.7292990736
0.192281714019, -2.46324447567, -1.08053324387, -1.34567215273, -1.16260192191, -1.71505581367, -1.79467418207, 3.51824158509, -3.42282201349, -0.471679331952, 0.192281714019, 118.526311145
0.192281714019, -2.46324447567, -1.08053324387, -1.34567215273, -1.16260192191, -1.71505581367, -1.79467418207, 3.51824158509, -3.42282201349, -0.471679331952, 0.192281714019, 118.526311145
0.00349663828304, 0.483770687503, -0.881599966563, 3.15159754831, -2.68797160338, 4.35250691704, -3.14864865414, -1.69506016084, -1.89103099718, -1.14752792092, 0.00349663828304, 159.785111917
0.00349663828304, 0.483770687503, -0.881599966563, 3.15159754831, -2.68797160338, 4.35250691704, -3.14864865414, -1.69506016084, -1.89103099718, -1.14752792092, 0.00349663828304, 159.785111917
0.00476755745666, 1.49877744476, -1.68325818963, -2.95514592538, -0.59991402951, -1.88225841609, 2.35378604849, -3.07427832296, -4.51956196118, -2.24845835459, 0.00476755745666, 130.392082866
0.00476755745666, 1.49877744476, -1.68325818963, -2.95514592538, -0.59991402951, -1.88225841609, 2.35378604849, -3.07427832296, -4.51956196118, -2.24845835459, 0.00476755745666, 130.392082866
0.40812163386, 2.28411861192, -2.57836265044, -0.0542148354041, 0.29939845453, -2.50911401005, -1.8778222524, -1.3032930823, -2.54812926314, -1.46464477508, 0.40812163386, 107.341250841
0.40812163386, 2.28411861192, -2.57836265044, -0.0542148354041, 0.29939845453, -2.50911401005, -1.8778222524, -1.3032930823, -2.54812926314, -1.46464477508, 0.40812163386, 107.341250841
0.787100877048, -3.65821515173, -2.90661871415, 0.62403561052, 4.56469228006, 0.865504031556, -2.02262711155, -2.00674063132, -0.544013053488, 0.944518476043, 0.787100877048, 102.747718223
0.787100877048, -3.65821515173, -2.90661871415, 0.62403561052, 4.56469228006, 0.865504031556, -2.02262711155, -2.00674063132, -0.544013053488, 0.944518476043, 0.787100877048, 102.747718223
0.434982663442, -3.49078152051, 2.14346030138, 1.61210478869, 1.15511283701, -3.47659226015, -1.0061035898, -1.5848054648, -1.39472073212, -2.36194975794, 0.434982663442, 104.092712868
0.434982663442, -3.49078152051, 2.14346030138, 1.61210478869, 1.15511283701, -3.47659226015, -1.0061035898, -1.5848054648, -1.39472073212, -2.36194975794, 0.434982663442, 104.092712868
0.192281714019, -2.46324447567, -1.08053324387, -1.34567215273, -1.16260192191, -1.71505581367, -1.79467418207, 3.51824158509, -2.64247966334, -0.471679331952, 0.192281714019, 121.626501462
0.192281714019, -2.46324447567, -1.08053324387, -1.34567215273, -1.16260192191, -1.71505581367, -1.79467418207, 3.51824158509, -2.64247966334, -0.471679331952, 0.192281714019, 121.626501462
0.00349663828304, -0.770378031723, -0.881599966563, 3.15159754831, -2.68797160338, 4.86902643529, -3.14864865414, -1.69506016084, -1.89103099718, -1.14752792092, 0.00349663828304, 182.335204617
0.00349663828304, -0.770378031723, -0.881599966563, 3.15159754831, -2.68797160338, 4.86902643529, -3.14864865414, -1.69506016084, -1.89103099718, -1.14752792092, 0.00349663828304, 182.335204617
0.00660007370266, 2.45271871852, -4.18363441651, -2.55315743405, 4.83913270355, 4.07221380983, 2.19420214781, -0.466027353185, 3.87218656591, -1.10362246794, 0.00660007370266, 167.299738598
0.00660007370266, 2.45271871852, -4.18363441651, -2.55315743405, 4.83913270355, 4.07221380983, 2.19420214781, -0.466027353185, 3.87218656591, -1.10362246794, 0.00660007370266, 167.299738598
0.00660007370266, 2.45271871852, -4.18363441651, -2.55315743405, 4.83913270355, 4.07221380983, 2.19420214781, -0.466027353185, 3.87218656591, -1.10362246794, 0.00660007370266, 167.299738598
0.00660007370266, 2.45271871852, -4.18363441651, -2.55315743405, 4.83913270355, 4.07221380983, 2.19420214781, -0.466027353185, 3.87218656591, -1.10362246794, 0.00660007370266, 167.299738598
0.054708045212, -0.767072112306, 2.94979579528, 3.28600332676, -2.00735815821, 1.47820820575, 4.57606661454, -4.47189693101, -4.84353954885, -3.0563230192, 0.054708045212, 163.247611835
0.054708045212, -0.767072112306, 2.94979579528, 3.28600332676, -2.00735815821, 1.47820820575, 4.57606661454, -4.47189693101, -4.84353954885, -3.0563230192, 0.054708045212, 163.247611835
0.188553092973, 4.24731015893, -0.138152061462, 1.72869404516, -1.38801182487, -3.38328371378, 2.43763723584, -1.762282271, -0.577958414758, -0.966742117331, 0.188553092973, 142.438167021
0.188553092973, 4.24731015893, -0.138152061462, 1.72869404516, -1.38801182487, -3.38328371378, 2.43763723584, -1.762282271, -0.577958414758, -0.966742117331, 0.188553092973, 142.438167021
0.787100877048, -3.65821515173, -3.44897415061, 0.62403561052, 4.56469228006, 0.865504031556, -2.02262711155, -2.00674063132, -0.0843464338916, 0.944518476043, 0.787100877048, 105.381635359
0.787100877048, -3.65821515173, -3.44897415061, 0.62403561052, 4.56469228006, 0.865504031556, -2.02262711155, -2.00674063132, -0.0843464338916, 0.944518476043, 0.787100877048, 105.381635359
0.368419642083, -2.21250319373, 0.780951073292, 1.03003473299, -3.00080857152, -3.95249670578, -2.44828273528, -0.0579353240278, 1.1875668889, -3.12525853089, 0.368419642083, 121.647354083
0.368419642083, -2.21250319373, 0.780951073292, 1.03003473299, -3.00080857152, -3.95249670578, -2.44828273528, -0.0579353240278, 1.1875668889, -3.12525853089, 0.368419642083, 121.647354083
0.288063795867, -2.13698935998, 1.89672217443, -1.92595083296, -0.963360845397, -2.59341896904, -0.0503668580633, -1.72182041098, 0.702003845211, 3.69080948938, 0.288063795867, 124.526998273
0.288063795867, -2.13698935998, 1.89672217443, -1.92595083296, -0.963360845397, -2.59341896904, -0.0503668580633, -1.72182041098, 0.702003845211, 3.69080948938, 0.288063795867, 124.526998273
0.0513532821339, 0.525708144232, 2.04086340084, -2.27448558624, 0.746453555689, -3.79103464756, 2.95713334323, -1.16342361908, 4.80723984106, -4.04929366633, 0.0513532821339, 170.615361384
0.0513532821339, 0.525708144232, 2.04086340084, -2.27448558624, 0.746453555689, -3.79103464756, 2.95713334323, -1.16342361908, 4.80723984106, -4.04929366633, 0.0513532821339, 170.615361384
0.0144833212111, -1.41497734925, 4.22703055139, 4.29921772796, -2.77353832944, -0.652392741575, -1.10366364527, 3.86377594865, -1.61573000154, -1.16610954748, 0.0144833212111, 185.981391032
0.0144833212111, -1.41497734925, 4.22703055139, 4.29921772796, -2.77353832944, -0.652392741575, -1.10366364527, 3.86377594865, -1.61573000154, -1.16610954748, 0.0144833212111, 185.981391032
0.118917958872, -3.79407652558, 2.94979579528, 3.79424113104, -2.00735815821, 1.47820820575, 3.4878601282, -4.47189693101, -4.84353954885, -3.0563230192, 0.118917958872, 165.996679244
0.118917958872, -3.79407652558, 2.94979579528, 3.79424113104, -2.00735815821, 1.47820820575, 3.4878601282, -4.47189693101, -4.84353954885, -3.0563230192, 0.118917958872, 165.996679244
0.239120424889, -0.502670612032, -0.136313204814, 0.702142232063, 3.64308570822, 4.75995065562, -2.9955667639, -0.426271659053, 1.31109476342, -3.35145852046, 0.239120424889, 155.761861572
0.239120424889, -0.502670612032, -0.136313204814, 0.702142232063, 3.64308570822, 4.75995065562, -2.9955667639, -0.426271659053, 1.31109476342, -3.35145852046, 0.239120424889, 155.761861572
0.808474281455, -2.83621860942, 0.725857820154, -2.01433913193, -2.48953345432, -1.00150737256, 0.964746316688, -3.35988125531, 3.5820774195, -3.38539362458, 0.808474281455, 118.227092796
0.808474281455, -2.83621860942, 0.725857820154, -2.01433913193, -2.48953345432, -1.00150737256, 0.964746316688, -3.35988125531, 3.5820774195, -3.38539362458, 0.808474281455, 118.227092796
0.369675113787, 0.670181881162, -4.1924755204, -1.06655231671, -2.20123998595, -0.383617698006, -1.56865054578, 1.42169091834, -1.1445086671, 0.107985365457, 0.369675113787, 122.497818727
0.369675113787, 0.670181881162, -4.1924755204, -1.06655231671, -2.20123998595, -0.383617698006, -1.56865054578, 1.42169091834, -1.1445086671, 0.107985365457, 0.369675113787, 122.497818727
0.288063795867, -2.13698935998, 1.89672217443, -1.92595083296, -0.963360845397, -4.28748975703, -0.0503668580633, -1.72182041098, 0.702003845211, 1.89605945479, 0.288063795867, 128.95804771
0.288063795867, -2.13698935998, 1.89672217443, -1.92595083296, -0.963360845397, -4.28748975703, -0.0503668580633, -1.72182041098, 0.702003845211, 1.89605945479, 0.288063795867, 128.95804771
0.101815990975, -2.25311647829, -2.6720108146, 1.06848750755, -4.17105403368, -3.23260306248, 3.02873539055, -2.58149903794, -1.74488684791, -4.03963170567, 0.101815990975, 178.320860016
0.101815990975, -2.25311647829, -2.6720108146, 1.06848750755, -4.17105403368, -3.23260306248, 3.02873539055, -2.58149903794, -1.74488684791, -4.03963170567, 0.101815990975, 178.320860016
0.0329361166417, 2.58426283178, 1.29515101644, -0.223579686533, 2.8303085091, -3.98532862821, 4.47796607587, 4.89584540472, 2.29791459799, -0.264862932845, 0.0329361166417, 187.013532772
0.0329361166417, 2.58426283178, 1.29515101644, -0.223579686533, 2.8303085091, -3.98532862821, 4.47796607587, 4.89584540472, 2.29791459799, -0.264862932845, 0.0329361166417, 187.013532772
0.139414831985, -1.41497734925, 4.22703055139, 4.29921772796, -2.77353832944, -0.652392741575, -1.10366364527, 3.86377594865, 1.02004516321, -2.40721374904, 0.139414831985, 171.446216715
0.139414831985, -1.41497734925, 4.22703055139, 4.29921772796, -2.77353832944, -0.652392741575, -1.10366364527, 3.86377594865, 1.02004516321, -2.40721374904, 0.139414831985, 171.446216715
0.825874625168, -3.99829590343, 1.84195000847, -2.69986454958, -0.0613398537714, -0.166517678468, 3.39321560519, -0.525695498411, -4.05834402758, -0.964628638997, 0.825874625168, 118.601578337
0.825874625168, -3.99829590343, 1.84195000847, -2.69986454958, -0.0613398537714, -0.166517678468, 3.39321560519, -0.525695498411, -4.05834402758, -0.964628638997, 0.825874625168, 118.601578337
0.369675113787, 0.670181881162, -4.1924755204, -1.06655231671, 2.97893140812, 2.82830794708, -1.56865054578, 1.42169091834, -1.1445086671, 0.107985365457, 0.369675113787, 123.163613708
0.369675113787, 0.670181881162, -4.1924755204, -1.06655231671, 2.97893140812, 2.82830794708, -1.56865054578, 1.42169091834, -1.1445086671, 0.107985365457, 0.369675113787, 123.163613708
0.302049805005, -4.0833403767, 2.40804865769, 1.09898636047, -3.23009356232, -4.07225396081, 2.06262075617, 1.48735583739, 4.71324781005, -4.56310857599, 0.302049805005, 167.49115753
0.302049805005, -4.0833403767, 2.40804865769, 1.09898636047, -3.23009356232, -4.07225396081, 2.06262075617, 1.48735583739, 4.71324781005, -4.56310857599, 0.302049805005, 167.49115753
0.324308769209, -0.502670612032, -0.136313204814, 0.702142232063, 3.64308570822, -1.31096025797, -2.9955667639, -0.426271659053, 1.31109476342, 4.82693440605, 0.324308769209, 146.938779908
0.324308769209, -0.502670612032, -0.136313204814, 0.702142232063, 3.64308570822, -1.31096025797, -2.9955667639, -0.426271659053, 1.31109476342, 4.82693440605, 0.324308769209, 146.938779908
0.358087878514, 1.42841329852, -2.99974621479, -4.04950878041, -0.0411166040783, -0.940640646707, 2.78838023917, -1.79185778128, -2.64622347634, 1.76162262679, 0.358087878514, 130.066309007
0.358087878514, 1.42841329852, -2.99974621479, -4.04950878041, -0.0411166040783, -0.940640646707, 2.78838023917, -1.79185778128, -2.64622347634, 1.76162262679, 0.358087878514, 130.066309007
0.338786375702, -0.0567262772583, -4.79743161828, -1.48163312117, 4.44654281286, 0.0768819289495, -4.42302359068, -1.55661618956, -4.5096637469, 0.338866499175, 0.338786375702, 137.102965675
0.338786375702, -0.0567262772583, -4.79743161828, -1.48163312117, 4.44654281286, 0.0768819289495, -4.42302359068, -1.55661618956, -4.5096637469, 0.338866499175, 0.338786375702, 137.102965675
0.338786375702, -0.0567262772583, -4.79743161828, -1.48163312117, 4.44654281286, 0.0768819289495, -4.42302359068, -1.55661618956, -4.5096637469, 0.338866499175, 0.338786375702, 137.102965675
0.338786375702, -0.0567262772583, -4.79743161828, -1.48163312117, 4.44654281286, 0.0768819289495, -4.42302359068, -1.55661618956, -4.5096637469, 0.338866499175, 0.338786375702, 137.102965675
0.0329361166417, 2.92892990004, 1.29515101644, -0.223579686533, 2.8303085091, -3.98532862821, 4.47796607587, 4.89584540472, 2.29791459799, -0.264862932845, 0.0329361166417, 187.542200878
0.0329361166417, 2.92892990004, 1.29515101644, -0.223579686533, 2.8303085091, -3.98532862821, 4.47796607587, 4.89584540472, 2.29791459799, -0.264862932845, 0.0329361166417, 187.542200878
0.142883515845, -1.45422368907, -3.2981257234, 2.31362264921, 4.62389402995, 3.05339531513, -2.83441451234, -3.51979000058, -4.89690692139, 2.89227164444, 0.142883515845, 181.969640484
0.142883515845, -1.45422368907, -3.2981257234, 2.31362264921, 4.62389402995, 3.05339531513, -2.83441451234, -3.51979000058, -4.89690692139, 2.89227164444, 0.142883515845, 181.969640484
0.210813200919, -0.970150297042, -4.28708442954, 0.837461279667, -4.94925071151, -1.12047313809, 3.42195650301, 1.26685075767, -3.70440009879, -2.42796150532, 0.210813200919, 171.714631153
0.210813200919, -0.970150297042, -4.28708442954, 0.837461279667, -4.94925071151, -1.12047313809, 3.42195650301, 1.26685075767, -3.70440009879, -2.42796150532, 0.210813200919, 171.714631153
0.930116534796, 1.09605007432, -0.623086169129, 4.16834251659, 1.38103963144, 0.0897072627628, -3.56794765811, -2.03223281062, -2.45415600758, 2.21940321798, 0.930116534796, 121.137204335
0.930116534796, 1.09605007432, -0.623086169129, 4.16834251659, 1.38103963144, 0.0897072627628, -3.56794765811, -2.03223281062, -2.45415600758, 2.21940321798, 0.930116534796, 121.137204335
0.0535011094232, 0.525708144232, 2.04086340084, -2.27448558624, 0.746453555689, -3.79103464756, 4.65269569833, -1.16342361908, 4.80723984106, -4.04929366633, 0.0535011094232, 195.512683771
0.0535011094232, 0.525708144232, 2.04086340084, -2.27448558624, 0.746453555689, -3.79103464756, 4.65269569833, -1.16342361908, 4.80723984106, -4.04929366633, 0.0535011094232, 195.512683771
0.979916586218, -3.99829590343, 1.39927261373, -2.69986454958, -0.0613398537714, -0.166517678468, 3.26656707897, -0.525695498411, -4.05834402758, -0.964628638997, 0.979916586218, 121.336398259
0.979916586218, -3.99829590343, 1.39927261373, -2.69986454958, -0.0613398537714, -0.166517678468, 3.26656707897, -0.525695498411, -4.05834402758, -0.964628638997, 0.979916586218, 121.336398259
0.312227743702, -2.28199234443, -1.47443663792, -2.00330104381, -1.18120990595, 3.19034430997, -4.92480118994, 4.94251922543, -2.09574387741, 4.39663366264, 0.312227743702, 170.265367852
0.393629543192, 2.02312126541, -4.11901740305, 3.80115649132, 1.09643890995, -0.0272802812189, 1.9361298139, -2.52624205818, -4.36817417315, 2.19382149422, 0.393629543192, 138.5326515
0.434982663442, -3.49078152051, 2.14346030138, 1.61210478869, 2.62125828721, -4.86083466181, 0.439856113761, -1.5848054648, -1.39472073212, -2.36194975794, 0.434982663442, 130.22206039
0.628638288854, -4.60312965266, -3.95625319987, -0.408831747737, -2.06670505349, -4.45591298994, -1.15566008087, -0.969657067682, -1.34020179565, 2.90777119767, 0.628638288854, 128.809960037
0.815970100637, -0.0166393060469, 1.12238562607, 1.2742575857, -0.582253655268, 0.904295608665, -3.85790691739, 3.33431130424, 2.53622280457, 0.245823256552, 0.815970100637, 126.270814582
0.628638288854, -4.60312965266, -3.95625319987, -0.408831747737, -2.06670505349, -4.45591298994, -1.15566008087, -0.969657067682, -1.34020179565, 2.90777119767, 0.628638288854, 128.809960037
