3.17588770504e-06, -0.564934253328, -0.881599966563, -1.51536994788, -0.964112012792, -1.71505581367, -3.14864865414, -3.55344603303, -0.38911306304, -1.9194574287, 3.17588770504e-06, 95.2327271326
3.17588770504e-06, -0.564934253328, -0.881599966563, -1.51536994788, -0.964112012792, -1.71505581367, -3.14864865414, -3.55344603303, -0.38911306304, -1.9194574287, 3.17588770504e-06, 95.2327271326
0.000165060729002, 0.483770687503, 0.0399045752857, -2.00631027399, -0.441054334032, 0.921245928983, -3.14864865414, -1.69506016084, -1.89103099718, 0.839804631736, 0.000165060729002, 84.8901633742
0.000165060729002, 0.483770687503, 0.0399045752857, -2.00631027399, -0.441054334032, 0.921245928983, -3.14864865414, -1.69506016084, -1.89103099718, 0.839804631736, 0.000165060729002, 84.8901633742
0.307079014908, 1.25727198311, 2.95318492631, 0.62403561052, 0.463810549628, 0.865504031556, -2.02262711155, -2.00674063132, -0.000555014264738, 0.944518476043, 0.307079014908, 68.1606998056
0.307079014908, 1.25727198311, 2.95318492631, 0.62403561052, 0.463810549628, 0.865504031556, -2.02262711155, -2.00674063132, -0.000555014264738, 0.944518476043, 0.307079014908, 68.1606998056
0.815970100637, -0.0166393060469, 3.58078356007, 0.0486211037697, -0.582253655268, 0.904295608665, -2.53868040399, 4.03030886591, 1.41918720255, 1.51418956604, 0.815970100637, 66.7645512072
0.815970100637, -0.0166393060469, 3.58078356007, 0.0486211037697, -0.582253655268, 0.904295608665, -2.53868040399, 4.03030886591, 1.41918720255, 1.51418956604, 0.815970100637, 66.7645512072
1.4841551772e-06, -1.21859551969, -0.81680860486, 3.15159754831, -2.68797160338, 4.35250691704, -3.99259213819, -1.69506016084, -1.89103099718, -1.14752792092, 1.4841551772e-06, 180.598453517
1.4841551772e-06, -1.21859551969, -0.81680860486, 3.15159754831, -2.68797160338, 4.35250691704, -3.99259213819, -1.69506016084, -1.89103099718, -1.14752792092, 1.4841551772e-06, 180.598453517
7.96113584768e-05, -0.564934253328, -0.881599966563, 3.15159754831, -0.964112012792, -1.71505581367, -3.14864865414, 1.05473176663, -2.64247966334, -1.14752792092, 7.96113584768e-05, 121.051307475
7.96113584768e-05, -0.564934253328, -0.881599966563, 3.15159754831, -0.964112012792, -1.71505581367, -3.14864865414, 1.05473176663, -2.64247966334, -1.14752792092, 7.96113584768e-05, 121.051307475
3.17588770504e-06, -0.564934253328, -0.881599966563, -3.29030022349, -0.964112012792, -1.71505581367, -3.14864865414, -3.55344603303, -0.38911306304, -1.9194574287, 3.17588770504e-06, 122.321341096
3.17588770504e-06, -0.564934253328, -0.881599966563, -3.29030022349, -0.964112012792, -1.71505581367, -3.14864865414, -3.55344603303, -0.38911306304, -1.9194574287, 3.17588770504e-06, 122.321341096
0.192281714019, -2.46324447567, -1.08053324387, -2.07920051184, -1.16260192191, -0.431771295022, -3.12929904529, 3.51824158509, -3.42282201349, -0.471679331952, 0.192281714019, 92.2891427286
0.192281714019, -2.46324447567, -1.08053324387, -2.07920051184, -1.16260192191, -0.431771295022, -3.12929904529, 3.51824158509, -3.42282201349, -0.471679331952, 0.192281714019, 92.2891427286
0.00229359452998, 2.52973165701, -1.02771277175, -3.02977050021, -0.59991402951, -3.38480433229, 2.40217911636, -3.07427832296, -4.51956196118, -4.53542589804, 0.00229359452998, 115.297542054
0.00229359452998, 2.52973165701, -1.02771277175, -3.02977050021, -0.59991402951, -3.38480433229, 2.40217911636, -3.07427832296, -4.51956196118, -4.53542589804, 0.00229359452998, 115.297542054
0.00260200083401, 2.52973165701, -1.02771277175, -1.0499544696, -0.59991402951, -3.38480433229, 2.40217911636, -3.39177282673, -4.51956196118, -1.45755100713, 0.00260200083401, 96.316037346
0.00260200083401, 2.52973165701, -1.02771277175, -1.0499544696, -0.59991402951, -3.38480433229, 2.40217911636, -3.39177282673, -4.51956196118, -1.45755100713, 0.00260200083401, 96.316037346
0.307079014908, 1.25727198311, -2.90661871415, -1.5620586659, 0.463810549628, 0.865504031556, -2.02262711155, -2.00674063132, -0.544013053488, 0.944518476043, 0.307079014908, 69.1853701247
0.307079014908, 1.25727198311, -2.90661871415, -1.5620586659, 0.463810549628, 0.865504031556, -2.02262711155, -2.00674063132, -0.544013053488, 0.944518476043, 0.307079014908, 69.1853701247
7.96113584768e-05, -0.564934253328, -0.881599966563, -3.29030022349, -0.964112012792, -1.71505581367, -3.37086239199, -3.55344603303, -0.38911306304, -1.9194574287, 7.96113584768e-05, 121.361550555
7.96113584768e-05, -0.564934253328, -0.881599966563, -3.29030022349, -0.964112012792, -1.71505581367, -3.37086239199, -3.55344603303, -0.38911306304, -1.9194574287, 7.96113584768e-05, 121.361550555
1.72847086091e-05, 0.483770687503, -0.881599966563, 3.15159754831, -1.63629244088, 4.35250691704, -3.14864865414, 0.177481495542, -3.400528838, -1.14752792092, 1.72847086091e-05, 151.949581523
1.72847086091e-05, 0.483770687503, -0.881599966563, 3.15159754831, -1.63629244088, 4.35250691704, -3.14864865414, 0.177481495542, -3.400528838, -1.14752792092, 1.72847086091e-05, 151.949581523
0.220057049996, 2.78255472747, -2.57836265044, -0.0542148354041, 1.4075244724, -2.50911401005, -3.94191245793, 3.00575967989, -2.54812926314, -1.46464477508, 0.220057049996, 94.1675371278
0.220057049996, 2.78255472747, -2.57836265044, -0.0542148354041, 1.4075244724, -2.50911401005, -3.94191245793, 3.00575967989, -2.54812926314, -1.46464477508, 0.220057049996, 94.1675371278
0.00260200083401, 2.52973165701, -1.02771277175, -2.95514592538, -0.59991402951, -3.38480433229, 2.40217911636, -3.07427832296, -4.51956196118, -1.45755100713, 0.00260200083401, 97.6752111142
0.00260200083401, 2.52973165701, -1.02771277175, -2.95514592538, -0.59991402951, -3.38480433229, 2.40217911636, -3.07427832296, -4.51956196118, -1.45755100713, 0.00260200083401, 97.6752111142
0.00260200083401, 2.52973165701, -1.02771277175, -2.95514592538, -0.59991402951, -3.38480433229, 2.40217911636, -3.07427832296, -4.51956196118, -1.45755100713, 0.00260200083401, 97.6752111142
0.00260200083401, 2.52973165701, -1.02771277175, -2.95514592538, -0.59991402951, -3.38480433229, 2.40217911636, -3.07427832296, -4.51956196118, -1.45755100713, 0.00260200083401, 97.6752111142
0.307079014908, 1.25727198311, -2.90661871415, 0.62403561052, 0.463810549628, 0.865504031556, 2.00401386194, -2.00674063132, -0.544013053488, 0.944518476043, 0.307079014908, 73.6600725081
0.307079014908, 1.25727198311, -2.90661871415, 0.62403561052, 0.463810549628, 0.865504031556, 2.00401386194, -2.00674063132, -0.544013053488, 0.944518476043, 0.307079014908, 73.6600725081
0.00204226652122, 1.49877744476, -1.68325818963, -2.95514592538, -0.59991402951, -1.62471129397, 2.35378604849, -3.07427832296, -1.85280186764, -2.24845835459, 0.00204226652122, 125.822720506
0.00204226652122, 1.49877744476, -1.68325818963, -2.95514592538, -0.59991402951, -1.62471129397, 2.35378604849, -3.07427832296, -1.85280186764, -2.24845835459, 0.00204226652122, 125.822720506
0.000885100751157, 1.49877744476, 0.406660404164, 2.25928746011, -0.59991402951, -1.88225841609, -2.11931874764, -3.07427832296, -4.52091564414, -2.24845835459, 0.000885100751157, 127.580493744
0.000885100751157, 1.49877744476, 0.406660404164, 2.25928746011, -0.59991402951, -1.88225841609, -2.11931874764, -3.07427832296, -4.52091564414, -2.24845835459, 0.000885100751157, 127.580493744
0.000885100751157, 1.49877744476, 0.406660404164, 2.25928746011, -0.59991402951, -1.88225841609, -2.11931874764, -3.07427832296, -4.52091564414, -2.24845835459, 0.000885100751157, 127.580493744
0.000885100751157, 1.49877744476, 0.406660404164, 2.25928746011, -0.59991402951, -1.88225841609, -2.11931874764, -3.07427832296, -4.52091564414, -2.24845835459, 0.000885100751157, 127.580493744
7.96113584768e-05, -0.564934253328, -2.88115970962, -3.29030022349, -0.964112012792, -1.71505581367, -3.37086239199, -3.55344603303, -0.605560088143, -1.9194574287, 7.96113584768e-05, 128.501405058
7.96113584768e-05, -0.564934253328, -2.88115970962, -3.29030022349, -0.964112012792, -1.71505581367, -3.37086239199, -3.55344603303, -0.605560088143, -1.9194574287, 7.96113584768e-05, 128.501405058
6.24803181687e-05, 0.483770687503, -0.881599966563, -0.676662508155, -2.68797160338, 4.35250691704, -3.14864865414, 0.177481495542, -3.400528838, -1.14752792092, 6.24803181687e-05, 155.486293938
6.24803181687e-05, 0.483770687503, -0.881599966563, -0.676662508155, -2.68797160338, 4.35250691704, -3.14864865414, 0.177481495542, -3.400528838, -1.14752792092, 6.24803181687e-05, 155.486293938
0.220057049996, 1.11855351279, -2.57836265044, -0.0542148354041, 1.4075244724, -2.50911401005, -3.94191245793, -1.3032930823, -2.54812926314, 1.87391234567, 0.220057049996, 98.7021824366
0.220057049996, 1.11855351279, -2.57836265044, -0.0542148354041, 1.4075244724, -2.50911401005, -3.94191245793, -1.3032930823, -2.54812926314, 1.87391234567, 0.220057049996, 98.7021824366
0.192281714019, -2.46324447567, -1.08053324387, -2.07920051184, -1.16260192191, -0.128734791084, -1.79467418207, 3.51824158509, -3.42282201349, -0.471679331952, 0.192281714019, 100.486149091
0.192281714019, -2.46324447567, -1.08053324387, -2.07920051184, -1.16260192191, -0.128734791084, -1.79467418207, 3.51824158509, -3.42282201349, -0.471679331952, 0.192281714019, 100.486149091
0.00260200083401, 2.52973165701, -1.02771277175, -2.95514592538, -0.59991402951, -3.38480433229, 3.12733901421, -3.07427832296, -4.51956196118, -1.45755100713, 0.00260200083401, 105.328295025
0.00260200083401, 2.52973165701, -1.02771277175, -2.95514592538, -0.59991402951, -3.38480433229, 3.12733901421, -3.07427832296, -4.51956196118, -1.45755100713, 0.00260200083401, 105.328295025
0.338786375702, -0.0567262772583, -0.258605590937, 1.03212817183, 1.4075244724, -2.50911401005, -2.09036672149, -1.55661618956, -4.5096637469, 0.019329761482, 0.338786375702, 75.389575753
0.338786375702, -0.0567262772583, -0.258605590937, 1.03212817183, 1.4075244724, -2.50911401005, -2.09036672149, -1.55661618956, -4.5096637469, 0.019329761482, 0.338786375702, 75.389575753
0.338786375702, -0.0567262772583, -0.258605590937, 1.03212817183, 1.4075244724, -2.50911401005, -2.09036672149, -1.55661618956, -4.5096637469, 0.019329761482, 0.338786375702, 75.389575753
0.338786375702, -0.0567262772583, -0.258605590937, 1.03212817183, 1.4075244724, -2.50911401005, -2.09036672149, -1.55661618956, -4.5096637469, 0.019329761482, 0.338786375702, 75.389575753
0.559526641381, 1.25727198311, -2.90661871415, 0.62403561052, 0.463810549628, 0.865504031556, -2.02262711155, -2.00674063132, -0.544013053488, 0.944518476043, 0.559526641381, 74.12089169
0.559526641381, 1.25727198311, -2.90661871415, 0.62403561052, 0.463810549628, 0.865504031556, -2.02262711155, -2.00674063132, -0.544013053488, 0.944518476043, 0.559526641381, 74.12089169
0.308202555261, -2.13698935998, 1.89672217443, -0.112903702447, -0.963360845397, 0.394655684352, -0.0503668580633, -3.98854895899, -0.385478193386, 1.89605945479, 0.308202555261, 83.9133975628
0.308202555261, -2.13698935998, 1.89672217443, -0.112903702447, -0.963360845397, 0.394655684352, -0.0503668580633, -3.98854895899, -0.385478193386, 1.89605945479, 0.308202555261, 83.9133975628
7.96113584768e-05, -0.564934253328, -0.881599966563, 3.15159754831, -0.964112012792, -1.71505581367, -3.14864865414, -3.55344603303, -2.64247966334, -1.14752792092, 7.96113584768e-05, 132.464271618
7.96113584768e-05, -0.564934253328, -0.881599966563, 3.15159754831, -0.964112012792, -1.71505581367, -3.14864865414, -3.55344603303, -2.64247966334, -1.14752792092, 7.96113584768e-05, 132.464271618
0.000165060729002, 0.483770687503, 0.0399045752857, -2.00631027399, -2.68797160338, 4.35250691704, -3.14864865414, -1.69506016084, -1.89103099718, -1.14752792092, 0.000165060729002, 131.912749123
0.000165060729002, 0.483770687503, 0.0399045752857, -2.00631027399, -2.68797160338, 4.35250691704, -3.14864865414, -1.69506016084, -1.89103099718, -1.14752792092, 0.000165060729002, 131.912749123
0.192281714019, -2.46324447567, -2.05770712905, -2.07920051184, -1.16260192191, -0.128734791084, -1.79467418207, 3.51824158509, -3.42282201349, 1.512971834, 0.192281714019, 102.943004754
0.192281714019, -2.46324447567, -2.05770712905, -2.07920051184, -1.16260192191, -0.128734791084, -1.79467418207, 3.51824158509, -3.42282201349, 1.512971834, 0.192281714019, 102.943004754
0.192281714019, -2.46324447567, -2.05770712905, -2.07920051184, -1.16260192191, -0.128734791084, -1.79467418207, 3.51824158509, -3.42282201349, 1.512971834, 0.192281714019, 102.943004754
0.192281714019, -2.46324447567, -2.05770712905, -2.07920051184, -1.16260192191, -0.128734791084, -1.79467418207, 3.51824158509, -3.42282201349, 1.512971834, 0.192281714019, 102.943004754
0.00274086632991, 2.28411861192, -2.57836265044, -0.0542148354041, 0.9782142939, -2.50911401005, -1.8778222524, -1.3032930823, -2.70584271996, 0.973855619159, 0.00274086632991, 106.369614841
0.00274086632991, 2.28411861192, -2.57836265044, -0.0542148354041, 0.9782142939, -2.50911401005, -1.8778222524, -1.3032930823, -2.70584271996, 0.973855619159, 0.00274086632991, 106.369614841
0.00274086632991, 2.28411861192, -2.57836265044, -0.0542148354041, 0.9782142939, -2.50911401005, -1.8778222524, -1.3032930823, -2.70584271996, 0.973855619159, 0.00274086632991, 106.369614841
0.00274086632991, 2.28411861192, -2.57836265044, -0.0542148354041, 0.9782142939, -2.50911401005, -1.8778222524, -1.3032930823, -2.70584271996, 0.973855619159, 0.00274086632991, 106.369614841
0.0262731666055, 2.28411861192, -2.57836265044, -0.0542148354041, 0.9782142939, -2.50911401005, -1.8778222524, -1.3032930823, -2.70584271996, 0.973855619159, 0.0262731666055, 106.369608422
0.0262731666055, 2.28411861192, -2.57836265044, -0.0542148354041, 0.9782142939, -2.50911401005, -1.8778222524, -1.3032930823, -2.70584271996, 0.973855619159, 0.0262731666055, 106.369608422
0.00260200083401, 2.52973165701, -1.02771277175, -2.95514592538, -0.59991402951, -3.38480433229, 2.40217911636, -3.99686937815, -4.89563457417, -1.45755100713, 0.00260200083401, 110.833819567
0.00260200083401, 2.52973165701, -1.02771277175, -2.95514592538, -0.59991402951, -3.38480433229, 2.40217911636, -3.99686937815, -4.89563457417, -1.45755100713, 0.00260200083401, 110.833819567
0.00260200083401, 2.52973165701, -1.02771277175, -2.95514592538, -0.59991402951, -3.38480433229, 2.40217911636, -3.99686937815, -4.89563457417, -1.45755100713, 0.00260200083401, 110.833819567
0.00260200083401, 2.52973165701, -1.02771277175, -2.95514592538, -0.59991402951, -3.38480433229, 2.40217911636, -3.99686937815, -4.89563457417, -1.45755100713, 0.00260200083401, 110.833819567
0.338786375702, -0.0567262772583, -0.258605590937, 1.32266062349, 1.4075244724, -2.50911401005, -2.09036672149, -1.55661618956, -4.5096637469, 0.019329761482, 0.338786375702, 91.383096759
0.338786375702, -0.0567262772583, -0.258605590937, 1.32266062349, 1.4075244724, -2.50911401005, -2.09036672149, -1.55661618956, -4.5096637469, 0.019329761482, 0.338786375702, 91.383096759
0.338786375702, -0.0567262772583, -0.258605590937, 1.32266062349, 1.4075244724, -2.50911401005, -2.09036672149, -1.55661618956, -4.5096637469, 0.019329761482, 0.338786375702, 91.383096759
0.338786375702, -0.0567262772583, -0.258605590937, 1.32266062349, 1.4075244724, -2.50911401005, -2.09036672149, -1.55661618956, -4.5096637469, 0.019329761482, 0.338786375702, 91.383096759
7.96113584768e-05, -0.564934253328, -0.881599966563, 3.15159754831, -0.964112012792, -1.71505581367, -3.14864865414, -3.55344603303, 2.76092446816, -1.14752792092, 7.96113584768e-05, 140.831256104
7.96113584768e-05, -0.564934253328, -0.881599966563, 3.15159754831, -0.964112012792, -1.71505581367, -3.14864865414, -3.55344603303, 2.76092446816, -1.14752792092, 7.96113584768e-05, 140.831256104
0.351883761347, 2.52973165701, -1.02771277175, -3.57081916772, -0.59991402951, -0.391219725474, 2.40217911636, -3.07427832296, -4.51956196118, -1.45755100713, 0.351883761347, 91.7511665186
0.351883761347, 2.52973165701, -1.02771277175, -3.57081916772, -0.59991402951, -0.391219725474, 2.40217911636, -3.07427832296, -4.51956196118, -1.45755100713, 0.351883761347, 91.7511665186
0.186837590723, -2.38601455906, 1.45577050942, 1.99024519309, -1.16260192191, -1.71505581367, -1.79467418207, 3.51824158509, -2.64247966334, -0.471679331952, 0.186837590723, 115.205647784
0.0215450744779, -2.21250319373, 0.780951073292, 1.03003473299, -0.963360845397, -4.28748975703, -0.0503668580633, -0.0579353240278, 1.1875668889, -2.51788919756, 0.0215450744779, 115.252638468
0.338786375702, -0.0567262772583, -0.258605590937, -1.48163312117, 1.4075244724, -2.50911401005, -2.09036672149, -1.55661618956, -4.5096637469, 3.88679323851, 0.338786375702, 99.317726363
0.220057049996, 2.78255472747, -2.57836265044, -0.0542148354041, 1.4075244724, -2.50911401005, -3.94191245793, -0.288033717035, -2.54812926314, -1.46464477508, 0.220057049996, 104.069193033
0.00260200083401, 2.99167855333, -1.68325818963, -2.95514592538, -0.59991402951, -2.34217359767, 3.06375002738, -3.07427832296, -4.51956196118, -1.45755100713, 0.00260200083401, 116.725013471
0.00204226652122, 1.49877744476, -1.68325818963, -2.95514592538, -0.59991402951, -1.88225841609, 2.35378604849, -3.07427832296, -1.85280186764, -3.7582079346, 0.00204226652122, 134.868647174
0.192281714019, -2.46324447567, -1.08053324387, -2.07920051184, -1.16260192191, -0.128734791084, -4.86556914536, 1.92913420241, -3.42282201349, -0.471679331952, 0.192281714019, 108.448197956
0.220057049996, 2.78255472747, -2.57836265044, -0.0542148354041, 1.4075244724, -2.50911401005, -3.94191245793, -0.288033717035, -2.54812926314, -1.46464477508, 0.220057049996, 104.069193033
