0.819108298623, 0.301207091211, 0.0901267605041, 0.0717293526992, 0.151727452266, 0.593334434935, 0.0169151885594, 0.829788695678, 0.430178516139, 0.524860713824, 0.871776958659, 0.103987547251, 0.032934673061, 0.363185361631, 0.555682354211, 0.081398152105, 0.113697591337, 0.963113507097, 0.438919255666, 0.460435218744, 0.0385504195309, 0.545972644857, 0.26983991259, 0.332290866026, 0.686637451175, 0.184955864407, 0.345527411137, 0.12755108006, 0.225232576304, 0.892537005238, 0.819108298623, 1.96315808868
0.837905830699, 0.142452042549, 0.290254423808, 0.124541581757, 0.0845692394817, 0.42488210517, 0.547011085843, 0.985059439419, 0.070376987266, 0.316729928065, 0.006123688837, 0.36865086324, 0.118820225119, 0.055595753163, 0.373158701078, 0.081398152105, 0.596316435725, 0.72478683565, 0.0185160884213, 0.97776535668, 0.033204798079, 0.643021027586, 0.55316432767, 0.159893695537, 0.259949333552, 0.957983365074, 0.62776600159, 0.307642370204, 0.926395278147, 0.168561716005, 0.837905830699, 1.69909015488
0.00145870072302, 0.339831381978, 0.889896777081, 0.206120360197, 0.090959966996, 0.334505022037, 0.108212428245, 0.185708731613, 0.585222650342, 0.300654848997, 0.203177313768, 0.506707100663, 0.665361515659, 0.316758679934, 0.652296842335, 0.939624232157, 0.503854704056, 0.655798020558, 0.0177675127141, 0.130429513958, 0.0998009784828, 0.172333548173, 0.104228724996, 0.19327389512, 0.581912490181, 0.502215211984, 0.361321855635, 0.0347551693042, 0.0377088690869, 0.815182938044, 0.00145870072302, 4.19068993561
0.646238568322, 0.194937420549, 0.514682721236, 0.103789824319, 0.158661843949, 0.286668036663, 0.108212428245, 0.185708731613, 0.303047730254, 0.920352873285, 0.731802164723, 0.503892461425, 0.665361515659, 0.60441290509, 0.0873023748759, 0.939624232157, 0.561982106966, 0.823312812825, 0.0177675127141, 0.54333154609, 0.0785220751253, 0.443381522331, 0.104228724996, 0.545515694949, 0.581912490181, 0.502215211984, 0.0228470927997, 0.0347551693042, 0.0377088690869, 0.76670298573, 0.646238568322, 2.17683183067
0.192166627258, 0.142452042549, 0.0901267605041, 0.124541581757, 0.0845692394817, 0.42488210517, 0.547011085843, 0.985059439419, 0.070376987266, 0.316729928065, 0.006123688837, 0.36865086324, 0.118820225119, 0.055595753163, 0.373158701078, 0.081398152105, 0.596316435725, 0.72478683565, 0.0185160884213, 0.97776535668, 0.033204798079, 0.0104937654558, 0.55316432767, 0.159893695537, 0.259949333552, 0.957983365074, 0.62776600159, 0.307642370204, 0.926395278147, 0.168561716005, 0.192166627258, 3.29325002186
0.639784595053, 0.301207091211, 0.0901267605041, 0.0717293526992, 0.0385348215043, 0.716954266801, 0.304684864649, 0.829788695678, 0.172506183596, 0.524860713824, 0.334837615834, 0.0499520275709, 0.032934673061, 0.363185361631, 0.555682354211, 0.119051610918, 0.113697591337, 0.773334781058, 0.438919255666, 0.855602227423, 0.0385504195309, 0.607072388475, 0.225586794562, 0.86465221732, 0.686637451175, 0.138097055242, 0.345527411137, 0.982457101554, 0.225232576304, 0.892537005238, 0.639784595053, 2.30108668327
0.403769896604, 0.325330788344, 0.290254423808, 0.857237568459, 0.12065871038, 0.0985295772988, 0.391023447282, 0.00233519886079, 0.405068804764, 0.384299828798, 0.426185521444, 0.125431959651, 0.496436111754, 0.0345054800683, 0.273316762094, 0.22361215997, 0.00999986673803, 0.290202866717, 0.0177675127141, 0.616427800079, 0.797461227429, 0.858202736348, 0.860641057438, 0.130410391886, 0.285125835661, 0.0391638252911, 0.695200566221, 0.94414313224, 0.277333288686, 0.51729608395, 0.403769896604, 2.97677776904
0.0383372699818, 0.0873939357612, 0.176813573343, 0.124541581757, 0.00174301247625, 0.956428349951, 0.108212428245, 0.308087228394, 0.566955073786, 0.37104259181, 0.0355581708337, 0.0650886235431, 0.140733757189, 0.00186473561191, 0.496628690425, 0.634463262595, 0.637847638842, 0.769349482074, 0.219421169521, 0.785867954809, 0.887152624517, 0.419318452493, 0.104128209829, 0.0886882229835, 0.263959840193, 0.266639364328, 0.029782459572, 0.00424519824454, 0.169765943305, 0.746164022093, 0.0383372699818, 3.51395006756
0.852029586003, 0.23698528478, 0.0901267605041, 0.0717293526992, 0.0385348215043, 0.593334434935, 0.465924487255, 0.328169888593, 0.0681842563355, 0.145763222205, 0.871776958659, 0.0499520275709, 0.032934673061, 0.363185361631, 0.111195287544, 0.081398152105, 0.0024282154869, 0.89336508669, 0.491621505268, 0.855602227423, 0.0385504195309, 0.0705451843452, 0.26983991259, 0.86465221732, 0.686637451175, 0.138097055242, 0.345527411137, 0.830607750133, 0.225232576304, 0.51729608395, 0.852029586003, 1.33047478921
0.437910359498, 0.184385171999, 0.350010682695, 0.100251721074, 0.926431450734, 0.956428349951, 0.183910771381, 0.308087228394, 0.566955073786, 0.155549714172, 0.0314079445095, 0.826172206353, 0.104093279935, 0.210266219123, 0.54685385015, 0.081398152105, 0.637847638842, 0.769349482074, 0.219421169521, 0.474194530573, 0.175902928739, 0.496275496465, 0.104128209829, 0.0886882229835, 0.263959840193, 0.424127967771, 0.029782459572, 0.784614694261, 0.169765943305, 0.285401323689, 0.437910359498, 2.47475412817
0.377882130741, 0.0693828126437, 0.0913982492344, 0.208042196705, 0.29038909384, 0.208212727597, 0.547011085843, 0.621139007655, 0.264862188396, 0.468883435029, 0.52245156988, 0.386252551517, 0.417041650945, 0.174276220699, 0.0579312580998, 0.644141059431, 0.103507736691, 0.613903527191, 0.210916805303, 0.280946933925, 0.51957606996, 0.108738137123, 0.249856344676, 0.29960304858, 0.346939712081, 0.218417690959, 0.235970527249, 0.583395077205, 0.559641411811, 0.965527129378, 0.377882130741, 3.17086667994
0.000226012475651, 0.109816972904, 0.137316457537, 0.206120360197, 0.158661843949, 0.334505022037, 0.108212428245, 0.185708731613, 0.303047730254, 0.510458284058, 0.353905469573, 0.00382810387663, 0.665361515659, 0.259659448742, 0.652296842335, 0.939624232157, 0.96730616186, 0.295041915408, 0.142350600148, 0.637872347537, 0.36779901069, 0.504087277556, 0.104228724996, 0.526612214137, 0.581912490181, 0.135187029521, 0.591301685461, 0.329068512455, 0.0377088690869, 0.52948944325, 0.000226012475651, 4.28278712176
0.00455447472567, 0.109816972904, 0.137316457537, 0.169860080863, 0.158661843949, 0.334505022037, 0.108212428245, 0.185708731613, 0.303047730254, 0.856244495594, 0.353905469573, 0.00382810387663, 0.665361515659, 0.259659448742, 0.652296842335, 0.939624232157, 0.96730616186, 0.295041915408, 0.0177675127141, 0.634850391369, 0.36779901069, 0.504087277556, 0.104228724996, 0.575259233653, 0.113688768998, 0.0915702792531, 0.361321855635, 0.329068512455, 0.0377088690869, 0.52948944325, 0.00455447472567, 4.01713032651
0.648134181223, 0.301207091211, 0.52562631399, 0.0717293526992, 0.24325595499, 0.593334434935, 0.0974486208841, 0.894101151446, 0.070376987266, 0.524860713824, 0.722203317665, 0.220169923303, 0.032934673061, 0.363185361631, 0.555682354211, 0.081398152105, 0.113697591337, 0.912216190198, 0.719185899355, 0.448871276404, 0.0385504195309, 0.607072388475, 0.371506322193, 0.0337590046963, 0.937303366528, 0.184955864407, 0.146167759727, 0.350731143971, 0.225232576304, 0.892537005238, 0.648134181223, 2.14555530806
0.819108298623, 0.301207091211, 0.0901267605041, 0.0717293526992, 0.151727452266, 0.593334434935, 0.0169151885594, 0.829788695678, 0.430178516139, 0.524860713824, 0.871776958659, 0.103987547251, 0.032934673061, 0.363185361631, 0.555682354211, 0.081398152105, 0.113697591337, 0.963113507097, 0.438919255666, 0.460435218744, 0.0385504195309, 0.545972644857, 0.26983991259, 0.332290866026, 0.686637451175, 0.184955864407, 0.345527411137, 0.12755108006, 0.225232576304, 0.892537005238, 0.819108298623, 1.96315808868
0.837905830699, 0.142452042549, 0.290254423808, 0.124541581757, 0.0845692394817, 0.42488210517, 0.547011085843, 0.985059439419, 0.070376987266, 0.316729928065, 0.006123688837, 0.36865086324, 0.118820225119, 0.055595753163, 0.373158701078, 0.081398152105, 0.596316435725, 0.72478683565, 0.0185160884213, 0.97776535668, 0.033204798079, 0.643021027586, 0.55316432767, 0.159893695537, 0.259949333552, 0.957983365074, 0.62776600159, 0.307642370204, 0.926395278147, 0.168561716005, 0.837905830699, 1.69909015488
0.00145870072302, 0.339831381978, 0.889896777081, 0.206120360197, 0.090959966996, 0.334505022037, 0.108212428245, 0.185708731613, 0.585222650342, 0.300654848997, 0.203177313768, 0.506707100663, 0.665361515659, 0.316758679934, 0.652296842335, 0.939624232157, 0.503854704056, 0.655798020558, 0.0177675127141, 0.130429513958, 0.0998009784828, 0.172333548173, 0.104228724996, 0.19327389512, 0.581912490181, 0.502215211984, 0.361321855635, 0.0347551693042, 0.0377088690869, 0.815182938044, 0.00145870072302, 4.19068993561
0.646238568322, 0.194937420549, 0.514682721236, 0.103789824319, 0.158661843949, 0.286668036663, 0.108212428245, 0.185708731613, 0.303047730254, 0.920352873285, 0.731802164723, 0.503892461425, 0.665361515659, 0.60441290509, 0.0873023748759, 0.939624232157, 0.561982106966, 0.823312812825, 0.0177675127141, 0.54333154609, 0.0785220751253, 0.443381522331, 0.104228724996, 0.545515694949, 0.581912490181, 0.502215211984, 0.0228470927997, 0.0347551693042, 0.0377088690869, 0.76670298573, 0.646238568322, 2.17683183067
0.192166627258, 0.142452042549, 0.0901267605041, 0.124541581757, 0.0845692394817, 0.42488210517, 0.547011085843, 0.985059439419, 0.070376987266, 0.316729928065, 0.006123688837, 0.36865086324, 0.118820225119, 0.055595753163, 0.373158701078, 0.081398152105, 0.596316435725, 0.72478683565, 0.0185160884213, 0.97776535668, 0.033204798079, 0.0104937654558, 0.55316432767, 0.159893695537, 0.259949333552, 0.957983365074, 0.62776600159, 0.307642370204, 0.926395278147, 0.168561716005, 0.192166627258, 3.29325002186
0.639784595053, 0.301207091211, 0.0901267605041, 0.0717293526992, 0.0385348215043, 0.716954266801, 0.304684864649, 0.829788695678, 0.172506183596, 0.524860713824, 0.334837615834, 0.0499520275709, 0.032934673061, 0.363185361631, 0.555682354211, 0.119051610918, 0.113697591337, 0.773334781058, 0.438919255666, 0.855602227423, 0.0385504195309, 0.607072388475, 0.225586794562, 0.86465221732, 0.686637451175, 0.138097055242, 0.345527411137, 0.982457101554, 0.225232576304, 0.892537005238, 0.639784595053, 2.30108668327
0.403769896604, 0.325330788344, 0.290254423808, 0.857237568459, 0.12065871038, 0.0985295772988, 0.391023447282, 0.00233519886079, 0.405068804764, 0.384299828798, 0.426185521444, 0.125431959651, 0.496436111754, 0.0345054800683, 0.273316762094, 0.22361215997, 0.00999986673803, 0.290202866717, 0.0177675127141, 0.616427800079, 0.797461227429, 0.858202736348, 0.860641057438, 0.130410391886, 0.285125835661, 0.0391638252911, 0.695200566221, 0.94414313224, 0.277333288686, 0.51729608395, 0.403769896604, 2.97677776904
0.0383372699818, 0.0873939357612, 0.176813573343, 0.124541581757, 0.00174301247625, 0.956428349951, 0.108212428245, 0.308087228394, 0.566955073786, 0.37104259181, 0.0355581708337, 0.0650886235431, 0.140733757189, 0.00186473561191, 0.496628690425, 0.634463262595, 0.637847638842, 0.769349482074, 0.219421169521, 0.785867954809, 0.887152624517, 0.419318452493, 0.104128209829, 0.0886882229835, 0.263959840193, 0.266639364328, 0.029782459572, 0.00424519824454, 0.169765943305, 0.746164022093, 0.0383372699818, 3.51395006756
0.852029586003, 0.23698528478, 0.0901267605041, 0.0717293526992, 0.0385348215043, 0.593334434935, 0.465924487255, 0.328169888593, 0.0681842563355, 0.145763222205, 0.871776958659, 0.0499520275709, 0.032934673061, 0.363185361631, 0.111195287544, 0.081398152105, 0.0024282154869, 0.89336508669, 0.491621505268, 0.855602227423, 0.0385504195309, 0.0705451843452, 0.26983991259, 0.86465221732, 0.686637451175, 0.138097055242, 0.345527411137, 0.830607750133, 0.225232576304, 0.51729608395, 0.852029586003, 1.33047478921
0.437910359498, 0.184385171999, 0.350010682695, 0.100251721074, 0.926431450734, 0.956428349951, 0.183910771381, 0.308087228394, 0.566955073786, 0.155549714172, 0.0314079445095, 0.826172206353, 0.104093279935, 0.210266219123, 0.54685385015, 0.081398152105, 0.637847638842, 0.769349482074, 0.219421169521, 0.474194530573, 0.175902928739, 0.496275496465, 0.104128209829, 0.0886882229835, 0.263959840193, 0.424127967771, 0.029782459572, 0.784614694261, 0.169765943305, 0.285401323689, 0.437910359498, 2.47475412817
0.377882130741, 0.0693828126437, 0.0913982492344, 0.208042196705, 0.29038909384, 0.208212727597, 0.547011085843, 0.621139007655, 0.264862188396, 0.468883435029, 0.52245156988, 0.386252551517, 0.417041650945, 0.174276220699, 0.0579312580998, 0.644141059431, 0.103507736691, 0.613903527191, 0.210916805303, 0.280946933925, 0.51957606996, 0.108738137123, 0.249856344676, 0.29960304858, 0.346939712081, 0.218417690959, 0.235970527249, 0.583395077205, 0.559641411811, 0.965527129378, 0.377882130741, 3.17086667994
0.000226012475651, 0.109816972904, 0.137316457537, 0.206120360197, 0.158661843949, 0.334505022037, 0.108212428245, 0.185708731613, 0.303047730254, 0.510458284058, 0.353905469573, 0.00382810387663, 0.665361515659, 0.259659448742, 0.652296842335, 0.939624232157, 0.96730616186, 0.295041915408, 0.142350600148, 0.637872347537, 0.36779901069, 0.504087277556, 0.104228724996, 0.526612214137, 0.581912490181, 0.135187029521, 0.591301685461, 0.329068512455, 0.0377088690869, 0.52948944325, 0.000226012475651, 4.28278712176
0.00455447472567, 0.109816972904, 0.137316457537, 0.169860080863, 0.158661843949, 0.334505022037, 0.108212428245, 0.185708731613, 0.303047730254, 0.856244495594, 0.353905469573, 0.00382810387663, 0.665361515659, 0.259659448742, 0.652296842335, 0.939624232157, 0.96730616186, 0.295041915408, 0.0177675127141, 0.634850391369, 0.36779901069, 0.504087277556, 0.104228724996, 0.575259233653, 0.113688768998, 0.0915702792531, 0.361321855635, 0.329068512455, 0.0377088690869, 0.52948944325, 0.00455447472567, 4.01713032651
0.648134181223, 0.301207091211, 0.52562631399, 0.0717293526992, 0.24325595499, 0.593334434935, 0.0974486208841, 0.894101151446, 0.070376987266, 0.524860713824, 0.722203317665, 0.220169923303, 0.032934673061, 0.363185361631, 0.555682354211, 0.081398152105, 0.113697591337, 0.912216190198, 0.719185899355, 0.448871276404, 0.0385504195309, 0.607072388475, 0.371506322193, 0.0337590046963, 0.937303366528, 0.184955864407, 0.146167759727, 0.350731143971, 0.225232576304, 0.892537005238, 0.648134181223, 2.14555530806
0.852029586003, 0.301207091211, 0.0901267605041, 0.357743798695, 0.0385348215043, 0.593334434935, 0.304684864649, 0.829788695678, 0.070376987266, 0.145763222205, 0.871776958659, 0.0499520275709, 0.032934673061, 0.363185361631, 0.555682354211, 0.081398152105, 0.113697591337, 0.649942816144, 0.10650681907, 0.855602227423, 0.0385504195309, 0.0705451843452, 0.26983991259, 0.86465221732, 0.686637451175, 0.138097055242, 0.345527411137, 0.830607750133, 0.352133403435, 0.51729608395, 0.852029586003, 1.50976366029
0.852029586003, 0.301207091211, 0.0901267605041, 0.357743798695, 0.0385348215043, 0.593334434935, 0.304684864649, 0.829788695678, 0.070376987266, 0.145763222205, 0.871776958659, 0.0499520275709, 0.032934673061, 0.363185361631, 0.555682354211, 0.081398152105, 0.113697591337, 0.649942816144, 0.10650681907, 0.855602227423, 0.0385504195309, 0.0705451843452, 0.26983991259, 0.86465221732, 0.686637451175, 0.138097055242, 0.345527411137, 0.830607750133, 0.352133403435, 0.51729608395, 0.852029586003, 1.50976366029
0.00455447472567, 0.194937420549, 0.361373438135, 0.206120360197, 0.158661843949, 0.221488902074, 0.577779210261, 0.122598864287, 0.303047730254, 0.272920666966, 0.731802164723, 0.506707100663, 0.665361515659, 0.316758679934, 0.652296842335, 0.939624232157, 0.503854704056, 0.655798020558, 0.0177675127141, 0.130429513958, 0.0785220751253, 0.504087277556, 0.0805411364818, 0.507353659108, 0.17848759174, 0.502215211984, 0.361321855635, 0.0347551693042, 0.0377088690869, 0.816534565995, 0.00455447472567, 4.16170352253
0.00455447472567, 0.194937420549, 0.361373438135, 0.206120360197, 0.158661843949, 0.221488902074, 0.577779210261, 0.122598864287, 0.303047730254, 0.272920666966, 0.731802164723, 0.506707100663, 0.665361515659, 0.316758679934, 0.652296842335, 0.939624232157, 0.503854704056, 0.655798020558, 0.0177675127141, 0.130429513958, 0.0785220751253, 0.504087277556, 0.0805411364818, 0.507353659108, 0.17848759174, 0.502215211984, 0.361321855635, 0.0347551693042, 0.0377088690869, 0.816534565995, 0.00455447472567, 4.16170352253
0.000843155079002, 0.0145179324532, 0.314139590041, 0.926164682907, 0.567893625757, 0.641629264543, 0.0929602114455, 0.564514662882, 0.353711348937, 0.0118537635224, 0.455150472416, 0.506707100663, 0.729081024287, 0.0870108100849, 0.0345511557889, 0.0310891336131, 0.876553102957, 0.075645358009, 0.558743958157, 0.977321250282, 0.775218390162, 0.412038138269, 0.162284821102, 0.507353659108, 0.17848759174, 0.0688356105208, 0.361321855635, 0.935485786904, 0.85970451771, 0.557257519678, 0.000843155079002, 4.85745560104
0.00145870072302, 0.339831381978, 0.50518101326, 0.206120360197, 0.158661843949, 0.334505022037, 0.351572494977, 0.185708731613, 0.585222650342, 0.300654848997, 0.388170890227, 0.506707100663, 0.665361515659, 0.316758679934, 0.652296842335, 0.939624232157, 0.27146691541, 0.655798020558, 0.0177675127141, 0.130429513958, 0.0998009784828, 0.172333548173, 0.0760495843315, 0.545515694949, 0.516221145309, 0.502215211984, 0.361321855635, 0.0347551693042, 0.0377088690869, 0.815182938044, 0.00145870072302, 4.23291462159
0.871423630254, 0.113646150503, 0.120510127132, 0.927226014393, 0.216227569661, 0.351112978684, 0.0436742175656, 0.679999737913, 0.779944680056, 0.115464891181, 0.436238702014, 0.0381636748479, 0.957469047329, 0.53041433598, 0.435067952294, 0.331119639197, 0.574554417389, 0.0351113777101, 0.622568220606, 0.928943449896, 0.943799783179, 0.492431224216, 0.0640159194132, 0.369117873109, 0.367820764838, 0.330244863204, 0.435798227379, 0.383281222765, 0.080228820179, 0.451288456798, 0.871423630254, 2.05169347584
0.000843155079002, 0.0145179324532, 0.314139590041, 0.926164682907, 0.567893625757, 0.641629264543, 0.0929602114455, 0.564514662882, 0.353711348937, 0.0118537635224, 0.455150472416, 0.506707100663, 0.729081024287, 0.0870108100849, 0.0345511557889, 0.0310891336131, 0.876553102957, 0.075645358009, 0.558743958157, 0.977321250282, 0.775218390162, 0.412038138269, 0.162284821102, 0.507353659108, 0.17848759174, 0.0688356105208, 0.361321855635, 0.935485786904, 0.85970451771, 0.557257519678, 0.000843155079002, 4.85745560104
0.00145870072302, 0.339831381978, 0.50518101326, 0.206120360197, 0.158661843949, 0.334505022037, 0.351572494977, 0.185708731613, 0.585222650342, 0.300654848997, 0.388170890227, 0.506707100663, 0.665361515659, 0.316758679934, 0.652296842335, 0.939624232157, 0.27146691541, 0.655798020558, 0.0177675127141, 0.130429513958, 0.0998009784828, 0.172333548173, 0.0760495843315, 0.545515694949, 0.516221145309, 0.502215211984, 0.361321855635, 0.0347551693042, 0.0377088690869, 0.815182938044, 0.00145870072302, 4.23291462159
0.871423630254, 0.113646150503, 0.120510127132, 0.927226014393, 0.216227569661, 0.351112978684, 0.0436742175656, 0.679999737913, 0.779944680056, 0.115464891181, 0.436238702014, 0.0381636748479, 0.957469047329, 0.53041433598, 0.435067952294, 0.331119639197, 0.574554417389, 0.0351113777101, 0.622568220606, 0.928943449896, 0.943799783179, 0.492431224216, 0.0640159194132, 0.369117873109, 0.367820764838, 0.330244863204, 0.435798227379, 0.383281222765, 0.080228820179, 0.451288456798, 0.871423630254, 2.05169347584
0.809047505965, 0.194937420549, 0.514682721236, 0.116827500434, 0.158661843949, 0.286668036663, 0.108212428245, 0.185708731613, 0.303047730254, 0.920352873285, 0.731802164723, 0.586622728603, 0.665361515659, 0.60441290509, 0.652296842335, 0.939624232157, 0.503854704056, 0.823312812825, 0.0177675127141, 0.130429513958, 0.0785220751253, 0.443381522331, 0.104228724996, 0.545515694949, 0.581912490181, 0.502215211984, 0.0228470927997, 0.0347551693042, 0.0377088690869, 0.76670298573, 0.809047505965, 2.43474708306
0.000843155079002, 0.0145179324532, 0.314139590041, 0.917931278882, 0.994618427764, 0.641629264543, 0.0929602114455, 0.564514662882, 0.353711348937, 0.0118537635224, 0.455150472416, 0.0534066320604, 0.729081024287, 0.0870108100849, 0.0345511557889, 0.213484394409, 0.876553102957, 0.075645358009, 0.915435668253, 0.977321250282, 0.570446902745, 0.412038138269, 0.162284821102, 0.57401295941, 0.959639085377, 0.0688356105208, 0.650387942697, 0.935485786904, 0.884386599377, 0.557257519678, 0.000843155079002, 5.30798767892
0.819108298623, 0.301207091211, 0.52562631399, 0.0717293526992, 0.302401409547, 0.593334434935, 0.0974486208841, 0.829788695678, 0.070376987266, 0.524860713824, 0.871776958659, 0.282567402788, 0.032934673061, 0.363185361631, 0.555682354211, 0.081398152105, 0.113697591337, 0.912216190198, 0.961385558804, 0.855602227423, 0.0385504195309, 0.607072388475, 0.371506322193, 0.0337590046963, 0.318887068384, 0.184955864407, 0.146167759727, 0.830607750133, 0.225232576304, 0.892537005238, 0.819108298623, 2.29344256699
0.0369275241563, 0.184385171999, 0.176813573343, 0.492984387304, 0.926431450734, 0.956428349951, 0.173648297046, 0.308087228394, 0.566955073786, 0.279107392696, 0.0355581708337, 0.406302757061, 0.140733757189, 0.00186473561191, 0.690359176629, 0.939624232157, 0.637847638842, 0.295041915408, 0.219421169521, 0.661635139479, 0.887152624517, 0.419318452493, 0.104228724996, 0.0886882229835, 0.263959840193, 0.37058909029, 0.218205969078, 0.443366809019, 0.0496581833212, 0.774216633845, 0.0369275241563, 4.1873808057
0.809047505965, 0.194937420549, 0.514682721236, 0.116827500434, 0.158661843949, 0.286668036663, 0.108212428245, 0.185708731613, 0.303047730254, 0.920352873285, 0.731802164723, 0.586622728603, 0.665361515659, 0.60441290509, 0.652296842335, 0.939624232157, 0.503854704056, 0.823312812825, 0.0177675127141, 0.130429513958, 0.0785220751253, 0.443381522331, 0.104228724996, 0.545515694949, 0.581912490181, 0.502215211984, 0.0228470927997, 0.0347551693042, 0.0377088690869, 0.76670298573, 0.809047505965, 2.43474708306
0.000843155079002, 0.0145179324532, 0.314139590041, 0.917931278882, 0.994618427764, 0.641629264543, 0.0929602114455, 0.564514662882, 0.353711348937, 0.0118537635224, 0.455150472416, 0.0534066320604, 0.729081024287, 0.0870108100849, 0.0345511557889, 0.213484394409, 0.876553102957, 0.075645358009, 0.915435668253, 0.977321250282, 0.570446902745, 0.412038138269, 0.162284821102, 0.57401295941, 0.959639085377, 0.0688356105208, 0.650387942697, 0.935485786904, 0.884386599377, 0.557257519678, 0.000843155079002, 5.30798767892
0.819108298623, 0.301207091211, 0.52562631399, 0.0717293526992, 0.302401409547, 0.593334434935, 0.0974486208841, 0.829788695678, 0.070376987266, 0.524860713824, 0.871776958659, 0.282567402788, 0.032934673061, 0.363185361631, 0.555682354211, 0.081398152105, 0.113697591337, 0.912216190198, 0.961385558804, 0.855602227423, 0.0385504195309, 0.607072388475, 0.371506322193, 0.0337590046963, 0.318887068384, 0.184955864407, 0.146167759727, 0.830607750133, 0.225232576304, 0.892537005238, 0.819108298623, 2.29344256699
0.0369275241563, 0.184385171999, 0.176813573343, 0.492984387304, 0.926431450734, 0.956428349951, 0.173648297046, 0.308087228394, 0.566955073786, 0.279107392696, 0.0355581708337, 0.406302757061, 0.140733757189, 0.00186473561191, 0.690359176629, 0.939624232157, 0.637847638842, 0.295041915408, 0.219421169521, 0.661635139479, 0.887152624517, 0.419318452493, 0.104228724996, 0.0886882229835, 0.263959840193, 0.37058909029, 0.218205969078, 0.443366809019, 0.0496581833212, 0.774216633845, 0.0369275241563, 4.1873808057
0.819108298623, 0.837843128318, 0.290254423808, 0.0717293526992, 0.0256005262988, 0.593334434935, 0.0169151885594, 0.829788695678, 0.619298372577, 0.524860713824, 0.871776958659, 0.103987547251, 0.032934673061, 0.363185361631, 0.555682354211, 0.081398152105, 0.113697591337, 0.963113507097, 0.438919255666, 0.460435218744, 0.0385504195309, 0.607072388475, 0.26983991259, 0.332290866026, 0.923613845006, 0.184955864407, 0.345527411137, 0.41579905395, 0.225232576304, 0.892537005238, 0.819108298623, 2.30171939082
0.437910359498, 0.184385171999, 0.350010682695, 0.100251721074, 0.926431450734, 0.956428349951, 0.183910771381, 0.294165238823, 0.0109384827349, 0.0882166535813, 0.0314079445095, 0.826172206353, 0.549397792236, 0.256841565703, 0.54685385015, 0.80287257208, 0.637847638842, 0.769349482074, 0.219421169521, 0.398915739337, 0.175902928739, 0.070368542335, 0.104128209829, 0.0652059715397, 0.263959840193, 0.37058909029, 0.029782459572, 0.784614694261, 0.169765943305, 0.774216633845, 0.437910359498, 2.60175166922
0.819108298623, 0.837843128318, 0.290254423808, 0.0717293526992, 0.0256005262988, 0.593334434935, 0.0169151885594, 0.829788695678, 0.619298372577, 0.524860713824, 0.871776958659, 0.103987547251, 0.032934673061, 0.363185361631, 0.555682354211, 0.081398152105, 0.113697591337, 0.963113507097, 0.438919255666, 0.460435218744, 0.0385504195309, 0.607072388475, 0.26983991259, 0.332290866026, 0.923613845006, 0.184955864407, 0.345527411137, 0.41579905395, 0.225232576304, 0.892537005238, 0.819108298623, 2.30171939082
0.437910359498, 0.184385171999, 0.350010682695, 0.100251721074, 0.926431450734, 0.956428349951, 0.183910771381, 0.294165238823, 0.0109384827349, 0.0882166535813, 0.0314079445095, 0.826172206353, 0.549397792236, 0.256841565703, 0.54685385015, 0.80287257208, 0.637847638842, 0.769349482074, 0.219421169521, 0.398915739337, 0.175902928739, 0.070368542335, 0.104128209829, 0.0652059715397, 0.263959840193, 0.37058909029, 0.029782459572, 0.784614694261, 0.169765943305, 0.774216633845, 0.437910359498, 2.60175166922
0.357386641375, 0.142452042549, 0.290254423808, 0.0114670928095, 0.0845692394817, 0.42488210517, 0.676773904826, 0.985059439419, 0.29230856151, 0.516707733216, 0.0667277136775, 0.584557986345, 0.118820225119, 0.042423676027, 0.373158701078, 0.081398152105, 0.596316435725, 0.705575694786, 0.0255502892978, 0.687369684672, 0.0401814589383, 0.0211337012212, 0.214015376253, 0.053914702905, 0.259949333552, 0.957983365074, 0.62776600159, 0.307642370204, 0.926395278147, 0.168561716005, 0.357386641375, 3.31543597133
0.421493681756, 0.481326906846, 0.8820537022, 0.74614026019, 0.793125847944, 0.265702558765, 0.301886294403, 0.781133377591, 0.997402965115, 0.199588699248, 0.191634519624, 0.083449162404, 0.508265581863, 0.44076758221, 0.367206040617, 0.719888570359, 0.701752186434, 0.229969004398, 0.189939117225, 0.130429513958, 0.262852893892, 0.00709600742631, 0.339833615902, 0.0461769196314, 0.241238234056, 0.224635435209, 0.204666168986, 0.662715308324, 0.0442739113594, 0.949884400444, 0.421493681756, 3.04825978912
0.0042955661009, 0.357693914016, 0.81580623486, 0.00376605822019, 0.266854596044, 0.829790460293, 0.108212428245, 0.0604819909042, 0.158311772035, 0.0952874846613, 0.918628801078, 0.078635709039, 0.0708204651904, 0.396194808437, 0.872194897673, 0.301316451527, 0.196284956699, 0.839089617151, 0.0346880045039, 0.0498374648469, 0.325383037735, 0.156584151791, 0.104228724996, 0.441955117609, 0.830563402956, 0.771668364342, 0.467433474136, 0.0252232246452, 0.78851244387, 0.650857362344, 0.0042955661009, 4.28050220008
0.403769896604, 0.325330788344, 0.350010682695, 0.100251721074, 0.262642850055, 0.965619701292, 0.183910771381, 0.000979582211405, 0.566955073786, 0.155549714172, 0.192305096693, 0.826172206353, 0.417041650945, 0.256841565703, 0.54685385015, 0.80287257208, 0.637847638842, 0.769349482074, 0.219421169521, 0.375959444941, 0.175902928739, 0.496275496465, 0.104128209829, 0.0886882229835, 0.263959840193, 0.37058909029, 0.029782459572, 0.784614694261, 0.169765943305, 0.774216633845, 0.403769896604, 3.08747521558
0.892925563896, 0.730679018184, 0.654317329623, 0.0384313055969, 0.144286178113, 0.0100826035143, 0.730130004107, 0.903627593196, 0.413425862198, 0.349186136068, 0.43185377168, 0.103987547251, 0.320579538064, 0.069420906421, 0.209482488046, 0.99153360508, 0.235243851553, 0.0932297369544, 0.375563763611, 0.0279966390923, 0.911568033534, 0.0899372329929, 0.373341882383, 0.105128500017, 0.423188258343, 0.0566620455723, 0.952515702345, 0.195944343996, 0.807376810158, 0.491769831151, 0.892925563896, 2.28964806103
0.357386641375, 0.142452042549, 0.290254423808, 0.0114670928095, 0.0845692394817, 0.42488210517, 0.676773904826, 0.985059439419, 0.29230856151, 0.516707733216, 0.0667277136775, 0.584557986345, 0.118820225119, 0.042423676027, 0.373158701078, 0.081398152105, 0.596316435725, 0.705575694786, 0.0255502892978, 0.687369684672, 0.0401814589383, 0.0211337012212, 0.214015376253, 0.053914702905, 0.259949333552, 0.957983365074, 0.62776600159, 0.307642370204, 0.926395278147, 0.168561716005, 0.357386641375, 3.31543597133
0.421493681756, 0.481326906846, 0.8820537022, 0.74614026019, 0.793125847944, 0.265702558765, 0.301886294403, 0.781133377591, 0.997402965115, 0.199588699248, 0.191634519624, 0.083449162404, 0.508265581863, 0.44076758221, 0.367206040617, 0.719888570359, 0.701752186434, 0.229969004398, 0.189939117225, 0.130429513958, 0.262852893892, 0.00709600742631, 0.339833615902, 0.0461769196314, 0.241238234056, 0.224635435209, 0.204666168986, 0.662715308324, 0.0442739113594, 0.949884400444, 0.421493681756, 3.04825978912
0.0042955661009, 0.357693914016, 0.81580623486, 0.00376605822019, 0.266854596044, 0.829790460293, 0.108212428245, 0.0604819909042, 0.158311772035, 0.0952874846613, 0.918628801078, 0.078635709039, 0.0708204651904, 0.396194808437, 0.872194897673, 0.301316451527, 0.196284956699, 0.839089617151, 0.0346880045039, 0.0498374648469, 0.325383037735, 0.156584151791, 0.104228724996, 0.441955117609, 0.830563402956, 0.771668364342, 0.467433474136, 0.0252232246452, 0.78851244387, 0.650857362344, 0.0042955661009, 4.28050220008
0.403769896604, 0.325330788344, 0.350010682695, 0.100251721074, 0.262642850055, 0.965619701292, 0.183910771381, 0.000979582211405, 0.566955073786, 0.155549714172, 0.192305096693, 0.826172206353, 0.417041650945, 0.256841565703, 0.54685385015, 0.80287257208, 0.637847638842, 0.769349482074, 0.219421169521, 0.375959444941, 0.175902928739, 0.496275496465, 0.104128209829, 0.0886882229835, 0.263959840193, 0.37058909029, 0.029782459572, 0.784614694261, 0.169765943305, 0.774216633845, 0.403769896604, 3.08747521558
0.892925563896, 0.730679018184, 0.654317329623, 0.0384313055969, 0.144286178113, 0.0100826035143, 0.730130004107, 0.903627593196, 0.413425862198, 0.349186136068, 0.43185377168, 0.103987547251, 0.320579538064, 0.069420906421, 0.209482488046, 0.99153360508, 0.235243851553, 0.0932297369544, 0.375563763611, 0.0279966390923, 0.911568033534, 0.0899372329929, 0.373341882383, 0.105128500017, 0.423188258343, 0.0566620455723, 0.952515702345, 0.195944343996, 0.807376810158, 0.491769831151, 0.892925563896, 2.28964806103
0.639784595053, 0.301207091211, 0.0901267605041, 0.0717293526992, 0.0385348215043, 0.593334434935, 0.304684864649, 0.829788695678, 0.172506183596, 0.524860713824, 0.928542316329, 0.0743594568285, 0.032934673061, 0.363185361631, 0.817779794563, 0.119051610918, 0.113697591337, 0.773334781058, 0.438919255666, 0.855602227423, 0.0385504195309, 0.607072388475, 0.26983991259, 0.86465221732, 0.686637451175, 0.138097055242, 0.410200146178, 0.830607750133, 0.225232576304, 0.892537005238, 0.639784595053, 2.48188079608
0.639784595053, 0.301207091211, 0.0901267605041, 0.0717293526992, 0.0385348215043, 0.593334434935, 0.304684864649, 0.829788695678, 0.172506183596, 0.524860713824, 0.928542316329, 0.0743594568285, 0.032934673061, 0.363185361631, 0.817779794563, 0.119051610918, 0.113697591337, 0.773334781058, 0.438919255666, 0.855602227423, 0.0385504195309, 0.607072388475, 0.26983991259, 0.86465221732, 0.686637451175, 0.138097055242, 0.410200146178, 0.830607750133, 0.225232576304, 0.892537005238, 0.639784595053, 2.48188079608
0.0383372699818, 0.0873939357612, 0.176813573343, 0.100251721074, 0.11045034072, 0.956428349951, 0.108212428245, 0.308087228394, 0.566955073786, 0.37104259181, 0.0355581708337, 0.19322357137, 0.140733757189, 0.00186473561191, 0.395576521708, 0.634463262595, 0.637847638842, 0.769349482074, 0.219421169521, 0.785867954809, 0.887152624517, 0.928728091588, 0.104128209829, 0.0886882229835, 0.263959840193, 0.266639364328, 0.029782459572, 0.0558047694056, 0.169765943305, 0.774216633845, 0.0383372699818, 3.72077265831
0.0779625020126, 0.268436235318, 0.375264914927, 0.632253105637, 0.070701213148, 0.258039282586, 0.101990887491, 0.0643294843243, 0.0161279119362, 0.506096011385, 0.293576768331, 0.981466013945, 0.141468985176, 0.395894315912, 0.0042815287365, 0.644732668131, 0.762878053455, 0.686302253454, 0.162639717304, 0.370385845979, 0.0355192402552, 0.286619345798, 0.967724772302, 0.256615381299, 0.992120262813, 0.0560775203736, 0.0526171207457, 0.801397108215, 0.0405962531831, 0.0836532619137, 0.0779625020126, 3.57763057826
0.0383372699818, 0.0873939357612, 0.176813573343, 0.100251721074, 0.11045034072, 0.956428349951, 0.108212428245, 0.308087228394, 0.566955073786, 0.37104259181, 0.0355581708337, 0.19322357137, 0.140733757189, 0.00186473561191, 0.395576521708, 0.634463262595, 0.637847638842, 0.769349482074, 0.219421169521, 0.785867954809, 0.887152624517, 0.928728091588, 0.104128209829, 0.0886882229835, 0.263959840193, 0.266639364328, 0.029782459572, 0.0558047694056, 0.169765943305, 0.774216633845, 0.0383372699818, 3.72077265831
0.0779625020126, 0.268436235318, 0.375264914927, 0.632253105637, 0.070701213148, 0.258039282586, 0.101990887491, 0.0643294843243, 0.0161279119362, 0.506096011385, 0.293576768331, 0.981466013945, 0.141468985176, 0.395894315912, 0.0042815287365, 0.644732668131, 0.762878053455, 0.686302253454, 0.162639717304, 0.370385845979, 0.0355192402552, 0.286619345798, 0.967724772302, 0.256615381299, 0.992120262813, 0.0560775203736, 0.0526171207457, 0.801397108215, 0.0405962531831, 0.0836532619137, 0.0779625020126, 3.57763057826
0.646238568322, 0.0145179324532, 0.0552759788315, 0.715846244157, 0.871563575187, 0.910168642184, 0.168691572474, 0.646138435046, 0.250819087355, 0.367433179868, 0.455150472416, 0.0534066320604, 0.292945325097, 0.00188569257568, 0.0345511557889, 0.370112004002, 0.876553102957, 0.075645358009, 0.249052525276, 0.639961594796, 0.570446902745, 0.412038138269, 0.625953084977, 0.122385309618, 0.959639085377, 0.324227064808, 0.650387942697, 0.93334571888, 0.884386599377, 0.133231328008, 0.646238568322, 2.50396019127
0.646238568322, 0.0145179324532, 0.0552759788315, 0.715846244157, 0.871563575187, 0.910168642184, 0.168691572474, 0.646138435046, 0.250819087355, 0.367433179868, 0.455150472416, 0.0534066320604, 0.292945325097, 0.00188569257568, 0.0345511557889, 0.370112004002, 0.876553102957, 0.075645358009, 0.249052525276, 0.639961594796, 0.570446902745, 0.412038138269, 0.625953084977, 0.122385309618, 0.959639085377, 0.324227064808, 0.650387942697, 0.93334571888, 0.884386599377, 0.133231328008, 0.646238568322, 2.50396019127
0.00145870072302, 0.339831381978, 0.889896777081, 0.206120360197, 0.158661843949, 0.256128605436, 0.56282186474, 0.191303625201, 0.585222650342, 0.017479657584, 0.203177313768, 0.39904023623, 0.665361515659, 0.150879083912, 0.652296842335, 0.939624232157, 0.503854704056, 0.57552703777, 0.0144997717437, 0.130429513958, 0.0785220751253, 0.504087277556, 0.0491765379575, 0.545515694949, 0.581912490181, 0.502215211984, 0.696264713718, 0.0347551693042, 0.0995079851652, 0.815182938044, 0.00145870072302, 4.4409098065
0.00145870072302, 0.339831381978, 0.889896777081, 0.206120360197, 0.158661843949, 0.256128605436, 0.56282186474, 0.191303625201, 0.585222650342, 0.017479657584, 0.203177313768, 0.39904023623, 0.665361515659, 0.150879083912, 0.652296842335, 0.939624232157, 0.503854704056, 0.57552703777, 0.0144997717437, 0.130429513958, 0.0785220751253, 0.504087277556, 0.0491765379575, 0.545515694949, 0.581912490181, 0.502215211984, 0.696264713718, 0.0347551693042, 0.0995079851652, 0.815182938044, 0.00145870072302, 4.4409098065
0.437910359498, 0.184385171999, 0.936931585513, 0.100251721074, 0.926431450734, 0.956428349951, 0.183910771381, 0.000979582211405, 0.566955073786, 0.159637759908, 0.0314079445095, 0.826172206353, 0.0125406581186, 0.0345054800683, 0.562944671893, 0.80287257208, 0.637847638842, 0.769349482074, 0.219421169521, 0.375959444941, 0.175902928739, 0.496275496465, 0.104128209829, 0.0308908937374, 0.263959840193, 0.37058909029, 0.029782459572, 0.784614694261, 0.169765943305, 0.497007025392, 0.437910359498, 2.67225185547
0.437910359498, 0.184385171999, 0.936931585513, 0.100251721074, 0.926431450734, 0.956428349951, 0.183910771381, 0.000979582211405, 0.566955073786, 0.159637759908, 0.0314079445095, 0.826172206353, 0.0125406581186, 0.0345054800683, 0.562944671893, 0.80287257208, 0.637847638842, 0.769349482074, 0.219421169521, 0.375959444941, 0.175902928739, 0.496275496465, 0.104128209829, 0.0308908937374, 0.263959840193, 0.37058909029, 0.029782459572, 0.784614694261, 0.169765943305, 0.497007025392, 0.437910359498, 2.67225185547
0.0383372699818, 0.0873939357612, 0.176813573343, 0.100251721074, 0.11045034072, 0.956428349951, 0.56282186474, 0.308087228394, 0.566955073786, 0.37104259181, 0.0355581708337, 0.173858237205, 0.140733757189, 0.00186473561191, 0.395576521708, 0.634463262595, 0.637847638842, 0.769349482074, 0.219421169521, 0.785867954809, 0.987897429735, 0.419318452493, 0.104128209829, 0.0886882229835, 0.368257180691, 0.37058909029, 0.029782459572, 0.0558047694056, 0.0144609759055, 0.774216633845, 0.0383372699818, 3.74426827266
0.0383372699818, 0.0873939357612, 0.176813573343, 0.100251721074, 0.11045034072, 0.956428349951, 0.56282186474, 0.308087228394, 0.566955073786, 0.37104259181, 0.0355581708337, 0.173858237205, 0.140733757189, 0.00186473561191, 0.395576521708, 0.634463262595, 0.637847638842, 0.769349482074, 0.219421169521, 0.785867954809, 0.987897429735, 0.419318452493, 0.104128209829, 0.0886882229835, 0.368257180691, 0.37058909029, 0.029782459572, 0.0558047694056, 0.0144609759055, 0.774216633845, 0.0383372699818, 3.74426827266
0.421493681756, 0.19992050474, 0.8820537022, 0.206120360197, 0.793125847944, 0.318642290946, 0.301886294403, 0.897943595501, 0.997270926473, 0.199588699248, 0.191634519624, 0.083449162404, 0.508265581863, 0.486107911537, 0.454469477826, 0.460572048735, 0.851886319019, 0.286767822636, 0.00617940633116, 0.932618394172, 0.262852893892, 0.00709600742631, 0.701286264052, 0.125002332143, 0.241238234056, 0.135187029521, 0.317390464975, 0.230576448746, 0.14704001051, 0.804176640093, 0.421493681756, 3.05758329461
0.00145870072302, 0.178939171429, 0.889896777081, 0.206120360197, 0.158661843949, 0.406953040414, 0.56282186474, 0.191303625201, 0.585222650342, 0.0182481999556, 0.203177313768, 0.204867207289, 0.665361515659, 0.316758679934, 0.652296842335, 0.939624232157, 0.503854704056, 0.655798020558, 0.0144997717437, 0.130429513958, 0.0785220751253, 0.504087277556, 0.0491765379575, 0.545515694949, 0.581912490181, 0.982175210917, 0.361321855635, 0.0347551693042, 0.0995079851652, 0.815182938044, 0.00145870072302, 4.49863870428
0.421493681756, 0.19992050474, 0.8820537022, 0.206120360197, 0.793125847944, 0.318642290946, 0.301886294403, 0.897943595501, 0.997270926473, 0.199588699248, 0.191634519624, 0.083449162404, 0.508265581863, 0.486107911537, 0.454469477826, 0.460572048735, 0.851886319019, 0.286767822636, 0.00617940633116, 0.932618394172, 0.262852893892, 0.00709600742631, 0.701286264052, 0.125002332143, 0.241238234056, 0.135187029521, 0.317390464975, 0.230576448746, 0.14704001051, 0.804176640093, 0.421493681756, 3.05758329461
0.00145870072302, 0.178939171429, 0.889896777081, 0.206120360197, 0.158661843949, 0.406953040414, 0.56282186474, 0.191303625201, 0.585222650342, 0.0182481999556, 0.203177313768, 0.204867207289, 0.665361515659, 0.316758679934, 0.652296842335, 0.939624232157, 0.503854704056, 0.655798020558, 0.0144997717437, 0.130429513958, 0.0785220751253, 0.504087277556, 0.0491765379575, 0.545515694949, 0.581912490181, 0.982175210917, 0.361321855635, 0.0347551693042, 0.0995079851652, 0.815182938044, 0.00145870072302, 4.49863870428
0.0779625020126, 0.268436235318, 0.323230334878, 0.632253105637, 0.112136584585, 0.12597677616, 0.101990887491, 0.0643294843243, 0.279218414474, 0.510458284058, 0.293576768331, 0.988745229373, 0.141468985176, 0.305766609982, 0.449496083125, 0.644732668131, 0.959844615591, 0.498894555012, 0.0293335166105, 0.589533735691, 0.0355192402552, 0.362115213311, 0.625255721204, 0.256615381299, 0.0288747986785, 0.0560775203736, 0.684753341581, 0.801397108215, 0.0423485371353, 0.2115025187, 0.0779625020126, 3.61062692801
0.0779625020126, 0.268436235318, 0.323230334878, 0.632253105637, 0.112136584585, 0.12597677616, 0.101990887491, 0.0643294843243, 0.279218414474, 0.510458284058, 0.293576768331, 0.988745229373, 0.141468985176, 0.305766609982, 0.449496083125, 0.644732668131, 0.959844615591, 0.498894555012, 0.0293335166105, 0.589533735691, 0.0355192402552, 0.362115213311, 0.625255721204, 0.256615381299, 0.0288747986785, 0.0560775203736, 0.684753341581, 0.801397108215, 0.0423485371353, 0.2115025187, 0.0779625020126, 3.61062692801
0.0383372699818, 0.0873939357612, 0.176813573343, 0.100251721074, 0.11045034072, 0.956428349951, 0.56282186474, 0.308087228394, 0.566955073786, 0.37104259181, 0.0355581708337, 0.149158247336, 0.249868690157, 0.00186473561191, 0.395576521708, 0.634463262595, 0.637847638842, 0.769349482074, 0.219421169521, 0.976005326281, 0.887152624517, 0.419318452493, 0.104128209829, 0.0886882229835, 0.263959840193, 0.37058909029, 0.402038935646, 0.489498069182, 0.0144609759055, 0.774216633845, 0.0383372699818, 4.00316416257
0.0410029800115, 0.795011197415, 0.52638246065, 0.357743798695, 0.539151564743, 0.436013242471, 0.0381337349322, 0.323978318616, 0.868931489694, 0.0653870834195, 0.858500535669, 0.597581113038, 0.318404432798, 0.264078201213, 0.542358540861, 0.272003455608, 0.811242124507, 0.685655675736, 0.10650681907, 0.151184323676, 0.295830401028, 0.29734021217, 0.0301142215504, 0.0833987695343, 0.128073197253, 0.471945060388, 0.349216846229, 0.122032943881, 0.255509050702, 0.0182445734207, 0.0410029800115, 3.83382640444
0.0383372699818, 0.0873939357612, 0.176813573343, 0.100251721074, 0.11045034072, 0.956428349951, 0.56282186474, 0.308087228394, 0.566955073786, 0.37104259181, 0.0355581708337, 0.149158247336, 0.249868690157, 0.00186473561191, 0.395576521708, 0.634463262595, 0.637847638842, 0.769349482074, 0.219421169521, 0.976005326281, 0.887152624517, 0.419318452493, 0.104128209829, 0.0886882229835, 0.263959840193, 0.37058909029, 0.402038935646, 0.489498069182, 0.0144609759055, 0.774216633845, 0.0383372699818, 4.00316416257
0.0410029800115, 0.795011197415, 0.52638246065, 0.357743798695, 0.539151564743, 0.436013242471, 0.0381337349322, 0.323978318616, 0.868931489694, 0.0653870834195, 0.858500535669, 0.597581113038, 0.318404432798, 0.264078201213, 0.542358540861, 0.272003455608, 0.811242124507, 0.685655675736, 0.10650681907, 0.151184323676, 0.295830401028, 0.29734021217, 0.0301142215504, 0.0833987695343, 0.128073197253, 0.471945060388, 0.349216846229, 0.122032943881, 0.255509050702, 0.0182445734207, 0.0410029800115, 3.83382640444
0.0042955661009, 0.88910568638, 0.81580623486, 0.00376605822019, 0.266854596044, 0.829790460293, 0.351572494977, 0.0604819909042, 0.158311772035, 0.115464891181, 0.918628801078, 0.661359590308, 0.0708204651904, 0.396194808437, 0.872194897673, 0.301316451527, 0.196284956699, 0.0979016865145, 0.0346880045039, 0.0498374648469, 0.325383037735, 0.156584151791, 0.0760495843315, 0.369117873109, 0.830563402956, 0.771668364342, 0.467433474136, 0.0252232246452, 0.78851244387, 0.650857362344, 0.0042955661009, 4.44411546253
0.0042955661009, 0.88910568638, 0.81580623486, 0.00376605822019, 0.266854596044, 0.829790460293, 0.351572494977, 0.0604819909042, 0.158311772035, 0.115464891181, 0.918628801078, 0.661359590308, 0.0708204651904, 0.396194808437, 0.872194897673, 0.301316451527, 0.196284956699, 0.0979016865145, 0.0346880045039, 0.0498374648469, 0.325383037735, 0.156584151791, 0.0760495843315, 0.369117873109, 0.830563402956, 0.771668364342, 0.467433474136, 0.0252232246452, 0.78851244387, 0.650857362344, 0.0042955661009, 4.44411546253
0.437910359498, 0.184385171999, 0.350010682695, 0.100251721074, 0.926431450734, 0.956428349951, 0.183910771381, 0.308087228394, 0.585398536881, 0.155549714172, 0.183881876001, 0.826172206353, 0.104093279935, 0.210266219123, 0.54685385015, 0.80287257208, 0.637847638842, 0.769349482074, 0.219421169521, 0.474194530573, 0.42402969547, 0.496275496465, 0.104128209829, 0.0886882229835, 0.263959840193, 0.424127967771, 0.029782459572, 0.784614694261, 0.169765943305, 0.285401323689, 0.437910359498, 2.77300305096
0.0410029800115, 0.795011197415, 0.52638246065, 0.357743798695, 0.539151564743, 0.436013242471, 0.0381337349322, 0.323978318616, 0.868931489694, 0.0653870834195, 0.858500535669, 0.597581113038, 0.318404432798, 0.264078201213, 0.542358540861, 0.272003455608, 0.811242124507, 0.685655675736, 0.10650681907, 0.151184323676, 0.295830401028, 0.29734021217, 0.106732719054, 0.0833987695343, 0.128073197253, 0.732859143894, 0.0749760918199, 0.122032943881, 0.255509050702, 0.00687181848345, 0.0410029800115, 3.84915258222
0.457881562502, 0.142452042549, 0.290254423808, 0.124541581757, 0.0845692394817, 0.938361167942, 0.547011085843, 0.985059439419, 0.29230856151, 0.316729928065, 0.0667277136775, 0.584557986345, 0.118820225119, 0.055595753163, 0.373158701078, 0.081398152105, 0.596316435725, 0.597691572822, 0.0255502892978, 0.97776535668, 0.0401814589383, 0.0211337012212, 0.55316432767, 0.266586470005, 0.346939712081, 0.957983365074, 0.62776600159, 0.48830960385, 0.926395278147, 0.168561716005, 0.457881562502, 2.70371473926
0.437910359498, 0.184385171999, 0.350010682695, 0.100251721074, 0.926431450734, 0.956428349951, 0.183910771381, 0.308087228394, 0.585398536881, 0.155549714172, 0.183881876001, 0.826172206353, 0.104093279935, 0.210266219123, 0.54685385015, 0.80287257208, 0.637847638842, 0.769349482074, 0.219421169521, 0.474194530573, 0.42402969547, 0.496275496465, 0.104128209829, 0.0886882229835, 0.263959840193, 0.424127967771, 0.029782459572, 0.784614694261, 0.169765943305, 0.285401323689, 0.437910359498, 2.77300305096
0.0410029800115, 0.795011197415, 0.52638246065, 0.357743798695, 0.539151564743, 0.436013242471, 0.0381337349322, 0.323978318616, 0.868931489694, 0.0653870834195, 0.858500535669, 0.597581113038, 0.318404432798, 0.264078201213, 0.542358540861, 0.272003455608, 0.811242124507, 0.685655675736, 0.10650681907, 0.151184323676, 0.295830401028, 0.29734021217, 0.106732719054, 0.0833987695343, 0.128073197253, 0.732859143894, 0.0749760918199, 0.122032943881, 0.255509050702, 0.00687181848345, 0.0410029800115, 3.84915258222
0.457881562502, 0.142452042549, 0.290254423808, 0.124541581757, 0.0845692394817, 0.938361167942, 0.547011085843, 0.985059439419, 0.29230856151, 0.316729928065, 0.0667277136775, 0.584557986345, 0.118820225119, 0.055595753163, 0.373158701078, 0.081398152105, 0.596316435725, 0.597691572822, 0.0255502892978, 0.97776535668, 0.0401814589383, 0.0211337012212, 0.55316432767, 0.266586470005, 0.346939712081, 0.957983365074, 0.62776600159, 0.48830960385, 0.926395278147, 0.168561716005, 0.457881562502, 2.70371473926
