0.0713403200802, 0.00358654299599, 0.0198042782887, 0.0753822898542, 0.165855462712, 0.0395113373242, 0.0271221786227, 0.0942292074251, 0.00671190845958, 0.0296478228324, 0.355962673864, 5.25960300589
0.085904637489, 0.0230476198365, 0.0319994696059, 0.0422569990836, 0.0385459571144, 0.0956769890767, 0.119977178907, 0.0375528049617, 0.061349018184, 0.0359366913329, 0.295783002315, 5.32289248426
0.0785282354275, 0.0116417871644, 0.00746063234825, 0.0953426828196, 0.0385459571144, 0.0118796954092, 0.0820019344015, 0.411094396962, 0.10134700802, 0.00937362944361, 0.287344819235, 5.8513322139
0.0713403200802, 0.00358654299599, 0.0198042782887, 0.0753822898542, 0.165855462712, 0.0395113373242, 0.0271221786227, 0.0942292074251, 0.00671190845958, 0.0296478228324, 0.355962673864, 5.25960300589
0.085904637489, 0.0230476198365, 0.0319994696059, 0.0422569990836, 0.0385459571144, 0.0956769890767, 0.119977178907, 0.0375528049617, 0.061349018184, 0.0359366913329, 0.295783002315, 5.32289248426
0.0785282354275, 0.0116417871644, 0.00746063234825, 0.0953426828196, 0.0385459571144, 0.0118796954092, 0.0820019344015, 0.411094396962, 0.10134700802, 0.00937362944361, 0.287344819235, 5.8513322139
0.360984953012, 0.0320896637825, 0.208781318992, 0.025195649083, 0.0102347023986, 0.115174426976, 0.148856747297, 0.000631921045571, 0.0042574997917, 0.0206119288486, 0.996402816476, 5.32635856915
0.744296917889, 0.00358654299599, 0.0198042782887, 0.0753822898542, 0.165855462712, 0.0409907617913, 0.0271221786227, 0.0942292074251, 0.00671190845958, 0.215943201719, 0.950803055814, 5.50537542124
0.0713403200802, 0.0320896637825, 0.0198042782887, 0.19759217563, 0.0385459571144, 0.0357092089195, 0.126923448278, 0.0942292074251, 0.0770231853815, 0.0359366913329, 0.355962673864, 5.65734992126
0.744296917889, 0.00358654299599, 0.0198042782887, 0.0753822898542, 0.165855462712, 0.0409907617913, 0.0271221786227, 0.0942292074251, 0.00671190845958, 0.215943201719, 0.950803055814, 5.50537542124
0.360984953012, 0.0320896637825, 0.208781318992, 0.025195649083, 0.0102347023986, 0.115174426976, 0.148856747297, 0.000631921045571, 0.0042574997917, 0.0206119288486, 0.996402816476, 5.32635856915
0.0713403200802, 0.0320896637825, 0.0198042782887, 0.19759217563, 0.0385459571144, 0.0357092089195, 0.126923448278, 0.0942292074251, 0.0770231853815, 0.0359366913329, 0.355962673864, 5.65734992126
0.085904637489, 0.0116417871644, 0.0198042782887, 0.0953426828196, 0.0243045798318, 0.231748587243, 0.0338893418487, 0.411094396962, 0.0171624495884, 0.0127098010395, 0.295783002315, 5.98594347091
0.085904637489, 0.0116417871644, 0.0198042782887, 0.0953426828196, 0.0243045798318, 0.231748587243, 0.0338893418487, 0.411094396962, 0.0171624495884, 0.0127098010395, 0.295783002315, 5.98594347091
0.360984953012, 0.0320896637825, 0.208781318992, 0.025195649083, 0.0125187828793, 0.115174426976, 0.148856747297, 0.000631921045571, 0.0042574997917, 0.0206119288486, 0.996402816476, 5.33104821864
0.360984953012, 0.0320896637825, 0.208781318992, 0.025195649083, 0.0125187828793, 0.115174426976, 0.148856747297, 0.000631921045571, 0.0042574997917, 0.0206119288486, 0.996402816476, 5.33104821864
0.0147448256535, 0.0320896637825, 0.100583069663, 0.0753822898542, 0.0385459571144, 0.0911761292211, 0.179692104683, 0.0198163069902, 0.0469080995224, 0.0359366913329, 0.999597843164, 5.4330041225
0.0147448256535, 0.0320896637825, 0.100583069663, 0.0753822898542, 0.0385459571144, 0.0911761292211, 0.179692104683, 0.0198163069902, 0.0469080995224, 0.0359366913329, 0.999597843164, 5.4330041225
0.0273714420692, 0.0320896637825, 0.100583069663, 0.0753822898542, 0.033171481793, 0.0911761292211, 0.179692104683, 0.00829668063017, 0.10134700802, 0.0359366913329, 0.987076092041, 5.50778646956
0.744296917889, 0.0320896637825, 0.000830974507348, 0.118916338719, 0.00719381143427, 0.020239060518, 0.148856747297, 0.238917249086, 0.0285747849803, 0.0819541788618, 0.950803055814, 5.55613658024
0.0273714420692, 0.0320896637825, 0.100583069663, 0.0753822898542, 0.033171481793, 0.0911761292211, 0.179692104683, 0.00829668063017, 0.10134700802, 0.0359366913329, 0.987076092041, 5.50778646956
0.744296917889, 0.0320896637825, 0.000830974507348, 0.118916338719, 0.00719381143427, 0.020239060518, 0.148856747297, 0.238917249086, 0.0285747849803, 0.0819541788618, 0.950803055814, 5.55613658024
0.985907629547, 0.00432198882724, 0.199174912854, 0.0753822898542, 0.0385459571144, 0.00580376015032, 0.201768578139, 0.0536823788012, 0.0201374110542, 0.0323065184816, 0.999993656966, 5.45380703974
0.985907629547, 0.00432198882724, 0.199174912854, 0.0753822898542, 0.0385459571144, 0.00580376015032, 0.201768578139, 0.0536823788012, 0.0201374110542, 0.0323065184816, 0.999993656966, 5.45380703974
0.0713403200802, 0.0320896637825, 0.00980101881587, 0.452837230682, 0.0385459571144, 0.0485864018403, 0.0621249652175, 0.0942292074251, 0.00700318381438, 0.0143010872444, 0.355962673864, 5.82917835657
0.116504758818, 0.0320896637825, 0.0198042782887, 0.237369824927, 0.0385459571144, 0.0485864018403, 0.126923448278, 0.0942292074251, 0.10134700802, 0.0359366913329, 0.821714632687, 5.69473181681
0.06705439152, 0.0320896637825, 0.0198042782887, 0.0701615448137, 0.00312574354438, 0.0409907617913, 0.148856747297, 0.351560723043, 0.00671190845958, 0.0359366913329, 0.426063918407, 5.73700979979
0.06705439152, 0.0320896637825, 0.0198042782887, 0.0701615448137, 0.00312574354438, 0.0409907617913, 0.148856747297, 0.351560723043, 0.00671190845958, 0.0359366913329, 0.426063918407, 5.73700979979
0.0713403200802, 0.0320896637825, 0.00980101881587, 0.452837230682, 0.0385459571144, 0.0485864018403, 0.0621249652175, 0.0942292074251, 0.00700318381438, 0.0143010872444, 0.355962673864, 5.82917835657
0.116504758818, 0.0320896637825, 0.0198042782887, 0.237369824927, 0.0385459571144, 0.0485864018403, 0.126923448278, 0.0942292074251, 0.10134700802, 0.0359366913329, 0.821714632687, 5.69473181681
0.06705439152, 0.0320896637825, 0.0198042782887, 0.0701615448137, 0.00312574354438, 0.0409907617913, 0.148856747297, 0.351560723043, 0.00671190845958, 0.0359366913329, 0.426063918407, 5.73700979979
0.06705439152, 0.0320896637825, 0.0198042782887, 0.0701615448137, 0.00312574354438, 0.0409907617913, 0.148856747297, 0.351560723043, 0.00671190845958, 0.0359366913329, 0.426063918407, 5.73700979979
0.744296917889, 0.00244639682765, 0.000830974507348, 0.118916338719, 0.0771414179922, 0.0593288883617, 0.0621249652175, 0.238917249086, 0.000570812021816, 0.142542654386, 0.950803055814, 5.60064110757
0.744296917889, 0.00244639682765, 0.000830974507348, 0.118916338719, 0.0771414179922, 0.0593288883617, 0.0621249652175, 0.238917249086, 0.000570812021816, 0.142542654386, 0.950803055814, 5.60064110757
0.085904637489, 0.0116417871644, 0.0198042782887, 0.11705054477, 0.0385459571144, 0.231748587243, 0.0338893418487, 0.411094396962, 0.0171624495884, 0.00701981305444, 0.295783002315, 6.02958085121
0.085904637489, 0.0116417871644, 0.0198042782887, 0.11705054477, 0.0385459571144, 0.231748587243, 0.0338893418487, 0.411094396962, 0.0171624495884, 0.00701981305444, 0.295783002315, 6.02958085121
0.59758715033, 0.186223824204, 0.000403563157284, 0.0551352001656, 7.34148758619e-05, 0.140388436426, 0.187381296011, 0.0376665729421, 0.0285747849803, 0.142542654386, 0.926433772951, 5.73474046752
0.59758715033, 0.186223824204, 0.000403563157284, 0.0551352001656, 7.34148758619e-05, 0.140388436426, 0.187381296011, 0.0376665729421, 0.0285747849803, 0.142542654386, 0.926433772951, 5.73474046752
0.744296917889, 0.00724421740866, 0.000830974507348, 0.118916338719, 0.00719381143427, 0.020239060518, 0.148856747297, 0.238917249086, 0.0285747849803, 0.142542654386, 0.950803055814, 5.61878582154
0.744296917889, 0.00724421740866, 0.000830974507348, 0.118916338719, 0.00719381143427, 0.020239060518, 0.148856747297, 0.238917249086, 0.0285747849803, 0.142542654386, 0.950803055814, 5.61878582154
0.994694065439, 0.0320896637825, 0.00671718848647, 0.0753822898542, 0.0360485513761, 0.110276439252, 0.179692104683, 0.105899940376, 0.10134700802, 0.0359366913329, 0.999999981462, 5.54973562749
0.994694065439, 0.0320896637825, 0.00671718848647, 0.0753822898542, 0.0360485513761, 0.110276439252, 0.179692104683, 0.105899940376, 0.10134700802, 0.0359366913329, 0.999999981462, 5.54973562749
0.06705439152, 0.0320896637825, 0.0198042782887, 0.0701615448137, 0.0771414179922, 0.0409907617913, 0.126923448278, 0.351560723043, 0.00671190845958, 0.0359366913329, 0.426063918407, 5.82269802932
0.06705439152, 0.0320896637825, 0.0198042782887, 0.0701615448137, 0.0771414179922, 0.0409907617913, 0.126923448278, 0.351560723043, 0.00671190845958, 0.0359366913329, 0.426063918407, 5.82269802932
0.744296917889, 0.0112059592193, 0.000830974507348, 0.118916338719, 0.0125187828793, 0.0593288883617, 0.148856747297, 0.238917249086, 0.000570812021816, 0.142542654386, 0.950803055814, 5.65343192468
0.744296917889, 0.0112059592193, 0.000830974507348, 0.118916338719, 0.0125187828793, 0.0593288883617, 0.148856747297, 0.238917249086, 0.000570812021816, 0.142542654386, 0.950803055814, 5.65343192468
0.085904637489, 0.360282757898, 0.00154472203433, 0.0753822898542, 0.165855462712, 0.0409907617913, 0.0271221786227, 0.0099644161785, 0.00671190845958, 0.215943201719, 0.295783002315, 6.05198084887
0.985907629547, 0.0320896637825, 0.0319994696059, 0.0422569990836, 0.0385459571144, 0.31180940737, 0.119977178907, 0.0375528049617, 0.061349018184, 0.0359366913329, 0.999993656966, 5.59906662632
0.085904637489, 0.360282757898, 0.00154472203433, 0.0753822898542, 0.165855462712, 0.0409907617913, 0.0271221786227, 0.0099644161785, 0.00671190845958, 0.215943201719, 0.295783002315, 6.05198084887
0.985907629547, 0.0320896637825, 0.0319994696059, 0.0422569990836, 0.0385459571144, 0.31180940737, 0.119977178907, 0.0375528049617, 0.061349018184, 0.0359366913329, 0.999993656966, 5.59906662632
0.744296917889, 0.0320896637825, 0.000830974507348, 0.118916338719, 0.00719381143427, 0.020239060518, 0.148856747297, 0.235138722764, 0.0285747849803, 0.142542654386, 0.950803055814, 5.65459979079
0.744296917889, 0.0320896637825, 0.000830974507348, 0.118916338719, 0.00719381143427, 0.020239060518, 0.148856747297, 0.235138722764, 0.0285747849803, 0.142542654386, 0.950803055814, 5.65459979079
0.0713403200802, 0.0320896637825, 0.0198042782887, 0.452837230682, 0.0385459571144, 0.0485864018403, 0.126923448278, 0.0942292074251, 0.00700318381438, 0.0143010872444, 0.355962673864, 5.94485769108
0.0713403200802, 0.0320896637825, 0.0198042782887, 0.452837230682, 0.0385459571144, 0.0485864018403, 0.126923448278, 0.0942292074251, 0.00700318381438, 0.0143010872444, 0.355962673864, 5.94485769108
0.085904637489, 0.0320896637825, 0.0198042782887, 0.11705054477, 0.165855462712, 0.231748587243, 0.0338893418487, 0.411094396962, 0.0171624495884, 0.0127098010395, 0.295783002315, 6.2351229956
0.0897019474124, 0.0320896637825, 0.00746063234825, 0.0210064971302, 0.0385459571144, 0.231748587243, 0.229319527818, 0.364350703015, 0.0509142522528, 0.0359366913329, 0.331116134551, 6.19321055838
0.085904637489, 0.0320896637825, 0.0198042782887, 0.11705054477, 0.165855462712, 0.231748587243, 0.0338893418487, 0.411094396962, 0.0171624495884, 0.0127098010395, 0.295783002315, 6.2351229956
0.0897019474124, 0.0320896637825, 0.00746063234825, 0.0210064971302, 0.0385459571144, 0.231748587243, 0.229319527818, 0.364350703015, 0.0509142522528, 0.0359366913329, 0.331116134551, 6.19321055838
0.994694065439, 0.0320896637825, 0.00204788187305, 0.0753822898542, 0.0360485513761, 0.110276439252, 0.251160742645, 0.105899940376, 0.0757831515725, 0.0359366913329, 0.999999981462, 5.62154673434
0.994694065439, 0.0320896637825, 0.00204788187305, 0.0753822898542, 0.0360485513761, 0.110276439252, 0.251160742645, 0.105899940376, 0.0757831515725, 0.0359366913329, 0.999999981462, 5.62154673434
0.744296917889, 0.0320896637825, 0.000830974507348, 0.118916338719, 0.00719381143427, 0.020239060518, 0.148856747297, 0.238917249086, 0.0285747849803, 0.142542654386, 0.950803055814, 5.66094040521
0.744296917889, 0.0320896637825, 0.000830974507348, 0.118916338719, 0.00719381143427, 0.020239060518, 0.148856747297, 0.238917249086, 0.0285747849803, 0.142542654386, 0.950803055814, 5.66094040521
0.744296917889, 0.186223824204, 0.000403563157284, 0.0551352001656, 7.34148758619e-05, 0.140388436426, 0.148856747297, 0.0376665729421, 0.0285747849803, 0.142542654386, 0.950803055814, 5.66379160825
0.744296917889, 0.186223824204, 0.000403563157284, 0.0551352001656, 7.34148758619e-05, 0.140388436426, 0.148856747297, 0.0376665729421, 0.0285747849803, 0.142542654386, 0.950803055814, 5.66379160825
0.085904637489, 0.216593247575, 0.00746063234825, 0.452837230682, 0.0397701071795, 0.020239060518, 0.0795138230933, 0.1598791378, 0.0655625969291, 0.00336273712513, 0.295783002315, 6.23993325903
0.085904637489, 0.216593247575, 0.00746063234825, 0.452837230682, 0.0397701071795, 0.020239060518, 0.0795138230933, 0.1598791378, 0.0655625969291, 0.00336273712513, 0.295783002315, 6.23993325903
0.199554081499, 0.0116417871644, 0.00746063234825, 0.0953426828196, 0.0385459571144, 0.0118796954092, 0.0820019344015, 0.411094396962, 0.10134700802, 0.00937362944361, 0.982692411499, 5.70076857776
0.199554081499, 0.0116417871644, 0.00746063234825, 0.0953426828196, 0.0385459571144, 0.0118796954092, 0.0820019344015, 0.411094396962, 0.10134700802, 0.00937362944361, 0.982692411499, 5.70076857776
0.085904637489, 0.0116417871644, 0.0198042782887, 0.11705054477, 0.165855462712, 0.231748587243, 0.111578969011, 0.411094396962, 0.00699765340755, 0.0127098010395, 0.295783002315, 6.29359456956
0.085904637489, 0.0116417871644, 0.0198042782887, 0.11705054477, 0.165855462712, 0.231748587243, 0.111578969011, 0.411094396962, 0.00699765340755, 0.0127098010395, 0.295783002315, 6.29359456956
0.085904637489, 0.0116417871644, 0.0198042782887, 0.11705054477, 0.165855462712, 0.231748587243, 0.111578969011, 0.411094396962, 0.00699765340755, 0.0127098010395, 0.295783002315, 6.29359456956
0.085904637489, 0.0116417871644, 0.0198042782887, 0.11705054477, 0.165855462712, 0.231748587243, 0.111578969011, 0.411094396962, 0.00699765340755, 0.0127098010395, 0.295783002315, 6.29359456956
0.00555918158026, 0.205425958813, 0.00746063234825, 0.0753822898542, 0.165855462712, 0.0409907617913, 0.0271221786227, 0.0099644161785, 0.00671190845958, 0.215943201719, 0.99999871931, 5.672240667
0.00555918158026, 0.205425958813, 0.00746063234825, 0.0753822898542, 0.165855462712, 0.0409907617913, 0.0271221786227, 0.0099644161785, 0.00671190845958, 0.215943201719, 0.99999871931, 5.672240667
0.514608735475, 0.216593247575, 0.00746063234825, 0.391990158904, 0.0297306662821, 0.00606249856829, 0.00819192539498, 0.0099644161785, 0.0655625969291, 0.0359366913329, 0.999948417737, 5.69949706719
0.514608735475, 0.216593247575, 0.00746063234825, 0.391990158904, 0.0297306662821, 0.00606249856829, 0.00819192539498, 0.0099644161785, 0.0655625969291, 0.0359366913329, 0.999948417737, 5.69949706719
0.0473256583281, 0.00765564042322, 0.00621317605163, 0.0953426828196, 0.0385459571144, 0.201537231726, 0.0820019344015, 0.411094396962, 0.10134700802, 0.00937362944361, 0.815961613849, 6.02560245866
0.0473256583281, 0.00765564042322, 0.00621317605163, 0.0953426828196, 0.0385459571144, 0.201537231726, 0.0820019344015, 0.411094396962, 0.10134700802, 0.00937362944361, 0.815961613849, 6.02560245866
0.744296917889, 0.0320896637825, 0.000830974507348, 0.195576805356, 0.00719381143427, 0.020239060518, 0.148856747297, 0.238917249086, 0.0285747849803, 0.142542654386, 0.950803055814, 5.78454830385
0.744296917889, 0.0320896637825, 0.000830974507348, 0.195576805356, 0.00719381143427, 0.020239060518, 0.148856747297, 0.238917249086, 0.0285747849803, 0.142542654386, 0.950803055814, 5.78454830385
0.744296917889, 0.0320896637825, 0.000830974507348, 0.118916338719, 0.0125187828793, 0.0409907617913, 0.148856747297, 0.238917249086, 0.0233962056402, 0.215943201719, 0.950803055814, 5.81172730912
0.744296917889, 0.0320896637825, 0.000830974507348, 0.118916338719, 0.0125187828793, 0.0409907617913, 0.148856747297, 0.238917249086, 0.0233962056402, 0.215943201719, 0.950803055814, 5.81172730912
0.0713403200802, 0.0320896637825, 0.0198042782887, 0.452837230682, 0.0983381337869, 0.0485864018403, 0.126923448278, 0.0942292074251, 0.10134700802, 0.0359366913329, 0.355962673864, 6.18880639258
0.0713403200802, 0.0320896637825, 0.0198042782887, 0.452837230682, 0.0983381337869, 0.0485864018403, 0.126923448278, 0.0942292074251, 0.10134700802, 0.0359366913329, 0.355962673864, 6.18880639258
0.0713403200802, 0.0320896637825, 0.0198042782887, 0.452837230682, 0.0983381337869, 0.0485864018403, 0.126923448278, 0.0942292074251, 0.10134700802, 0.0359366913329, 0.355962673864, 6.18880639258
0.0713403200802, 0.0320896637825, 0.0198042782887, 0.452837230682, 0.0983381337869, 0.0485864018403, 0.126923448278, 0.0942292074251, 0.10134700802, 0.0359366913329, 0.355962673864, 6.18880639258
0.085904637489, 0.0230476198365, 0.0319994696059, 0.391990158904, 0.0297306662821, 0.288003973362, 0.284250932959, 0.00345206114467, 0.0655625969291, 0.0359366913329, 0.295783002315, 6.37185959231
0.085904637489, 0.0230476198365, 0.0319994696059, 0.391990158904, 0.0297306662821, 0.288003973362, 0.284250932959, 0.00345206114467, 0.0655625969291, 0.0359366913329, 0.295783002315, 6.37185959231
0.0897019474124, 0.0320896637825, 0.00746063234825, 0.0953426828196, 0.0385459571144, 0.231748587243, 0.229319527818, 0.364350703015, 0.10134700802, 0.0359366913329, 0.331116134551, 6.34740647415
0.0897019474124, 0.0320896637825, 0.00746063234825, 0.0953426828196, 0.0385459571144, 0.231748587243, 0.229319527818, 0.364350703015, 0.10134700802, 0.0359366913329, 0.331116134551, 6.34740647415
0.085904637489, 0.216593247575, 0.00746063234825, 0.137508238253, 0.0143202882069, 0.643636384968, 0.0795138230933, 0.00097641464571, 0.0655625969291, 0.0359366913329, 0.295783002315, 6.42659921686
0.085904637489, 0.216593247575, 0.00746063234825, 0.137508238253, 0.0143202882069, 0.643636384968, 0.0795138230933, 0.00097641464571, 0.0655625969291, 0.0359366913329, 0.295783002315, 6.42659921686
