0.388689371895, 0.000562642674576, 0.0131338065491, 0.0383669263438, 0.0937637206201, 0.0935092566378, 0.0532641595949, 0.00530787082057, 0.197651110449, 0.0902486542512, 0.912041325118, 5.39592103597
0.388689371895, 0.000562642674576, 0.0131338065491, 0.0383669263438, 0.0937637206201, 0.0935092566378, 0.0532641595949, 0.00530787082057, 0.197651110449, 0.0902486542512, 0.912041325118, 5.39592103597
0.0907788616759, 0.468662876027, 0.00332095583749, 0.00343950646385, 0.00228755608789, 0.00169132107266, 0.0825045745208, 0.0536996489447, 0.127796289867, 0.201279053028, 0.344528547081, 6.10336454336
0.0907788616759, 0.468662876027, 0.00332095583749, 0.00343950646385, 0.00228755608789, 0.00169132107266, 0.0825045745208, 0.0536996489447, 0.127796289867, 0.201279053028, 0.344528547081, 6.10336454336
0.0802125460169, 0.468662876027, 0.00424908391195, 0.131854714802, 0.00356118014251, 0.00134006659517, 0.000300702885882, 0.428974202146, 0.188961248529, 0.00360326620871, 0.281965369629, 6.46154692501
0.0802125460169, 0.468662876027, 0.00424908391195, 0.131854714802, 0.00356118014251, 0.00134006659517, 0.000300702885882, 0.428974202146, 0.188961248529, 0.00360326620871, 0.281965369629, 6.46154692501
0.388689371895, 0.000562642674576, 0.0131338065491, 0.0383669263438, 0.0946611252529, 0.0935092566378, 0.0532641595949, 0.00530787082057, 0.197651110449, 0.0902486542512, 0.912041325118, 5.3977080588
0.388689371895, 0.000562642674576, 0.0131338065491, 0.0383669263438, 0.0946611252529, 0.0935092566378, 0.0532641595949, 0.00530787082057, 0.197651110449, 0.0902486542512, 0.912041325118, 5.3977080588
0.091009086789, 0.0902737778231, 0.019438535634, 0.131854714802, 0.0304491237626, 0.115037394169, 0.0825045745208, 0.139064374435, 0.127796289867, 0.223912035079, 0.347573988201, 6.12417259166
0.091009086789, 0.0902737778231, 0.019438535634, 0.131854714802, 0.0304491237626, 0.115037394169, 0.0825045745208, 0.139064374435, 0.127796289867, 0.223912035079, 0.347573988201, 6.12417259166
0.0829659022632, 0.171031254074, 0.447388221167, 0.338923107371, 0.915943745337, 0.120127999422, 0.382455590375, 0.413485042574, 0.840316191999, 0.282018015722, 0.282518069039, 8.29796202251
0.0829659022632, 0.171031254074, 0.447388221167, 0.338923107371, 0.915943745337, 0.120127999422, 0.382455590375, 0.413485042574, 0.840316191999, 0.282018015722, 0.282518069039, 8.29796202251
0.0845500320186, 0.401954055313, 0.019438535634, 0.0888502210796, 0.00276616428139, 0.0303479709163, 0.0119336102373, 0.0536996489447, 0.0508539966035, 0.596523502239, 0.288071791295, 6.48848156261
0.0845500320186, 0.401954055313, 0.019438535634, 0.0888502210796, 0.00276616428139, 0.0303479709163, 0.0119336102373, 0.0536996489447, 0.0508539966035, 0.596523502239, 0.288071791295, 6.48848156261
0.0845500320186, 0.401954055313, 0.019438535634, 0.0888502210796, 0.00276616428139, 0.0303479709163, 0.0119336102373, 0.0536996489447, 0.0508539966035, 0.596523502239, 0.288071791295, 6.48848156261
0.0845500320186, 0.401954055313, 0.019438535634, 0.0888502210796, 0.00276616428139, 0.0303479709163, 0.0119336102373, 0.0536996489447, 0.0508539966035, 0.596523502239, 0.288071791295, 6.48848156261
0.759756699171, 0.0141778743946, 0.0641728295967, 0.00500626530294, 0.00843707233263, 0.0190645942374, 0.0312160953759, 0.10665340059, 0.333954506735, 0.0322100646956, 0.956763578553, 5.4378869965
0.759756699171, 0.0141778743946, 0.0641728295967, 0.00500626530294, 0.00843707233263, 0.0190645942374, 0.0312160953759, 0.10665340059, 0.333954506735, 0.0322100646956, 0.956763578553, 5.4378869965
0.185527874417, 0.00388254380153, 0.0641728295967, 0.00500626530294, 0.00843707233263, 0.0190645942374, 0.0312160953759, 0.10665340059, 0.333954506735, 0.0322100646956, 0.999153159619, 5.403083744
0.185527874417, 0.00388254380153, 0.0641728295967, 0.00500626530294, 0.00843707233263, 0.0190645942374, 0.0312160953759, 0.10665340059, 0.333954506735, 0.0322100646956, 0.999153159619, 5.403083744
0.388689371895, 0.000562642674576, 0.0131338065491, 0.0206804337341, 0.302789211801, 0.0935092566378, 0.0108644994506, 0.0147015732691, 0.197651110449, 0.0902486542512, 0.912041325118, 5.68331853763
0.388689371895, 0.000562642674576, 0.0131338065491, 0.0206804337341, 0.302789211801, 0.0935092566378, 0.0108644994506, 0.0147015732691, 0.197651110449, 0.0902486542512, 0.912041325118, 5.68331853763
0.091009086789, 0.173432224941, 0.0165707076228, 0.107812563362, 0.0376303655939, 0.00132470639181, 8.10816013593e-05, 0.428974202146, 0.188961248529, 0.02179783471, 0.347573988201, 6.1458703178
0.091009086789, 0.173432224941, 0.0165707076228, 0.107812563362, 0.0376303655939, 0.00132470639181, 8.10816013593e-05, 0.428974202146, 0.188961248529, 0.02179783471, 0.347573988201, 6.1458703178
0.0829659022632, 0.0856183094074, 0.447388221167, 0.32342044772, 0.915943745337, 0.0608219156442, 0.560531363828, 0.413485042574, 0.893166545611, 0.329409048728, 0.282518069039, 8.352565652
0.0829659022632, 0.0856183094074, 0.447388221167, 0.32342044772, 0.915943745337, 0.0608219156442, 0.560531363828, 0.413485042574, 0.893166545611, 0.329409048728, 0.282518069039, 8.352565652
0.0845500320186, 0.401954055313, 0.019438535634, 0.0973095439567, 0.00276616428139, 0.115037394169, 0.0119336102373, 0.0536996489447, 0.0508539966035, 0.596523502239, 0.288071791295, 6.58792258548
0.0845500320186, 0.401954055313, 0.019438535634, 0.0973095439567, 0.00276616428139, 0.115037394169, 0.0119336102373, 0.0536996489447, 0.0508539966035, 0.596523502239, 0.288071791295, 6.58792258548
0.0907788616759, 0.468662876027, 0.0160594949657, 0.0665253967089, 0.00228755608789, 0.115037394169, 0.0825045745208, 0.0536996489447, 0.127796289867, 0.414753126022, 0.344528547081, 6.58023188982
0.0907788616759, 0.468662876027, 0.0160594949657, 0.0665253967089, 0.00228755608789, 0.115037394169, 0.0825045745208, 0.0536996489447, 0.127796289867, 0.414753126022, 0.344528547081, 6.58023188982
0.963468102065, 0.0167041790281, 0.0173742578183, 0.00186068565957, 0.0147707528032, 0.0477465173093, 0.00842629605278, 0.117187022182, 0.192164348479, 0.326951474267, 0.998604169909, 5.6533348104
0.963468102065, 0.0167041790281, 0.0173742578183, 0.00186068565957, 0.0147707528032, 0.0477465173093, 0.00842629605278, 0.117187022182, 0.192164348479, 0.326951474267, 0.998604169909, 5.6533348104
0.388689371895, 0.000168543977275, 0.0131338065491, 0.0383669263438, 0.302789211801, 0.0935092566378, 0.0108644994506, 0.0147015732691, 0.197651110449, 0.0803610876895, 0.912041325118, 5.69557243763
0.388689371895, 0.000168543977275, 0.0131338065491, 0.0383669263438, 0.302789211801, 0.0935092566378, 0.0108644994506, 0.0147015732691, 0.197651110449, 0.0803610876895, 0.912041325118, 5.69557243763
0.091009086789, 0.204503228234, 0.173157715872, 0.107812563362, 0.0376303655939, 0.00134006659517, 0.189357346642, 0.00605008469647, 0.188961248529, 0.141034674845, 0.347573988201, 6.24043038547
0.091009086789, 0.204503228234, 0.173157715872, 0.107812563362, 0.0376303655939, 0.00134006659517, 0.189357346642, 0.00605008469647, 0.188961248529, 0.141034674845, 0.347573988201, 6.24043038547
0.404473295326, 0.118710839801, 0.368924127568, 0.131854714802, 0.0714980370904, 0.0654419511414, 0.0249861278518, 0.120619461241, 0.188961248529, 0.00360326620871, 0.830988283465, 6.20555661377
0.404473295326, 0.118710839801, 0.368924127568, 0.131854714802, 0.0714980370904, 0.0654419511414, 0.0249861278518, 0.120619461241, 0.188961248529, 0.00360326620871, 0.830988283465, 6.20555661377
0.0829659022632, 0.0527364199909, 0.447388221167, 0.32342044772, 0.997600652807, 0.0117842018528, 0.804206197419, 0.341271062649, 0.840316191999, 0.329409048728, 0.282518069039, 8.40609411384
0.0829659022632, 0.0527364199909, 0.447388221167, 0.32342044772, 0.997600652807, 0.0117842018528, 0.804206197419, 0.341271062649, 0.840316191999, 0.329409048728, 0.282518069039, 8.40609411384
0.0845500320186, 0.401954055313, 0.019438535634, 0.0973095439567, 0.0930519505581, 0.10246590212, 0.195290084999, 0.00123514491927, 0.0508539966035, 0.596523502239, 0.288071791295, 6.79320794078
0.0845500320186, 0.401954055313, 0.019438535634, 0.0973095439567, 0.0930519505581, 0.10246590212, 0.195290084999, 0.00123514491927, 0.0508539966035, 0.596523502239, 0.288071791295, 6.79320794078
0.0907788616759, 0.468662876027, 0.0160594949657, 0.131854714802, 0.00228755608789, 0.0622180452185, 0.0825045745208, 0.0536996489447, 0.127796289867, 0.596523502239, 0.344528547081, 6.77247452419
0.0907788616759, 0.468662876027, 0.0160594949657, 0.131854714802, 0.00228755608789, 0.0622180452185, 0.0825045745208, 0.0536996489447, 0.127796289867, 0.596523502239, 0.344528547081, 6.77247452419
0.987359780196, 0.0104471101512, 0.0187279847726, 0.0252087189174, 0.102504444547, 0.0477465173093, 0.0249861278518, 0.0877194187116, 0.171008434368, 0.326951474267, 0.999996670235, 5.76912876166
0.987359780196, 0.0104471101512, 0.0187279847726, 0.0252087189174, 0.102504444547, 0.0477465173093, 0.0249861278518, 0.0877194187116, 0.171008434368, 0.326951474267, 0.999996670235, 5.76912876166
0.457026453047, 0.000562642674576, 0.0131338065491, 0.111296624054, 0.519511492068, 0.00134006659517, 0.0798259611949, 0.0147015732691, 0.0034683012926, 0.0902486542512, 0.976793557725, 5.80581780534
0.457026453047, 0.000562642674576, 0.0131338065491, 0.111296624054, 0.519511492068, 0.00134006659517, 0.0798259611949, 0.0147015732691, 0.0034683012926, 0.0902486542512, 0.976793557725, 5.80581780534
0.752344769832, 0.01759503038, 0.0549583060881, 0.000349763554606, 0.0308325447818, 0.358502223031, 0.0351915248527, 0.238977645876, 0.119954047397, 0.0435022944132, 0.950965999976, 5.91167109417
0.752344769832, 0.01759503038, 0.0549583060881, 0.000349763554606, 0.0308325447818, 0.358502223031, 0.0351915248527, 0.238977645876, 0.119954047397, 0.0435022944132, 0.950965999976, 5.91167109417
0.388689371895, 0.103949357029, 0.0131338065491, 0.0367559404821, 0.302789211801, 0.0935092566378, 0.0532641595949, 0.00530787082057, 0.197651110449, 0.0902486542512, 0.912041325118, 5.9189506275
0.388689371895, 0.103949357029, 0.0131338065491, 0.0367559404821, 0.302789211801, 0.0935092566378, 0.0532641595949, 0.00530787082057, 0.197651110449, 0.0902486542512, 0.912041325118, 5.9189506275
0.963468102065, 0.0167041790281, 0.0173742578183, 0.00186068565957, 0.102807992789, 0.0477465173093, 0.00842629605278, 0.117187022182, 0.192164348479, 0.326951474267, 0.998604169909, 5.7942043217
0.963468102065, 0.0167041790281, 0.0173742578183, 0.00186068565957, 0.102807992789, 0.0477465173093, 0.00842629605278, 0.117187022182, 0.192164348479, 0.326951474267, 0.998604169909, 5.7942043217
0.091009086789, 0.0902737778231, 0.019438535634, 0.131854714802, 0.0376303655939, 0.115037394169, 0.0825045745208, 0.428974202146, 0.127796289867, 0.153376518047, 0.347573988201, 6.40474951276
0.091009086789, 0.0902737778231, 0.019438535634, 0.131854714802, 0.0376303655939, 0.115037394169, 0.0825045745208, 0.428974202146, 0.127796289867, 0.153376518047, 0.347573988201, 6.40474951276
0.272365138785, 0.0196035304175, 0.204486830007, 0.184845022624, 0.183215379516, 0.288285873119, 0.0351915248527, 0.00598558280989, 0.169063832423, 0.141034674845, 0.80586781062, 6.37374390342
0.272365138785, 0.0196035304175, 0.204486830007, 0.184845022624, 0.183215379516, 0.288285873119, 0.0351915248527, 0.00598558280989, 0.169063832423, 0.141034674845, 0.80586781062, 6.37374390342
0.404473295326, 0.0579543151012, 0.424580266147, 0.131854714802, 0.0280652391136, 0.0654419511414, 0.0249861278518, 0.10665340059, 0.322079279254, 0.00307865891493, 0.830988283465, 6.2900938928
0.404473295326, 0.0579543151012, 0.424580266147, 0.131854714802, 0.0280652391136, 0.0654419511414, 0.0249861278518, 0.10665340059, 0.322079279254, 0.00307865891493, 0.830988283465, 6.2900938928
0.0829659022632, 0.0527364199909, 0.379637722807, 0.32342044772, 0.997600652807, 0.0608219156442, 0.804206197419, 0.413485042574, 0.840316191999, 0.329409048728, 0.282518069039, 8.42991697053
0.0829659022632, 0.0527364199909, 0.379637722807, 0.32342044772, 0.997600652807, 0.0608219156442, 0.804206197419, 0.413485042574, 0.840316191999, 0.329409048728, 0.282518069039, 8.42991697053
0.0776998207734, 0.219345442697, 0.0010747554696, 0.00343950646385, 0.684371037869, 0.00169132107266, 0.06162277339, 0.521845058457, 0.159983248668, 0.248121436627, 0.291561123776, 7.0897975334
0.0776998207734, 0.219345442697, 0.0010747554696, 0.00343950646385, 0.684371037869, 0.00169132107266, 0.06162277339, 0.521845058457, 0.159983248668, 0.248121436627, 0.291561123776, 7.0897975334
0.0776998207734, 0.219345442697, 0.0010747554696, 0.00343950646385, 0.684371037869, 0.00169132107266, 0.06162277339, 0.521845058457, 0.159983248668, 0.248121436627, 0.291561123776, 7.0897975334
0.0776998207734, 0.219345442697, 0.0010747554696, 0.00343950646385, 0.684371037869, 0.00169132107266, 0.06162277339, 0.521845058457, 0.159983248668, 0.248121436627, 0.291561123776, 7.0897975334
0.0907788616759, 0.468662876027, 0.0138529209955, 0.0665253967089, 0.00228755608789, 0.115037394169, 0.0825045745208, 0.0536996489447, 0.127796289867, 0.628500351815, 0.344528547081, 6.78865490969
0.0907788616759, 0.468662876027, 0.0138529209955, 0.0665253967089, 0.00228755608789, 0.115037394169, 0.0825045745208, 0.0536996489447, 0.127796289867, 0.628500351815, 0.344528547081, 6.78865490969
0.987359780196, 0.0167041790281, 0.0173742578183, 0.0252087189174, 0.102807992789, 0.0477465173093, 0.00842629605278, 0.117187022182, 0.192164348479, 0.326951474267, 0.999996670235, 5.82918146877
0.987359780196, 0.0167041790281, 0.0173742578183, 0.0252087189174, 0.102807992789, 0.0477465173093, 0.00842629605278, 0.117187022182, 0.192164348479, 0.326951474267, 0.999996670235, 5.82918146877
0.0829659022632, 0.0527364199909, 0.447388221167, 0.32342044772, 0.997600652807, 0.0117842018528, 0.804206197419, 0.413485042574, 0.840316191999, 0.329409048728, 0.282518069039, 8.43819560225
0.0829659022632, 0.0527364199909, 0.447388221167, 0.32342044772, 0.997600652807, 0.0117842018528, 0.804206197419, 0.413485042574, 0.840316191999, 0.329409048728, 0.282518069039, 8.43819560225
0.440156296714, 0.0196035304175, 0.204486830007, 0.104756066781, 0.183215379516, 0.288285873119, 0.0351915248527, 0.148675524632, 0.169063832423, 0.141034674845, 0.906429844628, 6.41673706472
0.0916365855222, 0.159140339328, 0.0942525590768, 0.0901328839547, 0.214382497226, 0.00367462275461, 0.231634991555, 0.0437633504584, 0.191716371689, 0.181677999513, 0.356180547797, 6.43052518847
0.0776998207734, 0.168950147962, 0.0234499636217, 0.00374739613884, 0.317911941195, 0.0365968675413, 0.21723527042, 0.637281618319, 0.0845671114703, 0.489717599385, 0.291561123776, 7.15150596323
0.0907788616759, 0.468662876027, 0.00332095583749, 0.131854714802, 0.00228755608789, 0.115037394169, 0.0825045745208, 0.0536996489447, 0.127796289867, 0.596523502239, 0.344528547081, 6.80984231946
0.388689371895, 0.0845060301097, 0.0131338065491, 0.0383669263438, 0.302789211801, 0.0935092566378, 0.0532641595949, 0.165096401485, 0.197651110449, 0.0902486542512, 0.912041325118, 6.11235580547
0.091009086789, 0.468662876027, 0.00773140846814, 0.131854714802, 0.00356118014251, 0.00134006659517, 0.000300702885882, 0.428974202146, 0.188961248529, 0.00360326620871, 0.347573988201, 6.45904351147
0.0776998207734, 0.168950147962, 0.0234499636217, 0.00374739613884, 0.317911941195, 0.0365968675413, 0.21723527042, 0.637281618319, 0.0845671114703, 0.489717599385, 0.291561123776, 7.15150596323
0.0907788616759, 0.468662876027, 0.00332095583749, 0.131854714802, 0.00228755608789, 0.115037394169, 0.0825045745208, 0.0536996489447, 0.127796289867, 0.596523502239, 0.344528547081, 6.80984231946
0.743845795552, 0.0016054416227, 0.128308369653, 0.00212709866864, 0.102807992789, 0.00454477674902, 0.100568952383, 0.403972945297, 0.0135116001712, 0.170149425133, 0.950995583465, 5.95115548149
0.750267721579, 0.0101817557075, 0.154640866679, 0.000322532257087, 0.219266568774, 0.0244678467813, 0.0520850834988, 0.10665340059, 0.305751193172, 0.158867103994, 0.950270018889, 6.09276085485
0.743845795552, 0.0016054416227, 0.128308369653, 0.00212709866864, 0.102807992789, 0.00454477674902, 0.100568952383, 0.403972945297, 0.0135116001712, 0.170149425133, 0.950995583465, 5.95115548149
0.0916365855222, 0.159140339328, 0.0942525590768, 0.0901328839547, 0.214382497226, 0.00367462275461, 0.231634991555, 0.0437633504584, 0.191716371689, 0.181677999513, 0.356180547797, 6.43052518847
0.388689371895, 0.0845060301097, 0.0131338065491, 0.0383669263438, 0.302789211801, 0.0935092566378, 0.0532641595949, 0.165096401485, 0.197651110449, 0.0902486542512, 0.912041325118, 6.11235580547
0.091009086789, 0.468662876027, 0.00773140846814, 0.131854714802, 0.00356118014251, 0.00134006659517, 0.000300702885882, 0.428974202146, 0.188961248529, 0.00360326620871, 0.347573988201, 6.45904351147
0.440156296714, 0.0196035304175, 0.204486830007, 0.104756066781, 0.183215379516, 0.288285873119, 0.0351915248527, 0.148675524632, 0.169063832423, 0.141034674845, 0.906429844628, 6.41673706472
0.750267721579, 0.0101817557075, 0.154640866679, 0.000322532257087, 0.219266568774, 0.0244678467813, 0.0520850834988, 0.10665340059, 0.305751193172, 0.158867103994, 0.950270018889, 6.09276085485
0.091009086789, 0.468662876027, 0.00773140846814, 0.131854714802, 0.00356118014251, 0.00134006659517, 0.000300702885882, 0.428974202146, 0.188961248529, 0.00360326620871, 0.347573988201, 6.45904351147
0.091009086789, 0.468662876027, 0.00773140846814, 0.131854714802, 0.00356118014251, 0.00134006659517, 0.000300702885882, 0.428974202146, 0.188961248529, 0.00360326620871, 0.347573988201, 6.45904351147
0.091009086789, 0.468662876027, 0.00773140846814, 0.131854714802, 0.00356118014251, 0.00134006659517, 0.000300702885882, 0.428974202146, 0.188961248529, 0.00360326620871, 0.347573988201, 6.45904351147
0.091009086789, 0.468662876027, 0.00773140846814, 0.131854714802, 0.00356118014251, 0.00134006659517, 0.000300702885882, 0.428974202146, 0.188961248529, 0.00360326620871, 0.347573988201, 6.45904351147
