2.63524721434, 0.700253436651, 21.6136404429, 7.69450480495, 7.98043499741, 3.89978310909, 5.11180387614, 3397.79400222, 696.077223203
2.67048368558, 0.716339707299, 17.1451312091, 7.44206026125, 7.55937008268, 3.1855077552, 5.06520384907, 2564.56631278, 1279.41122291
2.70375398371, 0.746916452946, 17.2609962879, 7.69450480495, 8.29244878664, 3.89981380246, 5.1700721322, 3002.61215995, 697.167576247
3.25097114654, 0.760211802837, 25.7933615637, 7.6919243501, 8.2431182061, 3.89978310909, 5.16873867151, 5312.42855143, 694.890904449
2.63220056764, 0.70496418518, 17.2609962879, 7.59090143288, 7.98043499741, 3.53454769939, 5.11180387614, 2654.76233408, 936.913442028
2.69201126456, 0.716339707299, 19.9086219519, 7.69450480495, 8.23115424098, 3.89978310909, 5.16873867151, 3279.55123692, 696.447044873
2.67048368558, 0.70496418518, 17.1451312091, 7.44206026125, 7.55937008268, 3.89990494739, 5.01291575592, 2704.33429254, 697.378004052
2.69289600828, 0.746916452946, 17.2609962879, 7.59090143288, 8.29244878664, 3.89948356102, 5.1700721322, 2996.19758279, 697.236872208
3.51184897208, 0.791561882216, 23.6043636917, 7.59090143288, 7.98043499741, 3.89981380246, 5.11180387614, 5222.08372333, 695.001361012
2.63524721434, 0.70496418518, 23.2996184159, 7.47951102444, 7.98043499741, 3.89949732728, 5.11180387614, 3705.81505305, 695.6506724
2.67048368558, 0.716339707299, 21.6136404429, 7.44206026125, 7.55937008268, 3.89978310909, 5.06520384907, 3468.68662167, 695.766396771
2.70375398371, 0.746916452946, 25.9525991394, 8.20333271523, 8.29244878664, 3.89981380246, 5.1700721322, 4645.65688668, 695.1606546
3.42173885424, 0.744616601072, 25.4516934816, 7.59090143288, 7.98043499741, 3.89949732728, 5.11180387614, 5202.82438368, 695.11807017
2.63524721434, 0.70496418518, 25.2242465323, 7.59090143288, 7.98043499741, 3.89949732728, 5.24007195364, 4137.04267161, 695.365529321
2.67048368558, 0.716339707299, 17.1451312091, 7.44206026125, 7.55937008268, 3.89990494739, 5.37064071733, 2968.24993671, 697.24288297
2.67048368558, 0.702207038825, 17.2988186604, 8.00722062406, 7.92524260045, 3.51487444302, 5.06004943761, 2631.81282202, 953.43416478
2.62219407503, 0.71309893997, 17.6060829901, 7.61053773422, 7.32656553586, 3.07447615214, 5.06004943761, 2563.49393487, 1423.09794001
2.6969900727, 0.776749696995, 17.2609962879, 7.69450480495, 8.2431182061, 3.89978310909, 5.16873867151, 3113.87533854, 696.88029852
2.63524721434, 0.700253436651, 21.6136404429, 7.69450480495, 7.98043499741, 3.89978310909, 5.11180387614, 3397.79400222, 696.077223203
2.67048368558, 0.716339707299, 17.1451312091, 7.44206026125, 7.55937008268, 3.1855077552, 5.06520384907, 2564.56631278, 1279.41122291
2.70375398371, 0.746916452946, 17.2609962879, 7.69450480495, 8.29244878664, 3.89981380246, 5.1700721322, 3002.61215995, 697.167576247
3.25097114654, 0.760211802837, 25.7933615637, 7.6919243501, 8.2431182061, 3.89978310909, 5.16873867151, 5312.42855143, 694.890904449
2.63220056764, 0.70496418518, 17.2609962879, 7.59090143288, 7.98043499741, 3.53454769939, 5.11180387614, 2654.76233408, 936.913442028
2.69201126456, 0.716339707299, 19.9086219519, 7.69450480495, 8.23115424098, 3.89978310909, 5.16873867151, 3279.55123692, 696.447044873
2.67048368558, 0.70496418518, 17.1451312091, 7.44206026125, 7.55937008268, 3.89990494739, 5.01291575592, 2704.33429254, 697.378004052
2.69289600828, 0.746916452946, 17.2609962879, 7.59090143288, 8.29244878664, 3.89948356102, 5.1700721322, 2996.19758279, 697.236872208
3.51184897208, 0.791561882216, 23.6043636917, 7.59090143288, 7.98043499741, 3.89981380246, 5.11180387614, 5222.08372333, 695.001361012
2.63524721434, 0.70496418518, 23.2996184159, 7.47951102444, 7.98043499741, 3.89949732728, 5.11180387614, 3705.81505305, 695.6506724
2.67048368558, 0.716339707299, 21.6136404429, 7.44206026125, 7.55937008268, 3.89978310909, 5.06520384907, 3468.68662167, 695.766396771
2.70375398371, 0.746916452946, 25.9525991394, 8.20333271523, 8.29244878664, 3.89981380246, 5.1700721322, 4645.65688668, 695.1606546
3.42173885424, 0.744616601072, 25.4516934816, 7.59090143288, 7.98043499741, 3.89949732728, 5.11180387614, 5202.82438368, 695.11807017
2.63524721434, 0.70496418518, 25.2242465323, 7.59090143288, 7.98043499741, 3.89949732728, 5.24007195364, 4137.04267161, 695.365529321
2.67048368558, 0.716339707299, 17.1451312091, 7.44206026125, 7.55937008268, 3.89990494739, 5.37064071733, 2968.24993671, 697.24288297
2.67048368558, 0.702207038825, 17.2988186604, 8.00722062406, 7.92524260045, 3.51487444302, 5.06004943761, 2631.81282202, 953.43416478
2.62219407503, 0.71309893997, 17.6060829901, 7.61053773422, 7.32656553586, 3.07447615214, 5.06004943761, 2563.49393487, 1423.09794001
2.6969900727, 0.776749696995, 17.2609962879, 7.69450480495, 8.2431182061, 3.89978310909, 5.16873867151, 3113.87533854, 696.88029852
3.58471591578, 0.75147311471, 25.9525991394, 7.49911160103, 8.17726724056, 3.89956159669, 5.04545759289, 5554.17078765, 694.940880738
3.58471591578, 0.75147311471, 25.9525991394, 7.49911160103, 8.17726724056, 3.89956159669, 5.04545759289, 5554.17078765, 694.940880738
3.42173885424, 0.760211802837, 22.1289623649, 7.59090143288, 7.98043499741, 3.89981380246, 5.11180387614, 4464.82189243, 695.438825025
3.58471591578, 0.74414095022, 23.2996184159, 7.51109635769, 8.17726724056, 3.89975789553, 5.14148478529, 4790.50489867, 695.287921004
3.42173885424, 0.760211802837, 22.1289623649, 7.59090143288, 7.98043499741, 3.89981380246, 5.11180387614, 4464.82189243, 695.438825025
3.58471591578, 0.74414095022, 23.2996184159, 7.51109635769, 8.17726724056, 3.89975789553, 5.14148478529, 4790.50489867, 695.287921004
2.74372826105, 0.700345973337, 22.5199456477, 7.59090143288, 7.98043499741, 3.89949732728, 5.06004943761, 3591.02228505, 695.926232329
2.70375398371, 0.746916452946, 17.2609962879, 7.59090143288, 8.29244878664, 3.89948356102, 5.1700721322, 3001.25713493, 697.236872208
2.74372826105, 0.700345973337, 21.6136404429, 7.59090143288, 7.98043499741, 3.89949732728, 5.11180387614, 3466.9457091, 696.151144009
2.74372826105, 0.700345973337, 22.5199456477, 7.59090143288, 7.98043499741, 3.89949732728, 5.06004943761, 3591.02228505, 695.926232329
2.70375398371, 0.746916452946, 17.2609962879, 7.59090143288, 8.29244878664, 3.89948356102, 5.1700721322, 3001.25713493, 697.236872208
2.74372826105, 0.700345973337, 21.6136404429, 7.59090143288, 7.98043499741, 3.89949732728, 5.11180387614, 3466.9457091, 696.151144009
3.42173885424, 0.744616601072, 25.4516934816, 7.59090143288, 7.98043499741, 3.89949732728, 5.24007195364, 5281.37999503, 695.11807017
3.42173885424, 0.744616601072, 25.4516934816, 7.59090143288, 7.98043499741, 3.89949732728, 5.24007195364, 5281.37999503, 695.11807017
3.12840204967, 0.74414095022, 17.6060829901, 7.59090143288, 7.32780983146, 3.89984037059, 5.03689176505, 3149.08332562, 696.921394337
2.61336395711, 0.701355752002, 17.056877296, 7.59090143288, 8.29244878664, 3.1361754516, 5.21434122087, 2573.29022536, 1341.51293068
2.62219407503, 0.71309893997, 17.6060829901, 7.61053773422, 7.32656553586, 3.1361754516, 5.06004943761, 2577.6153483, 1340.74789227
3.12840204967, 0.74414095022, 17.6060829901, 7.59090143288, 7.32780983146, 3.89984037059, 5.03689176505, 3149.08332562, 696.921394337
2.61336395711, 0.701355752002, 17.056877296, 7.59090143288, 8.29244878664, 3.1361754516, 5.21434122087, 2573.29022536, 1341.51293068
2.62219407503, 0.71309893997, 17.6060829901, 7.61053773422, 7.32656553586, 3.1361754516, 5.06004943761, 2577.6153483, 1340.74789227
3.58471591578, 0.782744083607, 24.2062866835, 7.59090143288, 8.17726724056, 3.89956159669, 5.23897868728, 5473.23456232, 695.084552685
3.59666493763, 0.745376146671, 23.2996184159, 7.49911160103, 8.17726724056, 3.89968644367, 5.23897868728, 4871.4878129, 695.312318839
3.58471591578, 0.782744083607, 24.2062866835, 7.59090143288, 8.17726724056, 3.89956159669, 5.23897868728, 5473.23456232, 695.084552685
3.59666493763, 0.745376146671, 23.2996184159, 7.49911160103, 8.17726724056, 3.89968644367, 5.23897868728, 4871.4878129, 695.312318839
2.67048368558, 0.702207038825, 17.4967430279, 8.00722062406, 7.92524260045, 3.51487444302, 5.06004943761, 2658.61132246, 953.283269261
2.63524721434, 0.710205244782, 17.4967430279, 7.9637353967, 7.98043499741, 3.5251761537, 5.04545759289, 2667.7083183, 944.735825834
2.6627805436, 0.70496418518, 17.007852002, 7.33077737783, 7.42416045712, 3.51487444302, 5.18805762561, 2660.51251567, 952.496948113
2.6627805436, 0.704549304571, 17.007852002, 7.33077737783, 7.42416045712, 3.51487444302, 5.18805762561, 2659.07538408, 952.503752596
2.67048368558, 0.702207038825, 17.4967430279, 8.00722062406, 7.92524260045, 3.51487444302, 5.06004943761, 2658.61132246, 953.283269261
2.63524721434, 0.710205244782, 17.4967430279, 7.9637353967, 7.98043499741, 3.5251761537, 5.04545759289, 2667.7083183, 944.735825834
2.6627805436, 0.70496418518, 17.007852002, 7.33077737783, 7.42416045712, 3.51487444302, 5.18805762561, 2660.51251567, 952.496948113
2.6627805436, 0.704549304571, 17.007852002, 7.33077737783, 7.42416045712, 3.51487444302, 5.18805762561, 2659.07538408, 952.503752596
2.60694899173, 0.723510562935, 17.1451312091, 7.69450480495, 7.98043499741, 3.1361754516, 5.11180387614, 2589.62598041, 1341.12426169
3.59666493763, 0.737737664906, 26.697584543, 8.00722062406, 8.20428071636, 3.89968644367, 5.23897868728, 5759.12551681, 695.071975418
2.61336395711, 0.701355752002, 17.056877296, 7.71422007455, 8.29244878664, 3.1361754516, 5.21434122087, 2574.24284676, 1341.79963149
2.60694899173, 0.723510562935, 17.1451312091, 7.69450480495, 7.98043499741, 3.1361754516, 5.11180387614, 2589.62598041, 1341.12426169
3.59666493763, 0.737737664906, 26.697584543, 8.00722062406, 8.20428071636, 3.89968644367, 5.23897868728, 5759.12551681, 695.071975418
2.61336395711, 0.701355752002, 17.056877296, 7.71422007455, 8.29244878664, 3.1361754516, 5.21434122087, 2574.24284676, 1341.79963149
2.74372826105, 0.700345973337, 22.5199456477, 7.59090143288, 7.98043499741, 3.89949732728, 5.16873867151, 3657.16410147, 695.926232329
2.67048368558, 0.73204325737, 17.2988186604, 7.66309249657, 7.92524260045, 3.1361754516, 5.06004943761, 2638.25939285, 1340.72026006
2.67048368558, 0.73204325737, 17.2988186604, 7.66309249657, 7.92524260045, 3.1361754516, 5.06004943761, 2638.25939285, 1340.72026006
2.74372826105, 0.700345973337, 22.5199456477, 7.59090143288, 7.98043499741, 3.89949732728, 5.16873867151, 3657.16410147, 695.926232329
2.67048368558, 0.73204325737, 17.2988186604, 7.66309249657, 7.92524260045, 3.1361754516, 5.06004943761, 2638.25939285, 1340.72026006
2.67048368558, 0.73204325737, 17.2988186604, 7.66309249657, 7.92524260045, 3.1361754516, 5.06004943761, 2638.25939285, 1340.72026006
2.63220056764, 0.70496418518, 23.2996184159, 7.8550519064, 7.98043499741, 3.89949732728, 5.11180387614, 3707.97558207, 695.892809258
3.58471591578, 0.782744083607, 24.2062866835, 7.59090143288, 8.17726724056, 3.89956159669, 5.47499622412, 5627.75670929, 695.084552685
2.63220056764, 0.70496418518, 23.2996184159, 7.8550519064, 7.98043499741, 3.89949732728, 5.11180387614, 3707.97558207, 695.892809258
3.58471591578, 0.782744083607, 24.2062866835, 7.59090143288, 8.17726724056, 3.89956159669, 5.47499622412, 5627.75670929, 695.084552685
3.12840204967, 0.704549304571, 19.9086219519, 7.59090143288, 7.31888970752, 3.89949732728, 5.11180387614, 3409.3581724, 696.620292517
3.12840204967, 0.704549304571, 19.9086219519, 7.59090143288, 7.31888970752, 3.89949732728, 5.11180387614, 3409.3581724, 696.620292517
3.58471591578, 0.731297938318, 23.2996184159, 7.9637353967, 8.26379374626, 3.89984896515, 5.20803697835, 4725.65866084, 695.588324689
3.58471591578, 0.731297938318, 23.2996184159, 7.9637353967, 8.26379374626, 3.89984896515, 5.20803697835, 4725.65866084, 695.588324689
3.58471591578, 0.713192448718, 23.2996184159, 7.9637353967, 8.26379374626, 3.89984896515, 5.23897868728, 4589.25664863, 695.715693344
3.58471591578, 0.713192448718, 23.2996184159, 7.9637353967, 8.26379374626, 3.89984896515, 5.23897868728, 4589.25664863, 695.715693344
2.6627805436, 0.731499323648, 17.007852002, 7.33077737783, 7.42416045712, 3.51487444302, 5.1014008473, 2701.1178514, 952.085410997
3.12840204967, 0.74414095022, 17.6060829901, 7.59090143288, 8.06894438637, 3.89984037059, 5.11180387614, 3208.35066415, 696.921394337
