2.61092010129, 0.746916452946, 17.2609962879, 7.42160890772, 7.55937008268, 3.89977045418, 5.11180387614, 2904.94729285, 696.909928846
2.66783867236, 0.700035594141, 17.2988186604, 7.56725151485, 8.29244878664, 3.89978310909, 5.03138266483, 2733.2622042, 697.571963868
2.67048368558, 0.70496418518, 17.1451312091, 7.33358747769, 7.55937008268, 3.89436983803, 5.01291575592, 2701.07812127, 700.231172417
2.62880934747, 0.702207038825, 22.5199456477, 7.59090143288, 8.01153809628, 3.89992602096, 5.06004943761, 3521.74605678, 695.682858605
2.61092010129, 0.700170192432, 23.6043636917, 7.47951102444, 7.98043499741, 3.89981380246, 5.11180387614, 3710.63255082, 695.452475591
2.63220056764, 0.70496418518, 17.1451312091, 7.47951102444, 7.55937008268, 3.68603721049, 5.06520384907, 2647.98031507, 825.996312822
2.63524721434, 0.70496418518, 23.2996184159, 7.46748402677, 7.70578358272, 3.89949732728, 5.04666154623, 3660.96191088, 695.643112409
2.70375398371, 0.709229901941, 17.2609962879, 7.44206026125, 8.29813815053, 3.89981380246, 5.09658207726, 2813.68656087, 697.318772964
2.69201126456, 0.700345973337, 19.9086219519, 7.36824915405, 7.56564882702, 3.89967035671, 5.11180387614, 3151.33349438, 696.373407589
2.66039419993, 0.70496418518, 17.2988186604, 7.36751897052, 7.55937008268, 3.89990494739, 5.1700721322, 2814.53907674, 697.218173461
2.66783867236, 0.700637911894, 17.1451312091, 7.44206026125, 7.55937008268, 3.79060340146, 5.06520384907, 2681.07097835, 759.518479575
2.64335048163, 0.716339707299, 17.1451312091, 7.44206026125, 7.55937008268, 3.1855077552, 5.06520384907, 2552.98783129, 1279.41122291
2.62721215567, 0.776749696995, 19.0424038787, 7.69450480495, 8.2431182061, 3.89981380246, 5.06004943761, 3313.28475461, 696.198550868
2.60994347698, 0.70496418518, 25.9525991394, 7.47951102444, 7.98043499741, 3.89949732728, 5.06520384907, 4142.4015901, 695.194115437
2.63524721434, 0.70496418518, 23.1841941286, 7.46748402677, 7.70578358272, 3.89949732728, 5.04666154623, 3640.79295705, 695.666520651
2.74372826105, 0.700345973337, 22.9570425855, 7.59090143288, 7.98043499741, 3.89992602096, 5.06004943761, 3668.10700047, 695.597696669
2.70375398371, 0.700253436651, 17.0701863683, 7.47009023256, 8.13129479523, 3.62575568397, 5.06520384907, 2642.78863916, 867.990873999
2.67048368558, 0.746916452946, 22.5583685903, 7.59090143288, 8.23115424098, 3.89986886348, 5.16873867151, 3899.06559322, 695.402105106
2.66783867236, 0.702207038825, 17.2988186604, 7.44206026125, 7.8456897562, 3.89978310909, 5.06520384907, 2750.686176, 697.400652336
2.63220056764, 0.70496418518, 17.2609962879, 7.59090143288, 7.57999276561, 3.53454769939, 5.01291575592, 2587.71005152, 936.913442028
2.61092010129, 0.799090214709, 23.6043636917, 7.47951102444, 7.98043499741, 3.89981380246, 5.06520384907, 4341.37242258, 694.912660926
2.66147327533, 0.700170192432, 21.6136404429, 7.44206026125, 7.55937008268, 3.89978310909, 5.11180387614, 3402.60717826, 695.888785103
2.63524721434, 0.70496418518, 23.2996184159, 7.46748402677, 7.70578358272, 3.89949732728, 5.04666154623, 3660.96191088, 695.643112409
2.69201126456, 0.700345973337, 25.7933615637, 7.36824915405, 7.56564882702, 3.89987712999, 5.11180387614, 4172.21935707, 694.982468373
2.66039419993, 0.700637911894, 17.1451312091, 7.36751897052, 7.55937008268, 3.89990494739, 5.1700721322, 2778.67700876, 697.344593405
2.74372826105, 0.700345973337, 18.9438739123, 7.44120175334, 7.85312941165, 3.89992602096, 5.06004943761, 3007.97321268, 696.636330627
2.61092010129, 0.739137910532, 23.6043636917, 7.47951102444, 7.98043499741, 3.89981380246, 5.11180387614, 3959.81879844, 695.213920481
2.60994347698, 0.70496418518, 25.9525991394, 7.47951102444, 8.22936974048, 3.89953397275, 5.06520384907, 4147.43079073, 695.174516576
2.63524721434, 0.70496418518, 25.7933615637, 7.46748402677, 7.70578358272, 3.89949732728, 5.04666154623, 4119.02133868, 695.211443103
2.74372826105, 0.700345973337, 22.9570425855, 7.59090143288, 7.98043499741, 3.89992602096, 5.06004943761, 3668.10700047, 695.597696669
2.67048368558, 0.700253436651, 17.0701863683, 7.69450480495, 7.98043499741, 3.89979237659, 5.06520384907, 2720.08033302, 697.836929508
2.63524721434, 0.700345973337, 22.5199456477, 7.31465137646, 7.83967497028, 3.89949732728, 5.04428615302, 3499.29777299, 695.738466444
2.69201126456, 0.7037343629, 19.9086219519, 7.39750915797, 8.23115424098, 3.89978310909, 5.16873867151, 3216.38007629, 696.307549373
2.62721215567, 0.70496418518, 19.0424038787, 7.47951102444, 7.98043499741, 3.89949732728, 5.09368473901, 3007.32013284, 696.819211504
2.60572942965, 0.700253436651, 21.6136404429, 7.69450480495, 7.91623023257, 3.89979237659, 5.06520384907, 3349.28795257, 696.072260724
2.88226631667, 0.791561882216, 25.9525991394, 7.37677536468, 7.54109070239, 3.89981380246, 5.01291575592, 5120.00237777, 694.591330401
2.61092010129, 0.746916452946, 17.2609962879, 7.42160890772, 7.55937008268, 3.89977045418, 5.11180387614, 2904.94729285, 696.909928846
2.66783867236, 0.700035594141, 17.2988186604, 7.56725151485, 8.29244878664, 3.89978310909, 5.03138266483, 2733.2622042, 697.571963868
2.67048368558, 0.70496418518, 17.1451312091, 7.33358747769, 7.55937008268, 3.89436983803, 5.01291575592, 2701.07812127, 700.231172417
2.62880934747, 0.702207038825, 22.5199456477, 7.59090143288, 8.01153809628, 3.89992602096, 5.06004943761, 3521.74605678, 695.682858605
2.61092010129, 0.700170192432, 23.6043636917, 7.47951102444, 7.98043499741, 3.89981380246, 5.11180387614, 3710.63255082, 695.452475591
2.63220056764, 0.70496418518, 17.1451312091, 7.47951102444, 7.55937008268, 3.68603721049, 5.06520384907, 2647.98031507, 825.996312822
2.63524721434, 0.70496418518, 23.2996184159, 7.46748402677, 7.70578358272, 3.89949732728, 5.04666154623, 3660.96191088, 695.643112409
2.70375398371, 0.709229901941, 17.2609962879, 7.44206026125, 8.29813815053, 3.89981380246, 5.09658207726, 2813.68656087, 697.318772964
2.69201126456, 0.700345973337, 19.9086219519, 7.36824915405, 7.56564882702, 3.89967035671, 5.11180387614, 3151.33349438, 696.373407589
2.66039419993, 0.70496418518, 17.2988186604, 7.36751897052, 7.55937008268, 3.89990494739, 5.1700721322, 2814.53907674, 697.218173461
2.66783867236, 0.700637911894, 17.1451312091, 7.44206026125, 7.55937008268, 3.79060340146, 5.06520384907, 2681.07097835, 759.518479575
2.64335048163, 0.716339707299, 17.1451312091, 7.44206026125, 7.55937008268, 3.1855077552, 5.06520384907, 2552.98783129, 1279.41122291
2.62721215567, 0.776749696995, 19.0424038787, 7.69450480495, 8.2431182061, 3.89981380246, 5.06004943761, 3313.28475461, 696.198550868
2.60994347698, 0.70496418518, 25.9525991394, 7.47951102444, 7.98043499741, 3.89949732728, 5.06520384907, 4142.4015901, 695.194115437
2.63524721434, 0.70496418518, 23.1841941286, 7.46748402677, 7.70578358272, 3.89949732728, 5.04666154623, 3640.79295705, 695.666520651
2.74372826105, 0.700345973337, 22.9570425855, 7.59090143288, 7.98043499741, 3.89992602096, 5.06004943761, 3668.10700047, 695.597696669
2.70375398371, 0.700253436651, 17.0701863683, 7.47009023256, 8.13129479523, 3.62575568397, 5.06520384907, 2642.78863916, 867.990873999
2.67048368558, 0.746916452946, 22.5583685903, 7.59090143288, 8.23115424098, 3.89986886348, 5.16873867151, 3899.06559322, 695.402105106
2.66783867236, 0.702207038825, 17.2988186604, 7.44206026125, 7.8456897562, 3.89978310909, 5.06520384907, 2750.686176, 697.400652336
2.63220056764, 0.70496418518, 17.2609962879, 7.59090143288, 7.57999276561, 3.53454769939, 5.01291575592, 2587.71005152, 936.913442028
2.61092010129, 0.799090214709, 23.6043636917, 7.47951102444, 7.98043499741, 3.89981380246, 5.06520384907, 4341.37242258, 694.912660926
2.66147327533, 0.700170192432, 21.6136404429, 7.44206026125, 7.55937008268, 3.89978310909, 5.11180387614, 3402.60717826, 695.888785103
2.63524721434, 0.70496418518, 23.2996184159, 7.46748402677, 7.70578358272, 3.89949732728, 5.04666154623, 3660.96191088, 695.643112409
2.69201126456, 0.700345973337, 25.7933615637, 7.36824915405, 7.56564882702, 3.89987712999, 5.11180387614, 4172.21935707, 694.982468373
2.66039419993, 0.700637911894, 17.1451312091, 7.36751897052, 7.55937008268, 3.89990494739, 5.1700721322, 2778.67700876, 697.344593405
2.74372826105, 0.700345973337, 18.9438739123, 7.44120175334, 7.85312941165, 3.89992602096, 5.06004943761, 3007.97321268, 696.636330627
2.61092010129, 0.739137910532, 23.6043636917, 7.47951102444, 7.98043499741, 3.89981380246, 5.11180387614, 3959.81879844, 695.213920481
2.60994347698, 0.70496418518, 25.9525991394, 7.47951102444, 8.22936974048, 3.89953397275, 5.06520384907, 4147.43079073, 695.174516576
2.63524721434, 0.70496418518, 25.7933615637, 7.46748402677, 7.70578358272, 3.89949732728, 5.04666154623, 4119.02133868, 695.211443103
2.74372826105, 0.700345973337, 22.9570425855, 7.59090143288, 7.98043499741, 3.89992602096, 5.06004943761, 3668.10700047, 695.597696669
2.67048368558, 0.700253436651, 17.0701863683, 7.69450480495, 7.98043499741, 3.89979237659, 5.06520384907, 2720.08033302, 697.836929508
2.63524721434, 0.700345973337, 22.5199456477, 7.31465137646, 7.83967497028, 3.89949732728, 5.04428615302, 3499.29777299, 695.738466444
2.69201126456, 0.7037343629, 19.9086219519, 7.39750915797, 8.23115424098, 3.89978310909, 5.16873867151, 3216.38007629, 696.307549373
2.62721215567, 0.70496418518, 19.0424038787, 7.47951102444, 7.98043499741, 3.89949732728, 5.09368473901, 3007.32013284, 696.819211504
2.60572942965, 0.700253436651, 21.6136404429, 7.69450480495, 7.91623023257, 3.89979237659, 5.06520384907, 3349.28795257, 696.072260724
2.88226631667, 0.791561882216, 25.9525991394, 7.37677536468, 7.54109070239, 3.89981380246, 5.01291575592, 5120.00237777, 694.591330401
2.62721215567, 0.776749696995, 19.0424038787, 7.69450480495, 8.28736159087, 3.89981380246, 5.06004943761, 3314.1744652, 696.198550868
2.69201126456, 0.74973669582, 19.9086219519, 7.69450480495, 8.27095257119, 3.89990494739, 5.06520384907, 3380.12411997, 696.094504651
2.69201126456, 0.74973669582, 19.9086219519, 7.59090143288, 8.27095257119, 3.89990494739, 5.16873867151, 3442.2782511, 696.013954514
2.62721215567, 0.776749696995, 19.0424038787, 7.69450480495, 8.28736159087, 3.89981380246, 5.06004943761, 3314.1744652, 696.198550868
2.69201126456, 0.74973669582, 19.9086219519, 7.69450480495, 8.27095257119, 3.89990494739, 5.06520384907, 3380.12411997, 696.094504651
2.69201126456, 0.74973669582, 19.9086219519, 7.59090143288, 8.27095257119, 3.89990494739, 5.16873867151, 3442.2782511, 696.013954514
2.63524721434, 0.715523903215, 17.1451312091, 7.44206026125, 7.52110018523, 3.1855077552, 5.11180387614, 2573.85741108, 1279.42861306
2.63524721434, 0.715523903215, 17.1451312091, 7.44206026125, 7.52110018523, 3.1855077552, 5.11180387614, 2573.85741108, 1279.42861306
2.67048368558, 0.716339707299, 19.9086219519, 7.59090143288, 8.23115424098, 3.89986886348, 5.16873867151, 3266.0371563, 696.312900747
2.70375398371, 0.714391374519, 17.2609962879, 7.44206026125, 8.29813815053, 3.89981380246, 5.1700721322, 2877.81304039, 697.258574839
3.58471591578, 0.773064618084, 23.2996184159, 7.36153771257, 8.26379374626, 3.89978310909, 5.16873867151, 5068.31094774, 695.040232191
2.63524721434, 0.716339707299, 17.1451312091, 7.62935077341, 7.52110018523, 3.1855077552, 5.11180387614, 2578.2338645, 1279.79962762
2.69201126456, 0.7037343629, 19.4222439815, 7.6394013464, 8.23115424098, 3.89978310909, 5.16873867151, 3144.89578829, 696.688227703
2.67048368558, 0.716339707299, 19.9086219519, 7.59090143288, 8.23115424098, 3.89986886348, 5.16873867151, 3266.0371563, 696.312900747
2.70375398371, 0.714391374519, 17.2609962879, 7.44206026125, 8.29813815053, 3.89981380246, 5.1700721322, 2877.81304039, 697.258574839
3.58471591578, 0.773064618084, 23.2996184159, 7.36153771257, 8.26379374626, 3.89978310909, 5.16873867151, 5068.31094774, 695.040232191
2.63524721434, 0.716339707299, 17.1451312091, 7.62935077341, 7.52110018523, 3.1855077552, 5.11180387614, 2578.2338645, 1279.79962762
2.69201126456, 0.7037343629, 19.4222439815, 7.6394013464, 8.23115424098, 3.89978310909, 5.16873867151, 3144.89578829, 696.688227703
2.61092010129, 0.739137910532, 23.6043636917, 7.47951102444, 8.22936974048, 3.89981380246, 5.11180387614, 3964.92766755, 695.213920481
2.63524721434, 0.702207038825, 17.4967430279, 7.95854251998, 7.58446753935, 3.5251761537, 5.04428615302, 2630.08777574, 944.871465143
