2.80194878045, 0.725295599309, 17.1453231484, 7.81863553226, 7.56910437665, 3.19702249087, 5.28717927262, 2797.93120461, 1266.21455223
2.91388166011, 0.760211802837, 18.354518768, 7.59090143288, 7.66895055693, 3.89523389268, 5.1700721322, 3333.27010123, 698.945265553
2.77410571088, 0.751705236346, 17.2988186604, 8.09099974529, 7.5183470354, 3.7365638781, 5.14015452919, 2974.35927629, 792.993543339
2.67048368558, 0.716339707299, 17.2071782913, 7.61053773422, 7.33115470772, 3.1361754516, 5.34591047982, 2734.01205719, 1341.04722687
2.83910776018, 0.716339707299, 17.2071782913, 7.61053773422, 7.92524260045, 2.94794083685, 5.18805762561, 2676.69291, 1614.68881062
2.70375398371, 0.73204325737, 19.0386111533, 7.49911160103, 7.42416045712, 3.84066190781, 5.23897868728, 3223.02584592, 729.088181635
2.99260189243, 0.726539223783, 17.2609962879, 8.20508746802, 8.2431182061, 3.51487444302, 5.16873867151, 2931.91241585, 953.334770661
3.19475889135, 0.742261655786, 17.4967430279, 7.94642646477, 7.36000254836, 3.83108486178, 5.04545759289, 3138.51188891, 735.582956841
2.63524721434, 0.70792884022, 21.1878189563, 7.69450480495, 7.55937008268, 3.89813218954, 5.20419736917, 3417.05165514, 697.015250038
2.80194878045, 0.725295599309, 17.1453231484, 7.81863553226, 7.56910437665, 3.19702249087, 5.28717927262, 2797.93120461, 1266.21455223
2.91388166011, 0.760211802837, 18.354518768, 7.59090143288, 7.66895055693, 3.89523389268, 5.1700721322, 3333.27010123, 698.945265553
2.77410571088, 0.751705236346, 17.2988186604, 8.09099974529, 7.5183470354, 3.7365638781, 5.14015452919, 2974.35927629, 792.993543339
2.67048368558, 0.716339707299, 17.2071782913, 7.61053773422, 7.33115470772, 3.1361754516, 5.34591047982, 2734.01205719, 1341.04722687
2.83910776018, 0.716339707299, 17.2071782913, 7.61053773422, 7.92524260045, 2.94794083685, 5.18805762561, 2676.69291, 1614.68881062
2.70375398371, 0.73204325737, 19.0386111533, 7.49911160103, 7.42416045712, 3.84066190781, 5.23897868728, 3223.02584592, 729.088181635
2.99260189243, 0.726539223783, 17.2609962879, 8.20508746802, 8.2431182061, 3.51487444302, 5.16873867151, 2931.91241585, 953.334770661
3.19475889135, 0.742261655786, 17.4967430279, 7.94642646477, 7.36000254836, 3.83108486178, 5.04545759289, 3138.51188891, 735.582956841
2.63524721434, 0.70792884022, 21.1878189563, 7.69450480495, 7.55937008268, 3.89813218954, 5.20419736917, 3417.05165514, 697.015250038
2.91172694361, 0.718470083032, 18.3988229278, 7.77631546658, 7.41273781474, 3.15150753462, 5.00620304285, 2830.56632042, 1320.81593725
2.91172694361, 0.718470083032, 18.3988229278, 7.77631546658, 7.41273781474, 3.15150753462, 5.00620304285, 2830.56632042, 1320.81593725
2.91172694361, 0.725295599309, 17.4800053902, 7.77631546658, 7.41273781474, 3.15150753462, 5.28717927262, 2883.63979339, 1321.46244896
2.91172694361, 0.725295599309, 17.4800053902, 7.77631546658, 7.41273781474, 3.15150753462, 5.28717927262, 2883.63979339, 1321.46244896
2.67756592053, 0.75498088733, 17.2988186604, 8.26891722468, 7.5183470354, 3.7365638781, 5.37975627988, 3096.24692288, 793.169839711
2.67756592053, 0.75498088733, 17.2988186604, 8.26891722468, 7.5183470354, 3.7365638781, 5.37975627988, 3096.24692288, 793.169839711
3.01147623262, 0.727960112533, 17.8433426743, 7.95714094324, 7.46474771104, 2.94794083685, 5.18805762561, 2896.22206167, 1614.53310639
3.01147623262, 0.727960112533, 17.8433426743, 7.95714094324, 7.46474771104, 2.94794083685, 5.18805762561, 2896.22206167, 1614.53310639
2.91388166011, 0.738906978223, 18.354518768, 7.96512752, 7.66895055693, 3.74506526933, 5.1700721322, 3187.46507711, 787.066002048
2.91388166011, 0.738906978223, 18.354518768, 7.96512752, 7.66895055693, 3.74506526933, 5.1700721322, 3187.46507711, 787.066002048
3.00507128519, 0.749013301671, 17.3233680616, 7.43885762812, 7.87725066683, 3.40707798631, 5.13976408282, 2979.89147106, 1045.02943123
3.00507128519, 0.749013301671, 17.3233680616, 7.43885762812, 7.87725066683, 3.40707798631, 5.13976408282, 2979.89147106, 1045.02943123
2.66593628962, 0.712325748592, 19.96058365, 7.36411799368, 7.78856063092, 3.58549157785, 5.11114287332, 3102.32609043, 895.781043311
2.66593628962, 0.712325748592, 19.96058365, 7.36411799368, 7.78856063092, 3.58549157785, 5.11114287332, 3102.32609043, 895.781043311
2.87574324634, 0.74414095022, 19.9438750853, 7.96241375403, 7.80493901439, 3.87332419152, 5.14015452919, 3502.91186663, 710.779567113
3.42173885424, 0.760211802837, 23.2996184159, 7.59090143288, 7.98043499741, 3.88869364345, 5.11180387614, 4763.44461193, 701.193711287
2.87574324634, 0.74414095022, 19.9438750853, 7.96241375403, 7.80493901439, 3.87332419152, 5.14015452919, 3502.91186663, 710.779567113
3.42173885424, 0.760211802837, 23.2996184159, 7.59090143288, 7.98043499741, 3.88869364345, 5.11180387614, 4763.44461193, 701.193711287
3.08996191126, 0.726539223783, 18.1216703573, 8.20508746802, 8.2431182061, 3.51487444302, 5.16873867151, 3121.4299527, 952.721761054
3.08996191126, 0.726539223783, 18.1216703573, 8.20508746802, 8.2431182061, 3.51487444302, 5.16873867151, 3121.4299527, 952.721761054
3.19475889135, 0.77648004431, 17.4967430279, 7.94642646477, 8.19483654972, 3.83108486178, 5.0895383217, 3342.83439011, 735.197804888
3.19475889135, 0.77648004431, 17.4967430279, 7.94642646477, 8.19483654972, 3.83108486178, 5.0895383217, 3342.83439011, 735.197804888
3.16389667281, 0.736264333567, 27.0629060442, 7.78987612622, 8.18130441194, 3.87719886337, 5.07585968217, 5251.39383593, 707.092761543
3.16389667281, 0.736264333567, 27.0629060442, 7.78987612622, 8.18130441194, 3.87719886337, 5.07585968217, 5251.39383593, 707.092761543
3.11473589863, 0.768846560026, 17.7894514101, 7.90404863629, 8.241344871, 3.05181701183, 5.0216105831, 3065.44114914, 1454.24155653
3.11473589863, 0.768846560026, 17.7894514101, 7.90404863629, 8.241344871, 3.05181701183, 5.0216105831, 3065.44114914, 1454.24155653
3.11473589863, 0.768846560026, 17.7894514101, 7.90404863629, 8.2737503102, 3.05181701183, 5.0216105831, 3066.08294198, 1454.24155653
3.11473589863, 0.768846560026, 17.7894514101, 7.90404863629, 8.2737503102, 3.05181701183, 5.0216105831, 3066.08294198, 1454.24155653
3.00507128519, 0.799344458465, 17.3233680616, 7.42918977957, 7.87725066683, 2.94732734952, 5.13976408282, 3095.35801625, 1613.24865549
3.00507128519, 0.799344458465, 17.3233680616, 7.42918977957, 7.87725066683, 2.94732734952, 5.13976408282, 3095.35801625, 1613.24865549
2.67756592053, 0.74414095022, 19.9438750853, 7.96241375403, 7.72198832158, 3.87332419152, 5.37975627988, 3531.17198239, 710.779567113
2.67756592053, 0.74414095022, 19.9438750853, 7.96241375403, 7.72198832158, 3.87332419152, 5.37975627988, 3531.17198239, 710.779567113
3.01147623262, 0.727960112533, 17.8433426743, 7.95714094324, 7.46474771104, 3.1361754516, 5.44116852018, 3101.21258343, 1340.91790986
3.01147623262, 0.727960112533, 17.8433426743, 7.95714094324, 7.46474771104, 3.1361754516, 5.44116852018, 3101.21258343, 1340.91790986
2.99260189243, 0.749370856849, 17.2609962879, 7.53181965009, 8.17870169234, 3.68187460245, 5.36761883404, 3197.71734509, 828.211011336
2.99260189243, 0.749370856849, 17.2609962879, 7.53181965009, 8.17870169234, 3.68187460245, 5.36761883404, 3197.71734509, 828.211011336
3.58471591578, 0.790970399367, 19.0386111533, 7.9637353967, 7.42416045712, 3.84066190781, 5.23897868728, 4076.01825821, 728.97135499
3.58471591578, 0.790970399367, 19.0386111533, 7.9637353967, 7.42416045712, 3.84066190781, 5.23897868728, 4076.01825821, 728.97135499
3.34587932256, 0.741857654632, 18.3136052916, 7.94513971323, 7.81269774147, 3.80716178528, 5.08590315567, 3391.79134071, 749.142890168
3.34587932256, 0.741857654632, 18.3136052916, 7.94513971323, 7.81269774147, 3.80716178528, 5.08590315567, 3391.79134071, 749.142890168
3.09491514311, 0.749013301671, 17.7258420484, 8.22835088468, 7.48210688717, 3.40707798631, 5.24513803373, 3159.24654798, 1045.96976
3.09491514311, 0.749013301671, 17.7258420484, 8.22835088468, 7.48210688717, 3.40707798631, 5.24513803373, 3159.24654798, 1045.96976
3.50272297353, 0.746853944241, 17.2845100455, 8.24462023926, 7.41287662458, 3.15047112791, 5.18897079702, 3162.91320308, 1323.44676408
3.50272297353, 0.746853944241, 17.2845100455, 8.24462023926, 7.41287662458, 3.15047112791, 5.18897079702, 3162.91320308, 1323.44676408
3.43220400568, 0.725199554244, 26.676918103, 7.72498138233, 8.2454361904, 3.83484543288, 5.31878045271, 5463.27015487, 730.85945119
3.43220400568, 0.725199554244, 26.676918103, 7.72498138233, 8.2454361904, 3.83484543288, 5.31878045271, 5463.27015487, 730.85945119
3.43220400568, 0.725199554244, 26.676918103, 8.13503322213, 8.2454361904, 3.83484543288, 5.31878045271, 5468.00630423, 731.066873685
3.43220400568, 0.725199554244, 26.676918103, 8.13503322213, 8.2454361904, 3.83484543288, 5.31878045271, 5468.00630423, 731.066873685
3.1703122355, 0.70884572217, 21.8354794268, 7.58641390414, 7.74652910283, 3.82458359106, 5.2366245672, 3887.37286148, 737.72995969
3.34587932256, 0.741857654632, 20.3535031617, 7.94513971323, 7.57489003947, 3.80716178528, 5.08590315567, 3811.26716067, 748.350341978
3.1703122355, 0.70884572217, 21.8354794268, 7.58641390414, 7.74652910283, 3.82458359106, 5.2366245672, 3887.37286148, 737.72995969
3.34587932256, 0.741857654632, 20.3535031617, 7.94513971323, 7.57489003947, 3.80716178528, 5.08590315567, 3811.26716067, 748.350341978
3.1703122355, 0.70884572217, 21.8354794268, 7.58641390414, 7.9896012113, 3.82458359106, 5.2366245672, 3892.60800875, 737.72995969
3.1703122355, 0.70884572217, 21.8354794268, 7.58641390414, 7.9896012113, 3.82458359106, 5.2366245672, 3892.60800875, 737.72995969
3.5089174255, 0.75804909128, 18.3136052916, 7.47629213623, 7.81269774147, 3.78720006537, 5.45343165357, 3787.54772391, 760.408748655
3.35525866184, 0.730321829535, 18.5868422862, 7.88808863534, 8.20992813516, 3.7632988252, 5.46087125733, 3621.74814387, 775.589881531
3.5089174255, 0.75804909128, 18.3136052916, 7.47629213623, 7.81269774147, 3.78720006537, 5.45343165357, 3787.54772391, 760.408748655
3.35525866184, 0.730321829535, 18.5868422862, 7.88808863534, 8.20992813516, 3.7632988252, 5.46087125733, 3621.74814387, 775.589881531
2.70375398371, 0.716172488431, 22.4524197307, 7.53354147866, 7.89320269139, 3.75593378519, 5.19179368079, 3674.11731293, 778.662616766
2.70375398371, 0.716172488431, 22.4524197307, 7.53354147866, 7.89320269139, 3.75593378519, 5.19179368079, 3674.11731293, 778.662616766
3.50272297353, 0.776307322113, 17.2845100455, 8.24462023926, 7.41287662458, 3.04919270962, 5.18897079702, 3289.77475467, 1459.03120891
3.50272297353, 0.776307322113, 17.2845100455, 8.24462023926, 7.41287662458, 3.04919270962, 5.18897079702, 3289.77475467, 1459.03120891
2.92835523992, 0.728181846188, 19.5709657815, 7.62613650742, 8.24543248328, 3.04238914151, 5.38474654506, 3313.15513401, 1466.66747275
2.92835523992, 0.728181846188, 19.5709657815, 7.62613650742, 8.24543248328, 3.04238914151, 5.38474654506, 3313.15513401, 1466.66747275
3.09491514311, 0.799344458465, 17.7258420484, 8.22835088468, 7.48210688717, 2.94148834702, 5.24513803373, 3288.89831386, 1624.17860085
3.09491514311, 0.799344458465, 17.7258420484, 8.22835088468, 7.48210688717, 2.94148834702, 5.24513803373, 3288.89831386, 1624.17860085
2.66632534484, 0.765040147022, 20.1251283763, 7.39490315336, 8.08436636489, 3.58611561968, 5.22010796656, 3465.09815499, 894.765882446
2.66632534484, 0.765040147022, 20.1251283763, 7.39490315336, 8.08436636489, 3.58611561968, 5.22010796656, 3465.09815499, 894.765882446
2.66632534484, 0.765040147022, 20.1251283763, 7.39490315336, 8.08436636489, 3.23798933519, 5.22010796656, 3369.86258769, 1215.50300411
2.66632534484, 0.765040147022, 20.1251283763, 7.39490315336, 8.08436636489, 3.23798933519, 5.22010796656, 3369.86258769, 1215.50300411
3.5089174255, 0.75804909128, 20.3535031617, 7.47629213623, 7.57489003947, 3.78720006537, 5.45343165357, 4246.61164977, 759.72543031
3.53578021385, 0.727425231607, 17.4464170085, 8.17316253228, 7.47827975025, 3.47405466307, 5.49351315916, 3392.94446138, 987.122979893
3.5089174255, 0.75804909128, 20.3535031617, 7.47629213623, 7.57489003947, 3.78720006537, 5.45343165357, 4246.61164977, 759.72543031
3.53578021385, 0.727425231607, 17.4464170085, 8.17316253228, 7.47827975025, 3.47405466307, 5.49351315916, 3392.94446138, 987.122979893
