0.0799150750689, 0.0469047827025, 0.0186274844154, 0.00813883752048, 0.197759407262, 0.0535586234932, 0.625928232944, 0.400866924231, 0.0510252577739, 0.259860215897, 0.282601372366, 6.8888524791
0.0916365855222, 0.115677038634, 0.0184040766763, 0.0240422966636, 0.225647889624, 0.0624885846083, 0.0605434268318, 0.0345655078615, 0.0113132252975, 0.00498741164779, 0.356180547797, 5.46720063874
0.0909882877733, 0.0132291793178, 0.0170668661968, 0.139856479867, 0.561315202476, 0.15792666807, 0.21723527042, 0.0345655078615, 0.0113132252975, 0.0558999633363, 0.347296345703, 6.42927176529
0.572919088701, 0.115677038634, 0.0184040766763, 0.0240422966636, 0.225647889624, 0.0624885846083, 0.0605434268318, 0.0345655078615, 0.0113132252975, 0.00498741164779, 0.910007793249, 5.33947562836
0.0816081913664, 0.326656283472, 0.0186274844154, 0.962035826191, 0.161832726621, 0.0535586234932, 0.00479608169665, 0.505173115839, 0.0698997702936, 0.978434101896, 0.280792679272, 7.87422858983
0.0839418298318, 0.115677038634, 0.324908282522, 0.14093157693, 0.561315202476, 0.0535586234932, 0.21723527042, 0.00765798798564, 0.118745439164, 0.0159857468594, 0.285492655913, 6.79145773248
0.0799150750689, 0.0469047827025, 0.0186274844154, 0.00813883752048, 0.197759407262, 0.0535586234932, 0.625928232944, 0.400866924231, 0.0510252577739, 0.259860215897, 0.282601372366, 6.8888524791
0.0916365855222, 0.115677038634, 0.0184040766763, 0.0240422966636, 0.225647889624, 0.0624885846083, 0.0605434268318, 0.0345655078615, 0.0113132252975, 0.00498741164779, 0.356180547797, 5.46720063874
0.0909882877733, 0.0132291793178, 0.0170668661968, 0.139856479867, 0.561315202476, 0.15792666807, 0.21723527042, 0.0345655078615, 0.0113132252975, 0.0558999633363, 0.347296345703, 6.42927176529
0.572919088701, 0.115677038634, 0.0184040766763, 0.0240422966636, 0.225647889624, 0.0624885846083, 0.0605434268318, 0.0345655078615, 0.0113132252975, 0.00498741164779, 0.910007793249, 5.33947562836
0.0816081913664, 0.326656283472, 0.0186274844154, 0.962035826191, 0.161832726621, 0.0535586234932, 0.00479608169665, 0.505173115839, 0.0698997702936, 0.978434101896, 0.280792679272, 7.87422858983
0.0839418298318, 0.115677038634, 0.324908282522, 0.14093157693, 0.561315202476, 0.0535586234932, 0.21723527042, 0.00765798798564, 0.118745439164, 0.0159857468594, 0.285492655913, 6.79145773248
0.0816081913664, 0.170893134433, 0.0186274844154, 0.609915834113, 0.197759407262, 0.0535586234932, 0.28541272079, 0.673831865564, 0.20101695525, 0.998487291119, 0.280792679272, 7.94499576299
0.0816081913664, 0.170893134433, 0.0186274844154, 0.609915834113, 0.197759407262, 0.0535586234932, 0.28541272079, 0.673831865564, 0.20101695525, 0.998487291119, 0.280792679272, 7.94499576299
0.0816081913664, 0.182320791246, 0.0186274844154, 0.962035826191, 0.561315202476, 0.0535586234932, 0.0266784904856, 0.505173115839, 0.0698997702936, 0.991460603613, 0.280792679272, 8.03102388374
0.0816081913664, 0.182320791246, 0.0186274844154, 0.962035826191, 0.561315202476, 0.0535586234932, 0.0266784904856, 0.505173115839, 0.0698997702936, 0.991460603613, 0.280792679272, 8.03102388374
0.0799150750689, 0.0469047827025, 0.220478994609, 0.00813883752048, 0.197759407262, 0.0535586234932, 0.625928232944, 0.400866924231, 0.0510252577739, 0.107536612955, 0.282601372366, 6.93238316854
0.0799150750689, 0.0469047827025, 0.220478994609, 0.00813883752048, 0.197759407262, 0.0535586234932, 0.625928232944, 0.400866924231, 0.0510252577739, 0.107536612955, 0.282601372366, 6.93238316854
0.0816081913664, 0.0677495604113, 0.0148200251669, 0.962035826191, 0.0754674979765, 0.0776676402106, 0.0216940659298, 0.988059536301, 0.20101695525, 0.998487291119, 0.280792679272, 8.04973219689
0.0816081913664, 0.0677495604113, 0.0148200251669, 0.962035826191, 0.0754674979765, 0.0776676402106, 0.0216940659298, 0.988059536301, 0.20101695525, 0.998487291119, 0.280792679272, 8.04973219689
0.0816081913664, 0.326656283472, 0.0186274844154, 0.962035826191, 0.197759407262, 0.0535586234932, 0.0266784904856, 0.505173115839, 0.440389871546, 0.978434101896, 0.280792679272, 8.1022094609
0.0816081913664, 0.326656283472, 0.0186274844154, 0.962035826191, 0.197759407262, 0.0535586234932, 0.0266784904856, 0.505173115839, 0.440389871546, 0.978434101896, 0.280792679272, 8.1022094609
0.0916365855222, 0.511973126761, 0.0186274844154, 0.125386988995, 0.170272032378, 0.123291589363, 0.0428032541712, 0.0272314881558, 0.00388200425932, 0.015428853618, 0.356180547797, 6.22564867952
0.240586824032, 0.511973126761, 0.0174649764186, 0.118201259615, 0.170272032378, 0.0624885846083, 0.0565052893604, 0.0227330817843, 0.00388200425932, 0.0129806484156, 0.652606020369, 6.09627488205
0.0916365855222, 0.511973126761, 0.0186274844154, 0.125386988995, 0.170272032378, 0.123291589363, 0.0428032541712, 0.0272314881558, 0.00388200425932, 0.015428853618, 0.356180547797, 6.22564867952
0.240586824032, 0.511973126761, 0.0174649764186, 0.118201259615, 0.170272032378, 0.0624885846083, 0.0565052893604, 0.0227330817843, 0.00388200425932, 0.0129806484156, 0.652606020369, 6.09627488205
0.0816081913664, 0.879862490261, 0.0186274844154, 0.793598229952, 0.197759407262, 0.0535586234932, 0.0266784904856, 0.505173115839, 0.0698997702936, 0.988131344125, 0.280792679272, 8.11434019627
0.0816081913664, 0.879862490261, 0.0186274844154, 0.793598229952, 0.197759407262, 0.0535586234932, 0.0266784904856, 0.505173115839, 0.0698997702936, 0.988131344125, 0.280792679272, 8.11434019627
0.0816081913664, 0.158555703938, 0.0148200251669, 0.962035826191, 0.194848370898, 0.0776676402106, 0.0605434268318, 0.910008745137, 0.20101695525, 0.998487291119, 0.280792679272, 8.13679007124
0.0816081913664, 0.158555703938, 0.0148200251669, 0.962035826191, 0.194848370898, 0.0776676402106, 0.0605434268318, 0.910008745137, 0.20101695525, 0.998487291119, 0.280792679272, 8.13679007124
0.0799150750689, 0.852454815952, 0.00515844228636, 0.00813883752048, 0.197759407262, 0.0535586234932, 0.91322902034, 0.23455542999, 0.0510252577739, 0.259860215897, 0.282601372366, 7.57221816051
0.0799150750689, 0.852454815952, 0.00515844228636, 0.00813883752048, 0.197759407262, 0.0535586234932, 0.91322902034, 0.23455542999, 0.0510252577739, 0.259860215897, 0.282601372366, 7.57221816051
0.0799150750689, 0.852454815952, 0.00515844228636, 0.00813883752048, 0.197759407262, 0.0535586234932, 0.91322902034, 0.23455542999, 0.0510252577739, 0.259860215897, 0.282601372366, 7.57221816051
0.0799150750689, 0.852454815952, 0.00515844228636, 0.00813883752048, 0.197759407262, 0.0535586234932, 0.91322902034, 0.23455542999, 0.0510252577739, 0.259860215897, 0.282601372366, 7.57221816051
0.0816081913664, 0.182320791246, 0.0148200251669, 0.962035826191, 0.197759407262, 0.0776676402106, 0.0302601934206, 0.980555866881, 0.20101695525, 0.998487291119, 0.280792679272, 8.17002294024
0.0816081913664, 0.182320791246, 0.0148200251669, 0.962035826191, 0.197759407262, 0.0776676402106, 0.0302601934206, 0.980555866881, 0.20101695525, 0.998487291119, 0.280792679272, 8.17002294024
0.0816081913664, 0.13998257782, 0.0124185185098, 0.737594929761, 0.197759407262, 0.881460219637, 0.262432913206, 0.293766789346, 0.20101695525, 0.998487291119, 0.280792679272, 8.20914187826
0.0816081913664, 0.13998257782, 0.0124185185098, 0.737594929761, 0.197759407262, 0.881460219637, 0.262432913206, 0.293766789346, 0.20101695525, 0.998487291119, 0.280792679272, 8.20914187826
0.0816081913664, 0.13998257782, 0.00586526022248, 0.737594929761, 0.197759407262, 0.898762170487, 0.262432913206, 0.293766789346, 0.20101695525, 0.998487291119, 0.280792679272, 8.2143499475
0.0816081913664, 0.13998257782, 0.00586526022248, 0.737594929761, 0.197759407262, 0.898762170487, 0.262432913206, 0.293766789346, 0.20101695525, 0.998487291119, 0.280792679272, 8.2143499475
0.0816081913664, 0.13998257782, 0.00586526022248, 0.737594929761, 0.197759407262, 0.898762170487, 0.262432913206, 0.293766789346, 0.20101695525, 0.998487291119, 0.280792679272, 8.2143499475
0.0816081913664, 0.13998257782, 0.00586526022248, 0.737594929761, 0.197759407262, 0.898762170487, 0.262432913206, 0.293766789346, 0.20101695525, 0.998487291119, 0.280792679272, 8.2143499475
0.0816081913664, 0.13998257782, 0.0124185185098, 0.737594929761, 0.197759407262, 0.898762170487, 0.262432913206, 0.293766789346, 0.20101695525, 0.998487291119, 0.280792679272, 8.21751968461
0.0816081913664, 0.13998257782, 0.0124185185098, 0.737594929761, 0.197759407262, 0.898762170487, 0.262432913206, 0.293766789346, 0.20101695525, 0.998487291119, 0.280792679272, 8.21751968461
0.0816081913664, 0.182320791246, 0.893387458911, 0.962035826191, 0.197759407262, 0.752311021002, 0.0242702514615, 0.988059536301, 0.20101695525, 0.998487291119, 0.280792679272, 8.83757664328
0.0816081913664, 0.182320791246, 0.893387458911, 0.962035826191, 0.197759407262, 0.752311021002, 0.0242702514615, 0.988059536301, 0.20101695525, 0.998487291119, 0.280792679272, 8.83757664328
0.0799150750689, 0.326656283472, 0.0552100373658, 0.312438366015, 0.197759407262, 0.357030943695, 0.91322902034, 0.23455542999, 0.0510252577739, 0.259860215897, 0.282601372366, 7.65511048439
0.0799150750689, 0.326656283472, 0.0552100373658, 0.312438366015, 0.197759407262, 0.357030943695, 0.91322902034, 0.23455542999, 0.0510252577739, 0.259860215897, 0.282601372366, 7.65511048439
0.0916365855222, 0.115677038634, 0.0186274844154, 0.378161981438, 0.0011255532755, 0.0624885846083, 0.0605434268318, 0.399803830405, 0.00388200425932, 0.0129806484156, 0.356180547797, 6.24378410513
0.0916365855222, 0.115677038634, 0.0186274844154, 0.378161981438, 0.0011255532755, 0.0624885846083, 0.0605434268318, 0.399803830405, 0.00388200425932, 0.0129806484156, 0.356180547797, 6.24378410513
0.0799150750689, 0.852454815952, 0.0153321082887, 0.00813883752048, 0.197759407262, 0.0535586234932, 0.967202328914, 0.400866924231, 0.0510252577739, 0.259860215897, 0.282601372366, 7.71495925586
0.0799150750689, 0.852454815952, 0.0153321082887, 0.00813883752048, 0.197759407262, 0.0535586234932, 0.967202328914, 0.400866924231, 0.0510252577739, 0.259860215897, 0.282601372366, 7.71495925586
0.0909882877733, 0.852454815952, 0.0186274844154, 0.139856479867, 0.197759407262, 0.15792666807, 0.206822153665, 0.0345655078615, 0.0113132252975, 0.0558999633363, 0.347296345703, 6.89408307878
0.0799150750689, 0.115677038634, 0.0186274844154, 0.00813883752048, 0.64020444822, 0.755937056806, 0.967202328914, 0.23455542999, 0.0510252577739, 0.015428853618, 0.282601372366, 7.7153181262
0.0909882877733, 0.852454815952, 0.0186274844154, 0.139856479867, 0.197759407262, 0.15792666807, 0.206822153665, 0.0345655078615, 0.0113132252975, 0.0558999633363, 0.347296345703, 6.89408307878
0.0799150750689, 0.115677038634, 0.0186274844154, 0.00813883752048, 0.64020444822, 0.755937056806, 0.967202328914, 0.23455542999, 0.0510252577739, 0.015428853618, 0.282601372366, 7.7153181262
0.0224927020856, 0.000282866358426, 0.32324984243, 0.0236540786497, 0.00503631104524, 0.003600280837, 0.101640684542, 0.249214085681, 0.307009960265, 0.0662255480078, 0.995569608583, 6.13958783942
0.0224927020856, 0.000282866358426, 0.32324984243, 0.0236540786497, 0.00503631104524, 0.003600280837, 0.101640684542, 0.249214085681, 0.307009960265, 0.0662255480078, 0.995569608583, 6.13958783942
0.0224927020856, 0.000282866358426, 0.32324984243, 0.0236540786497, 0.00503631104524, 0.003600280837, 0.101640684542, 0.249214085681, 0.307009960265, 0.0662255480078, 0.995569608583, 6.13958783942
0.0224927020856, 0.000282866358426, 0.32324984243, 0.0236540786497, 0.00503631104524, 0.003600280837, 0.101640684542, 0.249214085681, 0.307009960265, 0.0662255480078, 0.995569608583, 6.13958783942
0.0799150750689, 0.115677038634, 0.0186274844154, 0.00813883752048, 0.64020444822, 0.755937056806, 0.981841040756, 0.23455542999, 0.0510252577739, 0.015428853618, 0.282601372366, 7.72408205738
0.0799150750689, 0.115677038634, 0.0186274844154, 0.00813883752048, 0.64020444822, 0.755937056806, 0.981841040756, 0.23455542999, 0.0510252577739, 0.015428853618, 0.282601372366, 7.72408205738
0.0799150750689, 0.852454815952, 0.0153321082887, 0.000242444425008, 0.197759407262, 0.0535586234932, 0.967202328914, 0.400866924231, 0.0510252577739, 0.350135242865, 0.282601372366, 7.76384683411
0.0799150750689, 0.852454815952, 0.0153321082887, 0.000242444425008, 0.197759407262, 0.0535586234932, 0.967202328914, 0.400866924231, 0.0510252577739, 0.350135242865, 0.282601372366, 7.76384683411
0.0799150750689, 0.688090175165, 0.0107879484822, 0.00569706062555, 0.64020444822, 0.195668554535, 0.967202328914, 0.105035398164, 0.0510252577739, 0.259860215897, 0.282601372366, 7.78429779946
0.0799150750689, 0.688090175165, 0.0107879484822, 0.00569706062555, 0.64020444822, 0.195668554535, 0.967202328914, 0.105035398164, 0.0510252577739, 0.259860215897, 0.282601372366, 7.78429779946
0.0916365855222, 0.511973126761, 0.0186274844154, 0.125386988995, 0.170272032378, 0.123291589363, 0.0605434268318, 0.0272314881558, 0.00388200425932, 0.015428853618, 0.356180547797, 6.24797376046
0.0916365855222, 0.511973126761, 0.0186274844154, 0.125386988995, 0.170272032378, 0.123291589363, 0.0605434268318, 0.0272314881558, 0.00388200425932, 0.015428853618, 0.356180547797, 6.24797376046
0.0799150750689, 0.115677038634, 0.0151488893229, 0.00813883752048, 0.955627131658, 0.755937056806, 0.967202328914, 0.23455542999, 0.0510252577739, 0.015428853618, 0.282601372366, 7.8951043706
0.0799150750689, 0.115677038634, 0.0151488893229, 0.00813883752048, 0.955627131658, 0.755937056806, 0.967202328914, 0.23455542999, 0.0510252577739, 0.015428853618, 0.282601372366, 7.8951043706
0.0799150750689, 0.115677038634, 0.0186274844154, 0.00813883752048, 0.64020444822, 0.755937056806, 0.967202328914, 0.23455542999, 0.371214753357, 0.015428853618, 0.282601372366, 7.89966971721
0.0799150750689, 0.115677038634, 0.0186274844154, 0.00813883752048, 0.64020444822, 0.755937056806, 0.967202328914, 0.23455542999, 0.371214753357, 0.015428853618, 0.282601372366, 7.89966971721
0.76344552079, 0.115677038634, 0.0186274844154, 0.378161981438, 0.0011255532755, 0.0624885846083, 0.0605434268318, 0.502816404577, 0.00388200425932, 0.0129806484156, 0.961170683701, 6.24365933009
0.76344552079, 0.115677038634, 0.0186274844154, 0.378161981438, 0.0011255532755, 0.0624885846083, 0.0605434268318, 0.502816404577, 0.00388200425932, 0.0129806484156, 0.961170683701, 6.24365933009
0.0909882877733, 0.971370938236, 0.0195484437508, 0.104702285465, 0.561315202476, 0.15792666807, 0.21723527042, 0.00617194627287, 0.119388335231, 0.0558999633363, 0.347296345703, 7.32159846842
0.0909882877733, 0.971370938236, 0.0195484437508, 0.104702285465, 0.561315202476, 0.15792666807, 0.21723527042, 0.00617194627287, 0.119388335231, 0.0558999633363, 0.347296345703, 7.32159846842
0.0909882877733, 0.971370938236, 0.0195484437508, 0.104702285465, 0.561315202476, 0.15792666807, 0.21723527042, 0.00617194627287, 0.119388335231, 0.0558999633363, 0.347296345703, 7.32159846842
0.0909882877733, 0.971370938236, 0.0195484437508, 0.104702285465, 0.561315202476, 0.15792666807, 0.21723527042, 0.00617194627287, 0.119388335231, 0.0558999633363, 0.347296345703, 7.32159846842
0.0909882877733, 0.909629063045, 0.0195484437508, 0.104702285465, 0.561315202476, 0.15792666807, 0.21723527042, 0.00617194627287, 0.0113132252975, 0.442759190582, 0.347296345703, 7.47188435785
0.0909882877733, 0.909629063045, 0.0195484437508, 0.104702285465, 0.561315202476, 0.15792666807, 0.21723527042, 0.00617194627287, 0.0113132252975, 0.442759190582, 0.347296345703, 7.47188435785
0.0909882877733, 0.971370938236, 0.0195484437508, 0.104702285465, 0.561315202476, 0.15792666807, 0.213371959162, 0.00617194627287, 0.0113132252975, 0.442759190582, 0.347296345703, 7.51024985072
0.0909882877733, 0.971370938236, 0.0195484437508, 0.104702285465, 0.561315202476, 0.15792666807, 0.213371959162, 0.00617194627287, 0.0113132252975, 0.442759190582, 0.347296345703, 7.51024985072
0.240586824032, 0.511973126761, 0.0174649764186, 0.378161981438, 0.170272032378, 0.0624885846083, 0.0605434268318, 0.0227330817843, 0.00388200425932, 0.0129806484156, 0.652606020369, 6.41810709017
0.240586824032, 0.511973126761, 0.0174649764186, 0.378161981438, 0.170272032378, 0.0624885846083, 0.0605434268318, 0.0227330817843, 0.00388200425932, 0.0129806484156, 0.652606020369, 6.41810709017
0.0916365855222, 0.382586868203, 0.0186274844154, 0.147050096301, 0.170272032378, 0.123291589363, 0.0605434268318, 0.505173115839, 0.00388200425932, 0.015428853618, 0.356180547797, 6.66007114678
0.0701523545776, 0.7542244589, 0.0186274844154, 0.147050096301, 0.170272032378, 0.123291589363, 0.0605434268318, 0.0272314881558, 0.00388200425932, 0.015428853618, 0.373581900105, 6.54895712933
0.0916365855222, 0.382586868203, 0.0186274844154, 0.147050096301, 0.170272032378, 0.123291589363, 0.0605434268318, 0.505173115839, 0.00388200425932, 0.015428853618, 0.356180547797, 6.66007114678
0.0701523545776, 0.7542244589, 0.0186274844154, 0.147050096301, 0.170272032378, 0.123291589363, 0.0605434268318, 0.0272314881558, 0.00388200425932, 0.015428853618, 0.373581900105, 6.54895712933
0.0729661086769, 0.158555703938, 0.0148200251669, 0.962035826191, 0.194848370898, 0.0776676402106, 0.0605434268318, 0.910008745137, 0.20101695525, 0.999627318374, 0.334465766981, 8.13330658321
0.0729661086769, 0.158555703938, 0.0148200251669, 0.962035826191, 0.194848370898, 0.0776676402106, 0.0605434268318, 0.910008745137, 0.20101695525, 0.999627318374, 0.334465766981, 8.13330658321
0.572919088701, 0.0469047827025, 0.0652934199196, 0.00424381164798, 0.720913323664, 0.123291589363, 0.0402729059479, 0.0770877459675, 0.0482870813041, 0.107536612955, 0.910007793249, 6.34854209982
0.572919088701, 0.0469047827025, 0.0652934199196, 0.00424381164798, 0.720913323664, 0.123291589363, 0.0402729059479, 0.0770877459675, 0.0482870813041, 0.107536612955, 0.910007793249, 6.34854209982
