0.0909882877733, 0.115677038634, 0.00046595749353, 0.0240422966636, 0.225647889624, 0.0624885846083, 0.0605434268318, 0.0345655078615, 0.0113132252975, 0.00273967626852, 0.347296345703, 5.42697568756
0.0916365855222, 0.0469047827025, 0.00046595749353, 0.00109154976577, 0.225647889624, 0.0400747033507, 0.0605434268318, 0.0345655078615, 0.0113132252975, 0.00273967626852, 0.356180547797, 5.16693173999
0.0839418298318, 0.248632122636, 0.244380452517, 0.14093157693, 0.00933445476554, 0.0624885846083, 0.21723527042, 0.00765798798564, 0.0698997702936, 0.0159857468594, 0.285492655913, 6.20440506677
0.0419390779466, 0.130642926024, 0.0184040766763, 0.0240422966636, 0.0289583990157, 0.0624885846083, 0.0605434268318, 0.0345655078615, 0.0113132252975, 0.00273967626852, 0.891015163786, 4.90585935756
0.0799150750689, 0.0469047827025, 0.220478994609, 0.00813883752048, 0.197759407262, 0.0535586234932, 0.207505443993, 0.263422803288, 0.496222441457, 0.107536612955, 0.282601372366, 6.83375047579
0.0816081913664, 0.158555703938, 0.0148200251669, 0.125386988995, 0.0238363801859, 0.0776676402106, 0.0605434268318, 0.00769397702817, 0.20101695525, 0.998487291119, 0.280792679272, 6.89373866845
0.0909882877733, 0.115677038634, 0.00046595749353, 0.0240422966636, 0.225647889624, 0.0624885846083, 0.0605434268318, 0.0345655078615, 0.0113132252975, 0.00273967626852, 0.347296345703, 5.42697568756
0.0916365855222, 0.0469047827025, 0.00046595749353, 0.00109154976577, 0.225647889624, 0.0400747033507, 0.0605434268318, 0.0345655078615, 0.0113132252975, 0.00273967626852, 0.356180547797, 5.16693173999
0.0839418298318, 0.248632122636, 0.244380452517, 0.14093157693, 0.00933445476554, 0.0624885846083, 0.21723527042, 0.00765798798564, 0.0698997702936, 0.0159857468594, 0.285492655913, 6.20440506677
0.0419390779466, 0.130642926024, 0.0184040766763, 0.0240422966636, 0.0289583990157, 0.0624885846083, 0.0605434268318, 0.0345655078615, 0.0113132252975, 0.00273967626852, 0.891015163786, 4.90585935756
0.0799150750689, 0.0469047827025, 0.220478994609, 0.00813883752048, 0.197759407262, 0.0535586234932, 0.207505443993, 0.263422803288, 0.496222441457, 0.107536612955, 0.282601372366, 6.83375047579
0.0816081913664, 0.158555703938, 0.0148200251669, 0.125386988995, 0.0238363801859, 0.0776676402106, 0.0605434268318, 0.00769397702817, 0.20101695525, 0.998487291119, 0.280792679272, 6.89373866845
0.0799150750689, 0.0469047827025, 0.0645772421737, 0.00813883752048, 0.197759407262, 0.0535586234932, 0.625928232944, 0.263422803288, 0.286037874249, 0.107536612955, 0.282601372366, 6.88101174115
0.0799150750689, 0.0469047827025, 0.0645772421737, 0.00813883752048, 0.197759407262, 0.0535586234932, 0.625928232944, 0.263422803288, 0.286037874249, 0.107536612955, 0.282601372366, 6.88101174115
0.0839418298318, 0.115677038634, 0.324908282522, 0.14093157693, 0.161832726621, 0.0535586234932, 0.21723527042, 0.00765798798564, 0.0069994706898, 0.00498741164779, 0.285492655913, 6.22643647956
0.0839418298318, 0.115677038634, 0.324908282522, 0.14093157693, 0.161832726621, 0.0535586234932, 0.21723527042, 0.00765798798564, 0.0069994706898, 0.00498741164779, 0.285492655913, 6.22643647956
0.0816081913664, 0.158555703938, 0.0148200251669, 0.139856479867, 0.194848370898, 0.0776676402106, 0.0605434268318, 0.00769397702817, 0.20101695525, 0.998487291119, 0.280792679272, 7.05172325833
0.0816081913664, 0.158555703938, 0.0148200251669, 0.139856479867, 0.194848370898, 0.0776676402106, 0.0605434268318, 0.00769397702817, 0.20101695525, 0.998487291119, 0.280792679272, 7.05172325833
0.0916365855222, 0.115677038634, 0.0660438237052, 0.0240422966636, 0.130115066499, 0.0185604053529, 0.0605434268318, 0.0345655078615, 0.0113132252975, 0.00498741164779, 0.356180547797, 5.2688538871
0.0916365855222, 0.115677038634, 0.0660438237052, 0.0240422966636, 0.130115066499, 0.0185604053529, 0.0605434268318, 0.0345655078615, 0.0113132252975, 0.00498741164779, 0.356180547797, 5.2688538871
0.0909882877733, 0.102453505018, 0.0660438237052, 0.0240422966636, 0.225647889624, 0.0535586234932, 0.0605434268318, 0.0345655078615, 0.0113132252975, 0.00498741164779, 0.347296345703, 5.51898577743
0.0909882877733, 0.102453505018, 0.0660438237052, 0.0240422966636, 0.225647889624, 0.0535586234932, 0.0605434268318, 0.0345655078615, 0.0113132252975, 0.00498741164779, 0.347296345703, 5.51898577743
0.0839418298318, 0.115677038634, 0.324908282522, 0.14093157693, 0.161832726621, 0.0624885846083, 0.21723527042, 0.00765798798564, 0.0069994706898, 0.00498741164779, 0.285492655913, 6.23773840266
0.0839418298318, 0.115677038634, 0.324908282522, 0.14093157693, 0.161832726621, 0.0624885846083, 0.21723527042, 0.00765798798564, 0.0069994706898, 0.00498741164779, 0.285492655913, 6.23773840266
0.0816081913664, 0.326656283472, 0.0186274844154, 0.17887794128, 0.197759407262, 0.0535586234932, 0.0605434268318, 0.263422803288, 0.151991475626, 0.774662668504, 0.280792679272, 7.18841197945
0.0816081913664, 0.326656283472, 0.0186274844154, 0.17887794128, 0.197759407262, 0.0535586234932, 0.0605434268318, 0.263422803288, 0.151991475626, 0.774662668504, 0.280792679272, 7.18841197945
0.0916365855222, 0.115677038634, 0.00046595749353, 0.0240422966636, 0.225647889624, 0.0624885846083, 0.0605434268318, 0.0345655078615, 0.0113132252975, 0.00273967626852, 0.356180547797, 5.42582874239
0.0799150750689, 0.0469047827025, 0.220478994609, 0.00813883752048, 0.197759407262, 0.0535586234932, 0.625928232944, 0.400866924231, 0.0474513888634, 0.107536612955, 0.282601372366, 6.92927392774
0.0916365855222, 0.115677038634, 0.00046595749353, 0.0240422966636, 0.225647889624, 0.0624885846083, 0.0605434268318, 0.0345655078615, 0.0113132252975, 0.00273967626852, 0.356180547797, 5.42582874239
0.0799150750689, 0.0469047827025, 0.220478994609, 0.00813883752048, 0.197759407262, 0.0535586234932, 0.625928232944, 0.400866924231, 0.0474513888634, 0.107536612955, 0.282601372366, 6.92927392774
0.0909882877733, 0.115677038634, 0.0660438237052, 0.0240422966636, 0.225647889624, 0.0535586234932, 0.0605434268318, 0.0345655078615, 0.016735802833, 0.00498741164779, 0.347296345703, 5.55499560854
0.0909882877733, 0.115677038634, 0.0660438237052, 0.0240422966636, 0.225647889624, 0.0535586234932, 0.0605434268318, 0.0345655078615, 0.016735802833, 0.00498741164779, 0.347296345703, 5.55499560854
0.0839418298318, 0.248632122636, 0.244380452517, 0.14093157693, 0.00933445476554, 0.0306498638497, 0.21723527042, 0.00765798798564, 0.158120332485, 0.0159857468594, 0.285492655913, 6.27544123909
0.0839418298318, 0.248632122636, 0.244380452517, 0.14093157693, 0.00933445476554, 0.0306498638497, 0.21723527042, 0.00765798798564, 0.158120332485, 0.0159857468594, 0.285492655913, 6.27544123909
0.0816081913664, 0.326656283472, 0.0186274844154, 0.17887794128, 0.197759407262, 0.0535586234932, 0.0605434268318, 0.263422803288, 0.248055763245, 0.978434101896, 0.280792679272, 7.40635903067
0.0816081913664, 0.326656283472, 0.0186274844154, 0.17887794128, 0.197759407262, 0.0535586234932, 0.0605434268318, 0.263422803288, 0.248055763245, 0.978434101896, 0.280792679272, 7.40635903067
0.572919088701, 0.130642926024, 0.0184040766763, 0.0240422966636, 0.225647889624, 0.0372022225485, 0.0605434268318, 0.0345655078615, 0.0069994706898, 0.0159857468594, 0.910007793249, 5.331936854
0.832445027423, 0.0773712212567, 0.0144297381334, 0.0240422966636, 0.225647889624, 0.0624885846083, 0.0142770971684, 0.00723981593338, 0.118745439164, 0.0159857468594, 0.999999999999, 5.3134799982
0.572919088701, 0.130642926024, 0.0184040766763, 0.0240422966636, 0.225647889624, 0.0372022225485, 0.0605434268318, 0.0345655078615, 0.0069994706898, 0.0159857468594, 0.910007793249, 5.331936854
0.832445027423, 0.0773712212567, 0.0144297381334, 0.0240422966636, 0.225647889624, 0.0624885846083, 0.0142770971684, 0.00723981593338, 0.118745439164, 0.0159857468594, 0.999999999999, 5.3134799982
0.0799150750689, 0.0469047827025, 0.0186274844154, 0.144434111864, 0.197759407262, 0.0535586234932, 0.625928232944, 0.400866924231, 0.0510252577739, 0.259860215897, 0.282601372366, 7.00641726668
0.0799150750689, 0.0469047827025, 0.0186274844154, 0.144434111864, 0.197759407262, 0.0535586234932, 0.625928232944, 0.400866924231, 0.0510252577739, 0.259860215897, 0.282601372366, 7.00641726668
0.0816081913664, 0.326656283472, 0.0186274844154, 0.17887794128, 0.197759407262, 0.0535586234932, 0.0266784904856, 0.263422803288, 0.440389871546, 0.978434101896, 0.280792679272, 7.51312273353
0.0816081913664, 0.326656283472, 0.0186274844154, 0.17887794128, 0.197759407262, 0.0535586234932, 0.0266784904856, 0.263422803288, 0.440389871546, 0.978434101896, 0.280792679272, 7.51312273353
0.572919088701, 0.130642926024, 0.0184040766763, 0.0240422966636, 0.225647889624, 0.0624885846083, 0.0605434268318, 0.0345655078615, 0.0069994706898, 0.0159857468594, 0.910007793249, 5.38360815831
0.572919088701, 0.130642926024, 0.0184040766763, 0.0240422966636, 0.225647889624, 0.0624885846083, 0.0605434268318, 0.0345655078615, 0.0069994706898, 0.0159857468594, 0.910007793249, 5.38360815831
0.0839418298318, 0.115677038634, 0.324908282522, 0.14093157693, 0.161832726621, 0.0535586234932, 0.21723527042, 0.00765798798564, 0.233119803416, 0.00498741164779, 0.285492655913, 6.49258873039
0.0839418298318, 0.115677038634, 0.324908282522, 0.14093157693, 0.161832726621, 0.0535586234932, 0.21723527042, 0.00765798798564, 0.233119803416, 0.00498741164779, 0.285492655913, 6.49258873039
0.0816081913664, 0.262370072126, 0.0186274844154, 0.17887794128, 0.197759407262, 0.0535586234932, 0.0266784904856, 0.505173115839, 0.440389871546, 0.978434101896, 0.280792679272, 7.62677910077
0.0800456680883, 0.0677495604113, 0.0148200251669, 0.630024016373, 0.384862723801, 0.00557369633121, 0.0216940659298, 0.988059536301, 0.0698997702936, 0.411856767759, 0.28230549424, 7.5842357793
0.0816081913664, 0.262370072126, 0.0186274844154, 0.17887794128, 0.197759407262, 0.0535586234932, 0.0266784904856, 0.505173115839, 0.440389871546, 0.978434101896, 0.280792679272, 7.62677910077
0.0800456680883, 0.0677495604113, 0.0148200251669, 0.630024016373, 0.384862723801, 0.00557369633121, 0.0216940659298, 0.988059536301, 0.0698997702936, 0.411856767759, 0.28230549424, 7.5842357793
0.0909882877733, 0.115677038634, 0.00046595749353, 0.0240422966636, 0.225647889624, 0.0306498638497, 0.0605434268318, 0.225441857497, 0.0113132252975, 0.00273967626852, 0.347296345703, 5.7259713263
0.0909882877733, 0.115677038634, 0.00046595749353, 0.0240422966636, 0.225647889624, 0.0306498638497, 0.0605434268318, 0.225441857497, 0.0113132252975, 0.00273967626852, 0.347296345703, 5.7259713263
0.0799150750689, 0.0469047827025, 0.220478994609, 0.00813883752048, 0.197759407262, 0.0535586234932, 0.625928232944, 0.400866924231, 0.0510252577739, 0.21618784135, 0.282601372366, 7.02466500285
0.0799150750689, 0.0469047827025, 0.220478994609, 0.00813883752048, 0.197759407262, 0.0535586234932, 0.625928232944, 0.400866924231, 0.0510252577739, 0.21618784135, 0.282601372366, 7.02466500285
0.0816081913664, 0.165430295235, 0.0148200251669, 0.995878435962, 0.194848370898, 0.0776676402106, 0.0910182554917, 0.00769397702817, 0.20101695525, 0.999284966353, 0.280792679272, 7.67969267898
0.0816081913664, 0.165430295235, 0.0148200251669, 0.995878435962, 0.194848370898, 0.0776676402106, 0.0910182554917, 0.00769397702817, 0.20101695525, 0.999284966353, 0.280792679272, 7.67969267898
0.0839418298318, 0.115677038634, 0.0244090923585, 0.14093157693, 0.561315202476, 0.117080197887, 0.21723527042, 0.00765798798564, 0.0698997702936, 0.0159857468594, 0.285492655913, 6.50380900679
0.0839418298318, 0.115677038634, 0.0244090923585, 0.14093157693, 0.561315202476, 0.117080197887, 0.21723527042, 0.00765798798564, 0.0698997702936, 0.0159857468594, 0.285492655913, 6.50380900679
0.0816081913664, 0.165430295235, 0.0148200251669, 0.995878435962, 0.194848370898, 0.0776676402106, 0.13975181364, 0.00769397702817, 0.20101695525, 0.999284966353, 0.280792679272, 7.70920041309
0.0816081913664, 0.165430295235, 0.0148200251669, 0.995878435962, 0.194848370898, 0.0776676402106, 0.13975181364, 0.00769397702817, 0.20101695525, 0.999284966353, 0.280792679272, 7.70920041309
0.0799150750689, 0.00272342318697, 0.220478994609, 0.00813883752048, 0.197759407262, 0.0306885356818, 0.625928232944, 0.592813924136, 0.0510252577739, 0.107536612955, 0.282601372366, 7.03810406632
0.0799150750689, 0.00272342318697, 0.220478994609, 0.00813883752048, 0.197759407262, 0.0306885356818, 0.625928232944, 0.592813924136, 0.0510252577739, 0.107536612955, 0.282601372366, 7.03810406632
0.0800456680883, 0.0677495604113, 0.0148200251669, 0.738109566643, 0.384862723801, 0.0776676402106, 0.0216940659298, 0.988059536301, 0.0698997702936, 0.411856767759, 0.28230549424, 7.6960152216
0.0800456680883, 0.0677495604113, 0.0148200251669, 0.738109566643, 0.384862723801, 0.0776676402106, 0.0216940659298, 0.988059536301, 0.0698997702936, 0.411856767759, 0.28230549424, 7.6960152216
0.0816081913664, 0.326656283472, 0.0186274844154, 0.17887794128, 0.191186689069, 0.0535586234932, 0.218634335119, 0.505173115839, 0.440389871546, 0.978434101896, 0.280792679272, 7.77741731321
0.0816081913664, 0.326656283472, 0.0186274844154, 0.17887794128, 0.191186689069, 0.0535586234932, 0.218634335119, 0.505173115839, 0.440389871546, 0.978434101896, 0.280792679272, 7.77741731321
0.0839418298318, 0.0804180889179, 0.244380452517, 0.14093157693, 0.561315202476, 0.0374177202654, 0.21723527042, 0.00765798798564, 0.0698997702936, 0.0159857468594, 0.285492655913, 6.61469746256
0.0816081913664, 0.326656283472, 0.0186274844154, 0.17887794128, 0.197759407262, 0.0535586234932, 0.218634335119, 0.505173115839, 0.440389871546, 0.978434101896, 0.280792679272, 7.78124972049
0.0839418298318, 0.0804180889179, 0.244380452517, 0.14093157693, 0.561315202476, 0.0374177202654, 0.21723527042, 0.00765798798564, 0.0698997702936, 0.0159857468594, 0.285492655913, 6.61469746256
0.0816081913664, 0.326656283472, 0.0186274844154, 0.17887794128, 0.197759407262, 0.0535586234932, 0.218634335119, 0.505173115839, 0.440389871546, 0.978434101896, 0.280792679272, 7.78124972049
0.0909882877733, 0.0132291793178, 0.0186274844154, 0.125386988995, 0.332049687402, 0.15792666807, 0.21723527042, 0.0345655078615, 0.0113132252975, 0.0558999633363, 0.347296345703, 6.13211579676
0.0816081913664, 0.182320791246, 0.00780539200306, 0.466286080225, 0.197759407262, 0.0776676402106, 0.0181034160574, 0.98061248504, 0.20101695525, 0.998487291119, 0.280792679272, 7.90149780247
0.0909882877733, 0.0132291793178, 0.0186274844154, 0.125386988995, 0.332049687402, 0.15792666807, 0.21723527042, 0.0345655078615, 0.0113132252975, 0.0558999633363, 0.347296345703, 6.13211579676
0.0816081913664, 0.182320791246, 0.00780539200306, 0.466286080225, 0.197759407262, 0.0776676402106, 0.0181034160574, 0.98061248504, 0.20101695525, 0.998487291119, 0.280792679272, 7.90149780247
0.0816081913664, 0.182320791246, 0.0186274844154, 0.962035826191, 0.322702190385, 0.0535586234932, 0.0216940659298, 0.505173115839, 0.0698997702936, 0.994827514558, 0.280792679272, 7.90192884072
0.0816081913664, 0.182320791246, 0.0186274844154, 0.962035826191, 0.322702190385, 0.0535586234932, 0.0216940659298, 0.505173115839, 0.0698997702936, 0.994827514558, 0.280792679272, 7.90192884072
0.0816081913664, 0.262370072126, 0.0186274844154, 0.17887794128, 0.197759407262, 0.0535586234932, 0.594992783443, 0.505173115839, 0.440389871546, 0.990494298755, 0.280792679272, 7.96268710709
0.0816081913664, 0.262370072126, 0.0186274844154, 0.17887794128, 0.197759407262, 0.0535586234932, 0.594992783443, 0.505173115839, 0.440389871546, 0.990494298755, 0.280792679272, 7.96268710709
0.0816081913664, 0.182320791246, 0.197988965381, 0.466286080225, 0.197759407262, 0.00557369633121, 0.0181034160574, 0.98061248504, 0.20101695525, 0.998487291119, 0.280792679272, 7.96586387379
0.0816081913664, 0.182320791246, 0.197988965381, 0.466286080225, 0.197759407262, 0.00557369633121, 0.0181034160574, 0.98061248504, 0.20101695525, 0.998487291119, 0.280792679272, 7.96586387379
0.0916365855222, 0.115677038634, 0.0184040766763, 0.0240422966636, 0.225647889624, 0.0624885846083, 0.0605434268318, 0.0345655078615, 0.0113132252975, 0.00498741164779, 0.356180547797, 5.46720063874
0.0916365855222, 0.115677038634, 0.0184040766763, 0.0240422966636, 0.225647889624, 0.0624885846083, 0.0605434268318, 0.0345655078615, 0.0113132252975, 0.00498741164779, 0.356180547797, 5.46720063874
0.0799150750689, 0.0469047827025, 0.00387915832811, 0.00813883752048, 0.197759407262, 0.280876672492, 0.625928232944, 0.400866924231, 0.0510252577739, 0.259860215897, 0.282601372366, 7.06931563325
0.0799150750689, 0.0469047827025, 0.00387915832811, 0.00813883752048, 0.197759407262, 0.280876672492, 0.625928232944, 0.400866924231, 0.0510252577739, 0.259860215897, 0.282601372366, 7.06931563325
0.0916365855222, 0.115677038634, 0.0660438237052, 0.0240422966636, 0.225647889624, 0.0185604053529, 0.0605434268318, 0.0345655078615, 0.0113132252975, 0.00498741164779, 0.356180547797, 5.47468469557
0.0916365855222, 0.115677038634, 0.0660438237052, 0.0240422966636, 0.225647889624, 0.0185604053529, 0.0605434268318, 0.0345655078615, 0.0113132252975, 0.00498741164779, 0.356180547797, 5.47468469557
0.0799150750689, 0.0469047827025, 0.192491022878, 0.00813883752048, 0.197759407262, 0.0535586234932, 0.625928232944, 0.672921637043, 0.0510252577739, 0.0689650892946, 0.282601372366, 7.10349589759
0.0799150750689, 0.0469047827025, 0.192491022878, 0.00813883752048, 0.197759407262, 0.0535586234932, 0.625928232944, 0.672921637043, 0.0510252577739, 0.0689650892946, 0.282601372366, 7.10349589759
0.0799150750689, 0.0469047827025, 0.220478994609, 0.00813883752048, 0.197759407262, 0.0535586234932, 0.625928232944, 0.400866924231, 0.0510252577739, 0.388181022716, 0.282601372366, 7.16263240781
0.0799150750689, 0.0469047827025, 0.220478994609, 0.00813883752048, 0.197759407262, 0.0535586234932, 0.625928232944, 0.400866924231, 0.0510252577739, 0.388181022716, 0.282601372366, 7.16263240781
