0.0916365855222, 0.511973126761, 0.0186274844154, 0.147050096301, 0.170272032378, 0.123291589363, 0.0605434268318, 0.505173115839, 0.00388200425932, 0.015428853618, 0.356180547797, 6.78500254929
0.0816081913664, 0.182320791246, 0.0186274844154, 0.962035826191, 0.197759407262, 0.0535586234932, 0.0266784904856, 0.0272314881558, 0.00446035825017, 0.978434101896, 0.280792679272, 7.49112237848
0.572919088701, 0.115677038634, 0.0184040766763, 0.0240422966636, 0.14566086588, 0.0624885846083, 0.704733993833, 0.0345655078615, 0.0113132252975, 0.00498741164779, 0.910007793249, 6.21725074543
0.0909882877733, 0.971370938236, 0.0552100373658, 0.174576811788, 0.561315202476, 0.15792666807, 0.21723527042, 0.00617194627287, 0.0113132252975, 0.0558999633363, 0.347296345703, 7.31977615367
0.0916365855222, 0.511973126761, 0.0186274844154, 0.147050096301, 0.170272032378, 0.123291589363, 0.0605434268318, 0.505173115839, 0.00388200425932, 0.015428853618, 0.356180547797, 6.78500254929
0.0816081913664, 0.182320791246, 0.0186274844154, 0.962035826191, 0.197759407262, 0.0535586234932, 0.0266784904856, 0.0272314881558, 0.00446035825017, 0.978434101896, 0.280792679272, 7.49112237848
0.572919088701, 0.115677038634, 0.0184040766763, 0.0240422966636, 0.14566086588, 0.0624885846083, 0.704733993833, 0.0345655078615, 0.0113132252975, 0.00498741164779, 0.910007793249, 6.21725074543
0.0909882877733, 0.971370938236, 0.0552100373658, 0.174576811788, 0.561315202476, 0.15792666807, 0.21723527042, 0.00617194627287, 0.0113132252975, 0.0558999633363, 0.347296345703, 7.31977615367
0.0816081913664, 0.182320791246, 0.0186274844154, 0.962035826191, 0.197759407262, 0.0535586234932, 0.91322902034, 0.10665340059, 0.00446035825017, 0.998487291119, 0.280792679272, 8.06530932163
0.0799150750689, 0.852454815952, 0.0186274844154, 0.00813883752048, 0.197759407262, 0.755937056806, 0.967202328914, 0.23455542999, 0.0510252577739, 0.259860215897, 0.282601372366, 8.01752307667
0.0816081913664, 0.182320791246, 0.0186274844154, 0.962035826191, 0.197759407262, 0.0535586234932, 0.91322902034, 0.10665340059, 0.00446035825017, 0.998487291119, 0.280792679272, 8.06530932163
0.0799150750689, 0.852454815952, 0.0186274844154, 0.00813883752048, 0.197759407262, 0.755937056806, 0.967202328914, 0.23455542999, 0.0510252577739, 0.259860215897, 0.282601372366, 8.01752307667
0.0816081913664, 0.13998257782, 0.0186274844154, 0.737594929761, 0.197759407262, 0.898762170487, 0.262432913206, 0.293766789346, 0.20101695525, 0.998487291119, 0.280792679272, 8.22051905036
0.0816081913664, 0.13998257782, 0.0186274844154, 0.737594929761, 0.197759407262, 0.898762170487, 0.262432913206, 0.293766789346, 0.20101695525, 0.998487291119, 0.280792679272, 8.22051905036
0.0799150750689, 0.688090175165, 0.0186274844154, 0.00813883752048, 0.64020444822, 0.755937056806, 0.967202328914, 0.23455542999, 0.0510252577739, 0.259860215897, 0.282601372366, 8.15938224473
0.572919088701, 0.115677038634, 0.0652934199196, 0.120979761533, 0.720913323664, 0.123291589363, 0.0828345688808, 0.0770877459675, 0.0482870813041, 0.015428853618, 0.910007793249, 6.49634895362
0.0224927020856, 0.0469047827025, 0.32324984243, 0.138441475955, 0.14566086588, 0.00487924606017, 0.0402729059479, 0.0373636616272, 0.501669542489, 0.107536612955, 0.995569608583, 6.44657345133
0.0799150750689, 0.688090175165, 0.0186274844154, 0.00813883752048, 0.64020444822, 0.755937056806, 0.967202328914, 0.23455542999, 0.0510252577739, 0.259860215897, 0.282601372366, 8.15938224473
0.572919088701, 0.115677038634, 0.0652934199196, 0.120979761533, 0.720913323664, 0.123291589363, 0.0828345688808, 0.0770877459675, 0.0482870813041, 0.015428853618, 0.910007793249, 6.49634895362
0.0224927020856, 0.0469047827025, 0.32324984243, 0.138441475955, 0.14566086588, 0.00487924606017, 0.0402729059479, 0.0373636616272, 0.501669542489, 0.107536612955, 0.995569608583, 6.44657345133
0.0816081913664, 0.182320791246, 0.0186274844154, 0.609915834113, 0.197759407262, 0.0535586234932, 0.91322902034, 0.673831865564, 0.20101695525, 0.998487291119, 0.280792679272, 8.26847003397
0.0816081913664, 0.182320791246, 0.0186274844154, 0.609915834113, 0.197759407262, 0.0535586234932, 0.91322902034, 0.673831865564, 0.20101695525, 0.998487291119, 0.280792679272, 8.26847003397
0.0816081913664, 0.182320791246, 0.0186274844154, 0.962035826191, 0.197759407262, 0.0535586234932, 0.844463732374, 0.910008745137, 0.111116264976, 0.998487291119, 0.280792679272, 8.46380989524
0.0816081913664, 0.182320791246, 0.0186274844154, 0.962035826191, 0.197759407262, 0.0535586234932, 0.844463732374, 0.910008745137, 0.111116264976, 0.998487291119, 0.280792679272, 8.46380989524
0.0816081913664, 0.182320791246, 0.0186274844154, 0.981676106022, 0.197759407262, 0.0267253768437, 0.91322902034, 0.910008745137, 0.20101695525, 0.998487291119, 0.280792679272, 8.52916568135
0.0816081913664, 0.182320791246, 0.0186274844154, 0.981676106022, 0.197759407262, 0.0267253768437, 0.91322902034, 0.910008745137, 0.20101695525, 0.998487291119, 0.280792679272, 8.52916568135
0.0816081913664, 0.182320791246, 0.0148200251669, 0.962035826191, 0.197759407262, 0.0776676402106, 0.91322902034, 0.910008745137, 0.20101695525, 0.998487291119, 0.280792679272, 8.54084820563
0.240586824032, 0.511973126761, 0.0186274844154, 0.378161981438, 0.170272032378, 0.0624885846083, 0.0605434268318, 0.399803830405, 0.00388200425932, 0.0129806484156, 0.652606020369, 6.79897939936
0.0916365855222, 0.115677038634, 0.32324984243, 0.174576811788, 0.561315202476, 0.0535586234932, 0.21723527042, 0.0540454831293, 0.0970925385818, 0.0558999633363, 0.356180547797, 6.8731084652
0.0816081913664, 0.182320791246, 0.0148200251669, 0.962035826191, 0.197759407262, 0.0776676402106, 0.91322902034, 0.910008745137, 0.20101695525, 0.998487291119, 0.280792679272, 8.54084820563
0.240586824032, 0.511973126761, 0.0186274844154, 0.378161981438, 0.170272032378, 0.0624885846083, 0.0605434268318, 0.399803830405, 0.00388200425932, 0.0129806484156, 0.652606020369, 6.79897939936
0.0916365855222, 0.115677038634, 0.32324984243, 0.174576811788, 0.561315202476, 0.0535586234932, 0.21723527042, 0.0540454831293, 0.0970925385818, 0.0558999633363, 0.356180547797, 6.8731084652
0.0816081913664, 0.182320791246, 0.0186274844154, 0.962035826191, 0.197759407262, 0.0776676402106, 0.91322902034, 0.910008745137, 0.20101695525, 0.998487291119, 0.280792679272, 8.54246174255
0.0816081913664, 0.182320791246, 0.0186274844154, 0.962035826191, 0.197759407262, 0.0776676402106, 0.91322902034, 0.910008745137, 0.20101695525, 0.998487291119, 0.280792679272, 8.54246174255
0.572919088701, 0.115677038634, 0.017179772958, 0.0240422966636, 0.64020444822, 0.0624885846083, 0.704733993833, 0.0345655078615, 0.0113132252975, 0.00498741164779, 0.910007793249, 6.73709158651
0.572919088701, 0.115677038634, 0.017179772958, 0.0240422966636, 0.64020444822, 0.0624885846083, 0.704733993833, 0.0345655078615, 0.0113132252975, 0.00498741164779, 0.910007793249, 6.73709158651
0.0816081913664, 0.689755023935, 0.0186274844154, 0.724574459825, 0.197759407262, 0.462339031086, 0.262432913206, 0.910008745137, 0.20101695525, 0.998487291119, 0.280792679272, 8.54409147378
0.0816081913664, 0.689755023935, 0.0186274844154, 0.724574459825, 0.197759407262, 0.462339031086, 0.262432913206, 0.910008745137, 0.20101695525, 0.998487291119, 0.280792679272, 8.54409147378
0.0816081913664, 0.688090175165, 0.0186274844154, 0.737594929761, 0.64020444822, 0.898762170487, 0.262432913206, 0.293766789346, 0.20101695525, 0.998487291119, 0.280792679272, 8.65750899743
0.0816081913664, 0.688090175165, 0.0186274844154, 0.737594929761, 0.64020444822, 0.898762170487, 0.262432913206, 0.293766789346, 0.20101695525, 0.998487291119, 0.280792679272, 8.65750899743
0.0816081913664, 0.688090175165, 0.0186274844154, 0.724574459825, 0.197759407262, 0.898762170487, 0.262432913206, 0.910008745137, 0.20101695525, 0.998487291119, 0.280792679272, 8.72178964611
0.0816081913664, 0.688090175165, 0.0186274844154, 0.724574459825, 0.197759407262, 0.898762170487, 0.262432913206, 0.910008745137, 0.20101695525, 0.998487291119, 0.280792679272, 8.72178964611
0.0816081913664, 0.182320791246, 0.432517499267, 0.962035826191, 0.197759407262, 0.0267253768437, 0.91322902034, 0.910008745137, 0.425168561082, 0.998487291119, 0.280792679272, 8.77976789337
0.0816081913664, 0.182320791246, 0.432517499267, 0.962035826191, 0.197759407262, 0.0267253768437, 0.91322902034, 0.910008745137, 0.425168561082, 0.998487291119, 0.280792679272, 8.77976789337
0.0204228497198, 0.0469047827025, 0.32324984243, 0.138441475955, 0.14566086588, 0.00487924606017, 0.0402729059479, 0.495450029047, 0.0970925385818, 0.107536612955, 0.99741568628, 6.50207331666
0.0224927020856, 0.175261415745, 0.7534432201, 0.0236540786497, 0.00503631104524, 0.003600280837, 0.101640684542, 0.348763185526, 0.153455257248, 0.0662255480078, 0.995569608583, 6.72797073756
0.0204228497198, 0.0469047827025, 0.32324984243, 0.138441475955, 0.14566086588, 0.00487924606017, 0.0402729059479, 0.495450029047, 0.0970925385818, 0.107536612955, 0.99741568628, 6.50207331666
0.0224927020856, 0.175261415745, 0.7534432201, 0.0236540786497, 0.00503631104524, 0.003600280837, 0.101640684542, 0.348763185526, 0.153455257248, 0.0662255480078, 0.995569608583, 6.72797073756
0.572919088701, 0.276826637781, 0.0652934199196, 0.120979761533, 0.720913323664, 0.0624885846083, 0.0445645545741, 0.0770877459675, 0.0482870813041, 0.22767743385, 0.910007793249, 6.7636011165
0.572919088701, 0.276826637781, 0.0652934199196, 0.120979761533, 0.720913323664, 0.0624885846083, 0.0445645545741, 0.0770877459675, 0.0482870813041, 0.22767743385, 0.910007793249, 6.7636011165
0.0916365855222, 0.505248417644, 0.253895826127, 0.147050096301, 0.347591496612, 0.0145947229151, 0.0393686269705, 0.10665340059, 0.0113132252975, 0.394812797419, 0.356180547797, 7.01771880168
0.0916365855222, 0.505248417644, 0.253895826127, 0.147050096301, 0.347591496612, 0.0145947229151, 0.0393686269705, 0.10665340059, 0.0113132252975, 0.394812797419, 0.356180547797, 7.01771880168
0.0916365855222, 0.505248417644, 0.253895826127, 0.147050096301, 0.347591496612, 0.0145947229151, 0.0393686269705, 0.10665340059, 0.0113132252975, 0.394812797419, 0.356180547797, 7.01771880168
0.0916365855222, 0.505248417644, 0.253895826127, 0.147050096301, 0.347591496612, 0.0145947229151, 0.0393686269705, 0.10665340059, 0.0113132252975, 0.394812797419, 0.356180547797, 7.01771880168
0.240586824032, 0.511973126761, 0.0186274844154, 0.365107893224, 0.170272032378, 0.123291589363, 0.0605434268318, 0.461583713515, 0.00388200425932, 0.015428853618, 0.652606020369, 6.89869342158
0.240586824032, 0.511973126761, 0.0186274844154, 0.365107893224, 0.170272032378, 0.123291589363, 0.0605434268318, 0.461583713515, 0.00388200425932, 0.015428853618, 0.652606020369, 6.89869342158
0.00273211120891, 0.0469047827025, 0.659464316783, 0.138441475955, 0.0464127405298, 0.00487924606017, 0.0402729059479, 0.495450029047, 0.10753347913, 0.107536612955, 0.999999981597, 6.74116726517
0.00273211120891, 0.0469047827025, 0.659464316783, 0.138441475955, 0.0464127405298, 0.00487924606017, 0.0402729059479, 0.495450029047, 0.10753347913, 0.107536612955, 0.999999981597, 6.74116726517
0.0916365855222, 0.0712066458088, 0.659464316783, 0.174576811788, 0.561315202476, 0.0535586234932, 0.21723527042, 0.00765798798564, 0.10753347913, 0.0558999633363, 0.356180547797, 7.08948856446
0.0916365855222, 0.0712066458088, 0.659464316783, 0.174576811788, 0.561315202476, 0.0535586234932, 0.21723527042, 0.00765798798564, 0.10753347913, 0.0558999633363, 0.356180547797, 7.08948856446
0.44984467309, 0.466469673916, 0.0652934199196, 0.506903866265, 0.540500352894, 0.0624885846083, 0.0397539779409, 0.0187880036436, 0.00497884933918, 0.0359366913329, 0.953030970705, 6.83848920189
0.44984467309, 0.466469673916, 0.0652934199196, 0.506903866265, 0.540500352894, 0.0624885846083, 0.0397539779409, 0.0187880036436, 0.00497884933918, 0.0359366913329, 0.953030970705, 6.83848920189
0.0916365855222, 0.115677038634, 0.659464316783, 0.174576811788, 0.561315202476, 0.0535586234932, 0.21723527042, 0.00765798798564, 0.10753347913, 0.0558999633363, 0.356180547797, 7.12484806468
0.0916365855222, 0.115677038634, 0.659464316783, 0.174576811788, 0.561315202476, 0.0535586234932, 0.21723527042, 0.00765798798564, 0.10753347913, 0.0558999633363, 0.356180547797, 7.12484806468
0.44984467309, 0.466469673916, 0.0652934199196, 0.502929409304, 0.540500352894, 0.0624885846083, 0.063476062341, 0.0142012679725, 0.00343152481481, 0.0359366913329, 0.953030970705, 6.85033974007
0.44984467309, 0.466469673916, 0.0652934199196, 0.502929409304, 0.540500352894, 0.0624885846083, 0.063476062341, 0.0142012679725, 0.00343152481481, 0.0359366913329, 0.953030970705, 6.85033974007
0.00224390827368, 0.0469047827025, 0.129059854917, 0.47751139431, 0.14566086588, 0.00487924606017, 0.179692104683, 0.11546403534, 0.501669542489, 0.107536612955, 0.999999994335, 6.79648661174
0.00224390827368, 0.0469047827025, 0.129059854917, 0.47751139431, 0.14566086588, 0.00487924606017, 0.179692104683, 0.11546403534, 0.501669542489, 0.107536612955, 0.999999994335, 6.79648661174
0.0916365855222, 0.511973126761, 0.0186274844154, 0.147050096301, 0.170272032378, 0.123291589363, 0.91322902034, 0.10665340059, 0.00388200425932, 0.015428853618, 0.356180547797, 7.16967360522
0.0916365855222, 0.511973126761, 0.0186274844154, 0.147050096301, 0.170272032378, 0.123291589363, 0.91322902034, 0.10665340059, 0.00388200425932, 0.015428853618, 0.356180547797, 7.16967360522
0.663237686097, 0.0469047827025, 0.32324984243, 0.0776957519353, 0.165855462712, 0.00487924606017, 0.179692104683, 0.495450029047, 0.351281044855, 0.107536612955, 0.999999994885, 6.83530016574
0.663237686097, 0.0469047827025, 0.32324984243, 0.0776957519353, 0.165855462712, 0.00487924606017, 0.179692104683, 0.495450029047, 0.351281044855, 0.107536612955, 0.999999994885, 6.83530016574
0.663237686097, 0.0469047827025, 0.32324984243, 0.0776957519353, 0.165855462712, 0.00487924606017, 0.179692104683, 0.495450029047, 0.351281044855, 0.107536612955, 0.999999994885, 6.83530016574
0.663237686097, 0.0469047827025, 0.32324984243, 0.0776957519353, 0.165855462712, 0.00487924606017, 0.179692104683, 0.495450029047, 0.351281044855, 0.107536612955, 0.999999994885, 6.83530016574
0.0916365855222, 0.423767302222, 0.276253424493, 0.147050096301, 0.525987179752, 0.0145947229151, 0.156199612243, 0.10665340059, 0.0113132252975, 0.394812797419, 0.356180547797, 7.20502258724
0.0916365855222, 0.423767302222, 0.276253424493, 0.147050096301, 0.525987179752, 0.0145947229151, 0.156199612243, 0.10665340059, 0.0113132252975, 0.394812797419, 0.356180547797, 7.20502258724
0.776491953769, 0.0469047827025, 0.32324984243, 0.138441475955, 0.165855462712, 0.000526866583596, 0.179692104683, 0.495450029047, 0.351281044855, 0.107536612955, 0.979501061408, 6.88956976593
0.776491953769, 0.0469047827025, 0.32324984243, 0.138441475955, 0.165855462712, 0.000526866583596, 0.179692104683, 0.495450029047, 0.351281044855, 0.107536612955, 0.979501061408, 6.88956976593
0.0916365855222, 0.971370938236, 0.0381046740931, 0.174576811788, 0.561315202476, 0.15792666807, 0.21723527042, 0.00617194627287, 0.0113132252975, 0.0558999633363, 0.356180547797, 7.30660460692
0.0940003446653, 0.115677038634, 0.407810000908, 0.181475186881, 0.64020444822, 0.208391765106, 0.128022639809, 0.23455542999, 0.0113132252975, 0.259860215897, 0.392323777477, 7.29813218644
0.0916365855222, 0.971370938236, 0.0381046740931, 0.174576811788, 0.561315202476, 0.15792666807, 0.21723527042, 0.00617194627287, 0.0113132252975, 0.0558999633363, 0.356180547797, 7.30660460692
0.0940003446653, 0.115677038634, 0.407810000908, 0.181475186881, 0.64020444822, 0.208391765106, 0.128022639809, 0.23455542999, 0.0113132252975, 0.259860215897, 0.392323777477, 7.29813218644
0.77711552468, 0.115677038634, 0.407810000908, 0.174576811788, 0.58816483809, 0.115418889143, 0.21723527042, 0.00765798798564, 0.0113132252975, 0.259860215897, 0.980334425893, 6.96334843852
0.0916365855222, 0.971370938236, 0.0552100373658, 0.174576811788, 0.561315202476, 0.15792666807, 0.21723527042, 0.00617194627287, 0.0113132252975, 0.0558999633363, 0.356180547797, 7.31892423902
0.0916365855222, 0.971370938236, 0.0552100373658, 0.174576811788, 0.561315202476, 0.15792666807, 0.21723527042, 0.00617194627287, 0.0113132252975, 0.0558999633363, 0.356180547797, 7.31892423902
0.77711552468, 0.115677038634, 0.407810000908, 0.174576811788, 0.58816483809, 0.115418889143, 0.21723527042, 0.00765798798564, 0.0113132252975, 0.259860215897, 0.980334425893, 6.96334843852
0.0916365855222, 0.971370938236, 0.0552100373658, 0.174576811788, 0.561315202476, 0.15792666807, 0.21723527042, 0.00617194627287, 0.0113132252975, 0.0558999633363, 0.356180547797, 7.31892423902
0.0916365855222, 0.971370938236, 0.0552100373658, 0.174576811788, 0.561315202476, 0.15792666807, 0.21723527042, 0.00617194627287, 0.0113132252975, 0.0558999633363, 0.356180547797, 7.31892423902
0.0224927020856, 0.0469047827025, 0.32324984243, 0.138441475955, 0.64020444822, 0.00487924606017, 0.0402729059479, 0.0373636616272, 0.501669542489, 0.107536612955, 0.995569608583, 6.91170930842
0.0224927020856, 0.0469047827025, 0.32324984243, 0.138441475955, 0.64020444822, 0.00487924606017, 0.0402729059479, 0.0373636616272, 0.501669542489, 0.107536612955, 0.995569608583, 6.91170930842
0.0410354513982, 0.646677202786, 0.0652934199196, 0.61908239401, 0.540500352894, 0.208391765106, 0.063476062341, 0.0187880036436, 0.00497884933918, 0.0359366913329, 0.901315592475, 7.2197333572
0.0410354513982, 0.646677202786, 0.0652934199196, 0.61908239401, 0.540500352894, 0.208391765106, 0.063476062341, 0.0187880036436, 0.00497884933918, 0.0359366913329, 0.901315592475, 7.2197333572
