0.222720483346, 0.00755254740377, 0.230822001882, 0.0270492410303, 0.150543886789, 0.313992414955, 0.0835727123106, 0.00712041591526, 0.635375131545, 0.107214648136, 0.28897921337, 0.614467139223, 0.0342070320557, 0.256841565703, 0.584141458052, 0.660753162211, 0.13985368827, 0.108695441805, 0.0734791627308, 0.222650344404, 0.0657904970103, 0.100466964411, 0.0123096432309, 0.987976820906, 0.994354951231, 0.762646260028, 0.62776600159, 0.828773344666, 0.293162296652, 0.493289037981, 0.222720483346, 2.92323581227
0.00185846911788, 0.497672067376, 0.0071578862919, 0.218595705519, 0.777876316649, 0.348662288695, 0.0146824294367, 0.564514662882, 0.353711348937, 0.216169124878, 0.245466083447, 0.209017944201, 0.104093279935, 0.280985260617, 0.0345511557889, 0.370112004002, 0.379528270246, 0.151494411236, 0.702911600149, 0.977321250282, 0.570446902745, 0.412038138269, 0.0123096432309, 0.0271117176287, 0.959639085377, 0.0688356105208, 0.650387942697, 0.816342262404, 0.143919678557, 0.113619961061, 0.00185846911788, 4.08638152634
0.0512716392033, 0.226954585176, 0.0566287169456, 0.247423658618, 0.156750296776, 0.950517795566, 0.0381337349322, 0.128524538813, 0.187166033477, 0.0653870834195, 0.64960135327, 0.00517539657282, 0.318404432798, 0.0256618062765, 0.11689730781, 0.0600222605082, 0.121805645468, 0.671653935377, 0.520138518583, 0.214209303282, 0.03165344487, 0.903460358991, 0.0398545276869, 0.0765998683209, 0.112362000464, 0.549733183756, 0.600431108505, 0.228279585466, 0.888392219838, 0.0376335778866, 0.0512716392033, 3.07586865991
0.627458279663, 0.795011197415, 0.363119530274, 0.357743798695, 0.825900959385, 0.303794407693, 0.486154211953, 0.323978318616, 0.635174208929, 0.0653870834195, 0.0279029154412, 0.173858237205, 0.591249313025, 0.652945187422, 0.431657940315, 0.20742774475, 0.121805645468, 0.861308710948, 0.0220956843625, 0.597944036557, 0.495228724451, 0.260454252613, 0.100662141685, 0.367583143964, 0.009620208605, 0.570381181782, 0.144843116825, 0.222279796476, 0.186350868104, 0.903314942024, 0.627458279663, 2.29953093125
0.648066805232, 0.146133274251, 0.251609784698, 0.434379857789, 0.20868645124, 0.452703105213, 0.784139580471, 0.464904791906, 0.197595300262, 0.356441557969, 0.52245156988, 0.693859795161, 0.417041650945, 0.20588543694, 0.0296974650727, 0.00503370065111, 0.214405709881, 0.613903527191, 0.0236622224481, 0.280946933925, 0.51957606996, 0.319934965029, 0.456493049578, 0.0330797826679, 0.492272077339, 0.579729083755, 0.235970527249, 0.0452793535628, 0.205147407367, 0.0883231648563, 0.648066805232, 1.64723476568
0.856995375537, 0.321381926966, 0.0566287169456, 0.633658681835, 0.156750296776, 0.157073741883, 0.906732694781, 0.128524538813, 0.427812003767, 0.359385010869, 0.196247916896, 0.150732661859, 0.591249313025, 0.127632671502, 0.170453737385, 0.689763702314, 0.98787227354, 0.16490690551, 0.574841610762, 0.0729660148105, 0.119857493654, 0.319934965029, 0.380768524706, 0.0765998683209, 0.357881153413, 0.549733183756, 0.600431108505, 0.0452793535628, 0.661042345785, 0.206496354956, 0.856995375537, 1.43796848317
0.226283349405, 0.564212158865, 0.0337004927719, 0.000557822705091, 0.777876316649, 0.266008844812, 0.0790817467602, 0.128524538813, 0.984459369925, 0.37104259181, 0.0315372966911, 0.00517539657282, 0.078289462749, 0.275387565201, 0.0503645167258, 0.814141535613, 0.597004045695, 0.769349482074, 0.0236622224481, 0.580214621322, 0.993645828317, 0.103663200683, 0.0757790417328, 0.0639102888963, 0.00591495781782, 0.382221946184, 0.104425977757, 0.796759814095, 0.0410041414735, 0.774216633845, 0.226283349405, 2.91113530126
0.031500065032, 0.00865638097164, 0.578077670786, 0.0270492410303, 0.856882637671, 0.26692238905, 0.126764467306, 0.26094627326, 0.399414642238, 0.37104259181, 0.303923295798, 0.371863632607, 0.104093279935, 0.256841565703, 0.505198561016, 0.634463262595, 0.696132233054, 0.769349482074, 0.0220956843625, 0.238991347461, 0.502163037616, 0.496275496465, 0.104128209829, 0.00806484558836, 0.0581122597181, 0.382221946184, 0.0298564152109, 0.796759814095, 0.0410041414735, 0.0170227976398, 0.031500065032, 3.49053384449
0.0149739276996, 0.595704015055, 0.0331731291598, 0.0270492410303, 0.777876316649, 0.351055194716, 0.298457647378, 0.201474266387, 0.543598189299, 0.37104259181, 0.303923295798, 0.371863632607, 0.104093279935, 0.256841565703, 0.505198561016, 0.847272841538, 0.696132233054, 0.769349482074, 0.0220956843625, 0.096894326152, 0.502163037616, 0.496275496465, 0.104128209829, 0.00806484558836, 0.0581122597181, 0.382221946184, 0.0298564152109, 0.63005295551, 0.0410041414735, 0.784613352328, 0.0149739276996, 3.9118684158
0.000834484500059, 0.921513801362, 0.530833958557, 0.686173118812, 0.694499972712, 0.854908984639, 0.0146824294367, 0.564514662882, 0.428435817118, 0.216169124878, 0.275594856511, 0.292338686178, 0.292945325097, 0.280985260617, 0.0345511557889, 0.301316451527, 0.464443794613, 0.250519251804, 0.739853233929, 0.977321250282, 0.570446902745, 0.412038138269, 0.638153286931, 0.286004267049, 0.170182813174, 0.0688356105208, 0.137497131681, 0.496766849853, 0.872478383359, 0.51612472161, 0.000834484500059, 4.96660062025
0.412998682135, 0.790534820431, 0.79043968127, 0.505712752431, 0.027722365246, 0.534523556731, 0.194140446358, 0.75293570696, 0.115372328373, 0.0353944750755, 0.28897921337, 0.125423780607, 0.315672412432, 0.421765242567, 0.291158019478, 0.155797338468, 0.478427405069, 0.0851553106795, 0.0234933395789, 0.443710340413, 0.0236908394636, 0.494940105262, 0.505543828192, 0.303480630344, 0.0124042561708, 0.105160538254, 0.382307902284, 0.0313065132426, 0.0359159592061, 0.639173442625, 0.412998682135, 2.35423881833
0.242977445962, 0.564212158865, 0.0337004927719, 0.0704439220211, 0.777876316649, 0.266008844812, 0.0790817467602, 0.308087228394, 0.273138550985, 0.0197413322879, 0.28897921337, 0.173858237205, 0.0498287018475, 0.0068559606323, 0.31724560627, 0.634463262595, 0.478427405069, 0.64234274106, 0.0734791627308, 0.896463757198, 0.993645828317, 0.103663200683, 0.155416844652, 0.199881715122, 0.000710305775165, 0.162753953036, 0.104425977757, 0.796759814095, 0.11777340941, 0.774216633845, 0.242977445962, 2.69462940721
0.00137324929474, 0.591911004859, 0.0809621184251, 0.00825128471309, 0.846599020269, 0.313992414955, 0.514343611045, 6.51297048799e-05, 0.8191184785, 0.107214648136, 0.236381817412, 0.641576241225, 0.0342070320557, 0.0385560473533, 0.348258361216, 0.982391819053, 0.228494643981, 0.486310179362, 0.0734791627308, 0.222650344404, 0.0657904970103, 0.590422516876, 0.0123096432309, 0.998279608833, 0.994354951231, 0.762646260028, 0.0822036936422, 0.120489378387, 0.293162296652, 0.493289037981, 0.00137324929474, 4.33209981268
0.383676766809, 0.209923972995, 0.299481295901, 0.0270492410303, 0.027722365246, 0.980870337464, 0.481424267977, 0.8290693882, 0.310335628239, 0.341275754006, 0.237433745883, 0.132500009892, 0.315672412432, 0.329879192856, 0.291158019478, 0.155797338468, 0.241024390555, 0.0211783571431, 0.0337988553605, 0.377908735076, 0.0236908394636, 0.319934965029, 0.524717177494, 0.199578980862, 0.00700192774727, 0.105160538254, 0.0216982823457, 0.545380919123, 0.444265066842, 0.246981307496, 0.383676766809, 2.53624679968
0.0218718262648, 0.028964864457, 0.557700479684, 0.0126199993005, 0.777876316649, 0.302218902157, 0.646636821978, 0.00816377262615, 0.543598189299, 0.37104259181, 0.303923295798, 0.173858237205, 0.104093279935, 0.519159423251, 0.475997672998, 0.634463262595, 0.696132233054, 0.480947423818, 0.0220956843625, 0.238991347461, 0.502163037616, 0.496275496465, 0.104128209829, 0.00806484558836, 0.0581122597181, 0.382221946184, 0.00615463290416, 0.796759814095, 0.0410041414735, 0.774216633845, 0.0218718262648, 3.81020165386
0.222720483346, 0.00755254740377, 0.230822001882, 0.0270492410303, 0.150543886789, 0.313992414955, 0.0835727123106, 0.00712041591526, 0.635375131545, 0.107214648136, 0.28897921337, 0.614467139223, 0.0342070320557, 0.256841565703, 0.584141458052, 0.660753162211, 0.13985368827, 0.108695441805, 0.0734791627308, 0.222650344404, 0.0657904970103, 0.100466964411, 0.0123096432309, 0.987976820906, 0.994354951231, 0.762646260028, 0.62776600159, 0.828773344666, 0.293162296652, 0.493289037981, 0.222720483346, 2.92323581227
0.00185846911788, 0.497672067376, 0.0071578862919, 0.218595705519, 0.777876316649, 0.348662288695, 0.0146824294367, 0.564514662882, 0.353711348937, 0.216169124878, 0.245466083447, 0.209017944201, 0.104093279935, 0.280985260617, 0.0345511557889, 0.370112004002, 0.379528270246, 0.151494411236, 0.702911600149, 0.977321250282, 0.570446902745, 0.412038138269, 0.0123096432309, 0.0271117176287, 0.959639085377, 0.0688356105208, 0.650387942697, 0.816342262404, 0.143919678557, 0.113619961061, 0.00185846911788, 4.08638152634
0.0512716392033, 0.226954585176, 0.0566287169456, 0.247423658618, 0.156750296776, 0.950517795566, 0.0381337349322, 0.128524538813, 0.187166033477, 0.0653870834195, 0.64960135327, 0.00517539657282, 0.318404432798, 0.0256618062765, 0.11689730781, 0.0600222605082, 0.121805645468, 0.671653935377, 0.520138518583, 0.214209303282, 0.03165344487, 0.903460358991, 0.0398545276869, 0.0765998683209, 0.112362000464, 0.549733183756, 0.600431108505, 0.228279585466, 0.888392219838, 0.0376335778866, 0.0512716392033, 3.07586865991
0.627458279663, 0.795011197415, 0.363119530274, 0.357743798695, 0.825900959385, 0.303794407693, 0.486154211953, 0.323978318616, 0.635174208929, 0.0653870834195, 0.0279029154412, 0.173858237205, 0.591249313025, 0.652945187422, 0.431657940315, 0.20742774475, 0.121805645468, 0.861308710948, 0.0220956843625, 0.597944036557, 0.495228724451, 0.260454252613, 0.100662141685, 0.367583143964, 0.009620208605, 0.570381181782, 0.144843116825, 0.222279796476, 0.186350868104, 0.903314942024, 0.627458279663, 2.29953093125
0.648066805232, 0.146133274251, 0.251609784698, 0.434379857789, 0.20868645124, 0.452703105213, 0.784139580471, 0.464904791906, 0.197595300262, 0.356441557969, 0.52245156988, 0.693859795161, 0.417041650945, 0.20588543694, 0.0296974650727, 0.00503370065111, 0.214405709881, 0.613903527191, 0.0236622224481, 0.280946933925, 0.51957606996, 0.319934965029, 0.456493049578, 0.0330797826679, 0.492272077339, 0.579729083755, 0.235970527249, 0.0452793535628, 0.205147407367, 0.0883231648563, 0.648066805232, 1.64723476568
0.856995375537, 0.321381926966, 0.0566287169456, 0.633658681835, 0.156750296776, 0.157073741883, 0.906732694781, 0.128524538813, 0.427812003767, 0.359385010869, 0.196247916896, 0.150732661859, 0.591249313025, 0.127632671502, 0.170453737385, 0.689763702314, 0.98787227354, 0.16490690551, 0.574841610762, 0.0729660148105, 0.119857493654, 0.319934965029, 0.380768524706, 0.0765998683209, 0.357881153413, 0.549733183756, 0.600431108505, 0.0452793535628, 0.661042345785, 0.206496354956, 0.856995375537, 1.43796848317
0.226283349405, 0.564212158865, 0.0337004927719, 0.000557822705091, 0.777876316649, 0.266008844812, 0.0790817467602, 0.128524538813, 0.984459369925, 0.37104259181, 0.0315372966911, 0.00517539657282, 0.078289462749, 0.275387565201, 0.0503645167258, 0.814141535613, 0.597004045695, 0.769349482074, 0.0236622224481, 0.580214621322, 0.993645828317, 0.103663200683, 0.0757790417328, 0.0639102888963, 0.00591495781782, 0.382221946184, 0.104425977757, 0.796759814095, 0.0410041414735, 0.774216633845, 0.226283349405, 2.91113530126
0.031500065032, 0.00865638097164, 0.578077670786, 0.0270492410303, 0.856882637671, 0.26692238905, 0.126764467306, 0.26094627326, 0.399414642238, 0.37104259181, 0.303923295798, 0.371863632607, 0.104093279935, 0.256841565703, 0.505198561016, 0.634463262595, 0.696132233054, 0.769349482074, 0.0220956843625, 0.238991347461, 0.502163037616, 0.496275496465, 0.104128209829, 0.00806484558836, 0.0581122597181, 0.382221946184, 0.0298564152109, 0.796759814095, 0.0410041414735, 0.0170227976398, 0.031500065032, 3.49053384449
0.0149739276996, 0.595704015055, 0.0331731291598, 0.0270492410303, 0.777876316649, 0.351055194716, 0.298457647378, 0.201474266387, 0.543598189299, 0.37104259181, 0.303923295798, 0.371863632607, 0.104093279935, 0.256841565703, 0.505198561016, 0.847272841538, 0.696132233054, 0.769349482074, 0.0220956843625, 0.096894326152, 0.502163037616, 0.496275496465, 0.104128209829, 0.00806484558836, 0.0581122597181, 0.382221946184, 0.0298564152109, 0.63005295551, 0.0410041414735, 0.784613352328, 0.0149739276996, 3.9118684158
0.000834484500059, 0.921513801362, 0.530833958557, 0.686173118812, 0.694499972712, 0.854908984639, 0.0146824294367, 0.564514662882, 0.428435817118, 0.216169124878, 0.275594856511, 0.292338686178, 0.292945325097, 0.280985260617, 0.0345511557889, 0.301316451527, 0.464443794613, 0.250519251804, 0.739853233929, 0.977321250282, 0.570446902745, 0.412038138269, 0.638153286931, 0.286004267049, 0.170182813174, 0.0688356105208, 0.137497131681, 0.496766849853, 0.872478383359, 0.51612472161, 0.000834484500059, 4.96660062025
0.412998682135, 0.790534820431, 0.79043968127, 0.505712752431, 0.027722365246, 0.534523556731, 0.194140446358, 0.75293570696, 0.115372328373, 0.0353944750755, 0.28897921337, 0.125423780607, 0.315672412432, 0.421765242567, 0.291158019478, 0.155797338468, 0.478427405069, 0.0851553106795, 0.0234933395789, 0.443710340413, 0.0236908394636, 0.494940105262, 0.505543828192, 0.303480630344, 0.0124042561708, 0.105160538254, 0.382307902284, 0.0313065132426, 0.0359159592061, 0.639173442625, 0.412998682135, 2.35423881833
0.242977445962, 0.564212158865, 0.0337004927719, 0.0704439220211, 0.777876316649, 0.266008844812, 0.0790817467602, 0.308087228394, 0.273138550985, 0.0197413322879, 0.28897921337, 0.173858237205, 0.0498287018475, 0.0068559606323, 0.31724560627, 0.634463262595, 0.478427405069, 0.64234274106, 0.0734791627308, 0.896463757198, 0.993645828317, 0.103663200683, 0.155416844652, 0.199881715122, 0.000710305775165, 0.162753953036, 0.104425977757, 0.796759814095, 0.11777340941, 0.774216633845, 0.242977445962, 2.69462940721
0.00137324929474, 0.591911004859, 0.0809621184251, 0.00825128471309, 0.846599020269, 0.313992414955, 0.514343611045, 6.51297048799e-05, 0.8191184785, 0.107214648136, 0.236381817412, 0.641576241225, 0.0342070320557, 0.0385560473533, 0.348258361216, 0.982391819053, 0.228494643981, 0.486310179362, 0.0734791627308, 0.222650344404, 0.0657904970103, 0.590422516876, 0.0123096432309, 0.998279608833, 0.994354951231, 0.762646260028, 0.0822036936422, 0.120489378387, 0.293162296652, 0.493289037981, 0.00137324929474, 4.33209981268
0.383676766809, 0.209923972995, 0.299481295901, 0.0270492410303, 0.027722365246, 0.980870337464, 0.481424267977, 0.8290693882, 0.310335628239, 0.341275754006, 0.237433745883, 0.132500009892, 0.315672412432, 0.329879192856, 0.291158019478, 0.155797338468, 0.241024390555, 0.0211783571431, 0.0337988553605, 0.377908735076, 0.0236908394636, 0.319934965029, 0.524717177494, 0.199578980862, 0.00700192774727, 0.105160538254, 0.0216982823457, 0.545380919123, 0.444265066842, 0.246981307496, 0.383676766809, 2.53624679968
0.0218718262648, 0.028964864457, 0.557700479684, 0.0126199993005, 0.777876316649, 0.302218902157, 0.646636821978, 0.00816377262615, 0.543598189299, 0.37104259181, 0.303923295798, 0.173858237205, 0.104093279935, 0.519159423251, 0.475997672998, 0.634463262595, 0.696132233054, 0.480947423818, 0.0220956843625, 0.238991347461, 0.502163037616, 0.496275496465, 0.104128209829, 0.00806484558836, 0.0581122597181, 0.382221946184, 0.00615463290416, 0.796759814095, 0.0410041414735, 0.774216633845, 0.0218718262648, 3.81020165386
0.000834484500059, 0.921513801362, 0.530833958557, 0.0971224651877, 0.747364873208, 0.854908984639, 0.0146824294367, 0.564514662882, 0.428435817118, 0.216169124878, 0.275594856511, 0.0193030968589, 0.292945325097, 0.280985260617, 0.0345511557889, 0.370112004002, 0.464443794613, 0.816138136611, 0.739853233929, 0.977321250282, 0.570446902745, 0.412038138269, 0.476048540209, 0.0842984070638, 0.170182813174, 0.0688356105208, 0.549618526121, 0.816342262404, 0.872478383359, 0.51612472161, 0.000834484500059, 5.02613707673
0.000834484500059, 0.921513801362, 0.530833958557, 0.0971224651877, 0.747364873208, 0.854908984639, 0.0146824294367, 0.564514662882, 0.428435817118, 0.216169124878, 0.275594856511, 0.0193030968589, 0.292945325097, 0.280985260617, 0.0345511557889, 0.370112004002, 0.464443794613, 0.816138136611, 0.739853233929, 0.977321250282, 0.570446902745, 0.412038138269, 0.476048540209, 0.0842984070638, 0.170182813174, 0.0688356105208, 0.549618526121, 0.816342262404, 0.872478383359, 0.51612472161, 0.000834484500059, 5.02613707673
0.856995375537, 0.321381926966, 0.0566287169456, 0.633658681835, 0.156750296776, 0.157073741883, 0.906732694781, 0.128524538813, 0.427812003767, 0.359385010869, 0.196247916896, 0.581168528183, 0.749600001153, 0.290015500812, 0.170453737385, 0.689763702314, 0.399304188039, 0.0889680424356, 0.520138518583, 0.118507331488, 0.119857493654, 0.319934965029, 0.380768524706, 0.0630688454478, 0.357881153413, 0.549733183756, 0.600431108505, 0.0452793535628, 0.888392219838, 0.206496354956, 0.856995375537, 1.50797850399
0.856995375537, 0.321381926966, 0.0566287169456, 0.633658681835, 0.156750296776, 0.157073741883, 0.906732694781, 0.128524538813, 0.427812003767, 0.359385010869, 0.196247916896, 0.581168528183, 0.749600001153, 0.290015500812, 0.170453737385, 0.689763702314, 0.399304188039, 0.0889680424356, 0.520138518583, 0.118507331488, 0.119857493654, 0.319934965029, 0.380768524706, 0.0630688454478, 0.357881153413, 0.549733183756, 0.600431108505, 0.0452793535628, 0.888392219838, 0.206496354956, 0.856995375537, 1.50797850399
0.856995375537, 0.321381926966, 0.0566287169456, 0.499900588142, 0.156750296776, 0.157073741883, 0.864105009811, 0.128524538813, 0.28732349231, 0.359385010869, 0.196247916896, 0.150732661859, 0.591249313025, 0.290015500812, 0.170453737385, 0.814141535613, 0.73006686055, 0.0889680424356, 0.520138518583, 0.118507331488, 0.997646178189, 0.494940105262, 0.380768524706, 0.0765998683209, 0.357881153413, 0.598864514971, 0.600431108505, 0.0452793535628, 0.300157133767, 0.206496354956, 0.856995375537, 1.52644740529
0.0249317104447, 0.028964864457, 0.557700479684, 0.0270492410303, 0.785527018436, 0.609552689047, 0.661711968967, 0.151308922701, 0.543598189299, 0.37104259181, 0.303923295798, 0.0169206078389, 0.104093279935, 0.256841565703, 0.478063501367, 0.634463262595, 0.637847638842, 0.502646717394, 0.0220956843625, 0.12308802499, 0.999329834726, 0.0166619683798, 0.447222849783, 0.12657031896, 0.0581122597181, 0.382221946184, 0.029782459572, 0.489255551703, 0.0410041414735, 0.774216633845, 0.0249317104447, 3.81993985576
0.856995375537, 0.321381926966, 0.0566287169456, 0.499900588142, 0.156750296776, 0.157073741883, 0.864105009811, 0.128524538813, 0.28732349231, 0.359385010869, 0.196247916896, 0.150732661859, 0.591249313025, 0.290015500812, 0.170453737385, 0.814141535613, 0.73006686055, 0.0889680424356, 0.520138518583, 0.118507331488, 0.997646178189, 0.494940105262, 0.380768524706, 0.0765998683209, 0.357881153413, 0.598864514971, 0.600431108505, 0.0452793535628, 0.300157133767, 0.206496354956, 0.856995375537, 1.52644740529
0.0249317104447, 0.028964864457, 0.557700479684, 0.0270492410303, 0.785527018436, 0.609552689047, 0.661711968967, 0.151308922701, 0.543598189299, 0.37104259181, 0.303923295798, 0.0169206078389, 0.104093279935, 0.256841565703, 0.478063501367, 0.634463262595, 0.637847638842, 0.502646717394, 0.0220956843625, 0.12308802499, 0.999329834726, 0.0166619683798, 0.447222849783, 0.12657031896, 0.0581122597181, 0.382221946184, 0.029782459572, 0.489255551703, 0.0410041414735, 0.774216633845, 0.0249317104447, 3.81993985576
0.648066805232, 0.146133274251, 0.251609784698, 0.434379857789, 0.20868645124, 0.492335259547, 0.784139580471, 0.464904791906, 0.197595300262, 0.356441557969, 0.52245156988, 0.388238260227, 0.417041650945, 0.396194808437, 0.0296974650727, 0.00503370065111, 0.214405709881, 0.818418798786, 0.0236622224481, 0.280946933925, 0.51957606996, 0.319934965029, 0.456493049578, 0.0330797826679, 0.492272077339, 0.579729083755, 0.235970527249, 0.0452793535628, 0.205147407367, 0.00969723131816, 0.648066805232, 1.65963592533
0.856995375537, 0.321381926966, 0.0566287169456, 0.499900588142, 0.156750296776, 0.157073741883, 0.864105009811, 0.125009887816, 0.427812003767, 0.359385010869, 0.196247916896, 0.150732661859, 0.591249313025, 0.290015500812, 0.170453737385, 0.814141535613, 0.632084583767, 0.0889680424356, 0.520138518583, 0.118507331488, 0.997646178189, 0.319934965029, 0.380768524706, 0.0765998683209, 0.357881153413, 0.598864514971, 0.600431108505, 0.0452793535628, 0.888392219838, 0.206496354956, 0.856995375537, 1.63563589318
0.648066805232, 0.146133274251, 0.251609784698, 0.434379857789, 0.20868645124, 0.492335259547, 0.784139580471, 0.464904791906, 0.197595300262, 0.356441557969, 0.52245156988, 0.388238260227, 0.417041650945, 0.396194808437, 0.0296974650727, 0.00503370065111, 0.214405709881, 0.818418798786, 0.0236622224481, 0.280946933925, 0.51957606996, 0.319934965029, 0.456493049578, 0.0330797826679, 0.492272077339, 0.579729083755, 0.235970527249, 0.0452793535628, 0.205147407367, 0.00969723131816, 0.648066805232, 1.65963592533
0.856995375537, 0.321381926966, 0.0566287169456, 0.499900588142, 0.156750296776, 0.157073741883, 0.864105009811, 0.125009887816, 0.427812003767, 0.359385010869, 0.196247916896, 0.150732661859, 0.591249313025, 0.290015500812, 0.170453737385, 0.814141535613, 0.632084583767, 0.0889680424356, 0.520138518583, 0.118507331488, 0.997646178189, 0.319934965029, 0.380768524706, 0.0765998683209, 0.357881153413, 0.598864514971, 0.600431108505, 0.0452793535628, 0.888392219838, 0.206496354956, 0.856995375537, 1.63563589318
0.226283349405, 0.564212158865, 0.0337004927719, 0.000557822705091, 0.777876316649, 0.314351640853, 0.0790817467602, 0.0897857921027, 0.273138550985, 0.37104259181, 0.350205522188, 0.157790187736, 0.078289462749, 0.275387565201, 0.0503645167258, 0.814141535613, 0.242550406023, 0.769349482074, 0.0236622224481, 0.920507884252, 0.993645828317, 0.103663200683, 0.00471593693932, 0.0639102888963, 0.00591495781782, 0.382221946184, 0.104425977757, 0.796759814095, 0.375044411875, 0.774216633845, 0.226283349405, 2.91616491314
0.226283349405, 0.564212158865, 0.0337004927719, 0.000557822705091, 0.777876316649, 0.314351640853, 0.0790817467602, 0.0897857921027, 0.273138550985, 0.37104259181, 0.350205522188, 0.157790187736, 0.078289462749, 0.275387565201, 0.0503645167258, 0.814141535613, 0.242550406023, 0.769349482074, 0.0236622224481, 0.920507884252, 0.993645828317, 0.103663200683, 0.00471593693932, 0.0639102888963, 0.00591495781782, 0.382221946184, 0.104425977757, 0.796759814095, 0.375044411875, 0.774216633845, 0.226283349405, 2.91616491314
0.242977445962, 0.564212158865, 0.0337004927719, 0.0444481645673, 0.777876316649, 0.266008844812, 0.0790817467602, 0.308087228394, 0.273138550985, 0.37104259181, 0.285766552701, 0.173858237205, 0.0627191942743, 0.41129098116, 0.31724560627, 0.611113812556, 0.478427405069, 0.64234274106, 0.0734791627308, 0.859588119652, 0.999231428402, 0.103663200683, 0.153431445424, 0.0639102888963, 0.00024938973865, 0.162753953036, 0.104425977757, 0.796759814095, 0.11777340941, 0.774216633845, 0.242977445962, 2.84326897611
0.242977445962, 0.564212158865, 0.0337004927719, 0.0444481645673, 0.777876316649, 0.266008844812, 0.0790817467602, 0.308087228394, 0.273138550985, 0.37104259181, 0.285766552701, 0.173858237205, 0.0627191942743, 0.41129098116, 0.31724560627, 0.611113812556, 0.478427405069, 0.64234274106, 0.0734791627308, 0.859588119652, 0.999231428402, 0.103663200683, 0.153431445424, 0.0639102888963, 0.00024938973865, 0.162753953036, 0.104425977757, 0.796759814095, 0.11777340941, 0.774216633845, 0.242977445962, 2.84326897611
0.031500065032, 0.595704015055, 0.557700479684, 0.0270492410303, 0.777876316649, 0.26692238905, 0.126764467306, 0.26094627326, 0.399414642238, 0.37104259181, 0.303923295798, 0.371863632607, 0.104093279935, 0.256841565703, 0.505198561016, 0.634463262595, 0.696132233054, 0.769349482074, 0.0220956843625, 0.238991347461, 0.502163037616, 0.496275496465, 0.0168823491483, 0.00806484558836, 0.0581122597181, 0.382221946184, 0.0298564152109, 0.796759814095, 0.0410041414735, 0.0170227976398, 0.031500065032, 3.60923723173
0.222720483346, 0.00755254740377, 0.230822001882, 0.0270492410303, 0.150543886789, 0.313992414955, 0.0835727123106, 0.00712041591526, 0.635375131545, 0.107214648136, 0.28897921337, 0.641576241225, 0.0342070320557, 0.256841565703, 0.584141458052, 0.660753162211, 0.13985368827, 0.108695441805, 0.0734791627308, 0.222650344404, 0.0657904970103, 0.100466964411, 0.0123096432309, 0.987976820906, 0.994354951231, 0.762646260028, 0.62776600159, 0.828773344666, 0.293162296652, 0.493289037981, 0.222720483346, 2.93065869969
0.412998682135, 0.790534820431, 0.984976644393, 0.0520567877849, 0.027722365246, 0.785580201081, 0.194140446358, 0.75293570696, 0.115372328373, 0.0353944750755, 0.28897921337, 0.439318900558, 0.315672412432, 0.329879192856, 0.609924398, 0.155797338468, 0.478427405069, 0.0851553106795, 0.0234933395789, 0.443710340413, 0.0236908394636, 0.286324283188, 0.505543828192, 0.303480630344, 0.0124042561708, 0.105160538254, 0.382307902284, 0.276581212467, 0.0508834988926, 0.0638628698047, 0.412998682135, 2.35657697748
0.648066805232, 0.321381926966, 0.048349125463, 0.003742892767, 0.269662682651, 0.952369785034, 0.906732694781, 0.128524538813, 0.427812003767, 0.853802737269, 0.254357979108, 0.150732661859, 0.844907608906, 0.290015500812, 0.170453737385, 0.703753495664, 0.98787227354, 0.112631044009, 0.520138518583, 0.0113541823537, 0.119857493654, 0.319934965029, 0.104128209829, 0.0765998683209, 0.332916898937, 0.549733183756, 0.600431108505, 0.00518503061116, 0.950508228452, 0.00710520366335, 0.648066805232, 2.08191141151
0.679860421217, 0.471191263262, 0.265521330202, 0.193602430688, 0.027722365246, 0.271616537694, 0.0700019782904, 0.281960760555, 0.049627467834, 0.0756246111217, 0.175984636468, 0.468794256191, 0.417041650945, 0.00741813794385, 0.454469477826, 0.172473443524, 0.893631115801, 0.281196940672, 0.00843984974298, 0.63371490318, 0.274056480135, 0.212189392017, 0.554990658133, 0.125002332143, 0.009620208605, 0.54871454959, 0.382307902284, 0.223494532165, 0.310017960012, 0.639173442625, 0.679860421217, 1.66314575059
0.031500065032, 0.595704015055, 0.557700479684, 0.0270492410303, 0.777876316649, 0.26692238905, 0.126764467306, 0.26094627326, 0.399414642238, 0.37104259181, 0.303923295798, 0.371863632607, 0.104093279935, 0.256841565703, 0.505198561016, 0.634463262595, 0.696132233054, 0.769349482074, 0.0220956843625, 0.238991347461, 0.502163037616, 0.496275496465, 0.0168823491483, 0.00806484558836, 0.0581122597181, 0.382221946184, 0.0298564152109, 0.796759814095, 0.0410041414735, 0.0170227976398, 0.031500065032, 3.60923723173
0.222720483346, 0.00755254740377, 0.230822001882, 0.0270492410303, 0.150543886789, 0.313992414955, 0.0835727123106, 0.00712041591526, 0.635375131545, 0.107214648136, 0.28897921337, 0.641576241225, 0.0342070320557, 0.256841565703, 0.584141458052, 0.660753162211, 0.13985368827, 0.108695441805, 0.0734791627308, 0.222650344404, 0.0657904970103, 0.100466964411, 0.0123096432309, 0.987976820906, 0.994354951231, 0.762646260028, 0.62776600159, 0.828773344666, 0.293162296652, 0.493289037981, 0.222720483346, 2.93065869969
0.412998682135, 0.790534820431, 0.984976644393, 0.0520567877849, 0.027722365246, 0.785580201081, 0.194140446358, 0.75293570696, 0.115372328373, 0.0353944750755, 0.28897921337, 0.439318900558, 0.315672412432, 0.329879192856, 0.609924398, 0.155797338468, 0.478427405069, 0.0851553106795, 0.0234933395789, 0.443710340413, 0.0236908394636, 0.286324283188, 0.505543828192, 0.303480630344, 0.0124042561708, 0.105160538254, 0.382307902284, 0.276581212467, 0.0508834988926, 0.0638628698047, 0.412998682135, 2.35657697748
0.648066805232, 0.321381926966, 0.048349125463, 0.003742892767, 0.269662682651, 0.952369785034, 0.906732694781, 0.128524538813, 0.427812003767, 0.853802737269, 0.254357979108, 0.150732661859, 0.844907608906, 0.290015500812, 0.170453737385, 0.703753495664, 0.98787227354, 0.112631044009, 0.520138518583, 0.0113541823537, 0.119857493654, 0.319934965029, 0.104128209829, 0.0765998683209, 0.332916898937, 0.549733183756, 0.600431108505, 0.00518503061116, 0.950508228452, 0.00710520366335, 0.648066805232, 2.08191141151
0.679860421217, 0.471191263262, 0.265521330202, 0.193602430688, 0.027722365246, 0.271616537694, 0.0700019782904, 0.281960760555, 0.049627467834, 0.0756246111217, 0.175984636468, 0.468794256191, 0.417041650945, 0.00741813794385, 0.454469477826, 0.172473443524, 0.893631115801, 0.281196940672, 0.00843984974298, 0.63371490318, 0.274056480135, 0.212189392017, 0.554990658133, 0.125002332143, 0.009620208605, 0.54871454959, 0.382307902284, 0.223494532165, 0.310017960012, 0.639173442625, 0.679860421217, 1.66314575059
0.0886588043865, 0.0011809240555, 0.0566287169456, 0.226528587628, 0.156750296776, 0.978789616095, 0.906732694781, 0.0638562601823, 0.427812003767, 0.0270333162904, 0.116929924128, 0.107827553354, 0.591249313025, 0.290015500812, 0.0699105860419, 0.0600222605082, 0.994846915745, 0.156464001845, 0.00843984974298, 0.560698513199, 0.119857493654, 0.903460358991, 0.0398545276869, 0.0765998683209, 0.112362000464, 0.62919033151, 0.430754500691, 0.228279585466, 0.888392219838, 0.181954365788, 0.0886588043865, 3.30056219416
0.0886588043865, 0.0011809240555, 0.0566287169456, 0.226528587628, 0.156750296776, 0.978789616095, 0.906732694781, 0.0638562601823, 0.427812003767, 0.0270333162904, 0.116929924128, 0.107827553354, 0.591249313025, 0.290015500812, 0.0699105860419, 0.0600222605082, 0.994846915745, 0.156464001845, 0.00843984974298, 0.560698513199, 0.119857493654, 0.903460358991, 0.0398545276869, 0.0765998683209, 0.112362000464, 0.62919033151, 0.430754500691, 0.228279585466, 0.888392219838, 0.181954365788, 0.0886588043865, 3.30056219416
0.0249317104447, 0.028964864457, 0.557700479684, 0.0270492410303, 0.807321173426, 0.96322497586, 0.661711968967, 0.151308922701, 0.543598189299, 0.37104259181, 0.303923295798, 0.019941415823, 0.104093279935, 0.256841565703, 0.478063501367, 0.949615007579, 0.637847638842, 0.502646717394, 0.0220956843625, 0.12308802499, 0.999329834726, 0.0166619683798, 0.447222849783, 0.12657031896, 0.0581122597181, 0.352643562844, 0.029782459572, 0.489255551703, 0.00477626940493, 0.774216633845, 0.0249317104447, 4.00732839738
0.0249317104447, 0.028964864457, 0.557700479684, 0.0270492410303, 0.807321173426, 0.96322497586, 0.661711968967, 0.151308922701, 0.543598189299, 0.37104259181, 0.303923295798, 0.019941415823, 0.104093279935, 0.256841565703, 0.478063501367, 0.949615007579, 0.637847638842, 0.502646717394, 0.0220956843625, 0.12308802499, 0.999329834726, 0.0166619683798, 0.447222849783, 0.12657031896, 0.0581122597181, 0.352643562844, 0.029782459572, 0.489255551703, 0.00477626940493, 0.774216633845, 0.0249317104447, 4.00732839738
0.627458279663, 0.795011197415, 0.496808341549, 0.357743798695, 0.825900959385, 0.303794407693, 0.0381337349322, 0.323978318616, 0.635174208929, 0.0653870834195, 0.0279029154412, 0.630813975624, 0.591249313025, 0.671651820741, 0.431657940315, 0.20742774475, 0.121805645468, 0.861308710948, 0.0220956843625, 0.597944036557, 0.495228724451, 0.260454252613, 0.100662141685, 0.367583143964, 0.009620208605, 0.570381181782, 0.208987319593, 0.222279796476, 0.186350868104, 0.903314942024, 0.627458279663, 2.35641406693
0.648066805232, 0.321381926966, 0.0566287169456, 0.424513980305, 0.174346367283, 0.952369785034, 0.906732694781, 0.482533122533, 0.635174208929, 0.853802737269, 0.254357979108, 0.150732661859, 0.898675721873, 0.290015500812, 0.170453737385, 0.663957505095, 0.98787227354, 0.112631044009, 0.520138518583, 0.0113541823537, 0.119857493654, 0.319934965029, 0.120353835754, 0.0765998683209, 0.332916898937, 0.549733183756, 0.600431108505, 0.00518503061116, 0.0410041414735, 0.00710520366335, 0.648066805232, 2.08587619268
0.627458279663, 0.795011197415, 0.496808341549, 0.357743798695, 0.825900959385, 0.303794407693, 0.0381337349322, 0.323978318616, 0.635174208929, 0.0653870834195, 0.0279029154412, 0.630813975624, 0.591249313025, 0.671651820741, 0.431657940315, 0.20742774475, 0.121805645468, 0.861308710948, 0.0220956843625, 0.597944036557, 0.495228724451, 0.260454252613, 0.100662141685, 0.367583143964, 0.009620208605, 0.570381181782, 0.208987319593, 0.222279796476, 0.186350868104, 0.903314942024, 0.627458279663, 2.35641406693
0.648066805232, 0.321381926966, 0.0566287169456, 0.424513980305, 0.174346367283, 0.952369785034, 0.906732694781, 0.482533122533, 0.635174208929, 0.853802737269, 0.254357979108, 0.150732661859, 0.898675721873, 0.290015500812, 0.170453737385, 0.663957505095, 0.98787227354, 0.112631044009, 0.520138518583, 0.0113541823537, 0.119857493654, 0.319934965029, 0.120353835754, 0.0765998683209, 0.332916898937, 0.549733183756, 0.600431108505, 0.00518503061116, 0.0410041414735, 0.00710520366335, 0.648066805232, 2.08587619268
0.200166130076, 0.146133274251, 0.251609784698, 0.420514986589, 0.29038909384, 0.208212727597, 0.930847334332, 0.464904791906, 0.106044684272, 0.356441557969, 0.52245156988, 0.693859795161, 0.417041650945, 0.453417293244, 0.0296974650727, 0.00503370065111, 0.214405709881, 0.722134341152, 0.936579811399, 0.280946933925, 0.258247278719, 0.319934965029, 0.104128209829, 0.0330797826679, 0.492272077339, 0.579729083755, 0.235970527249, 0.0452793535628, 0.205147407367, 0.71904191425, 0.200166130076, 3.31867118672
0.200166130076, 0.146133274251, 0.251609784698, 0.420514986589, 0.29038909384, 0.208212727597, 0.930847334332, 0.464904791906, 0.106044684272, 0.356441557969, 0.52245156988, 0.693859795161, 0.417041650945, 0.453417293244, 0.0296974650727, 0.00503370065111, 0.214405709881, 0.722134341152, 0.936579811399, 0.280946933925, 0.258247278719, 0.319934965029, 0.104128209829, 0.0330797826679, 0.492272077339, 0.579729083755, 0.235970527249, 0.0452793535628, 0.205147407367, 0.71904191425, 0.200166130076, 3.31867118672
0.242977445962, 0.564212158865, 0.0337004927719, 0.0704439220211, 0.777876316649, 0.266008844812, 0.0790817467602, 0.308087228394, 0.273138550985, 0.37104259181, 0.285766552701, 0.173858237205, 0.0627191942743, 0.0068559606323, 0.614540560427, 0.634463262595, 0.478427405069, 0.64234274106, 0.0734791627308, 0.896463757198, 0.993645828317, 0.103663200683, 0.0910337300027, 0.199881715122, 0.000710305775165, 0.162753953036, 0.104425977757, 0.953889532297, 0.11777340941, 0.774216633845, 0.242977445962, 2.89905971385
0.0299762129454, 0.184385171999, 0.52638246065, 0.357743798695, 0.842416936081, 0.0511458741349, 0.646636821978, 0.473780965511, 0.543598189299, 0.37104259181, 0.303923295798, 0.876343738198, 0.0688878632514, 0.180135840135, 0.505198561016, 0.25764254556, 0.637847638842, 0.845870848308, 0.0220956843625, 0.238991347461, 0.617289932804, 0.143174681368, 0.104128209829, 0.3492056509, 0.0581122597181, 0.348028678666, 0.029782459572, 0.760872872249, 0.0410041414735, 0.774216633845, 0.0299762129454, 4.07339306341
0.242977445962, 0.564212158865, 0.0337004927719, 0.0704439220211, 0.777876316649, 0.266008844812, 0.0790817467602, 0.308087228394, 0.273138550985, 0.37104259181, 0.285766552701, 0.173858237205, 0.0627191942743, 0.0068559606323, 0.614540560427, 0.634463262595, 0.478427405069, 0.64234274106, 0.0734791627308, 0.896463757198, 0.993645828317, 0.103663200683, 0.0910337300027, 0.199881715122, 0.000710305775165, 0.162753953036, 0.104425977757, 0.953889532297, 0.11777340941, 0.774216633845, 0.242977445962, 2.89905971385
0.0299762129454, 0.184385171999, 0.52638246065, 0.357743798695, 0.842416936081, 0.0511458741349, 0.646636821978, 0.473780965511, 0.543598189299, 0.37104259181, 0.303923295798, 0.876343738198, 0.0688878632514, 0.180135840135, 0.505198561016, 0.25764254556, 0.637847638842, 0.845870848308, 0.0220956843625, 0.238991347461, 0.617289932804, 0.143174681368, 0.104128209829, 0.3492056509, 0.0581122597181, 0.348028678666, 0.029782459572, 0.760872872249, 0.0410041414735, 0.774216633845, 0.0299762129454, 4.07339306341
0.383676766809, 0.00839110216415, 0.984976644393, 0.271867610182, 0.027722365246, 0.980870337464, 0.0799692307974, 0.782716587912, 0.310335628239, 0.341275754006, 0.0745197981786, 0.132500009892, 0.0708204651904, 0.329879192856, 0.291158019478, 0.155797338468, 0.00726981930461, 0.0851553106795, 0.0337988553605, 0.377908735076, 0.0236908394636, 0.549459523726, 0.524717177494, 0.692254916703, 0.00489704102755, 0.195461126239, 0.0204442997613, 0.545380919123, 0.505780393521, 0.380323588443, 0.383676766809, 2.72004195425
0.383676766809, 0.00839110216415, 0.984976644393, 0.271867610182, 0.027722365246, 0.980870337464, 0.0799692307974, 0.782716587912, 0.310335628239, 0.341275754006, 0.0745197981786, 0.132500009892, 0.0708204651904, 0.329879192856, 0.291158019478, 0.155797338468, 0.00726981930461, 0.0851553106795, 0.0337988553605, 0.377908735076, 0.0236908394636, 0.549459523726, 0.524717177494, 0.692254916703, 0.00489704102755, 0.195461126239, 0.0204442997613, 0.545380919123, 0.505780393521, 0.380323588443, 0.383676766809, 2.72004195425
0.031500065032, 0.028964864457, 0.557700479684, 0.0126199993005, 0.777876316649, 0.186910131903, 0.646636821978, 0.00816377262615, 0.543598189299, 0.37104259181, 0.303923295798, 0.173858237205, 0.104093279935, 0.519159423251, 0.475997672998, 0.417356306544, 0.732983982118, 0.480947423818, 0.0220956843625, 0.238991347461, 0.502163037616, 0.496275496465, 0.104128209829, 0.00806484558836, 0.0581122597181, 0.382221946184, 0.00615463290416, 0.796759814095, 0.0410041414735, 0.774216633845, 0.031500065032, 3.649955152
0.031500065032, 0.028964864457, 0.557700479684, 0.0126199993005, 0.777876316649, 0.186910131903, 0.646636821978, 0.00816377262615, 0.543598189299, 0.37104259181, 0.303923295798, 0.173858237205, 0.104093279935, 0.519159423251, 0.475997672998, 0.417356306544, 0.732983982118, 0.480947423818, 0.0220956843625, 0.238991347461, 0.502163037616, 0.496275496465, 0.104128209829, 0.00806484558836, 0.0581122597181, 0.382221946184, 0.00615463290416, 0.796759814095, 0.0410041414735, 0.774216633845, 0.031500065032, 3.649955152
0.454824046907, 0.595704015055, 0.0331731291598, 0.0270492410303, 0.777876316649, 0.405915610985, 0.298457647378, 0.46537080269, 0.543598189299, 0.37104259181, 0.303923295798, 0.371863632607, 0.104093279935, 0.256841565703, 0.505198561016, 0.652121326542, 0.562830051142, 0.97825270197, 0.0220956843625, 0.096894326152, 0.502163037616, 0.496275496465, 0.104128209829, 0.00806484558836, 0.0581122597181, 0.382221946184, 0.0298564152109, 0.63005295551, 0.0410041414735, 0.774216633845, 0.454824046907, 2.3909062308
0.383676766809, 0.209923972995, 0.984976644393, 0.187703984914, 0.027722365246, 0.980870337464, 0.0799692307974, 0.782716587912, 0.678254899738, 0.341275754006, 0.0745197981786, 0.132500009892, 0.0708204651904, 0.329879192856, 0.291158019478, 0.155797338468, 0.0125598478839, 0.0851553106795, 0.0337988553605, 0.377908735076, 0.0236908394636, 0.494940105262, 0.524717177494, 0.692254916703, 0.00489704102755, 0.105160538254, 0.0216982823457, 0.545380919123, 0.505780393521, 0.0406608456814, 0.383676766809, 2.72195708698
0.412998682135, 0.790534820431, 0.984976644393, 0.505712752431, 0.027722365246, 0.534523556731, 0.194140446358, 0.75293570696, 0.115372328373, 0.0353944750755, 0.28897921337, 0.238123587118, 0.315672412432, 0.421765242567, 0.291158019478, 0.155797338468, 0.478427405069, 0.0851553106795, 0.0234933395789, 0.443710340413, 0.0236908394636, 0.494940105262, 0.505543828192, 0.303480630344, 0.0124042561708, 0.0240509054697, 0.382307902284, 0.0313065132426, 0.0359159592061, 0.639173442625, 0.412998682135, 2.41284884084
0.222720483346, 0.591911004859, 0.0809621184251, 0.0119483275241, 0.578936431052, 0.313992414955, 0.514343611045, 6.51297048799e-05, 0.8191184785, 0.107214648136, 0.236381817412, 0.641576241225, 0.0342070320557, 0.0385560473533, 0.348258361216, 0.979986265583, 0.368000921137, 0.486310179362, 0.0734791627308, 0.222650344404, 0.0657904970103, 0.100466964411, 0.0123096432309, 0.998279608833, 0.994354951231, 0.762646260028, 0.0769647992303, 0.120489378387, 0.293162296652, 0.22030286846, 0.222720483346, 3.02705485485
0.454824046907, 0.595704015055, 0.0331731291598, 0.0270492410303, 0.777876316649, 0.405915610985, 0.298457647378, 0.46537080269, 0.543598189299, 0.37104259181, 0.303923295798, 0.371863632607, 0.104093279935, 0.256841565703, 0.505198561016, 0.652121326542, 0.562830051142, 0.97825270197, 0.0220956843625, 0.096894326152, 0.502163037616, 0.496275496465, 0.104128209829, 0.00806484558836, 0.0581122597181, 0.382221946184, 0.0298564152109, 0.63005295551, 0.0410041414735, 0.774216633845, 0.454824046907, 2.3909062308
0.383676766809, 0.209923972995, 0.984976644393, 0.187703984914, 0.027722365246, 0.980870337464, 0.0799692307974, 0.782716587912, 0.678254899738, 0.341275754006, 0.0745197981786, 0.132500009892, 0.0708204651904, 0.329879192856, 0.291158019478, 0.155797338468, 0.0125598478839, 0.0851553106795, 0.0337988553605, 0.377908735076, 0.0236908394636, 0.494940105262, 0.524717177494, 0.692254916703, 0.00489704102755, 0.105160538254, 0.0216982823457, 0.545380919123, 0.505780393521, 0.0406608456814, 0.383676766809, 2.72195708698
0.412998682135, 0.790534820431, 0.984976644393, 0.505712752431, 0.027722365246, 0.534523556731, 0.194140446358, 0.75293570696, 0.115372328373, 0.0353944750755, 0.28897921337, 0.238123587118, 0.315672412432, 0.421765242567, 0.291158019478, 0.155797338468, 0.478427405069, 0.0851553106795, 0.0234933395789, 0.443710340413, 0.0236908394636, 0.494940105262, 0.505543828192, 0.303480630344, 0.0124042561708, 0.0240509054697, 0.382307902284, 0.0313065132426, 0.0359159592061, 0.639173442625, 0.412998682135, 2.41284884084
0.222720483346, 0.591911004859, 0.0809621184251, 0.0119483275241, 0.578936431052, 0.313992414955, 0.514343611045, 6.51297048799e-05, 0.8191184785, 0.107214648136, 0.236381817412, 0.641576241225, 0.0342070320557, 0.0385560473533, 0.348258361216, 0.979986265583, 0.368000921137, 0.486310179362, 0.0734791627308, 0.222650344404, 0.0657904970103, 0.100466964411, 0.0123096432309, 0.998279608833, 0.994354951231, 0.762646260028, 0.0769647992303, 0.120489378387, 0.293162296652, 0.22030286846, 0.222720483346, 3.02705485485
0.383676766809, 0.209923972995, 0.999021310862, 0.0270492410303, 0.027722365246, 0.785580201081, 0.481424267977, 0.8290693882, 0.310335628239, 0.341275754006, 0.237433745883, 0.132500009892, 0.315672412432, 0.329879192856, 0.291158019478, 0.155797338468, 0.241024390555, 0.0211783571431, 0.0337988553605, 0.377908735076, 0.0236908394636, 0.494940105262, 0.524717177494, 0.372817693096, 0.00700192774727, 0.105160538254, 0.0216982823457, 0.545380919123, 0.444265066842, 0.246981307496, 0.383676766809, 2.75786197359
0.0396555831584, 0.028819277282, 0.557700479684, 0.0270492410303, 0.777876316649, 0.157073741883, 0.951964542181, 0.151308922701, 0.543598189299, 0.37104259181, 0.303923295798, 0.0112015177204, 0.104093279935, 0.256841565703, 0.505198561016, 0.285495116886, 0.637847638842, 0.502646717394, 0.640858844074, 0.238991347461, 0.958775194752, 0.496275496465, 0.0372634251911, 0.0992226530402, 0.0581122597181, 0.110212198141, 0.029782459572, 0.489255551703, 0.0410041414735, 0.774216633845, 0.0396555831584, 3.7060536818
0.383676766809, 0.209923972995, 0.999021310862, 0.0270492410303, 0.027722365246, 0.785580201081, 0.481424267977, 0.8290693882, 0.310335628239, 0.341275754006, 0.237433745883, 0.132500009892, 0.315672412432, 0.329879192856, 0.291158019478, 0.155797338468, 0.241024390555, 0.0211783571431, 0.0337988553605, 0.377908735076, 0.0236908394636, 0.494940105262, 0.524717177494, 0.372817693096, 0.00700192774727, 0.105160538254, 0.0216982823457, 0.545380919123, 0.444265066842, 0.246981307496, 0.383676766809, 2.75786197359
0.0396555831584, 0.028819277282, 0.557700479684, 0.0270492410303, 0.777876316649, 0.157073741883, 0.951964542181, 0.151308922701, 0.543598189299, 0.37104259181, 0.303923295798, 0.0112015177204, 0.104093279935, 0.256841565703, 0.505198561016, 0.285495116886, 0.637847638842, 0.502646717394, 0.640858844074, 0.238991347461, 0.958775194752, 0.496275496465, 0.0372634251911, 0.0992226530402, 0.0581122597181, 0.110212198141, 0.029782459572, 0.489255551703, 0.0410041414735, 0.774216633845, 0.0396555831584, 3.7060536818
0.0512716392033, 0.226954585176, 0.0566287169456, 0.247423658618, 0.156750296776, 0.950517795566, 0.0381337349322, 0.768829382464, 0.811003594233, 0.0653870834195, 0.859081948713, 0.157790187736, 0.318404432798, 0.0256618062765, 0.11689730781, 0.00942958296535, 0.121805645468, 0.671653935377, 0.520138518583, 0.157270426433, 0.03165344487, 0.903460358991, 0.0398545276869, 0.0765998683209, 0.112362000464, 0.549733183756, 0.600431108505, 0.228279585466, 0.888392219838, 0.0376335778866, 0.0512716392033, 3.51976678646
0.0512716392033, 0.226954585176, 0.0566287169456, 0.247423658618, 0.156750296776, 0.950517795566, 0.0381337349322, 0.768829382464, 0.811003594233, 0.0653870834195, 0.859081948713, 0.157790187736, 0.318404432798, 0.0256618062765, 0.11689730781, 0.00942958296535, 0.121805645468, 0.671653935377, 0.520138518583, 0.157270426433, 0.03165344487, 0.903460358991, 0.0398545276869, 0.0765998683209, 0.112362000464, 0.549733183756, 0.600431108505, 0.228279585466, 0.888392219838, 0.0376335778866, 0.0512716392033, 3.51976678646
0.0396555831584, 0.028819277282, 0.557700479684, 0.0270492410303, 0.777876316649, 0.157073741883, 0.661711968967, 0.151308922701, 0.543598189299, 0.37104259181, 0.303923295798, 0.019941415823, 0.104093279935, 0.256841565703, 0.505198561016, 0.285495116886, 0.637847638842, 0.502646717394, 0.640858844074, 0.476316993104, 0.999329834726, 0.496275496465, 0.0372634251911, 0.12657031896, 0.0581122597181, 0.110212198141, 0.029782459572, 0.489255551703, 0.0410041414735, 0.774216633845, 0.0396555831584, 3.7130539978
0.0396555831584, 0.028819277282, 0.557700479684, 0.0270492410303, 0.777876316649, 0.157073741883, 0.661711968967, 0.151308922701, 0.543598189299, 0.37104259181, 0.303923295798, 0.019941415823, 0.104093279935, 0.256841565703, 0.505198561016, 0.285495116886, 0.637847638842, 0.502646717394, 0.640858844074, 0.476316993104, 0.999329834726, 0.496275496465, 0.0372634251911, 0.12657031896, 0.0581122597181, 0.110212198141, 0.029782459572, 0.489255551703, 0.0410041414735, 0.774216633845, 0.0396555831584, 3.7130539978
0.0108347990867, 0.92385954152, 0.81580623486, 0.0520567877849, 0.015115585214, 0.179106022418, 0.126764467306, 0.82925372026, 0.115394986712, 0.678752845213, 0.918628801078, 0.078635709039, 0.0708204651904, 0.396194808437, 0.166388315075, 0.710569520337, 0.196284956699, 0.802474928758, 0.131896348256, 0.304570827983, 0.4297742258, 0.564612728391, 0.00663568826336, 0.309962302272, 0.972818890449, 0.0107564895388, 0.0376371338885, 0.0142759092596, 0.78851244387, 0.176032451493, 0.0108347990867, 4.13810570824
0.00427923380989, 0.98640885337, 0.0249004718653, 0.0971224651877, 0.300415270777, 0.306344061647, 0.351572494977, 0.932887710079, 0.115394986712, 0.097475500716, 0.918628801078, 0.0193030968589, 0.0708204651904, 0.396194808437, 0.238038091394, 0.370112004002, 0.142471477732, 0.816138136611, 0.560451748511, 0.0395699652526, 0.290076440756, 0.552418783629, 0.0449127578137, 0.251364000312, 0.972818890449, 0.00497278376394, 0.467433474136, 0.622553560384, 0.769414774759, 0.176032451493, 0.00427923380989, 4.25631056177
