-1, 0.719226359485, 0.859613937867, -1, -1, 0.859613937867, -1, -1, -1, 0.719226359485, 0.719226359485, -1, -1, -1, -1, 0.719226359485, 0.859613937867, 0.719226359485, -1, -1, -1, -1, 0.719226359485, 0.719226359485, -1, -1, 0.859613937867, -1, -1, -1, -1, 0.859613937867, -1, 0.719226359485, 0.859613937867, 0.859613937867, 0.859613937867, 0.859613937867, -1, 0.859613937867, -1, 0.719226359485, -1, 0.859613937867, -1, -1, 0.859613937867, -1, 0.859613937867, 0.719226359485, 52.15, 91.3, 93.45
0.859613937867, 0.859613937867, 0.859613937867, 0.859613937867, 0.859613937867, 0.859613937867, -1, 0.859613937867, 0.859613937867, -1, -1, -1, 0.859613937867, -1, -1, 0.859613937867, 0.859613937867, 0.859613937867, 0.859613937867, -1, -1, -1, -1, 0.859613937867, -1, 0.859613937867, 0.859613937867, -1, -1, -1, -1, 0.859613937867, 0.859613937867, 0.859613937867, 0.859613937867, -1, 0.859613937867, 0.859613937867, 0.859613937867, -1, -1, -1, 0.859613937867, 0.859613937867, -1, -1, -1, 0.859613937867, 0.859613937867, -1, 51.61, 82.61, 94.87
1, 1, 1, -1, 1, 1, -1, 1, -1, -1, -1, 1, 1, 1, 1, 1, -1, -1, 1, -1, 1, 1, -1, 1, -1, 1, 1, -1, -1, -1, -1, 1, -1, 1, 1, 1, 1, -1, 1, 1, -1, -1, -1, 1, -1, 1, -1, 1, 1, -1, 66.13, 82.61, 94.02
-1, -1, 1, -1, -1, 0.710286223537, -1, -1, 0.94068709863, -1, -1, 1, -1, 0.710286223537, 0.598797570148, -1, 0.94068709863, -1, -1, 0.473089890301, -1, 1, -1, 0.710286223537, -1, -1, -1, -1, -1, -1, 0.94068709863, 0.710286223537, 0.94068709863, -1, -1, 0.94068709863, 1, -1, -1, -1, 0.617873995305, -1, -1, 1, 1, -1, 0.710286223537, 1, 0.710286223537, 1, 47.31, 69.57, 92.31
1, -1, 1, -1, -1, 1, 1, 1, -1, 1, 1, 1, 1, -1, -1, 1, 1, 1, -1, -1, 1, 1, -1, -1, 1, -1, 1, -1, -1, 1, 1, 1, -1, -1, 1, 1, 1, -1, 1, -1, -1, 1, 1, 1, 1, 1, -1, 1, 1, 1, 50.0, 100.0, 95.16
-1, -1, 0.823630676181, -1, 0.823630676181, 0.823630676181, -1, -1, -1, -1, 0.723720747545, 1, -1, 0.553797664133, -1, 0.823630676181, 0.823630676181, 0.823630676181, 0.823630676181, -1, -1, 1, -1, 0.823630676181, -1, 0.823630676181, 0.823630676181, 0.553797664133, 1, 0.553797664133, 0.553797664133, -1, 0.823630676181, 0.823630676181, 0.823630676181, -1, 1, 0.823630676181, 1, 0.723720747545, 0.553797664133, -1, 0.823630676181, 0.823630676181, -1, 0.553797664133, 0.723720747545, -1, -1, -1, 58.6, 78.26, 95.44
-1, -1, 0.656149302679, -1, 0.772684889986, -1, 0.227552737211, -1, -1, -1, -1, -1, 0.823630676181, -1, 1, -1, -1, 1, 0.772805447251, -1, 1, -1, 1, -1, 1, -1, 0.772684889986, 0.422647256102, 1, 0.772684889986, -1, -1, 0.772684889986, 0.823630676181, 0.772805447251, 1, 1, -1, 1, -1, -1, -1, 0.656149302679, 0.772805447251, 0.823630676181, -1, 0.772805447251, -1, 1, -1, 48.92, 47.83, 92.88
1, -1, -1, 1, -1, -1, -1, -1, -1, -1, 1, 1, -1, -1, 1, -1, -1, 1, 1, -1, 1, 1, 1, 1, 1, -1, -1, -1, 1, -1, -1, 1, -1, 1, 1, 1, 1, -1, 1, 1, -1, 1, -1, -1, -1, -1, 1, -1, 1, -1, 50.0, 82.61, 93.16
-1, 0.58989266328, -1, 0.58989266328, -1, 0.58989266328, -1, 1, 0.58989266328, -1, 0.830918969265, 0.704589735649, -1, -1, -1, -1, -1, -1, -1, -1, -1, 0.704589735649, -1, 0.704589735649, 0.58989266328, 0.58989266328, -1, -1, -1, -1, -1, 0.58989266328, 1, -1, 0.830918969265, 0.58989266328, 0.830918969265, 1, 0.704589735649, -1, 0.704589735649, 0.58989266328, 0.58989266328, -1, 0.58989266328, -1, 1, 1, 1, -1, 48.39, 82.61, 92.88
1, -1, 1, 0.659768291598, -1, -1, -1, -1, -1, -1, 0.830918969265, -1, -1, 1, 0.659768291598, -1, -1, -1, 1, -1, -1, 1, -1, 0.659768291598, -1, -1, 1, 0.659768291598, -1, 0.659768291598, -1, -1, 1, -1, 0.830918969265, 0.659768291598, 0.830918969265, 1, -1, 0.830918969265, -1, 0.659768291598, -1, -1, -1, -1, 1, -1, 1, -1, 61.83, 82.61, 95.16
1, -1, 1, -1, -1, 0.830918969265, -1, 1, 0.830918969265, -1, -1, 0.830918969265, -1, 1, 0.830918969265, -1, 1, -1, 1, -1, -1, -1, -1, -1, -1, -1, 1, -1, 0.830918969265, 0.830918969265, 0.830918969265, 0.830918969265, 1, -1, 0.830918969265, 0.830918969265, 0.830918969265, 1, 0.830918969265, 0.830918969265, -1, -1, -1, 0.830918969265, -1, 0.830918969265, 1, 1, 1, -1, 54.3, 73.91, 94.59
1, -1, 1, -1, -1, -1, -1, 1, -1, 1, -1, -1, -1, 1, -1, -1, 1, 1, 1, -1, -1, 1, 0.992229160466, -1, -1, 1, 1, -1, -1, -1, -1, -1, 1, -1, -1, -1, -1, 1, -1, -1, -1, 1, -1, -1, -1, -1, 1, 1, 1, 1, 51.61, 82.61, 94.87
1, -1, 0.927039706134, 1, -1, 1, -1, -1, 1, -1, -1, 0.927039706134, -1, 0.927039706134, -1, 1, -1, 0.615781880154, 1, -1, -1, -1, 0.615781880154, 1, 1, -1, 0.927039706134, 1, 0.927039706134, 0.927039706134, 0.927039706134, 0.927039706134, -1, 0.541084900694, -1, -1, 0.927039706134, -1, 0.927039706134, 0.927039706134, 0.775640509733, -1, 0.405270454875, 1, -1, 0.927039706134, -1, 1, 0.927039706134, 0.541084900694, 51.61, 73.91, 96.01
-1, -1, 0.927039706134, -1, -1, 1, -1, -1, 1, 0.63339676542, -1, -1, 1, 1, -1, 1, -1, 0.927039706134, 1, -1, -1, 0.814585819263, -1, -1, 1, -1, 0.927039706134, 1, 0.63339676542, 0.63339676542, 0.63339676542, -1, 1, 0.927039706134, 0.927039706134, -1, -1, 0.927039706134, 0.927039706134, 1, 0.63339676542, -1, -1, -1, -1, 1, -1, 1, -1, -1, 50.54, 73.91, 96.01
-1, -1, 0.869697540489, 1, -1, 1, -1, -1, 1, -1, 0.595470158115, -1, 1, -1, 1, -1, -1, -1, 1, 0.869697540489, -1, 0.869697540489, 0.869697540489, 1, 0.927039706134, -1, 0.869697540489, -1, -1, 0.869833234041, 0.927039706134, -1, -1, 0.764199503908, -1, 0.595470158115, -1, -1, -1, 0.764199503908, -1, -1, 0.595470158115, -1, 0.869697540489, 0.927039706134, -1, 1, 0.869697540489, -1, 47.85, 69.57, 93.73
1, -1, -1, 1, -1, 1, 1, 1, 1, -1, -1, 1, 1, 1, 1, 1, 1, -1, 1, -1, -1, -1, -1, 1, 1, 1, -1, 1, -1, -1, -1, -1, 1, -1, -1, 1, -1, -1, -1, 1, -1, 1, -1, 1, -1, 1, -1, 1, -1, -1, 51.61, 43.48, 92.88
0.450308945812, -1, -1, 0.517229950841, 1, 1, 0.387666665816, 1, 0.905499747922, -1, -1, -1, 1, 1, -1, -1, -1, -1, 1, -1, 0.450308945812, 1, 1, 0.450308945812, -1, 1, -1, -1, -1, 1, 1, 1, 1, 0.517229950841, 1, -1, -1, -1, -1, 1, 0.450308945812, -1, 1, -1, 1, 1, 0.402379680196, -1, -1, -1, 59.14, 82.61, 94.59
0.905499747922, 1, -1, -1, 1, 1, 0.757618342984, -1, -1, -1, 1, 1, -1, 1, -1, -1, 1, 1, 1, -1, 0.757618342984, 1, 1, 0.757618342984, -1, -1, -1, 0.757618342984, -1, 1, 1, 1, -1, -1, -1, -1, 1, -1, -1, 1, 0.757618342984, -1, 1, -1, 1, -1, 0.905499747922, -1, 0.905499747922, -1, 48.92, 78.26, 96.58
-1, 1, -1, -1, 1, 1, -1, 1, -1, -1, 1, 1, 1, 1, 1, -1, 1, 1, 1, 1, -1, 1, 1, -1, 1, 1, 1, -1, -1, 1, 1, 1, 1, -1, 1, 1, 1, 1, 1, 1, -1, -1, 1, 1, 1, 1, -1, 1, -1, 1, 53.76, 86.96, 95.16
-1, -1, -1, 0.882497709191, 0.882497709191, -1, -1, 1, -1, -1, -1, 0.882497709191, 0.882497709191, -1, 0.882497709191, -1, -1, -1, -1, -1, -1, 0.882497709191, 0.882497709191, -1, 0.882497709191, -1, 0.882497709191, -1, 0.882497709191, 0.882497709191, -1, -1, 0.882497709191, -1, -1, 0.882497709191, 0.882497709191, -1, 0.882497709191, -1, -1, 0.882497709191, -1, -1, -1, -1, -1, -1, 0.882497709191, 0.882497709191, 56.45, 78.26, 95.44
0.882497709191, -1, 0.882497709191, 0.882497709191, 0.882497709191, -1, 1, -1, -1, 0.882497709191, -1, 0.882497709191, 0.882497709191, 0.882497709191, -1, -1, -1, 0.882497709191, -1, -1, -1, 0.882497709191, -1, -1, -1, 0.882497709191, -1, 0.882497709191, 0.882497709191, -1, -1, 1, 0.882497709191, -1, 1, 0.882497709191, 0.882497709191, 0.882497709191, 0.882497709191, -1, -1, 0.882497709191, -1, 0.882497709191, -1, -1, 0.882497709191, 0.882497709191, 0.882497709191, 0.882497709191, 53.76, 82.61, 94.59
0.718819035858, -1, 1, 1, 1, 0.882497709191, 1, 1, 0.882497709191, 0.788890618888, 0.587030554748, -1, 0.882497709191, 0.882497709191, 0.882497709191, 0.882497709191, 0.587030554748, 1, -1, 1, -1, 0.882497709191, -1, -1, -1, -1, -1, -1, 0.882497709191, 0.882497709191, 1, -1, -1, -1, 1, 1, 0.882497709191, -1, -1, 0.587030554748, -1, 0.882497709191, 0.788890618888, 0.718819035858, 0.788890618888, -1, -1, 0.718819035858, 0.788890618888, 0.788890618888, 52.69, 100.0, 94.59
1, -1, 1, 1, 1, -1, 1, 1, -1, 1, -1, -1, 1, -1, 1, -1, -1, 1, 1, 1, -1, -1, -1, -1, -1, -1, -1, -1, -1, 1, 1, 1, 1, 1, 1, 1, 1, 1, -1, -1, -1, -1, 1, -1, 1, 1, -1, 1, 1, -1, 56.99, 73.91, 92.88
1, -1, 1, 1, 1, -1, -1, 0.840045279133, 0.642127062811, 0.840045279133, 0.642127062811, -1, -1, 0.642127062811, 0.691347324253, 0.840045279133, -1, -1, 0.613052996422, -1, 0.840045279133, -1, 0.840045279133, -1, -1, 0.840045279133, -1, 1, -1, 0.642127062811, 0.840045279133, 0.840045279133, 1, 0.691347324253, 0.840045279133, 1, 1, -1, 0.840045279133, 0.840045279133, 0.840045279133, -1, -1, -1, 0.840045279133, -1, 0.642127062811, -1, 0.840045279133, 1, 68.28, 73.91, 95.16
-1, 0.634294432, 1, 1, -1, -1, -1, 0.494191900167, 0.840045279133, -1, -1, -1, -1, -1, -1, -1, 0.840045279133, 0.634294432, 0.494191900167, -1, 0.494191900167, 0.627671183985, -1, -1, -1, -1, -1, -1, -1, -1, -1, 0.634294432, 1, 0.627671183985, -1, -1, -1, 1, 0.840045279133, -1, 0.494191900167, -1, -1, -1, 0.840045279133, 0.840045279133, 0.627671183985, -1, -1, 1, 54.3, 47.83, 94.59
1, -1, -1, 1, -1, -1, 0.840045279133, 0.840045279133, 0.660526827348, -1, -1, 1, 0.660526827348, -1, 0.222803353079, 0.660526827348, -1, 0.840045279133, 0.222803353079, 0.660526827348, -1, 0.660526827348, -1, -1, 0.840045279133, -1, -1, 1, -1, 0.840045279133, 0.840045279133, 0.840045279133, -1, -1, -1, -1, -1, 1, 0.840045279133, 0.524392997184, 0.660526827348, -1, 0.840045279133, 0.412876643575, -1, 1, 0.524392997184, -1, -1, 1, 62.37, 43.48, 95.16
1, -1, 1, 1, 1, -1, 1, -1, 1, -1, -1, 1, -1, -1, -1, -1, 1, -1, -1, -1, -1, -1, -1, -1, 1, -1, 1, 1, 1, -1, 1, -1, 1, 1, -1, 1, 1, 1, -1, 1, -1, 1, 1, -1, 1, 1, -1, 1, -1, 1, 44.62, 60.87, 95.16
1, 1, 1, -1, -1, 0.894936063501, 1, 1, 0.235946003526, -1, -1, 1, -1, -1, -1, 0.894936063501, -1, 0.894936063501, 1, 1, -1, 0.574128720823, -1, -1, 1, 1, -1, 0.703687400415, -1, -1, -1, 1, -1, -1, -1, 0.894936063501, -1, -1, 0.894936063501, -1, 1, 1, 1, 0.482454328346, -1, -1, -1, 0.482454328346, -1, -1, 48.92, 47.83, 94.02
1, 1, -1, -1, -1, -1, 1, 1, -1, 0.894936063501, -1, -1, -1, -1, -1, 0.894936063501, -1, 0.894936063501, -1, 1, 1, -1, 0.894936063501, -1, 1, 1, -1, -1, 1, -1, 1, 1, 1, -1, 0.894936063501, -1, -1, -1, 0.894936063501, 0.894936063501, 1, -1, 1, 0.894936063501, 0.894936063501, -1, -1, -1, 1, 1, 62.9, 78.26, 92.31
1, 1, 1, 1, 1, -1, 1, 1, -1, -1, -1, 1, -1, 1, 1, -1, -1, -1, 1, 1, 1, -1, -1, 1, 1, 1, -1, -1, 1, 1, 1, 1, 1, 1, -1, -1, -1, -1, -1, -1, 1, 1, 1, -1, -1, 1, -1, -1, 1, 1, 61.29, 56.52, 93.45
-1, 0.617797458266, -1, 1, -1, 1, 0.769304298335, -1, -1, 1, -1, -1, 1, 0.769304298335, 1, -1, -1, -1, -1, 1, -1, -1, -1, 0.617797458266, -1, -1, 0.617797458266, 0.405531522942, 1, 0.617797458266, 1, -1, 0.769304298335, -1, -1, -1, 0.530692635264, 0.405531522942, 0.530692635264, -1, 0.769304298335, 0.617797458266, 0.769304298335, -1, 1, -1, 0.617797458266, -1, 1, 1, 60.75, 95.65, 92.88
-1, 0.769304298335, 0.769304298335, -1, 1, 1, 0.71786725296, 1, -1, -1, -1, -1, 1, -1, 1, -1, -1, 0.769304298335, 1, 1, -1, 1, -1, -1, 1, -1, -1, 0.71786725296, 1, 0.71786725296, -1, -1, 0.71786725296, 1, 1, -1, -1, 0.71786725296, -1, -1, 0.71786725296, 0.769304298335, 0.71786725296, 1, 1, 1, 0.769304298335, 0.71786725296, 1, -1, 50.54, 82.61, 94.3
0.769304298335, -1, -1, 1, 1, 1, -1, 1, 0.769304298335, -1, 0.355519521574, 0.409063901221, 1, -1, 1, -1, -1, -1, -1, 1, -1, 1, -1, 0.769304298335, -1, 1, -1, 0.409063901221, -1, -1, -1, 0.769304298335, -1, 1, -1, -1, -1, 0.769304298335, -1, -1, -1, -1, -1, -1, 1, 1, 0.355519521574, -1, 1, -1, 51.08, 73.91, 93.16
-1, -1, -1, 1, 1, 1, -1, 1, -1, 1, -1, -1, 1, -1, 1, 1, -1, -1, 1, 1, -1, 1, 1, -1, 1, 1, -1, -1, 1, -1, 1, -1, -1, 1, 1, -1, -1, -1, -1, 1, -1, -1, -1, 1, 1, 1, -1, -1, 1, 1, 51.08, 69.57, 94.02
-1, 0.927578711731, 1, 0.865559159277, -1, 0.927578711731, 0.927578711731, -1, 0.927578711731, -1, 1, -1, 1, 1, -1, -1, -1, -1, 0.865559159277, 0.927578711731, 0.865559159277, -1, 1, -1, 0.515726450434, 0.515726450434, -1, -1, 1, -1, -1, 0.515726450434, -1, 0.927578711731, -1, -1, -1, 1, 0.865559159277, 0.927578711731, -1, 1, -1, 1, -1, -1, 0.927578711731, 1, 1, -1, 46.77, 56.52, 94.02
1, 1, 1, -1, 1, -1, 1, -1, -1, 1, 1, -1, 1, 1, -1, 1, 1, -1, -1, -1, 1, 1, 1, 1, -1, -1, 1, 1, 1, 1, -1, -1, -1, -1, 1, -1, 1, 1, 1, 1, -1, 1, 1, 1, 1, 1, -1, 1, 1, -1, 47.31, 91.3, 95.73
-1, 1, -1, -1, 0.75511035083, -1, -1, -1, 0.75511035083, -1, -1, -1, 0.75511035083, 0.569961966916, -1, -1, -1, 0.75511035083, -1, 1, -1, -1, -1, 0.75511035083, -1, -1, -1, 0.569961966916, 1, 1, 0.393102769291, 0.75511035083, -1, 0.75511035083, 0.75511035083, -1, 0.75511035083, -1, 0.75511035083, -1, -1, -1, 0.75511035083, -1, -1, -1, 0.663512231132, 0.75511035083, 0.75511035083, -1, 47.85, 47.83, 94.87
0.250557320761, -1, -1, -1, -1, -1, -1, -1, -1, -1, -1, 1, -1, -1, 0.129410555386, 0.75511035083, -1, 0.593742571646, 1, 1, 1, 1, -1, -1, 0.75511035083, -1, -1, 0.75511035083, -1, -1, 0.75511035083, 0.75511035083, 0.403854188977, 0.593742571646, 0.75511035083, 0.75511035083, 0.593742571646, 0.593742571646, 0.75511035083, -1, -1, 1, -1, -1, -1, 0.593742571646, -1, 0.403854188977, -1, -1, 50.54, 78.26, 93.16
-1, 1, -1, -1, -1, -1, 1, 1, -1, -1, 1, 1, -1, -1, -1, 1, -1, -1, 1, 1, 1, 1, 1, -1, 1, -1, -1, -1, 1, 1, -1, 1, -1, -1, -1, -1, -1, 1, -1, 1, 1, 1, -1, 1, -1, -1, -1, 1, -1, 1, 62.37, 82.61, 93.45
-1, 0.798573565577, -1, -1, 0.386783576307, -1, -1, 0.798573565577, 0.432855119372, 0.798573565577, 1, 0.432855119372, -1, 0.657216594742, -1, 1, -1, 0.798573565577, 0.386783576307, 0.639872651277, 0.798573565577, 0.432855119372, 0.798573565577, 0.432855119372, 0.798573565577, 0.798573565577, 1, -1, -1, 1, 0.798573565577, -1, 0.798573565577, -1, -1, 0.386783576307, -1, -1, -1, 0.798573565577, 0.798573565577, -1, -1, -1, -1, 0.657216594742, 0.386783576307, 0.279539116634, 0.798573565577, -1, 56.99, 69.57, 94.59
0.708792633061, -1, -1, -1, 0.708792633061, -1, -1, 0.798573565577, -1, 1, 1, 0.798573565577, -1, 0.441432211381, 0.798573565577, -1, -1, -1, 0.416133811666, -1, 0.663703827847, -1, 0.798573565577, -1, 1, 0.708792633061, 0.708792633061, -1, 0.798573565577, 0.798573565577, -1, -1, 0.798573565577, 1, -1, 0.708792633061, -1, 0.441432211381, -1, -1, -1, 0.708792633061, -1, 0.663703827847, -1, -1, -1, -1, -1, 0.798573565577, 63.98, 82.61, 94.59
-1, -1, -1, -1, -1, -1, -1, -1, -1, 1, 1, -1, 1, -1, 1, 1, 1, -1, -1, 1, -1, -1, 1, -1, 1, -1, 1, 1, 1, 1, 1, -1, 1, 1, 1, -1, -1, -1, 1, 1, -1, 1, 1, -1, 1, -1, -1, -1, -1, 1, 51.61, 78.26, 96.87
1, 0.613136325377, -1, 0.613136325377, 0.613136325377, -1, -1, 0.613136325377, -1, -1, 0.613136325377, -1, 1, -1, -1, 1, 0.613136325377, -1, -1, 0.613136325377, 1, -1, -1, 1, -1, -1, 0.613136325377, -1, -1, 1, -1, 0.613136325377, 0.763500082861, -1, 1, -1, -1, -1, -1, -1, -1, 1, -1, -1, -1, -1, 0.613136325377, -1, 0.613136325377, -1, 72.04, 78.26, 94.02
-1, -1, 0.67766234371, 0.67766234371, 0.763500082861, -1, 0.67766234371, -1, 1, -1, 0.67766234371, -1, 1, 1, -1, 1, -1, 0.67766234371, -1, -1, 1, -1, 0.67766234371, 1, 1, 0.463455182292, 0.67766234371, -1, -1, -1, -1, 0.67766234371, 0.67766234371, 1, -1, 0.647931515171, 1, -1, 1, -1, -1, 1, -1, -1, 0.67766234371, 1, -1, -1, 0.67766234371, 0.763500082861, 43.55, 56.52, 92.88
1, 0.655506675135, -1, 0.655506675135, 0.655506675135, 1, 0.655506675135, -1, -1, -1, -1, -1, -1, 1, -1, -1, -1, -1, -1, 0.655506675135, 1, 1, -1, 1, 1, -1, 0.655506675135, -1, -1, -1, 1, 0.655506675135, 0.763500082861, 1, -1, 0.655506675135, 1, -1, -1, -1, 1, 1, 0.655506675135, -1, -1, -1, -1, 0.763500082861, 0.655506675135, -1, 54.84, 52.17, 94.87
1, -1, -1, -1, -1, 1, -1, -1, 1, -1, -1, 1, 1, 1, 1, 1, -1, -1, -1, -1, 1, 1, -1, 1, 1, -1, -1, -1, 1, 1, 1, -1, -1, 1, 1, -1, 1, -1, 1, -1, 1, 1, -1, -1, -1, 1, -1, -1, -1, -1, 57.53, 78.26, 94.3
-1, -1, -1, 0.80149122085, 0.80149122085, -1, -1, -1, -1, 1, 0.80149122085, -1, -1, 0.957936281721, -1, -1, 0.957936281721, 0.80149122085, 0.957936281721, -1, 1, 0.80149122085, -1, -1, -1, 0.80149122085, -1, -1, 1, 1, -1, 0.957936281721, -1, 0.80149122085, -1, -1, 0.957936281721, 0.957936281721, 1, -1, -1, -1, -1, 0.957936281721, -1, 0.957936281721, -1, -1, -1, 0.80149122085, 46.77, 69.57, 95.16
-1, 0.957936281721, -1, -1, 0.893886968471, -1, 0.767855588556, -1, -1, 0.957936281721, -1, -1, 0.893886968471, 0.767855588556, 1, 1, 0.893886968471, 0.957936281721, -1, 0.767855588556, 0.893886968471, -1, 0.752219469656, 0.957936281721, 1, 0.767855588556, -1, 0.752219469656, -1, -1, -1, -1, -1, 0.957936281721, -1, -1, -1, -1, 1, -1, -1, 0.957936281721, 1, -1, -1, 0.496699923674, -1, 0.65893512892, -1, 0.496699923674, 50.54, 52.17, 91.74
1, 0.957936281721, 0.625888015021, -1, -1, 1, 0.957936281721, -1, 1, 0.957936281721, -1, -1, -1, 0.625888015021, -1, 1, -1, 0.957936281721, -1, -1, 0.957936281721, -1, -1, -1, -1, 0.957936281721, -1, 1, -1, 1, 1, 0.957936281721, -1, 0.625888015021, -1, -1, -1, 0.625888015021, 1, 0.957936281721, 1, -1, 0.957936281721, 0.957936281721, -1, 0.625888015021, -1, 0.625888015021, 0.957936281721, 0.957936281721, 52.69, 73.91, 93.45
1, -1, -1, 1, -1, 1, -1, -1, 1, 1, 1, -1, 1, -1, 1, 1, 1, 1, -1, -1, 1, -1, -1, -1, 1, -1, 1, 1, 1, 1, 1, 0.787877771313, -1, -1, -1, -1, -1, -1, 1, 1, 1, -1, 1, -1, -1, -1, 1, -1, 1, 1, 53.23, 65.22, 94.02
0.793487525084, -1, 0.736995423262, 0.17559134341, 0.793487525084, -1, -1, 0.55633722504, 1, 0.55633722504, 0.360194530888, 0.887640068714, -1, 0.793487525084, -1, 0.793487525084, -1, 0.55633722504, 0.55633722504, 0.17559134341, 0.793487525084, -1, 1, -1, -1, -1, 0.793487525084, 0.736995423262, -1, -1, 0.887640068714, -1, -1, 0.887640068714, 0.887640068714, -1, 0.887640068714, -1, 0.887640068714, 0.793487525084, -1, 0.887640068714, 0.736995423262, -1, -1, -1, 0.55633722504, 0.793487525084, 0.736995423262, 0.736995423262, 62.37, 86.96, 93.73
-1, 0.762087658168, 0.887640068714, 0.887640068714, -1, 0.762087658168, 0.573089242861, -1, 1, 0.887640068714, -1, 0.887640068714, -1, -1, -1, 0.762087658168, -1, -1, 0.573089242861, 0.573089242861, 0.754130004255, 0.887640068714, -1, 0.754130004255, -1, -1, -1, -1, -1, -1, -1, -1, -1, -1, -1, -1, 0.887640068714, -1, 0.754130004255, 0.754130004255, 1, 0.887640068714, -1, -1, 0.573089242861, 1, -1, 0.887640068714, 0.762087658168, -1, 44.62, 78.26, 93.73
-1, -1, -1, -1, 1, 1, 1, -1, 1, 1, -1, 1, 1, -1, 1, -1, 1, -1, -1, -1, 1, -1, 1, 1, -1, 1, -1, 1, -1, -1, 1, 1, -1, 1, 1, -1, -1, -1, -1, -1, 1, 1, -1, -1, -1, 1, -1, 1, -1, -1, 50.54, 78.26, 93.45
