-1, -1, -1, -1, -1, -1, -1, 0.835273844729, 0.8063040606, -1, -1, 0.8063040606, 0.8063040606, -1, 0.8063040606, 0.835273844729, -1, 0.835273844729, -1, 0.835273844729, -1, -1, 0.835273844729, -1, 0.835273844729, 0.835273844729, -1, -1, 0.835273844729, -1, 0.835273844729, 0.835273844729, 0.835273844729, 0.8063040606, 0.835273844729, 0.8063040606, -1, 0.8063040606, 0.835273844729, 0.835273844729, 0.835273844729, 1, -1, 0.835273844729, -1, -1, -1, -1, 1, 0.835273844729, 51.08, 82.61, 94.87
0.835273844729, -1, -1, 1, -1, -1, -1, -1, -1, -1, 1, 1, -1, -1, 0.835273844729, -1, -1, 0.597458192585, 1, -1, 1, 0.835273844729, 0.597458192585, 1, 0.597458192585, -1, -1, -1, 1, -1, -1, 1, -1, 0.597458192585, 0.835273844729, 0.835273844729, 0.835273844729, -1, 1, 0.835273844729, -1, 1, -1, -1, -1, -1, 1, -1, 1, -1, 56.99, 82.61, 93.16
-1, 1, -1, 1, 1, -1, -1, -1, -1, -1, 1, 1, 1, 1, -1, 1, -1, -1, 1, 1, 1, -1, -1, 1, -1, 1, -1, 1, 1, -1, 1, 1, -1, -1, -1, -1, -1, -1, 1, -1, -1, 1, 1, 1, -1, 1, 1, 1, 1, 1, 49.46, 52.17, 92.88
-1, -1, -1, -1, -1, -1, 0.755278830569, 1, -1, -1, -1, 1, -1, 0.755278830569, 0.755278830569, -1, -1, -1, 0.600805679756, 0.755278830569, 0.600805679756, -1, 0.600805679756, 0.755278830569, 0.600805679756, 1, -1, -1, -1, -1, 0.755278830569, -1, 0.755278830569, -1, 0.600805679756, 0.600805679756, -1, -1, -1, -1, 0.755278830569, -1, 0.755278830569, -1, -1, 1, -1, -1, -1, -1, 59.68, 69.57, 94.3
0.755278830569, -1, -1, 1, 0.663660273558, 0.755278830569, 0.663660273558, 1, 1, -1, -1, -1, 0.663660273558, 0.755278830569, -1, -1, -1, -1, 0.663660273558, -1, 0.663660273558, 1, 0.663660273558, 0.755278830569, -1, 0.663660273558, -1, -1, -1, 0.663660273558, 0.755278830569, 1, 0.663660273558, 1, 0.663660273558, -1, -1, -1, -1, 0.755278830569, 0.663660273558, -1, 0.755278830569, -1, 1, 1, 1, -1, -1, -1, 66.67, 82.61, 93.73
0.755278830569, 0.696031035604, 0.755278830569, -1, 0.696031035604, 0.755278830569, -1, 1, -1, -1, -1, 0.696031035604, 0.755278830569, 0.755278830569, 0.755278830569, 0.696031035604, -1, -1, 0.755278830569, -1, 0.755278830569, 1, -1, 0.755278830569, -1, 0.755278830569, 0.696031035604, -1, -1, -1, -1, 1, -1, 1, 0.696031035604, 0.696031035604, 0.755278830569, -1, 0.755278830569, 0.755278830569, -1, -1, -1, 0.755278830569, -1, 1, -1, 0.755278830569, 0.755278830569, -1, 63.44, 82.61, 94.59
1, -1, -1, 1, 1, 1, -1, 1, 1, -1, 1, 1, 1, -1, 1, -1, -1, -1, -1, 1, -1, 1, -1, 1, -1, 1, -1, 1, -1, -1, -1, 1, -1, 1, -1, -1, -1, 1, -1, -1, -1, -1, -1, -1, 1, 1, 1, -1, 1, -1, 41.94, 73.91, 91.74
-1, 0.699245936692, 1, 0.699245936692, -1, 1, 0.556232894803, -1, 1, 0.556232894803, -1, 1, -1, -1, -1, 0.556232894803, -1, -1, 0.699245936692, 0.556232894803, 0.699245936692, 0.699245936692, -1, 0.556232894803, -1, -1, -1, -1, -1, -1, -1, -1, -1, -1, -1, -1, 1, -1, 1, 1, 0.699245936692, 0.556232894803, -1, -1, 0.699245936692, 0.699245936692, -1, 1, 1, -1, 47.85, 78.26, 92.31
1, 0.644393638163, 1, 0.699245936692, 0.644393638163, -1, -1, 1, -1, -1, -1, -1, -1, 0.699245936692, 0.699245936692, 0.644393638163, -1, -1, 0.699245936692, 0.699245936692, -1, 0.699245936692, -1, 0.699245936692, -1, -1, 1, 0.699245936692, 1, 0.699245936692, -1, -1, -1, -1, -1, 0.644393638163, 1, -1, 1, 0.699245936692, 0.644393638163, -1, -1, 1, -1, 0.699245936692, 0.644393638163, 1, 0.699245936692, 0.699245936692, 43.01, 47.83, 95.73
1, -1, 1, -1, -1, 1, -1, 1, 1, -1, -1, 1, -1, 1, 1, -1, 1, -1, 1, -1, -1, -1, -1, -1, -1, -1, 1, -1, 1, 1, 1, 1, 1, -1, 1, 1, 1, 1, 1, 1, -1, -1, -1, 1, -1, 1, 1, 1, 1, -1, 57.53, 73.91, 95.44
0.913769277779, -1, -1, 0.617914684422, -1, 0.913769277779, 0.617914684422, 0.617914684422, 1, -1, -1, 0.913769277779, 0.913769277779, 0.913769277779, 0.913769277779, 0.913769277779, 1, -1, 0.617914684422, -1, -1, -1, -1, 0.913769277779, 0.913769277779, 0.617914684422, -1, 0.617914684422, -1, -1, -1, -1, 1, -1, -1, 0.617914684422, -1, -1, -1, 0.617914684422, -1, 0.913769277779, -1, 1, -1, 1, -1, 1, -1, -1, 47.85, 43.48, 94.3
0.913769277779, -1, 1, -1, -1, -1, 0.913769277779, 0.913769277779, 1, 0.913769277779, 0.913769277779, 0.913769277779, 0.913769277779, -1, 0.913769277779, -1, -1, -1, -1, 0.913769277779, -1, 1, -1, 0.913769277779, -1, 0.913769277779, -1, -1, -1, -1, -1, 0.913769277779, 1, 0.913769277779, -1, 0.913769277779, 0.913769277779, 0.913769277779, 1, -1, -1, 0.913769277779, -1, 0.913769277779, 1, -1, -1, -1, 0.913769277779, 0.913769277779, 55.38, 82.61, 91.74
0.913769277779, -1, 1, 0.913769277779, -1, -1, -1, 0.913769277779, 1, 0.913769277779, -1, 0.913769277779, 0.913769277779, -1, -1, 0.913769277779, 1, 1, -1, 0.913769277779, 0.913769277779, 1, -1, 0.913769277779, -1, 0.913769277779, 0.913769277779, 0.913769277779, 0.913769277779, -1, 0.913769277779, -1, 1, -1, 0.913769277779, -1, 0.913769277779, -1, 1, -1, 1, -1, -1, 0.913769277779, -1, -1, -1, 0.913769277779, -1, -1, 61.29, 73.91, 93.16
1, 1, 1, -1, -1, 1, -1, -1, 1, -1, -1, 1, -1, 1, -1, -1, 1, 1, -1, 1, -1, 1, 1, 1, -1, -1, 1, -1, -1, -1, -1, -1, 1, -1, 1, -1, 1, -1, 1, -1, 1, -1, -1, 1, 1, 1, -1, 1, 1, -1, 47.85, 86.96, 95.44
-1, -1, 0.83884163463, 0.83884163463, -1, 1, -1, -1, 0.83884163463, -1, 0.83884163463, -1, 1, -1, 0.83884163463, -1, -1, -1, 0.83884163463, 0.667277829197, -1, 1, 0.83884163463, 0.667277829197, 0.667277829197, -1, 0.667277829197, -1, -1, 0.83884163463, 1, -1, -1, 1, -1, 0.83884163463, -1, -1, -1, 0.83884163463, -1, -1, 1, -1, 0.83884163463, 0.667277829197, -1, 1, 0.83884163463, -1, 51.08, 69.57, 95.16
0.83884163463, -1, 0.83884163463, 0.83884163463, -1, 1, -1, -1, 0.773038761353, -1, -1, 1, -1, 0.83884163463, -1, 1, -1, 0.83884163463, 0.83884163463, -1, -1, -1, 0.83884163463, 0.83884163463, 0.83884163463, -1, 0.773038761353, 0.83884163463, 0.773038761353, 0.83884163463, 1, 0.773038761353, -1, 1, -1, -1, 0.83884163463, -1, 0.83884163463, 0.83884163463, 1, -1, 1, 1, -1, 0.83884163463, -1, 1, 0.83884163463, 1, 48.39, 73.91, 93.73
-1, -1, 1, -1, -1, 1, 1, 1, -1, 1, -1, 1, 1, 1, -1, 1, 1, 1, 1, -1, -1, 1, -1, -1, -1, -1, -1, -1, -1, -1, 1, -1, -1, 1, -1, -1, 1, -1, -1, 1, 1, 1, 1, 1, 1, -1, 1, 1, -1, 1, 39.25, 82.61, 94.3
0.552376293477, -1, -1, 0.920602299678, 0.552376293477, -1, 0.920602299678, -1, -1, -1, -1, -1, 1, -1, -1, -1, 1, 0.920602299678, 0.552376293477, 0.552376293477, 0.552376293477, -1, -1, 0.920602299678, 1, 1, 0.552376293477, -1, 0.552376293477, -1, 1, -1, -1, -1, 0.920602299678, 1, 0.552376293477, -1, 1, 0.920602299678, 0.920602299678, 0.920602299678, -1, -1, -1, -1, 0.552376293477, -1, -1, 0.920602299678, 59.14, 78.26, 93.16
-1, 0.920602299678, -1, 0.888673070648, 0.888673070648, 0.888673070648, 0.920602299678, 0.920602299678, -1, -1, -1, -1, 1, -1, 0.888673070648, -1, -1, -1, 0.888673070648, 0.920602299678, -1, -1, -1, -1, 0.920602299678, -1, -1, 1, 0.920602299678, -1, -1, 0.920602299678, 1, -1, 0.920602299678, 0.888673070648, -1, -1, -1, 0.920602299678, 0.920602299678, 0.888673070648, 1, -1, -1, 0.888673070648, -1, -1, -1, -1, 61.83, 78.26, 92.02
0.920602299678, -1, -1, 0.888673070648, -1, -1, 0.920602299678, 0.920602299678, 0.888673070648, -1, -1, 0.888673070648, 1, -1, 0.888673070648, 0.920602299678, -1, 0.920602299678, 0.888673070648, 0.920602299678, -1, 0.888673070648, -1, -1, 0.920602299678, -1, -1, 1, -1, 1, 1, 0.920602299678, -1, -1, -1, -1, -1, 0.888673070648, 1, 0.920602299678, 0.920602299678, -1, 1, 0.920602299678, -1, 0.888673070648, 0.888673070648, -1, -1, 0.920602299678, 51.61, 43.48, 93.73
-1, -1, 1, -1, -1, -1, -1, -1, 1, -1, -1, 1, 1, -1, -1, -1, 1, -1, -1, -1, -1, -1, -1, -1, 1, 1, -1, 1, -1, 1, 1, -1, 1, -1, -1, 1, -1, -1, 1, 1, -1, -1, 1, -1, 1, 1, -1, -1, 1, -1, 57.53, 47.83, 94.87
-1, -1, 0.490036175298, 0.490036175298, -1, 1, -1, 0.490036175298, -1, -1, 1, 1, 0.490036175298, -1, 0.490036175298, -1, 1, 0.490036175298, 0.490036175298, -1, -1, -1, 0.490036175298, 1, 0.490036175298, -1, -1, 0.490036175298, 1, 0.490036175298, -1, 0.490036175298, 1, 1, -1, 0.490036175298, 0.490036175298, -1, 0.490036175298, 0.490036175298, -1, 0.490036175298, -1, -1, 0.490036175298, 0.490036175298, 1, 1, 1, -1, 53.23, 95.65, 94.59
1, -1, 0.369987941397, 0.490036175298, 0.369987941397, -1, 1, -1, 1, -1, -1, 1, -1, -1, -1, -1, 1, -1, -1, -1, -1, -1, -1, -1, 0.490036175298, -1, 1, 0.490036175298, 1, -1, 1, -1, 1, 1, -1, 0.369987941397, 0.490036175298, 1, -1, 0.490036175298, -1, 0.490036175298, 1, -1, 0.369987941397, 0.490036175298, -1, 1, -1, 1, 56.45, 60.87, 94.59
-1, -1, 0.490036175298, 0.490036175298, 0.389811690052, 1, 1, 0.490036175298, 1, 1, -1, 1, 0.490036175298, -1, -1, -1, 1, -1, 0.389811690052, 0.490036175298, 1, 1, -1, -1, -1, -1, -1, 0.490036175298, 1, -1, 1, -1, 1, -1, 0.490036175298, 0.389811690052, 0.490036175298, -1, -1, -1, 1, -1, -1, 1, 0.389811690052, -1, 1, 1, 1, 1, 72.58, 73.91, 93.73
1, 1, -1, -1, -1, 1, 1, -1, 1, 1, 1, 1, -1, -1, -1, 1, 1, -1, -1, -1, 1, 1, -1, 1, -1, 1, 1, -1, 1, -1, 1, -1, 1, 1, -1, -1, -1, 1, -1, -1, 1, -1, 1, 1, -1, -1, 1, 1, 1, 1, 57.53, 73.91, 94.87
-1, 0.833723949537, -1, -1, 0.66320683694, -1, 0.833723949537, -1, -1, 0.833723949537, -1, -1, 0.833723949537, 0.833723949537, 0.833723949537, 1, 0.66320683694, 0.66320683694, -1, 0.833723949537, 0.66320683694, -1, 0.66320683694, 1, 0.66320683694, 0.66320683694, -1, 0.833723949537, -1, -1, -1, -1, -1, 1, -1, -1, -1, -1, 0.833723949537, -1, -1, 0.833723949537, 0.833723949537, -1, -1, 0.66320683694, -1, 0.66320683694, -1, 0.833723949537, 47.31, 52.17, 94.02
-1, -1, -1, -1, 0.833723949537, 1, 0.833723949537, -1, 1, 0.833723949537, -1, 1, 0.833723949537, -1, 0.833723949537, -1, 0.833723949537, -1, -1, -1, 0.833723949537, -1, 0.833723949537, 1, -1, 0.833723949537, -1, 0.833723949537, -1, -1, 1, 0.833723949537, -1, 1, 0.833723949537, -1, -1, -1, -1, -1, 0.833723949537, 0.833723949537, -1, -1, -1, 0.833723949537, -1, 0.833723949537, -1, -1, 53.76, 78.26, 92.02
1, 1, 1, -1, -1, 1, -1, -1, 1, -1, -1, 1, -1, -1, -1, 1, 1, 1, 1, -1, -1, -1, -1, 1, -1, -1, -1, 1, -1, 1, 1, 1, -1, 1, -1, -1, 1, -1, -1, 1, -1, -1, 1, -1, -1, -1, -1, 1, 1, -1, 58.6, 52.17, 95.16
-1, 0.79112378568, 0.695157082089, -1, 0.695157082089, 0.79112378568, 0.79112378568, 1, -1, -1, 0.79112378568, 1, -1, -1, 1, 0.79112378568, -1, -1, -1, -1, -1, 0.79112378568, -1, -1, -1, -1, 0.79112378568, 0.695157082089, 0.79112378568, -1, -1, -1, 1, -1, 0.695157082089, -1, 0.695157082089, 0.79112378568, 0.695157082089, 0.695157082089, 0.79112378568, 1, 0.79112378568, 0.79112378568, 0.695157082089, -1, 0.79112378568, -1, 0.79112378568, 1, 61.29, 95.65, 94.02
-1, -1, 0.597315617926, -1, 0.597315617926, 0.597315617926, 0.79112378568, 1, -1, -1, 0.597315617926, -1, -1, 0.79112378568, -1, 0.79112378568, -1, 0.79112378568, -1, 0.597315617926, 0.597315617926, 0.597315617926, 1, -1, -1, -1, 0.79112378568, 0.79112378568, 0.597315617926, 1, -1, 0.597315617926, -1, -1, 0.597315617926, -1, -1, 0.79112378568, -1, -1, -1, 1, 0.597315617926, -1, 0.597315617926, -1, -1, -1, 0.597315617926, 1, 52.69, 82.61, 94.87
-1, 0.79112378568, -1, -1, -1, -1, 0.79112378568, 1, -1, -1, 0.763685257064, 1, -1, -1, -1, 0.79112378568, -1, -1, 0.763685257064, 0.79112378568, 0.79112378568, 0.763685257064, 1, -1, 0.79112378568, -1, -1, -1, 0.79112378568, 1, -1, 0.79112378568, -1, -1, -1, -1, -1, 0.763685257064, -1, 0.79112378568, 0.79112378568, 1, -1, 0.79112378568, -1, -1, -1, 0.763685257064, -1, 1, 68.82, 82.61, 95.16
1, -1, -1, -1, 1, -1, -1, 1, -1, 1, 1, 1, -1, 1, 1, -1, -1, -1, 1, -1, 1, -1, 1, -1, 1, 1, 1, -1, 1, 1, -1, -1, 1, 1, -1, 1, -1, 1, -1, -1, -1, 1, -1, 1, -1, -1, -1, -1, -1, 1, 60.22, 82.61, 94.02
1, -1, -1, -1, -1, 1, -1, 0.677736623292, 0.677736623292, -1, -1, 0.539122766549, 0.539122766549, -1, 0.677736623292, -1, -1, -1, 0.677736623292, -1, 1, 1, 0.677736623292, -1, 1, 0.677736623292, -1, -1, 0.539122766549, 0.677736623292, 0.677736623292, -1, -1, 1, 0.677736623292, -1, 1, 0.539122766549, 0.677736623292, 0.677736623292, 0.677736623292, -1, 1, -1, 0.677736623292, 0.539122766549, 0.677736623292, -1, 1, 0.677736623292, 60.75, 73.91, 94.59
1, -1, 0.595524268136, -1, -1, 1, -1, -1, -1, 0.677736623292, -1, 0.677736623292, 0.595524268136, -1, -1, -1, 0.677736623292, 0.595524268136, -1, -1, 1, -1, 0.595524268136, 1, -1, -1, -1, -1, 0.677736623292, 0.595524268136, -1, -1, 1, 1, 0.595524268136, -1, 1, -1, 0.595524268136, 0.595524268136, 0.677736623292, 1, 1, -1, -1, -1, 0.677736623292, -1, -1, 0.677736623292, 56.45, 86.96, 94.02
-1, -1, -1, 1, 0.677736623292, -1, -1, 0.677736623292, -1, -1, -1, 0.539122766549, 0.539122766549, -1, 0.677736623292, -1, -1, -1, -1, -1, -1, 1, 0.677736623292, -1, 1, -1, 1, -1, 0.539122766549, 0.677736623292, -1, -1, 1, -1, -1, 0.677736623292, 1, -1, 0.677736623292, -1, -1, 1, -1, -1, -1, -1, -1, -1, 1, 0.677736623292, 56.99, 78.26, 96.3
1, 1, -1, 1, 1, 1, 1, -1, -1, -1, -1, -1, -1, 1, -1, -1, -1, -1, -1, 1, 1, 1, -1, 1, 1, -1, 1, -1, -1, -1, 1, 1, 1, 1, -1, 1, 1, -1, -1, -1, 1, 1, 1, -1, -1, -1, -1, 1, 1, -1, 48.39, 52.17, 94.3
1, 1, 0.935859877776, -1, -1, 1, 0.822336066309, -1, 0.935859877776, 0.822336066309, -1, -1, -1, 0.935859877776, -1, 1, -1, 0.822336066309, -1, -1, 1, -1, -1, -1, -1, 0.822336066309, -1, 1, -1, 0.822336066309, 1, 0.935859877776, -1, 0.935859877776, -1, -1, -1, 1, 0.822336066309, 0.935859877776, 0.822336066309, -1, 0.935859877776, 1, -1, 0.935859877776, -1, 1, 0.822336066309, 1, 55.38, 73.91, 92.59
-1, 1, 0.935859877776, 0.935859877776, -1, -1, -1, 0.935859877776, 0.935859877776, -1, -1, -1, -1, -1, -1, -1, 1, 0.935859877776, 0.935859877776, -1, 1, 0.935859877776, -1, -1, -1, -1, -1, -1, -1, -1, -1, 0.935859877776, 0.935859877776, 0.935859877776, -1, -1, -1, 1, 0.935859877776, -1, 0.935859877776, -1, -1, -1, 0.935859877776, 0.935859877776, 1, -1, -1, 1, 51.08, 47.83, 92.59
1, 1, 1, -1, 1, 1, -1, -1, -1, -1, -1, -1, -1, 1, -1, 1, 1, -1, 1, -1, 1, -1, 1, -1, 1, -1, -1, 1, 1, -1, 1, -1, -1, -1, 1, -1, 1, 1, -1, -1, -1, 1, -1, 1, 1, -1, 1, 1, -1, 1, 66.67, 91.3, 95.73
0.839472821616, 1, 0.839472821616, -1, 0.839472821616, -1, 1, -1, -1, 0.839472821616, 0.839472821616, -1, 0.839472821616, 0.839472821616, -1, 1, 0.839472821616, -1, -1, -1, 1, 0.839472821616, 1, 0.839472821616, -1, -1, 0.839472821616, 0.839472821616, 1, 0.839472821616, -1, -1, -1, -1, 1, -1, 0.839472821616, 0.839472821616, 1, 0.839472821616, -1, 0.839472821616, 1, 0.839472821616, 0.839472821616, 0.839472821616, -1, 0.839472821616, 0.839472821616, -1, 50.54, 91.3, 93.73
-1, -1, 0.839472821616, -1, 0.839472821616, 1, 1, -1, -1, -1, 0.839472821616, 0.667779922876, 0.839472821616, 0.839472821616, -1, 1, -1, 1, -1, 1, -1, 0.839472821616, -1, 0.839472821616, -1, -1, -1, 0.839472821616, -1, 0.839472821616, 1, 1, -1, -1, 1, 1, -1, 0.839472821616, -1, 0.839472821616, -1, 0.839472821616, 1, 0.839472821616, -1, -1, -1, -1, 0.839472821616, 0.667779922876, 61.29, 82.61, 91.74
-1, 1, -1, 1, -1, 1, 1, 1, -1, -1, -1, -1, 1, 1, -1, 1, -1, 1, -1, 1, 1, -1, 1, -1, 1, 1, -1, 1, 1, 1, 1, 1, -1, -1, 1, 1, -1, 1, 1, -1, -1, 1, 1, -1, -1, -1, -1, -1, -1, -1, 48.92, 52.17, 93.16
-1, -1, 0.771795608927, 0.771795608927, 0.552053212805, -1, 0.552053212805, -1, 0.552053212805, -1, 1, -1, 1, 0.771795608927, -1, 1, -1, 0.552053212805, -1, -1, 0.552053212805, -1, 1, 0.771795608927, 1, 0.552053212805, 0.771795608927, -1, -1, -1, -1, 0.552053212805, 1, 1, -1, 0.771795608927, 0.771795608927, -1, 1, -1, -1, 1, -1, -1, 1, 0.552053212805, -1, -1, 0.771795608927, 1, 55.38, 56.52, 93.16
-1, -1, -1, -1, -1, -1, -1, -1, -1, 1, 1, -1, 1, -1, 1, 1, 1, -1, -1, 1, -1, -1, 1, -1, 1, -1, 1, 1, 1, 1, 1, -1, 1, 1, 1, -1, -1, -1, 1, 1, -1, 1, 1, -1, 1, -1, -1, -1, -1, 1, 61.83, 78.26, 96.58
1, -1, 1, 0.584458324048, 0.734728406167, -1, -1, 0.584458324048, 0.584458324048, 0.734728406167, 0.734728406167, 0.584458324048, -1, 0.734728406167, -1, 1, -1, 0.584458324048, 1, 0.584458324048, 0.734728406167, -1, 0.734728406167, -1, -1, -1, 1, 0.734728406167, -1, -1, 0.584458324048, -1, -1, 0.584458324048, 1, -1, 1, -1, 0.734728406167, 0.734728406167, -1, 0.734728406167, 0.734728406167, -1, -1, -1, 0.584458324048, 1, 0.734728406167, 1, 50.54, 86.96, 93.45
1, -1, 1, 0.734728406167, 0.734728406167, -1, -1, 0.734728406167, 0.734728406167, 0.734728406167, 0.734728406167, -1, -1, 0.734728406167, 0.734728406167, 1, -1, -1, 0.734728406167, -1, 0.734728406167, -1, 0.734728406167, -1, -1, 1, -1, 0.734728406167, -1, 0.734728406167, 0.734728406167, 0.734728406167, 1, 0.734728406167, 1, 0.734728406167, 1, -1, 0.734728406167, 0.734728406167, 0.734728406167, -1, -1, -1, 0.734728406167, -1, 0.734728406167, -1, 0.734728406167, 0.734728406167, 67.74, 73.91, 93.16
1, 0.734728406167, 1, -1, 0.734728406167, -1, 0.734728406167, -1, -1, -1, -1, -1, -1, 0.734728406167, -1, 1, -1, 0.734728406167, -1, -1, -1, -1, -1, -1, -1, 1, -1, -1, 0.734728406167, -1, 0.734728406167, -1, -1, -1, 1, 0.734728406167, -1, -1, 0.734728406167, 0.734728406167, 0.734728406167, -1, -1, -1, -1, -1, 0.734728406167, 1, -1, -1, 61.29, 73.91, 93.73
1, -1, 1, -1, 1, 1, 1, -1, -1, -1, -1, -1, 1, 1, 1, 1, -1, -1, 1, -1, -1, 1, -1, 1, -1, 1, 1, -1, -1, 1, -1, 1, 1, -1, 1, 1, 1, -1, -1, -1, -1, -1, 1, 1, 1, -1, -1, 1, 1, 1, 55.91, 86.96, 93.73
1, -1, 0.820791032916, 0.820791032916, 1, -1, 0.652919020777, -1, -1, 0.820791032916, -1, 0.820791032916, 1, 0.652919020777, -1, -1, -1, 0.820791032916, -1, -1, -1, 0.820791032916, -1, -1, -1, 0.820791032916, -1, 0.820791032916, 0.820791032916, -1, -1, 1, 0.820791032916, -1, 1, 0.652919020777, 0.820791032916, 0.652919020777, 0.820791032916, -1, -1, 1, -1, 0.820791032916, -1, -1, 1, 0.820791032916, 1, 0.652919020777, 55.91, 82.61, 92.59
1, -1, 0.721225565171, -1, -1, -1, -1, 0.721225565171, -1, 0.820791032916, -1, -1, -1, 0.721225565171, -1, -1, 1, 0.721225565171, 0.721225565171, -1, -1, 0.820791032916, 0.721225565171, -1, -1, 0.820791032916, 1, -1, -1, -1, -1, -1, 0.820791032916, -1, -1, -1, -1, 0.820791032916, -1, -1, -1, 1, -1, -1, -1, -1, 0.820791032916, 0.820791032916, 1, 0.820791032916, 62.37, 82.61, 92.59
1, 1, 0.619715033082, -1, -1, -1, -1, -1, -1, -1, 1, -1, 1, 0.820791032916, -1, -1, 1, 0.820791032916, -1, 1, 1, 0.619715033082, -1, -1, -1, 0.820791032916, 1, 0.820791032916, 0.619715033082, -1, -1, -1, 1, 0.820791032916, -1, -1, 0.820791032916, 0.820791032916, -1, 0.820791032916, -1, 1, -1, 0.820791032916, 0.619715033082, 0.820791032916, 0.820791032916, 0.820791032916, -1, -1, 40.86, 56.52, 94.59
1, -1, 0.619715033082, 0.820791032916, 1, -1, -1, -1, 0.619715033082, -1, 1, -1, 1, 0.820791032916, -1, 1, 1, 0.820791032916, -1, 1, -1, -1, 0.820791032916, -1, -1, 0.820791032916, 1, 0.820791032916, -1, 1, -1, -1, 1, 0.820791032916, -1, 0.619715033082, -1, -1, 0.619715033082, -1, -1, -1, -1, 0.820791032916, 0.619715033082, -1, 0.820791032916, -1, 1, -1, 46.24, 47.83, 94.87
1, 1, -1, 1, 1, -1, -1, 1, -1, -1, 1, -1, 1, -1, -1, 1, 1, -1, -1, 1, 1, -1, -1, 1, -1, -1, 1, -1, -1, 1, -1, 1, 1, -1, 1, -1, -1, -1, -1, -1, -1, 1, -1, -1, -1, -1, 1, -1, 1, -1, 62.9, 78.26, 95.44
-1, -1, 0.660082974686, -1, -1, 0.660082974686, -1, -1, 0.580012082717, 0.580012082717, -1, -1, 0.660082974686, 1, -1, 0.580012082717, -1, 0.660082974686, 0.660082974686, -1, -1, 0.580012082717, -1, -1, 0.660082974686, -1, 1, 1, 0.660082974686, 0.660082974686, 1, -1, 1, 0.660082974686, 1, -1, -1, 1, 0.660082974686, 0.660082974686, 0.580012082717, -1, -1, -1, -1, 1, -1, 0.660082974686, -1, -1, 51.61, 73.91, 94.87
-1, 1, -1, -1, 1, -1, -1, -1, 0.580012082717, -1, -1, -1, 0.660082974686, 1, -1, -1, -1, 0.660082974686, -1, 0.580012082717, -1, -1, -1, 1, -1, -1, -1, 1, 0.660082974686, 0.660082974686, 1, 0.660082974686, -1, 0.660082974686, 1, -1, 0.660082974686, -1, 0.660082974686, -1, -1, -1, 1, -1, -1, -1, 0.660082974686, 0.660082974686, 0.660082974686, -1, 45.16, 47.83, 92.31
-1, 1, -1, -1, 1, -1, 1, 1, -1, -1, -1, -1, -1, 1, 1, -1, -1, -1, -1, -1, 1, -1, -1, 1, -1, 1, 1, 1, -1, -1, 1, 1, 1, -1, 1, 1, -1, 1, -1, -1, -1, -1, 1, 1, 1, 1, -1, -1, -1, -1, 64.52, 69.57, 94.02
