3.42173885424, 0.765379017539, 18.9381477668, 7.34215501083, 8.15467603776, 3.89849339945, 5.05260696722, 3707.93230619, 696.746919807
3.42173885424, 0.765379017539, 18.9381477668, 7.34215501083, 8.15467603776, 3.89849339945, 5.05260696722, 3707.93230619, 696.746919807
2.70375398371, 0.716172488431, 17.595260751, 7.34428408471, 8.29274239801, 3.75593378519, 5.19179368079, 2895.27295659, 780.186793419
2.70375398371, 0.716172488431, 17.595260751, 7.34428408471, 8.29274239801, 3.75593378519, 5.19179368079, 2895.27295659, 780.186793419
2.87574324634, 0.722066123252, 17.2988186604, 7.34633227639, 7.36617602018, 3.52358355093, 5.03309822764, 2763.00149934, 945.023323651
2.87574324634, 0.722066123252, 17.2988186604, 7.34633227639, 7.36617602018, 3.52358355093, 5.03309822764, 2763.00149934, 945.023323651
2.67048368558, 0.713160360376, 17.0174906238, 7.61053773422, 7.92524260045, 3.46004438366, 5.16789951026, 2678.57734282, 998.814464995
2.67048368558, 0.713160360376, 17.0174906238, 7.61053773422, 7.92524260045, 3.46004438366, 5.16789951026, 2678.57734282, 998.814464995
2.60445065718, 0.705600406696, 17.9959060242, 7.79113883945, 7.88775836177, 3.8987286492, 5.20419736917, 2920.87706452, 697.979541032
2.60445065718, 0.705600406696, 17.9959060242, 7.79113883945, 7.88775836177, 3.8987286492, 5.20419736917, 2920.87706452, 697.979541032
2.67048368558, 0.708918231586, 17.2071782913, 7.39794843626, 7.92524260045, 2.94794083685, 5.23026906517, 2602.70840004, 1614.3373845
2.67048368558, 0.708918231586, 17.2071782913, 7.39794843626, 7.92524260045, 2.94794083685, 5.23026906517, 2602.70840004, 1614.3373845
2.67048368558, 0.708918231586, 17.2071782913, 7.39794843626, 7.92524260045, 2.94794083685, 5.23026906517, 2602.70840004, 1614.3373845
2.67048368558, 0.708918231586, 17.2071782913, 7.39794843626, 7.92524260045, 2.94794083685, 5.23026906517, 2602.70840004, 1614.3373845
2.67048368558, 0.708918231586, 17.1804833246, 7.61053773422, 7.92524260045, 2.94794083685, 5.23026906517, 2600.51381208, 1614.93060228
2.67048368558, 0.708918231586, 17.1804833246, 7.61053773422, 7.92524260045, 2.94794083685, 5.23026906517, 2600.51381208, 1614.93060228
2.61906164357, 0.737900539793, 17.9959060242, 7.79113883945, 7.88775836177, 3.8987286492, 5.20419736917, 3052.57720316, 697.614469533
2.61906164357, 0.737900539793, 17.9959060242, 7.79113883945, 7.88775836177, 3.8987286492, 5.20419736917, 3052.57720316, 697.614469533
3.42173885424, 0.738906978223, 23.2996184159, 7.59319073915, 8.01679619243, 3.89733125702, 5.20419275073, 4641.94304359, 696.665362188
3.42173885424, 0.738906978223, 23.2996184159, 7.59319073915, 8.01679619243, 3.89733125702, 5.20419275073, 4641.94304359, 696.665362188
2.87574324634, 0.730516164896, 17.2988186604, 7.34633227639, 7.36617602018, 3.52358355093, 5.14015452919, 2860.3348725, 944.901240742
2.87574324634, 0.730516164896, 17.2988186604, 7.34633227639, 7.36617602018, 3.52358355093, 5.14015452919, 2860.3348725, 944.901240742
2.67048368558, 0.70819557395, 17.2071782913, 7.61053773422, 7.92524260045, 2.94794083685, 5.23026906517, 2601.58014678, 1614.91971654
2.67048368558, 0.70819557395, 17.2071782913, 7.61053773422, 7.92524260045, 2.94794083685, 5.23026906517, 2601.58014678, 1614.91971654
2.60445065718, 0.70792884022, 17.9959060242, 7.79113883945, 7.88775836177, 3.8987286492, 5.20419736917, 2929.66396113, 697.951548851
2.60445065718, 0.70792884022, 17.9959060242, 7.79113883945, 7.88775836177, 3.8987286492, 5.20419736917, 2929.66396113, 697.951548851
2.88339685618, 0.737337714684, 17.2988186604, 7.34633227639, 7.36617602018, 3.52358355093, 5.14015452919, 2891.27636681, 944.805721206
2.88339685618, 0.737337714684, 17.2988186604, 7.34633227639, 7.36617602018, 3.52358355093, 5.14015452919, 2891.27636681, 944.805721206
3.42173885424, 0.765379017539, 18.9381477668, 7.38668306732, 8.15467603776, 3.89849339945, 5.05260696722, 3708.46382452, 696.782335012
3.42173885424, 0.765379017539, 18.9381477668, 7.38668306732, 8.15467603776, 3.89849339945, 5.05260696722, 3708.46382452, 696.782335012
2.70375398371, 0.716172488431, 17.595260751, 7.34428408471, 8.29831665183, 3.75593378519, 5.19179368079, 2895.39096487, 780.186793419
2.70375398371, 0.716172488431, 17.595260751, 7.34428408471, 8.29831665183, 3.75593378519, 5.19179368079, 2895.39096487, 780.186793419
2.87574324634, 0.722066123252, 17.2988186604, 7.34633227639, 7.36617602018, 3.52358355093, 5.14015452919, 2826.71441433, 945.023323651
2.87574324634, 0.722066123252, 17.2988186604, 7.34633227639, 7.36617602018, 3.52358355093, 5.14015452919, 2826.71441433, 945.023323651
2.67048368558, 0.749505823957, 17.2071782913, 7.39794843626, 7.92524260045, 2.94794083685, 5.23026906517, 2751.79380446, 1613.32195365
2.67048368558, 0.749505823957, 17.2071782913, 7.39794843626, 7.92524260045, 2.94794083685, 5.23026906517, 2751.79380446, 1613.32195365
2.67048368558, 0.713160360376, 17.0166226449, 7.61053773422, 7.92524260045, 3.46004438366, 5.29380561478, 2758.63184357, 998.8151146
2.67048368558, 0.713160360376, 17.0166226449, 7.61053773422, 7.92524260045, 3.46004438366, 5.29380561478, 2758.63184357, 998.8151146
2.67048368558, 0.713160360376, 17.0166226449, 7.61053773422, 7.92524260045, 3.46004438366, 5.29380561478, 2758.63184357, 998.8151146
2.67048368558, 0.713160360376, 17.0166226449, 7.61053773422, 7.92524260045, 3.46004438366, 5.29380561478, 2758.63184357, 998.8151146
2.67048368558, 0.708918231586, 17.2071782913, 7.39794843626, 7.9272524528, 2.94794083685, 5.23026906517, 2602.75158208, 1614.3373845
2.67048368558, 0.708918231586, 17.2071782913, 7.39794843626, 7.9272524528, 2.94794083685, 5.23026906517, 2602.75158208, 1614.3373845
2.6317376713, 0.726539223783, 17.5033849108, 8.00921319037, 7.3810395958, 3.82236729281, 5.24363324109, 2932.16719034, 740.894902765
2.6317376713, 0.726539223783, 17.5033849108, 8.00921319037, 7.3810395958, 3.82236729281, 5.24363324109, 2932.16719034, 740.894902765
2.61906164357, 0.70792884022, 17.9959060242, 7.79113883945, 7.88775836177, 3.8987286492, 5.20419736917, 2936.23832363, 697.951548851
2.61906164357, 0.70792884022, 17.9959060242, 7.79113883945, 7.88775836177, 3.8987286492, 5.20419736917, 2936.23832363, 697.951548851
3.58521256291, 0.738906978223, 23.2996184159, 7.30007804717, 7.3494148247, 3.89645401444, 5.20419275073, 4761.74858967, 696.968455982
3.58521256291, 0.738906978223, 23.2996184159, 7.30007804717, 7.3494148247, 3.89645401444, 5.20419275073, 4761.74858967, 696.968455982
2.67048368558, 0.708918231586, 17.2071782913, 7.61053773422, 7.92524260045, 2.94794083685, 5.23026906517, 2604.15940809, 1614.89890656
2.67048368558, 0.708918231586, 17.2071782913, 7.61053773422, 7.92524260045, 2.94794083685, 5.23026906517, 2604.15940809, 1614.89890656
2.87574324634, 0.70884572217, 17.669086313, 7.88808863534, 7.96788111844, 3.42158304237, 5.11816948579, 2805.60517474, 1032.93398221
3.42173885424, 0.780532371878, 21.301994846, 7.38668306732, 8.15467603776, 3.89084054157, 5.05260696722, 4373.10206239, 700.190218839
3.42173885424, 0.738906978223, 18.9381477668, 7.44418579867, 7.75171659189, 3.88869364345, 5.05260696722, 3544.09179366, 702.3296795
2.60805179285, 0.713160360376, 17.1026070393, 7.74082801304, 7.92524260045, 3.12133702214, 5.47073752136, 2778.0303904, 1360.73953115
2.60805179285, 0.713160360376, 17.1026070393, 7.74082801304, 7.92524260045, 3.12133702214, 5.47073752136, 2778.0303904, 1360.73953115
2.67048368558, 0.708522167998, 17.2071782913, 8.08019546584, 7.91637232368, 2.97276367432, 5.45478278831, 2759.99923151, 1576.05860885
2.85444209034, 0.751705236346, 17.2988186604, 7.34633227639, 7.36617602018, 3.52358355093, 5.14015452919, 2936.14383363, 944.612948218
2.65341496222, 0.716172488431, 18.7020656957, 7.38079439047, 7.89320269139, 3.75593378519, 5.19179368079, 3025.75994776, 779.73030138
3.42173885424, 0.780532371878, 21.301994846, 7.38668306732, 8.15467603776, 3.89084054157, 5.05260696722, 4373.10206239, 700.190218839
3.42173885424, 0.738906978223, 23.2996184159, 7.59319073915, 8.01679619243, 3.89510082266, 5.20419275073, 4641.16958104, 697.862832847
3.42173885424, 0.738906978223, 18.9381477668, 7.44418579867, 7.75171659189, 3.88869364345, 5.05260696722, 3544.09179366, 702.3296795
3.42173885424, 0.738906978223, 17.7769812187, 7.44418579867, 7.3810395958, 3.88869364345, 5.03465956747, 3292.34672802, 702.765781172
2.87574324634, 0.70884572217, 17.669086313, 7.88808863534, 7.96788111844, 3.42158304237, 5.11816948579, 2805.60517474, 1032.93398221
2.87574324634, 0.747371994508, 17.0311526631, 7.91799283761, 7.36617602018, 3.52358355093, 5.14015452919, 2890.45783019, 945.653116955
3.08996191126, 0.71698117987, 17.5033849108, 8.00921319037, 7.3810395958, 3.82236729281, 5.24363324109, 3097.03939765, 741.022748989
3.08996191126, 0.70916246121, 18.1216703573, 8.00921319037, 7.3810395958, 3.87332419152, 5.24363324109, 3181.93926346, 711.941385377
2.60909553928, 0.713160360376, 17.079237816, 7.5138452284, 7.91637232368, 2.94794083685, 5.44116852018, 2715.00082819, 1614.67135175
2.70375398371, 0.716172488431, 18.7020656957, 7.34428408471, 7.65970532469, 3.75593378519, 5.19179368079, 3045.72684746, 779.69230871
3.08996191126, 0.726539223783, 17.5033849108, 8.00921319037, 7.3810395958, 3.82236729281, 5.24363324109, 3138.54311826, 740.894902765
2.67048368558, 0.708522167998, 17.2071782913, 8.08019546584, 7.91637232368, 2.97276367432, 5.45478278831, 2759.99923151, 1576.05860885
2.67048368558, 0.713160360376, 17.2071782913, 7.5138452284, 7.91637232368, 2.94794083685, 5.44116852018, 2758.13207068, 1614.52370308
3.47841965127, 0.738906978223, 23.2996184159, 7.30027030036, 7.3494148247, 3.89645401444, 5.20419275073, 4671.72912894, 696.968563731
2.85444209034, 0.751705236346, 17.2988186604, 7.34633227639, 7.36617602018, 3.52358355093, 5.14015452919, 2936.14383363, 944.612948218
2.65341496222, 0.716172488431, 18.7020656957, 7.38079439047, 7.89320269139, 3.75593378519, 5.19179368079, 3025.75994776, 779.73030138
2.87574324634, 0.747371994508, 17.0311526631, 7.91799283761, 7.36617602018, 3.52358355093, 5.14015452919, 2890.45783019, 945.653116955
3.42173885424, 0.738906978223, 17.2153103696, 7.98607485122, 7.98043499741, 3.88869364345, 5.07376622466, 3225.12678211, 703.598613087
3.08996191126, 0.70916246121, 18.1216703573, 8.00921319037, 7.3810395958, 3.87332419152, 5.24363324109, 3181.93926346, 711.941385377
3.08996191126, 0.71698117987, 17.5033849108, 8.00921319037, 7.3810395958, 3.82236729281, 5.24363324109, 3097.03939765, 741.022748989
2.70375398371, 0.716172488431, 18.7020656957, 7.34428408471, 7.65970532469, 3.75593378519, 5.19179368079, 3045.72684746, 779.69230871
3.42173885424, 0.738906978223, 17.2153103696, 7.98607485122, 7.98043499741, 3.88869364345, 5.07376622466, 3225.12678211, 703.598613087
3.42173885424, 0.732031497379, 17.7769812187, 7.41525164478, 7.98043499741, 3.88869364345, 5.03465956747, 3269.26153784, 702.806006602
3.08996191126, 0.726539223783, 17.5033849108, 8.00921319037, 7.3810395958, 3.82236729281, 5.24363324109, 3138.54311826, 740.894902765
3.42173885424, 0.738906978223, 23.2996184159, 7.59319073915, 8.01679619243, 3.89510082266, 5.20419275073, 4641.16958104, 697.862832847
3.47841965127, 0.738906978223, 23.2996184159, 7.30027030036, 7.3494148247, 3.89645401444, 5.20419275073, 4671.72912894, 696.968563731
2.87574324634, 0.751705236346, 17.0506361594, 7.61999447813, 7.36617602018, 3.52358355093, 5.14015452919, 2908.03283446, 945.139178885
2.60909553928, 0.713160360376, 17.079237816, 7.5138452284, 7.91637232368, 2.94794083685, 5.44116852018, 2715.00082819, 1614.67135175
2.67048368558, 0.708670570799, 17.2071782913, 7.5138452284, 7.91637232368, 2.94794083685, 5.44116852018, 2742.05407292, 1614.64850598
3.42173885424, 0.732031497379, 17.7769812187, 7.41525164478, 7.98043499741, 3.88869364345, 5.03465956747, 3269.26153784, 702.806006602
3.42173885424, 0.738906978223, 17.7769812187, 7.44418579867, 7.3810395958, 3.88869364345, 5.03465956747, 3292.34672802, 702.765781172
2.67048368558, 0.708670570799, 17.2071782913, 7.5138452284, 7.91637232368, 2.94794083685, 5.44116852018, 2742.05407292, 1614.64850598
2.87574324634, 0.751705236346, 17.0506361594, 7.61999447813, 7.36617602018, 3.52358355093, 5.14015452919, 2908.03283446, 945.139178885
2.8639657547, 0.751705236346, 17.0169410469, 7.7161413494, 7.36617602018, 3.52358355093, 5.14015452919, 2897.98637175, 945.298913659
