4.97564613557e-05, 0.988333077043, 0.196527116996, 0.327449426586, 0.283853357249, 0.879350520191, 0.114992093611, 0.690514075892, 0.748797816416, 0.000669385661419, 0.00137485569945, 0.00835758711001, 0.000122789911819, 211.512121806
0.77292343178, 0.720364044909, 0.931045036064, 0.203048464867, 0.508980147512, 0.18736655993, 0.492401322482, 0.49042118296, 0.39983032338, 4.5232389923, 17.7534080893, 1.64985079844, 9.28795535254, 9.75804813939
0.778859421692, 0.984927245014, 0.464953920403, 0.887611230443, 0.694887624432, 0.704143182459, 0.0996338870436, 0.403298666606, 0.795629926805, 7.76698197754, 0.983450318888, 10.0695666592, 0.288010342411, 5.42531310375
0.747944455002, 0.333614966484, 0.000164977172605, 0.43277440553, 0.20224316233, 0.389150116459, 0.305176750405, 0.409829808356, 0.602482414736, 0.000579254625226, 0.000759213218123, 8.11171027832, 16.205550721, 8.19531156528
0.998340772514, 0.850371235866, 0.603503444584, 0.998990189264, 0.700866301285, 0.393617389376, 0.11801900464, 0.8577666395, 0.797838051346, 76.0811701896, 0.0769052421671, 50.0351983851, 22.2045887805, 0.246635036074
0.999999771295, 0.807132507561, 0.93123030701, 0.796505877068, 0.594165454487, 0.383545275084, 0.186787198468, 0.61690704294, 0.406915846403, 49.0659695216, 12.5355464675, 4.54916180286, 15.8069650638, 1.87441159903e-05
0.984606356538, 0.997068751737, 0.729732120387, 0.015223358222, 0.7057517918, 0.279333412957, 0.51236820783, 0.812492284351, 0.608843113094, 0.94684722132, 61.2501534345, 23.0356469394, 0.250572540562, 1.33647137661
0.78132650027, 0.98913009997, 0.995950432241, 0.865940381867, 0.297930666031, 0.900435919147, 0.0144522989441, 0.509938292546, 0.903296504203, 40.4346852206, 6.25985180215, 0.189861548856, 0.51522921552, 13.2659553855
0.851353891539, 0.412306254281, 0.000664184674761, 0.332982211884, 0.603596652089, 0.486473506613, 0.798286936453, 0.398649497573, 0.611017318203, 0.0028623508574, 0.00573375654786, 12.9337491949, 18.44778077, 5.48070565146
0.984439414063, 0.640714441589, 0.123028667168, 0.028869246729, 0.585953944584, 0.495121277407, 0.202543215727, 0.286968820241, 0.804684083194, 0.115165508127, 3.87404519794, 28.4358394705, 18.1825966499, 0.799932048902
0.978535740032, 0.958086986215, 0.590200640742, 0.772356800717, 0.894508494339, 0.495323123857, 0.202549599454, 0.796047179923, 0.605598472512, 11.9546078232, 3.52348185258, 10.7470422663, 1.14725941632, 0.600415600595
0.483354267274, 0.0421688769308, 0.919898799037, 0.990779705646, 0.59546654862, 0.700287768069, 0.105493780402, 0.496637977071, 0.195907635162, 0.429033189511, 0.00399262547701, 0.0377061997091, 10.6922879412, 11.9318831239
0.674866927337, 0.961701295954, 0.983106500783, 0.330871129024, 0.591161531238, 0.700931471389, 0.201725430076, 0.688643281897, 0.606591017561, 7.18799364671, 14.5364574044, 0.373308483383, 0.88001914529, 11.0700872757
0.989017286138, 0.966991900165, 0.958427194421, 0.795472651856, 0.299933245495, 0.906472334597, 0.0186031432024, 0.695045065184, 0.797632683626, 48.2364449003, 12.4022769813, 2.63026947695, 2.15967598368, 0.726563976072
0.708887135612, 0.00237224899727, 0.54421133233, 0.104046694483, 0.701656346702, 0.291322685102, 0.513386513884, 0.401283675822, 0.789160858387, 0.00427463569669, 0.0368091845817, 0.0344085809962, 31.7476430965, 13.0685459831
0.880155061547, 0.949260841256, 0.186952722635, 0.44083492478, 0.690255994616, 0.708594728562, 0.202678632991, 0.690526543293, 0.795639137249, 2.92357952376, 3.70833496264, 28.8418373419, 1.89611563761, 5.08840960201
0.965243290424, 0.958086986215, 0.98267385191, 0.787629558268, 0.895036365726, 0.708594728562, 0.201603349748, 0.802419962657, 0.605598472512, 23.9639052685, 6.46144509695, 0.536448716029, 1.3544723291, 1.16365197369
0.996196330664, 0.966991900165, 0.968363147536, 0.975023119705, 0.188318033657, 0.396520991021, 0.704951776035, 0.184693054102, 0.763343938352, 125.265920397, 3.20890021535, 4.19732923071, 4.5287406922, 0.523859408122
0.998026395124, 0.000841000939134, 0.059825243054, 0.316377638014, 0.597336870934, 0.401235758481, 0.870176416666, 0.689105211845, 0.797787644597, 0.0014624091593, 0.00315994395163, 0.0726419065054, 91.7945232985, 0.181677166866
0.77292343178, 0.976207150676, 0.927034710509, 0.205342481411, 0.508980147512, 0.189027286449, 0.196610783133, 0.49042118296, 0.39983032338, 5.67861291878, 21.9757374122, 2.17662580991, 0.727062816561, 8.97762227499
0.416452505352, 0.949260841256, 0.98267385191, 0.44083492478, 0.697907315976, 0.708594728562, 0.200665891257, 0.690526543293, 0.605598472512, 5.26393405858, 6.67689404438, 0.210536339836, 0.649505365256, 17.9370166101
0.99842753556, 0.984650608028, 0.0116701734556, 0.796608620999, 0.595351822024, 0.396520991021, 0.646111233413, 0.68895861168, 0.7917265261, 1.1751734515, 0.3000471531, 124.934263386, 1.97055554826, 0.202190985071
0.999675841055, 0.998582300854, 0.930417981346, 0.896904784922, 0.247032144145, 0.421964584649, 0.466412546356, 0.812492284351, 0.608843113094, 205.784601128, 23.6540244513, 17.1587426782, 0.350097210934, 0.0800761873154
0.779952963174, 0.999057453071, 0.976766502358, 0.43982099822, 0.192443530811, 0.800383742157, 0.205877202058, 0.902190961693, 0.789787301083, 15.2940017294, 19.4792396376, 0.827120933562, 0.0335866691539, 10.0533561014
0.592443430319, 0.968840650313, 0.193505642544, 0.999764424481, 0.196572580791, 0.406904162581, 0.504001763755, 0.690514147068, 0.795629926805, 3.28405363421, 0.000773824934314, 13.6905300341, 0.545952629073, 12.0533449851
0.0474576554112, 0.0498015953606, 0.000499334796749, 0.995391118728, 0.587030924411, 0.292278276419, 0.306073708998, 0.13465929174, 0.873759929361, 0.000206812821072, 9.57589152563e-07, 0.415886624727, 7.93894708746, 167.697513373
0.779952963174, 0.365486365606, 0.981338383432, 0.358194309641, 0.199053591367, 0.803407761812, 0.203531121839, 0.891097737201, 0.60656849104, 3.65892228612, 6.55598673852, 0.194251767501, 18.0711377134, 8.0351067179
0.96057524345, 0.152482516686, 0.000165396320505, 0.449487029678, 0.122425973956, 0.389812652286, 0.418755445712, 0.609317343219, 0.608826659946, 0.00117933498085, 0.00144440030623, 15.8606994575, 88.170395148, 4.26984147941
0.484963440535, 0.93509734245, 0.740668588112, 0.972635886676, 0.597350418589, 0.890724464701, 0.201546236254, 0.498228722809, 0.203870403593, 9.28036492054, 0.261093550885, 3.34076527151, 0.894121411869, 14.6306315435
0.890657225283, 0.85817797687, 0.593552773819, 0.267135883698, 0.599224222603, 0.897849099208, 0.202048123711, 0.494838107687, 0.899696726914, 3.01518071029, 8.27188663743, 7.72904688101, 3.14259263776, 2.72034450982
0.999999771295, 0.86185063764, 0.709269565793, 0.189858517088, 0.589846485639, 0.195751445344, 0.203211801231, 0.817687257351, 0.406915846403, 7.02248425519, 29.9655021828, 15.1614194041, 8.35922937213, 1.38386224561e-05
0.781242163261, 0.985748289873, 0.981338383432, 0.787775402941, 0.201716503254, 0.391318554664, 0.203531121839, 0.891097737201, 0.608447008168, 24.6713692334, 6.64640121399, 0.595554228522, 0.461395122005, 9.06533722969
0.968224450344, 0.715545450623, 0.0323104232538, 0.20965935982, 0.597279283745, 0.39944444399, 0.303900534951, 0.785033426258, 0.70105676814, 0.15193917047, 0.572756214466, 21.7044563239, 8.91637873834, 1.02870926145
0.0071990470132, 0.423849557693, 0.193505642544, 0.999999476429, 0.24602096232, 0.406904162581, 0.513828633469, 0.797230560568, 0.795629926805, 0.0805226809654, 4.21593440832e-08, 0.335603246465, 0.565651555093, 135.394262649
0.998340772514, 0.997068751737, 0.54620840812, 0.886678142798, 0.58883987176, 0.410467024755, 0.301502797738, 0.292195817357, 0.787797046059, 25.0190839295, 3.19756281288, 23.4424751659, 0.151870882637, 0.0861090978832
0.999846387615, 0.855873059189, 0.0479312795163, 0.998964474145, 0.155444748028, 0.68653938197, 0.51356826406, 0.6847184736, 0.901787566524, 6.99220036917, 0.00724810987057, 139.031463896, 24.5912503476, 0.026213704128
0.999831975983, 0.979107279507, 0.958345916193, 0.756403708977, 0.597762016945, 0.399089447948, 0.876986801751, 0.684755138919, 0.797078732118, 57.5786247324, 18.5429278844, 3.30858980942, 1.69492332371, 0.013633250179
0.998026395124, 0.00212294739482, 0.98888118892, 0.461075275538, 0.597336870934, 0.401235758481, 0.870176416666, 0.68895861168, 0.797787644597, 0.0892079956263, 0.10427016371, 0.00217543535644, 91.9656477966, 0.182249682699
0.999999771295, 0.807306400852, 0.920052419227, 0.272343001633, 0.599418913583, 0.286028982662, 0.185775307153, 0.808419800835, 0.406915846403, 12.4728693135, 33.3255144844, 3.97963193338, 11.8813687091, 1.41018044635e-05
0.994476329817, 0.972319880502, 0.98888118892, 0.461075275538, 0.597336870934, 0.401235758481, 0.870176416666, 0.690140722519, 0.797787644597, 39.7229861544, 46.4299443147, 0.968688825897, 2.48018875402, 0.497679854828
0.96057524345, 0.196392108411, 0.000165396320505, 0.451012573163, 0.122425973956, 0.389812652286, 0.418755445712, 0.608549182965, 0.608826659946, 0.00150590468489, 0.00183303700875, 20.184182059, 82.6043944382, 4.21887433506
0.407061072304, 0.958627922422, 0.935041701612, 0.408241661993, 0.697907315976, 0.708594728562, 0.200665891257, 0.690526681871, 0.605598472512, 4.57855610699, 6.63675220975, 0.779138880002, 0.517651518713, 18.2255462394
0.9996584771, 0.970525029451, 0.462889680625, 0.122220656803, 0.247032144145, 0.286253412386, 0.515709497184, 0.812492284351, 0.608843113094, 9.48008075312, 68.0852097719, 90.0022612518, 5.08904819944, 0.0589863278938
0.988004811495, 0.999682697947, 0.920052419227, 0.272343001633, 0.59954714162, 0.285955217782, 0.872523917993, 0.683380052118, 0.406915846403, 29.1697404108, 77.9368870253, 9.30698682955, 0.0369500031327, 1.41380533133
0.595628841702, 0.931530009888, 0.00464143162057, 0.973797378652, 0.204735958881, 0.910495758126, 0.297211807312, 0.498853406536, 0.205116691004, 0.0898460586525, 0.00241754835868, 19.7860012374, 1.46110654825, 14.4872540133
0.933940772428, 0.720941969611, 0.00138749209719, 0.204411298098, 0.704854104722, 0.698628968896, 0.106435292864, 0.38685066667, 0.803766313063, 0.00794491615373, 0.0309223882841, 27.9737639147, 10.8429665958, 2.74832286401
0.999675841055, 0.997068751737, 0.462889680625, 0.886678142798, 0.247032144145, 0.286253412386, 0.515269390163, 0.812492284351, 0.608843113094, 70.189795411, 8.97060341145, 91.8531323404, 0.502756821276, 0.0556165675893
0.779952963174, 0.365584813646, 0.976766502358, 0.44235885648, 0.199053591367, 0.498192734163, 0.205877202058, 0.902190961693, 0.789787301083, 4.41562800326, 5.56637628709, 0.237433278662, 17.7342333373, 7.88653001111
0.998026395124, 0.968358608684, 0.958345916193, 0.794429595777, 0.597762016945, 0.396520991021, 0.873640639004, 0.68895861168, 0.797787644597, 60.8509436519, 15.7460814028, 3.32925600984, 2.61161383077, 0.163219322299
0.63786948431, 0.0109811256573, 0.00194611770251, 0.972514982509, 0.190395237372, 0.500470349728, 0.705687109632, 0.179273635828, 0.199902194773, 0.000872335203427, 2.4653757274e-05, 0.460014989562, 41.5121965085, 23.8289239342
0.854111298857, 0.412368708797, 0.0530481641126, 0.999552770765, 0.603046607752, 0.899769376385, 0.798286936453, 0.796755348883, 0.996066689274, 0.633857245754, 0.000283606328439, 11.319917553, 17.034703715, 4.95150088645
0.999999771295, 0.851102023872, 0.920052419227, 0.189858517088, 0.488777133848, 0.190785060515, 0.203211801231, 0.817687257351, 0.406915846403, 10.2183887706, 43.602682453, 4.67676009432, 10.2340359285, 1.57193160638e-05
0.483354267274, 0.0421688769308, 0.740668588112, 0.98169853905, 0.59546654862, 0.700287768069, 0.105493780402, 0.496637977071, 0.197609303135, 0.325493015626, 0.00606805193028, 0.116089977564, 10.1680228286, 11.3468380818
0.999846387615, 0.863262899662, 0.566158848053, 0.998964474145, 0.261466656699, 0.69383581637, 0.513582783686, 0.019106661331, 0.941727455515, 127.050335279, 0.131700286115, 97.4581621501, 35.5820333144, 0.0399794989285
0.880155061547, 0.989260407713, 0.186952722635, 0.44083492478, 0.690255994616, 0.711524628082, 0.197613424417, 0.690526543293, 0.795639137249, 3.44134361271, 4.36507874466, 33.9497085367, 0.453312209607, 5.74738285546
0.483736042392, 0.0247182836028, 0.740668588112, 0.98169853905, 0.59546654862, 0.697186692241, 0.105493780402, 0.499626682042, 0.197609303135, 0.187564712577, 0.00349670303682, 0.066896622138, 10.1779622671, 11.1376640269
0.411929567755, 0.958627922422, 0.951023096291, 0.408241661993, 0.699721765081, 0.708594728562, 0.200665891257, 0.690526681871, 0.796411626652, 4.96568644278, 7.19790905734, 0.62641511851, 0.551986124287, 19.0470274673
0.995121847222, 0.851102023872, 0.920052419227, 0.189858517088, 0.489428176735, 0.189712168122, 0.203211801231, 0.696083742045, 0.407442997059, 6.0187104465, 25.6823190296, 2.75464806315, 6.02792674419, 0.198453292171
0.998754752878, 0.00680483544891, 0.920289140459, 0.272588807004, 0.297392459468, 0.88457539919, 0.909519965883, 0.509938292546, 0.40684755515, 0.108800524735, 0.290337377995, 0.0345713362284, 63.3017392102, 0.0794653377511
0.884686852178, 0.972284620451, 0.464953920403, 0.797729351247, 0.694887624432, 0.70698699523, 0.201146353474, 0.69215777332, 0.795629926805, 9.72200132853, 2.46509108989, 14.0243059237, 0.747166866861, 3.51387274193
0.998026395124, 0.994889831266, 0.958345916193, 0.541554502932, 0.596260165747, 0.799518983737, 0.873640639004, 0.685165190943, 0.794027738539, 50.3988567294, 42.6644572243, 4.04495601565, 0.498788538652, 0.193018709303
0.9996584771, 0.965475862401, 0.462889680625, 0.172606002387, 0.247032144145, 0.698450792887, 0.515709497184, 0.812492284351, 0.796218047271, 11.7825249784, 56.4800198666, 79.2078950941, 5.2733475362, 0.0521833230412
0.996489160587, 0.958086986215, 0.98267385191, 0.795511262941, 0.880217447182, 0.708594728562, 0.201603349748, 0.802419962657, 0.605598472512, 48.0597515303, 12.3539142079, 1.06519178996, 2.68948878349, 0.226078484532
0.747530494613, 0.857997122507, 0.00263325733388, 0.998825135121, 0.19891714169, 0.372962733346, 0.106300155338, 0.888867697594, 0.880523204094, 0.225189224043, 0.000264878106419, 85.3924987081, 14.1702056396, 33.7022598929
0.78120097737, 0.0424057801651, 0.578106758059, 0.465515109465, 0.597336852448, 0.899087987673, 0.304977709629, 0.402088441343, 0.908686334757, 0.27252978969, 0.312907254456, 0.42724276972, 22.868022532, 6.6885148436
0.998324802068, 0.996772080949, 0.965058888795, 0.795472651856, 0.588885957813, 0.396674277799, 0.873640639004, 0.695045065184, 0.797632683626, 64.7443719688, 16.6467001413, 2.9468611032, 0.273117622961, 0.141978098789
0.000391292533478, 0.988333077043, 0.0573906523954, 0.327449426586, 0.283853357249, 0.879350520191, 0.114992093611, 0.690500727914, 0.748797816416, 0.00153742873884, 0.00315773519798, 0.0771154400701, 0.000965745289877, 211.463170007
0.981043380148, 0.720364044909, 0.931045036064, 0.202986424733, 0.590502186351, 0.190805037405, 0.210686969547, 0.49042118296, 0.39900739388, 6.26187306205, 24.5868552226, 2.28471541543, 12.8619719988, 0.888765601981
0.0071990470132, 0.968840650313, 0.193505642544, 0.999990939921, 0.287566565196, 0.406904162581, 0.513828633469, 0.690514147068, 0.795629926805, 0.076554387844, 6.93595077838e-07, 0.319066877862, 0.0127237879311, 56.3138490771
0.983446563265, 0.00680483544891, 0.0310310437106, 0.865560185436, 0.297392459468, 0.895580907252, 0.50325629091, 0.509938292546, 0.403077006189, 0.00446606660929, 0.000693674659353, 0.161117014253, 24.2688116121, 0.411293002105
0.603901598564, 0.00678687789037, 0.986415879776, 0.445678926697, 0.199292706133, 0.49313081739, 0.88629236113, 0.285623191573, 0.588209343477, 0.125024844876, 0.155501869283, 0.00386318660239, 41.618515287, 27.4840699211
0.867694951368, 0.844381342104, 0.547406796897, 0.116254105238, 0.191645918269, 0.69350403994, 0.485578457742, 0.398346679354, 0.605380347676, 1.92596126655, 14.6408624392, 13.6973670198, 5.57766083661, 5.46512101574
0.996196330664, 0.966991900165, 0.958427194421, 0.795472651856, 0.597762016945, 0.396520991021, 0.873640639004, 0.695045065184, 0.797632683626, 54.1493215734, 13.9225617868, 2.95269081348, 2.42441145022, 0.280442364374
0.998340772514, 0.850371235866, 0.181824469912, 0.998990189264, 0.289149839689, 0.393617389376, 0.118227115639, 0.8577666395, 0.797851215161, 24.7550597587, 0.0250231937924, 111.50565991, 23.9804292684, 0.266359989647
0.994982859822, 0.00664441541489, 0.00187811799503, 0.667175575367, 0.701968042714, 0.892858239207, 0.0158910475765, 0.885076923627, 0.0881198704043, 0.000827011795836, 0.000412559654874, 0.658767655992, 98.6726181777, 0.500878684506
0.000277265115999, 0.870603691344, 0.59322675635, 0.763565503081, 0.871020237613, 0.397287249447, 0.206421162202, 0.18219588151, 0.0313525910457, 0.0210973898129, 0.00653270836176, 0.0189458491826, 0.00692250184572, 192.897024772
0.707758354116, 0.00692701919513, 0.517749670815, 0.906039291387, 0.195889836191, 0.291255592031, 0.104267048464, 0.399276483465, 0.819670922224, 0.149889878587, 0.0155443139605, 0.154091249713, 45.807882792, 19.0465426856
0.996216728608, 0.968840650313, 0.193505642544, 0.99975711899, 0.287421158766, 0.406904162581, 0.513828633469, 0.690514147068, 0.776142969409, 18.8645880187, 0.00458296330054, 78.6430810327, 3.1361383921, 0.38222624165
0.0147598682868, 0.0341002408673, 0.0836293582984, 0.335977318858, 0.115592989247, 0.901982910445, 0.418341423813, 0.402351485237, 0.491297659693, 0.00108650297123, 0.00214735512051, 0.035435075373, 1.09530937523, 75.6945059744
0.712175341619, 0.0063907742634, 0.918019551597, 0.188106904847, 0.578193743621, 0.190785060515, 0.104255920563, 0.808875435447, 0.410758820919, 0.0684696043183, 0.295523436628, 0.0325050949737, 61.6457708565, 25.0742953797
0.883856670105, 0.0304445373125, 0.463065100662, 0.974468134257, 0.69668930442, 0.706744283493, 0.103558237523, 0.496214339806, 0.795629926805, 0.32572829049, 0.00853434882989, 0.38758540935, 22.9884169904, 3.11565124469
0.669053402754, 0.961701295954, 0.0049036779784, 0.289410346101, 0.606162523634, 0.804713121513, 0.888572429382, 0.795633418793, 0.590389320456, 0.0428889817995, 0.105305380902, 30.0728689604, 1.20352084897, 15.5441391655
0.705969030972, 0.00623099292618, 0.0184925114242, 0.327589259118, 0.698352813336, 0.899272950087, 0.104268412584, 0.0885678028353, 0.512093544413, 0.00146442370161, 0.00300588068369, 0.237265622269, 38.5539952703, 16.1581399998
0.0147598682868, 0.00641293468416, 0.576344203431, 0.566776132432, 0.286897361919, 0.900557578463, 0.913396750767, 0.402351485237, 0.406750355288, 0.00179194896055, 0.00136970315924, 0.00232404913471, 0.849926294138, 57.0998474128
0.747530494613, 0.997034131196, 0.00500561402337, 0.993813445773, 0.194303789843, 0.386178465703, 0.186434767004, 0.813642785962, 0.880523204094, 0.411986075701, 0.00256464048541, 82.4026050317, 0.246355476725, 28.0537098429
0.0272301479171, 0.851703187017, 0.587870504573, 0.11644597695, 0.599141480896, 0.505684438175, 0.499996882738, 0.495607577604, 0.891480430969, 0.0329768441861, 0.250217518125, 0.198534794209, 0.0838776932177, 20.2057400949
0.664946089188, 0.930229790866, 0.000165396320505, 0.451012573163, 0.122425973956, 0.389812652286, 0.902825445449, 0.797929393942, 0.608826659946, 0.00378028173701, 0.00460148400956, 50.6684756212, 3.8009263656, 27.4503373965
0.96057524345, 0.946822020362, 0.000165396320505, 0.449539939334, 0.118652342409, 0.389812652286, 0.418755445712, 0.691586368501, 0.608826659946, 0.00654710409478, 0.00801690573378, 88.040658646, 4.94559562061, 3.81701969158
0.00511045173464, 0.408200016223, 0.294080260735, 0.998825135121, 0.892806781297, 0.373171373952, 0.186434767004, 0.813642785962, 0.0320228488991, 0.120266328799, 0.000141462885597, 0.289030745209, 0.593595565559, 195.268089183
0.996514137268, 0.961795541204, 0.0575093116217, 0.31983308244, 0.597021363136, 0.394250914457, 0.303900534951, 0.785033426258, 0.70105676814, 0.63051783903, 1.34087872264, 32.3082097504, 1.36165510319, 0.124675145348
0.0147598682868, 0.338223294482, 0.576344203431, 0.56740818844, 0.286897361919, 0.386809194744, 0.913396750767, 0.402387978812, 0.408170760882, 0.112275844285, 0.0855990658277, 0.145452755776, 0.671764054552, 67.7586737845
0.966117663425, 0.983988144963, 0.0306421814023, 0.97316637023, 0.70079198387, 0.839698749633, 0.505332729928, 0.689043705557, 0.598335011819, 3.25856466504, 0.0898501227308, 105.92627241, 1.77816212481, 3.89469125847
