0.222813982714, 0.29042035913, 0.111025034834, 0.558392903069, 0.197557745886, 0.615806102435, 0.422820132899, 0.00742664305965, 0.47554666615, 0.0218769165226, 0.56476642866, 0.369336425247, 0.841114331228, 0.0943935047159, 0.144442286673, 0.188016283626, 0.50415271003, 0.0469650066227, 0.549600650811, 0.257099236651, 0.5850179176, 0.352331639235, 0.0717428599242, 0.531176577985, 0.115910081092, 0.315463062461, 0.263138975554, 0.585820003523, 0.512436742334, 0.0309018130332, 0.222813982714, 3.04445028388
0.000429073867757, 0.0762810500732, 0.0956295052382, 0.379419228835, 0.0927299221733, 0.485004858976, 0.681766254563, 0.546231910431, 0.289329997123, 0.298489790935, 0.440227354572, 0.509623729223, 0.35889385989, 0.565643813999, 0.676611942144, 0.172197144939, 0.497379238452, 0.30548844116, 0.368309791345, 0.218781118603, 0.798590369789, 0.363656964775, 0.235566991107, 0.156419068629, 0.032366977408, 0.395909124992, 0.139752581406, 0.969116453184, 0.669661576162, 0.684234646648, 0.000429073867757, 4.52571225408
0.642427963619, 0.71277377867, 0.52338222317, 0.195114956066, 0.230770594061, 0.616546284477, 0.298702999453, 0.112835617789, 0.802293752636, 0.0639322242817, 0.45210865186, 0.780910967332, 0.185735101155, 0.134671345389, 0.0582175327333, 0.352967090042, 0.971507754277, 0.0319789197716, 0.000459454818199, 0.494964051706, 0.0798004603852, 0.363656964775, 0.0102905114057, 0.0150440206066, 0.860151504964, 0.490311808596, 0.135842783392, 0.399483910519, 0.693991944248, 0.0193296067705, 0.642427963619, 2.50168034742
0.847714150456, 0.0922460136985, 0.406131409862, 0.744633149245, 0.465229304218, 0.202429324396, 0.273084483535, 0.16116193492, 0.441838606295, 0.797069175394, 0.263850672742, 0.510590699376, 0.09046085924, 0.116042444146, 0.97627547378, 0.0278202022368, 0.151728971239, 0.767307997711, 0.174552696971, 0.173253215972, 0.207494967957, 0.0788506998996, 0.341612587913, 0.247687075619, 0.567748214114, 0.284467655039, 0.995151077372, 0.335862386836, 0.193436421532, 0.241464128821, 0.847714150456, 2.31751894372
0.125683986946, 0.00248743354221, 0.659188701854, 0.0570203451653, 0.2215879602, 0.297867781861, 0.820010148031, 0.356055033215, 0.122122535497, 0.456912540623, 0.0162740958467, 0.228674177883, 0.301571350709, 0.796768075082, 0.684338116475, 0.00486765703344, 0.892068711403, 0.419039271309, 0.298594012705, 0.173253215972, 0.42727275663, 0.592955357153, 0.403447506136, 0.321881337276, 0.115910081092, 0.315463062461, 0.34392624363, 0.165729128773, 0.351188587549, 0.0193296067705, 0.125683986946, 3.34730628847
0.952028887052, 0.21864957928, 0.23716201248, 0.3696196897, 0.057368844383, 0.315940820352, 0.294260401278, 0.349043680462, 0.108887111618, 0.000294252989761, 0.743738522829, 0.632046832125, 0.574587213351, 0.259669403606, 0.929831593898, 0.271212757572, 0.354167176337, 0.163153000104, 0.15170854735, 0.0158116064354, 0.340113900863, 0.549554175075, 0.366080160771, 0.56792561258, 0.195949960659, 0.317492380512, 0.263306963483, 0.80833175194, 0.316356698269, 0.0629660203579, 0.952028887052, 2.08815436732
0.370736112465, 0.71277377867, 0.52338222317, 0.195114956066, 0.230770594061, 0.616546284477, 0.298702999453, 0.112835617789, 0.802293752636, 0.600824045947, 0.187748101016, 0.780910967332, 0.185735101155, 0.134671345389, 0.0582175327333, 0.352967090042, 0.971507754277, 0.0469650066227, 0.000459454818199, 0.494964051706, 0.0798004603852, 0.363656964775, 0.0717428599242, 0.0150440206066, 0.860151504964, 0.490311808596, 0.154302219426, 0.0287878513153, 0.693991944248, 0.0193296067705, 0.370736112465, 2.8923316227
0.766319283747, 0.00364581057053, 0.111025034834, 0.558392903069, 0.991274748773, 0.615806102435, 0.422820132899, 0.00742664305965, 0.47554666615, 0.0218769165226, 0.56476642866, 0.369336425247, 0.841114331228, 0.0287315919197, 0.144442286673, 0.0799617821387, 0.762141422534, 0.376254081198, 0.549600650811, 0.270299718734, 0.5850179176, 0.352331639235, 0.351575768518, 0.321881337276, 0.0459867166484, 0.017920965477, 0.263138975554, 0.552686862146, 0.308412147432, 0.618951062487, 0.766319283747, 2.47960606127
0.0419746292346, 0.244834860369, 0.538978046178, 6.543010938e-05, 0.0077958808562, 0.373456582783, 0.533962316665, 0.712406238848, 0.0521163785335, 0.155579155919, 0.0395750376577, 0.638379780271, 0.0847077146315, 0.0599792070048, 0.867759469794, 0.415483907951, 0.209088371223, 0.11488639481, 0.675363046142, 0.967350865291, 0.218999877481, 0.614225184673, 0.0789527344911, 0.532501001012, 0.0599290905959, 0.676008532764, 0.394776281858, 0.915117587864, 0.24518188909, 0.0557335997803, 0.0419746292346, 3.83087103171
0.0527508967687, 0.00236396448227, 0.488896032385, 0.882300848626, 0.417876289955, 0.0140396362415, 0.434329634472, 0.149721447751, 0.468931978288, 0.916278312986, 0.443330560501, 0.729806103631, 0.767641054512, 0.373932274216, 0.960562827314, 0.416805446152, 0.11884162677, 0.00307348138607, 0.403738735244, 0.670757446434, 0.102615615114, 0.441089723799, 0.0485689358836, 0.256688383331, 0.0968055897812, 0.333173923197, 0.291150630996, 0.105755776565, 0.0158635037559, 0.0273266171695, 0.0527508967687, 3.75015191068
0.613195383297, 0.244834860369, 0.538978046178, 0.000361295928085, 0.0389940732468, 0.302970509962, 0.533962316665, 0.712406238848, 0.00408790049492, 0.357037978502, 0.0534679359875, 0.790639525845, 0.0847077146315, 0.09724840204, 0.79016806384, 0.415483907951, 0.209088371223, 0.0598657604027, 0.493944984081, 0.0347379217954, 0.644352094769, 0.659453358822, 0.476649381165, 0.532501001012, 0.245876407376, 0.748307784401, 0.394776281858, 0.915117587864, 0.747766489994, 0.0505946726635, 0.613195383297, 2.81371805968
0.87470439981, 0.298082503338, 0.0956295052382, 0.384211220864, 0.0927299221733, 0.603619096164, 0.681766254563, 0.00401034917535, 0.289329997123, 0.79296792135, 0.0751608230703, 0.173692445463, 0.35889385989, 0.09724840204, 0.00326285824577, 0.00760091654803, 0.497379238452, 0.435944141816, 0.368309791345, 0.218781118603, 0.798590369789, 0.313861485171, 0.485660453394, 0.721302123778, 0.213413546998, 0.20135335567, 0.139752581406, 0.494371672595, 0.669661576162, 0.684234646648, 0.87470439981, 2.25689329237
0.000389701826671, 0.161385025944, 0.538978046178, 0.000361295928085, 0.0389940732468, 0.302970509962, 0.533962316665, 0.731363257821, 0.0521163785335, 0.357037978502, 0.79071006235, 0.906676061015, 0.0847077146315, 0.09724840204, 0.79016806384, 0.415483907951, 0.209088371223, 0.625689443963, 0.493944984081, 0.168227243046, 0.507958580125, 0.666486193438, 0.476649381165, 0.532501001012, 0.245876407376, 0.748307784401, 0.394776281858, 0.915117587864, 0.747766489994, 0.0557335997803, 0.000389701826671, 4.86359933045
0.222813982714, 0.29042035913, 0.111025034834, 0.558392903069, 0.197557745886, 0.615806102435, 0.422820132899, 0.00742664305965, 0.47554666615, 0.0218769165226, 0.56476642866, 0.369336425247, 0.841114331228, 0.0943935047159, 0.144442286673, 0.188016283626, 0.50415271003, 0.0469650066227, 0.549600650811, 0.257099236651, 0.5850179176, 0.352331639235, 0.0717428599242, 0.531176577985, 0.115910081092, 0.315463062461, 0.263138975554, 0.585820003523, 0.512436742334, 0.0309018130332, 0.222813982714, 3.04445028388
0.000429073867757, 0.0762810500732, 0.0956295052382, 0.379419228835, 0.0927299221733, 0.485004858976, 0.681766254563, 0.546231910431, 0.289329997123, 0.298489790935, 0.440227354572, 0.509623729223, 0.35889385989, 0.565643813999, 0.676611942144, 0.172197144939, 0.497379238452, 0.30548844116, 0.368309791345, 0.218781118603, 0.798590369789, 0.363656964775, 0.235566991107, 0.156419068629, 0.032366977408, 0.395909124992, 0.139752581406, 0.969116453184, 0.669661576162, 0.684234646648, 0.000429073867757, 4.52571225408
0.642427963619, 0.71277377867, 0.52338222317, 0.195114956066, 0.230770594061, 0.616546284477, 0.298702999453, 0.112835617789, 0.802293752636, 0.0639322242817, 0.45210865186, 0.780910967332, 0.185735101155, 0.134671345389, 0.0582175327333, 0.352967090042, 0.971507754277, 0.0319789197716, 0.000459454818199, 0.494964051706, 0.0798004603852, 0.363656964775, 0.0102905114057, 0.0150440206066, 0.860151504964, 0.490311808596, 0.135842783392, 0.399483910519, 0.693991944248, 0.0193296067705, 0.642427963619, 2.50168034742
0.847714150456, 0.0922460136985, 0.406131409862, 0.744633149245, 0.465229304218, 0.202429324396, 0.273084483535, 0.16116193492, 0.441838606295, 0.797069175394, 0.263850672742, 0.510590699376, 0.09046085924, 0.116042444146, 0.97627547378, 0.0278202022368, 0.151728971239, 0.767307997711, 0.174552696971, 0.173253215972, 0.207494967957, 0.0788506998996, 0.341612587913, 0.247687075619, 0.567748214114, 0.284467655039, 0.995151077372, 0.335862386836, 0.193436421532, 0.241464128821, 0.847714150456, 2.31751894372
0.125683986946, 0.00248743354221, 0.659188701854, 0.0570203451653, 0.2215879602, 0.297867781861, 0.820010148031, 0.356055033215, 0.122122535497, 0.456912540623, 0.0162740958467, 0.228674177883, 0.301571350709, 0.796768075082, 0.684338116475, 0.00486765703344, 0.892068711403, 0.419039271309, 0.298594012705, 0.173253215972, 0.42727275663, 0.592955357153, 0.403447506136, 0.321881337276, 0.115910081092, 0.315463062461, 0.34392624363, 0.165729128773, 0.351188587549, 0.0193296067705, 0.125683986946, 3.34730628847
0.952028887052, 0.21864957928, 0.23716201248, 0.3696196897, 0.057368844383, 0.315940820352, 0.294260401278, 0.349043680462, 0.108887111618, 0.000294252989761, 0.743738522829, 0.632046832125, 0.574587213351, 0.259669403606, 0.929831593898, 0.271212757572, 0.354167176337, 0.163153000104, 0.15170854735, 0.0158116064354, 0.340113900863, 0.549554175075, 0.366080160771, 0.56792561258, 0.195949960659, 0.317492380512, 0.263306963483, 0.80833175194, 0.316356698269, 0.0629660203579, 0.952028887052, 2.08815436732
0.370736112465, 0.71277377867, 0.52338222317, 0.195114956066, 0.230770594061, 0.616546284477, 0.298702999453, 0.112835617789, 0.802293752636, 0.600824045947, 0.187748101016, 0.780910967332, 0.185735101155, 0.134671345389, 0.0582175327333, 0.352967090042, 0.971507754277, 0.0469650066227, 0.000459454818199, 0.494964051706, 0.0798004603852, 0.363656964775, 0.0717428599242, 0.0150440206066, 0.860151504964, 0.490311808596, 0.154302219426, 0.0287878513153, 0.693991944248, 0.0193296067705, 0.370736112465, 2.8923316227
0.766319283747, 0.00364581057053, 0.111025034834, 0.558392903069, 0.991274748773, 0.615806102435, 0.422820132899, 0.00742664305965, 0.47554666615, 0.0218769165226, 0.56476642866, 0.369336425247, 0.841114331228, 0.0287315919197, 0.144442286673, 0.0799617821387, 0.762141422534, 0.376254081198, 0.549600650811, 0.270299718734, 0.5850179176, 0.352331639235, 0.351575768518, 0.321881337276, 0.0459867166484, 0.017920965477, 0.263138975554, 0.552686862146, 0.308412147432, 0.618951062487, 0.766319283747, 2.47960606127
0.0419746292346, 0.244834860369, 0.538978046178, 6.543010938e-05, 0.0077958808562, 0.373456582783, 0.533962316665, 0.712406238848, 0.0521163785335, 0.155579155919, 0.0395750376577, 0.638379780271, 0.0847077146315, 0.0599792070048, 0.867759469794, 0.415483907951, 0.209088371223, 0.11488639481, 0.675363046142, 0.967350865291, 0.218999877481, 0.614225184673, 0.0789527344911, 0.532501001012, 0.0599290905959, 0.676008532764, 0.394776281858, 0.915117587864, 0.24518188909, 0.0557335997803, 0.0419746292346, 3.83087103171
0.0527508967687, 0.00236396448227, 0.488896032385, 0.882300848626, 0.417876289955, 0.0140396362415, 0.434329634472, 0.149721447751, 0.468931978288, 0.916278312986, 0.443330560501, 0.729806103631, 0.767641054512, 0.373932274216, 0.960562827314, 0.416805446152, 0.11884162677, 0.00307348138607, 0.403738735244, 0.670757446434, 0.102615615114, 0.441089723799, 0.0485689358836, 0.256688383331, 0.0968055897812, 0.333173923197, 0.291150630996, 0.105755776565, 0.0158635037559, 0.0273266171695, 0.0527508967687, 3.75015191068
0.613195383297, 0.244834860369, 0.538978046178, 0.000361295928085, 0.0389940732468, 0.302970509962, 0.533962316665, 0.712406238848, 0.00408790049492, 0.357037978502, 0.0534679359875, 0.790639525845, 0.0847077146315, 0.09724840204, 0.79016806384, 0.415483907951, 0.209088371223, 0.0598657604027, 0.493944984081, 0.0347379217954, 0.644352094769, 0.659453358822, 0.476649381165, 0.532501001012, 0.245876407376, 0.748307784401, 0.394776281858, 0.915117587864, 0.747766489994, 0.0505946726635, 0.613195383297, 2.81371805968
0.87470439981, 0.298082503338, 0.0956295052382, 0.384211220864, 0.0927299221733, 0.603619096164, 0.681766254563, 0.00401034917535, 0.289329997123, 0.79296792135, 0.0751608230703, 0.173692445463, 0.35889385989, 0.09724840204, 0.00326285824577, 0.00760091654803, 0.497379238452, 0.435944141816, 0.368309791345, 0.218781118603, 0.798590369789, 0.313861485171, 0.485660453394, 0.721302123778, 0.213413546998, 0.20135335567, 0.139752581406, 0.494371672595, 0.669661576162, 0.684234646648, 0.87470439981, 2.25689329237
0.000389701826671, 0.161385025944, 0.538978046178, 0.000361295928085, 0.0389940732468, 0.302970509962, 0.533962316665, 0.731363257821, 0.0521163785335, 0.357037978502, 0.79071006235, 0.906676061015, 0.0847077146315, 0.09724840204, 0.79016806384, 0.415483907951, 0.209088371223, 0.625689443963, 0.493944984081, 0.168227243046, 0.507958580125, 0.666486193438, 0.476649381165, 0.532501001012, 0.245876407376, 0.748307784401, 0.394776281858, 0.915117587864, 0.747766489994, 0.0557335997803, 0.000389701826671, 4.86359933045
0.190470953327, 0.00364581057053, 0.659188701854, 0.0570203451653, 0.2215879602, 0.297867781861, 0.820010148031, 0.356055033215, 0.122122535497, 0.456912540623, 0.405962991308, 0.228674177883, 0.301571350709, 0.796768075082, 0.684338116475, 0.00486765703344, 0.892068711403, 0.419039271309, 0.388931676197, 0.173253215972, 0.42727275663, 0.592955357153, 0.403447506136, 0.321881337276, 0.0459867166484, 0.017920965477, 0.34392624363, 0.165729128773, 0.351188587549, 0.618951062487, 0.190470953327, 3.37995452475
0.155952602458, 0.0947088655698, 0.313480957027, 0.358974262036, 0.894991555603, 0.712470065827, 0.763456568393, 0.736493965776, 0.347324842743, 0.101004438733, 0.284461001419, 0.199288536211, 0.599742802668, 0.0945334551987, 0.00790937630485, 0.698766826979, 0.45407655318, 0.00453824443007, 0.15170854735, 0.0567183217072, 0.0736085472674, 0.875634229508, 0.34072915468, 0.119181396214, 0.251892572088, 0.425448864629, 0.292883848138, 0.280615177817, 0.400554487785, 0.458905773386, 0.155952602458, 3.41395714251
0.142487817832, 0.0947088655698, 0.313480957027, 0.16265682439, 0.894991555603, 0.712470065827, 0.512487183539, 0.248568996437, 0.527265972577, 0.101004438733, 0.284461001419, 0.199288536211, 0.759680350413, 0.0945334551987, 0.00790937630485, 0.637774356589, 0.45407655318, 0.0424574764945, 0.532336925894, 0.599314009948, 0.0736085472674, 0.875634229508, 0.306997864522, 0.119181396214, 0.852689372112, 0.425448864629, 0.240783266222, 0.280615177817, 0.0158635037559, 0.458905773386, 0.142487817832, 3.57252154206
0.190470953327, 0.00364581057053, 0.659188701854, 0.0570203451653, 0.2215879602, 0.297867781861, 0.820010148031, 0.356055033215, 0.122122535497, 0.456912540623, 0.405962991308, 0.228674177883, 0.301571350709, 0.796768075082, 0.684338116475, 0.00486765703344, 0.892068711403, 0.419039271309, 0.388931676197, 0.173253215972, 0.42727275663, 0.592955357153, 0.403447506136, 0.321881337276, 0.0459867166484, 0.017920965477, 0.34392624363, 0.165729128773, 0.351188587549, 0.618951062487, 0.190470953327, 3.37995452475
0.155952602458, 0.0947088655698, 0.313480957027, 0.358974262036, 0.894991555603, 0.712470065827, 0.763456568393, 0.736493965776, 0.347324842743, 0.101004438733, 0.284461001419, 0.199288536211, 0.599742802668, 0.0945334551987, 0.00790937630485, 0.698766826979, 0.45407655318, 0.00453824443007, 0.15170854735, 0.0567183217072, 0.0736085472674, 0.875634229508, 0.34072915468, 0.119181396214, 0.251892572088, 0.425448864629, 0.292883848138, 0.280615177817, 0.400554487785, 0.458905773386, 0.155952602458, 3.41395714251
0.142487817832, 0.0947088655698, 0.313480957027, 0.16265682439, 0.894991555603, 0.712470065827, 0.512487183539, 0.248568996437, 0.527265972577, 0.101004438733, 0.284461001419, 0.199288536211, 0.759680350413, 0.0945334551987, 0.00790937630485, 0.637774356589, 0.45407655318, 0.0424574764945, 0.532336925894, 0.599314009948, 0.0736085472674, 0.875634229508, 0.306997864522, 0.119181396214, 0.852689372112, 0.425448864629, 0.240783266222, 0.280615177817, 0.0158635037559, 0.458905773386, 0.142487817832, 3.57252154206
0.613195383297, 0.244834860369, 0.538978046178, 0.000106861254077, 0.0077958808562, 0.373456582783, 0.533962316665, 0.694789753366, 0.0521163785335, 0.155579155919, 0.0534679359875, 0.638379780271, 0.0847077146315, 0.09724840204, 0.79016806384, 0.415483907951, 0.224158990805, 0.11488639481, 0.675363046142, 0.967350865291, 0.636343470302, 0.659453358822, 0.0171174062921, 0.532501001012, 0.0599290905959, 0.748307784401, 0.394776281858, 0.915117587864, 0.747766489994, 0.0557335997803, 0.613195383297, 2.87737668252
0.613195383297, 0.244834860369, 0.538978046178, 0.000106861254077, 0.0077958808562, 0.373456582783, 0.533962316665, 0.694789753366, 0.0521163785335, 0.155579155919, 0.0534679359875, 0.638379780271, 0.0847077146315, 0.09724840204, 0.79016806384, 0.415483907951, 0.224158990805, 0.11488639481, 0.675363046142, 0.967350865291, 0.636343470302, 0.659453358822, 0.0171174062921, 0.532501001012, 0.0599290905959, 0.748307784401, 0.394776281858, 0.915117587864, 0.747766489994, 0.0557335997803, 0.613195383297, 2.87737668252
0.847714150456, 0.0922460136985, 0.406131409862, 0.408985266627, 0.465229304218, 0.202429324396, 0.327686938506, 0.16116193492, 0.441838606295, 0.797069175394, 0.263850672742, 0.510590699376, 0.09046085924, 0.116042444146, 0.97627547378, 0.0278202022368, 0.234156253719, 0.994575542895, 0.174552696971, 0.173253215972, 0.207494967957, 0.0788506998996, 0.341612587913, 0.247687075619, 0.567748214114, 0.425448864629, 0.995151077372, 0.335862386836, 0.193436421532, 0.241464128821, 0.847714150456, 2.35838221419
0.142487817832, 0.0947088655698, 0.313480957027, 0.16265682439, 0.894991555603, 0.998565305554, 0.512487183539, 0.248568996437, 0.347324842743, 0.0793767968261, 0.284461001419, 0.199288536211, 0.599742802668, 0.0449340839593, 0.00790937630485, 0.637774356589, 0.45407655318, 0.0424574764945, 0.532336925894, 0.599314009948, 0.0736085472674, 0.875634229508, 0.34072915468, 0.0566406096157, 0.852689372112, 0.425448864629, 0.240783266222, 0.280615177817, 0.556179620632, 0.458905773386, 0.142487817832, 3.68170124541
0.0527508967687, 0.298082503338, 0.0147236698835, 0.379419228835, 0.0927299221733, 0.485004858976, 0.681766254563, 0.00401034917535, 0.289329997123, 0.783637138204, 0.105917094842, 0.0434945697131, 0.35889385989, 0.509202969296, 0.458610162846, 1.03864480416e-06, 0.611889876368, 0.435944141816, 0.368309791345, 0.218781118603, 0.229131107747, 0.218032535994, 0.485660453394, 0.169879994749, 0.295652120805, 0.779746819643, 0.139752581406, 0.665600107009, 0.598746561314, 0.684234646648, 0.0527508967687, 3.75716038512
0.847714150456, 0.0922460136985, 0.406131409862, 0.408985266627, 0.465229304218, 0.202429324396, 0.327686938506, 0.16116193492, 0.441838606295, 0.797069175394, 0.263850672742, 0.510590699376, 0.09046085924, 0.116042444146, 0.97627547378, 0.0278202022368, 0.234156253719, 0.994575542895, 0.174552696971, 0.173253215972, 0.207494967957, 0.0788506998996, 0.341612587913, 0.247687075619, 0.567748214114, 0.425448864629, 0.995151077372, 0.335862386836, 0.193436421532, 0.241464128821, 0.847714150456, 2.35838221419
0.142487817832, 0.0947088655698, 0.313480957027, 0.16265682439, 0.894991555603, 0.998565305554, 0.512487183539, 0.248568996437, 0.347324842743, 0.0793767968261, 0.284461001419, 0.199288536211, 0.599742802668, 0.0449340839593, 0.00790937630485, 0.637774356589, 0.45407655318, 0.0424574764945, 0.532336925894, 0.599314009948, 0.0736085472674, 0.875634229508, 0.34072915468, 0.0566406096157, 0.852689372112, 0.425448864629, 0.240783266222, 0.280615177817, 0.556179620632, 0.458905773386, 0.142487817832, 3.68170124541
0.0527508967687, 0.298082503338, 0.0147236698835, 0.379419228835, 0.0927299221733, 0.485004858976, 0.681766254563, 0.00401034917535, 0.289329997123, 0.783637138204, 0.105917094842, 0.0434945697131, 0.35889385989, 0.509202969296, 0.458610162846, 1.03864480416e-06, 0.611889876368, 0.435944141816, 0.368309791345, 0.218781118603, 0.229131107747, 0.218032535994, 0.485660453394, 0.169879994749, 0.295652120805, 0.779746819643, 0.139752581406, 0.665600107009, 0.598746561314, 0.684234646648, 0.0527508967687, 3.75716038512
0.222813982714, 0.29042035913, 0.111025034834, 0.558392903069, 0.197557745886, 0.615806102435, 0.422820132899, 0.00742664305965, 0.47554666615, 0.0218769165226, 0.56476642866, 0.369336425247, 0.841114331228, 0.0943935047159, 0.144442286673, 0.235473866082, 0.50415271003, 0.0469650066227, 0.549600650811, 0.257099236651, 0.5850179176, 0.352331639235, 0.0717428599242, 0.531176577985, 0.0459867166484, 0.017920965477, 0.263138975554, 0.504551334308, 0.64612111252, 0.618951062487, 0.222813982714, 3.13221958255
0.952028887052, 0.21864957928, 0.23716201248, 0.61151619718, 0.057368844383, 0.315940820352, 0.294260401278, 0.82485579912, 0.358703062969, 0.001076717453, 0.46512733832, 0.632046832125, 0.368232675349, 0.134671345389, 0.929831593898, 0.271212757572, 0.354167176337, 0.163153000104, 0.15170854735, 0.0158116064354, 0.307855613537, 0.549554175075, 0.366080160771, 0.469875753838, 0.0232195591871, 0.317492380512, 0.263306963483, 0.80833175194, 0.316356698269, 0.247787686225, 0.952028887052, 2.14469820026
0.34602798994, 0.0947088655698, 0.313480957027, 0.358974262036, 0.894991555603, 0.712470065827, 0.763456568393, 0.736493965776, 0.347324842743, 0.0322958888471, 0.284461001419, 0.199288536211, 0.599742802668, 0.0945334551987, 0.00790937630485, 0.637774356589, 0.497379238452, 0.00453824443007, 0.15170854735, 0.0567183217072, 0.0736085472674, 0.875634229508, 0.34072915468, 0.119181396214, 0.852689372112, 0.425448864629, 0.563786777631, 0.280615177817, 0.0158635037559, 0.458905773386, 0.34602798994, 3.12319697223
0.222813982714, 0.29042035913, 0.111025034834, 0.558392903069, 0.197557745886, 0.615806102435, 0.422820132899, 0.00742664305965, 0.47554666615, 0.0218769165226, 0.56476642866, 0.369336425247, 0.841114331228, 0.0943935047159, 0.144442286673, 0.235473866082, 0.50415271003, 0.0469650066227, 0.549600650811, 0.257099236651, 0.5850179176, 0.352331639235, 0.0717428599242, 0.531176577985, 0.0459867166484, 0.017920965477, 0.263138975554, 0.504551334308, 0.64612111252, 0.618951062487, 0.222813982714, 3.13221958255
0.952028887052, 0.21864957928, 0.23716201248, 0.61151619718, 0.057368844383, 0.315940820352, 0.294260401278, 0.82485579912, 0.358703062969, 0.001076717453, 0.46512733832, 0.632046832125, 0.368232675349, 0.134671345389, 0.929831593898, 0.271212757572, 0.354167176337, 0.163153000104, 0.15170854735, 0.0158116064354, 0.307855613537, 0.549554175075, 0.366080160771, 0.469875753838, 0.0232195591871, 0.317492380512, 0.263306963483, 0.80833175194, 0.316356698269, 0.247787686225, 0.952028887052, 2.14469820026
0.34602798994, 0.0947088655698, 0.313480957027, 0.358974262036, 0.894991555603, 0.712470065827, 0.763456568393, 0.736493965776, 0.347324842743, 0.0322958888471, 0.284461001419, 0.199288536211, 0.599742802668, 0.0945334551987, 0.00790937630485, 0.637774356589, 0.497379238452, 0.00453824443007, 0.15170854735, 0.0567183217072, 0.0736085472674, 0.875634229508, 0.34072915468, 0.119181396214, 0.852689372112, 0.425448864629, 0.563786777631, 0.280615177817, 0.0158635037559, 0.458905773386, 0.34602798994, 3.12319697223
0.0237557248468, 0.37883429934, 0.4421670404, 0.212745735529, 0.0226828236098, 0.862181873385, 0.549044137564, 0.280003410529, 0.90078048613, 0.878866273571, 0.572749295987, 0.418222768613, 0.223371773438, 0.931916178784, 0.156584877643, 0.158380650563, 0.497379238452, 0.995336127142, 0.0762132467277, 0.173043813407, 0.171916922416, 0.808926082397, 0.0124665326703, 0.351873130074, 0.758736234743, 0.061995564461, 0.104905931559, 0.841996034107, 0.802138504385, 0.00739743071425, 0.0237557248468, 4.58463966798
0.0065455605963, 0.812964502709, 0.0147236698835, 0.379419228835, 0.0927299221733, 0.485004858976, 0.681766254563, 0.00401034917535, 0.289329997123, 0.898064998148, 0.105917094842, 0.356559540652, 0.35889385989, 0.509202969296, 0.458610162846, 1.03864480416e-06, 0.611889876368, 0.435944141816, 0.368309791345, 0.218781118603, 0.798590369789, 0.218032535994, 0.485660453394, 0.156419068629, 0.60827116457, 0.701460179774, 0.139752581406, 0.665600107009, 0.669661576162, 0.684234646648, 0.0065455605963, 4.61219556839
0.173518935785, 0.298082503338, 0.0956295052382, 0.384211220864, 0.0927299221733, 0.603619096164, 0.54236349146, 0.00401034917535, 0.289329997123, 0.79296792135, 0.105917094842, 0.173692445463, 0.35889385989, 0.509202969296, 0.00326285824577, 0.00760091654803, 0.497379238452, 0.435944141816, 0.368309791345, 0.218781118603, 0.798590369789, 0.313861485171, 0.485660453394, 0.721302123778, 0.295652120805, 0.701460179774, 0.527394630468, 0.494371672595, 0.669661576162, 0.684234646648, 0.173518935785, 3.67132178547
0.000721916987874, 0.0916826335528, 0.0956295052382, 0.293145606705, 0.0927299221733, 0.16172026433, 0.681766254563, 0.23250817661, 0.289329997123, 0.79296792135, 0.440227354572, 0.509623729223, 0.35889385989, 0.565643813999, 0.458610162846, 0.00435215537735, 0.497379238452, 0.435944141816, 0.000459454818199, 0.218781118603, 0.798590369789, 0.245953956278, 0.485660453394, 0.561387736777, 0.425845215792, 0.723225308215, 0.0906598116788, 0.969116453184, 0.669661576162, 0.684234646648, 0.000721916987874, 4.62741156955
0.0237557248468, 0.37883429934, 0.4421670404, 0.212745735529, 0.0226828236098, 0.862181873385, 0.549044137564, 0.280003410529, 0.90078048613, 0.878866273571, 0.572749295987, 0.418222768613, 0.223371773438, 0.931916178784, 0.156584877643, 0.158380650563, 0.497379238452, 0.995336127142, 0.0762132467277, 0.173043813407, 0.171916922416, 0.808926082397, 0.0124665326703, 0.351873130074, 0.758736234743, 0.061995564461, 0.104905931559, 0.841996034107, 0.802138504385, 0.00739743071425, 0.0237557248468, 4.58463966798
0.0065455605963, 0.812964502709, 0.0147236698835, 0.379419228835, 0.0927299221733, 0.485004858976, 0.681766254563, 0.00401034917535, 0.289329997123, 0.898064998148, 0.105917094842, 0.356559540652, 0.35889385989, 0.509202969296, 0.458610162846, 1.03864480416e-06, 0.611889876368, 0.435944141816, 0.368309791345, 0.218781118603, 0.798590369789, 0.218032535994, 0.485660453394, 0.156419068629, 0.60827116457, 0.701460179774, 0.139752581406, 0.665600107009, 0.669661576162, 0.684234646648, 0.0065455605963, 4.61219556839
0.173518935785, 0.298082503338, 0.0956295052382, 0.384211220864, 0.0927299221733, 0.603619096164, 0.54236349146, 0.00401034917535, 0.289329997123, 0.79296792135, 0.105917094842, 0.173692445463, 0.35889385989, 0.509202969296, 0.00326285824577, 0.00760091654803, 0.497379238452, 0.435944141816, 0.368309791345, 0.218781118603, 0.798590369789, 0.313861485171, 0.485660453394, 0.721302123778, 0.295652120805, 0.701460179774, 0.527394630468, 0.494371672595, 0.669661576162, 0.684234646648, 0.173518935785, 3.67132178547
0.000721916987874, 0.0916826335528, 0.0956295052382, 0.293145606705, 0.0927299221733, 0.16172026433, 0.681766254563, 0.23250817661, 0.289329997123, 0.79296792135, 0.440227354572, 0.509623729223, 0.35889385989, 0.565643813999, 0.458610162846, 0.00435215537735, 0.497379238452, 0.435944141816, 0.000459454818199, 0.218781118603, 0.798590369789, 0.245953956278, 0.485660453394, 0.561387736777, 0.425845215792, 0.723225308215, 0.0906598116788, 0.969116453184, 0.669661576162, 0.684234646648, 0.000721916987874, 4.62741156955
0.407438570352, 0.0947088655698, 0.313480957027, 0.358974262036, 0.950907486028, 0.571537405935, 0.842814588021, 0.736493965776, 0.450131386061, 0.101004438733, 0.126209922024, 0.199288536211, 0.205984727412, 0.0945334551987, 0.00790937630485, 0.637774356589, 0.45407655318, 0.0424574764945, 0.346784877193, 0.752518046232, 0.0736085472674, 0.455739964542, 0.273867767603, 0.209438575238, 0.625909713583, 0.425448864629, 0.530462829053, 0.280615177817, 0.0138136462864, 0.458905773386, 0.407438570352, 2.97691704864
0.642427963619, 0.744592094404, 0.52338222317, 0.195114956066, 0.230770594061, 0.616546284477, 0.298702999453, 0.112835617789, 0.997863538056, 0.488479807975, 0.0618558324513, 0.486339491312, 0.940342936125, 0.539523030348, 0.0667704554355, 0.352967090042, 0.354167176337, 0.0469650066227, 0.000459454818199, 0.835076807829, 0.0357667129591, 0.363656964775, 0.0717428599242, 0.0150440206066, 0.487025292581, 0.490311808596, 0.814182922657, 0.284652317269, 0.130877579292, 0.0193296067705, 0.642427963619, 2.63093458378
0.728011510654, 0.71277377867, 0.52338222317, 0.11344304895, 0.246997886728, 0.293862915424, 0.298702999453, 0.0681887207847, 0.997863538056, 0.600824045947, 0.187748101016, 0.780910967332, 0.185735101155, 0.259669403606, 0.0582175327333, 0.352967090042, 0.971507754277, 0.337379293564, 0.368309791345, 0.15969136474, 0.911583523647, 0.363656964775, 0.351575768518, 0.00424534951352, 0.487025292581, 0.227107451289, 0.0629258796211, 0.0287878513153, 0.693991944248, 0.0193296067705, 0.728011510654, 2.53933887382
0.407438570352, 0.0947088655698, 0.313480957027, 0.358974262036, 0.950907486028, 0.571537405935, 0.842814588021, 0.736493965776, 0.450131386061, 0.101004438733, 0.126209922024, 0.199288536211, 0.205984727412, 0.0945334551987, 0.00790937630485, 0.637774356589, 0.45407655318, 0.0424574764945, 0.346784877193, 0.752518046232, 0.0736085472674, 0.455739964542, 0.273867767603, 0.209438575238, 0.625909713583, 0.425448864629, 0.530462829053, 0.280615177817, 0.0138136462864, 0.458905773386, 0.407438570352, 2.97691704864
0.642427963619, 0.744592094404, 0.52338222317, 0.195114956066, 0.230770594061, 0.616546284477, 0.298702999453, 0.112835617789, 0.997863538056, 0.488479807975, 0.0618558324513, 0.486339491312, 0.940342936125, 0.539523030348, 0.0667704554355, 0.352967090042, 0.354167176337, 0.0469650066227, 0.000459454818199, 0.835076807829, 0.0357667129591, 0.363656964775, 0.0717428599242, 0.0150440206066, 0.487025292581, 0.490311808596, 0.814182922657, 0.284652317269, 0.130877579292, 0.0193296067705, 0.642427963619, 2.63093458378
0.728011510654, 0.71277377867, 0.52338222317, 0.11344304895, 0.246997886728, 0.293862915424, 0.298702999453, 0.0681887207847, 0.997863538056, 0.600824045947, 0.187748101016, 0.780910967332, 0.185735101155, 0.259669403606, 0.0582175327333, 0.352967090042, 0.971507754277, 0.337379293564, 0.368309791345, 0.15969136474, 0.911583523647, 0.363656964775, 0.351575768518, 0.00424534951352, 0.487025292581, 0.227107451289, 0.0629258796211, 0.0287878513153, 0.693991944248, 0.0193296067705, 0.728011510654, 2.53933887382
0.613195383297, 0.161385025944, 0.538978046178, 0.000361295928085, 0.0389940732468, 0.302970509962, 0.434329634472, 0.149721447751, 0.0521163785335, 0.357037978502, 0.387028612594, 0.906676061015, 0.0847077146315, 0.09724840204, 0.79016806384, 0.415483907951, 0.209088371223, 0.957391133538, 0.101244380543, 0.168227243046, 0.507958580125, 0.659453358822, 0.476649381165, 0.532501001012, 0.245876407376, 0.748307784401, 0.394776281858, 0.915117587864, 0.747766489994, 0.0557335997803, 0.613195383297, 2.87925611286
0.613195383297, 0.161385025944, 0.538978046178, 0.000361295928085, 0.0389940732468, 0.302970509962, 0.434329634472, 0.149721447751, 0.0521163785335, 0.357037978502, 0.387028612594, 0.906676061015, 0.0847077146315, 0.09724840204, 0.79016806384, 0.415483907951, 0.209088371223, 0.957391133538, 0.101244380543, 0.168227243046, 0.507958580125, 0.659453358822, 0.476649381165, 0.532501001012, 0.245876407376, 0.748307784401, 0.394776281858, 0.915117587864, 0.747766489994, 0.0557335997803, 0.613195383297, 2.87925611286
0.0527508967687, 0.298082503338, 0.0956295052382, 0.379419228835, 0.0927299221733, 0.485004858976, 0.681766254563, 0.00401034917535, 0.486705778528, 0.898064998148, 0.0522613976387, 0.173692445463, 0.35889385989, 0.509202969296, 0.131499860945, 0.033795480761, 0.611889876368, 0.435944141816, 0.368309791345, 0.158007412581, 0.798590369789, 0.313861485171, 0.485660453394, 0.156419068629, 0.295652120805, 0.701460179774, 0.139752581406, 0.494371672595, 0.293107137396, 0.684234646648, 0.0527508967687, 3.81924541799
0.0527508967687, 0.298082503338, 0.0956295052382, 0.379419228835, 0.0927299221733, 0.485004858976, 0.681766254563, 0.00401034917535, 0.486705778528, 0.898064998148, 0.0522613976387, 0.173692445463, 0.35889385989, 0.509202969296, 0.131499860945, 0.033795480761, 0.611889876368, 0.435944141816, 0.368309791345, 0.158007412581, 0.798590369789, 0.313861485171, 0.485660453394, 0.156419068629, 0.295652120805, 0.701460179774, 0.139752581406, 0.494371672595, 0.293107137396, 0.684234646648, 0.0527508967687, 3.81924541799
0.952028887052, 0.21864957928, 0.23716201248, 0.61151619718, 0.057368844383, 0.315940820352, 0.294260401278, 0.349043680462, 0.108887111618, 0.000530923423811, 0.743738522829, 0.632046832125, 0.574587213351, 0.259669403606, 0.929831593898, 0.271212757572, 0.354167176337, 0.163153000104, 0.15170854735, 0.0158116064354, 0.340113900863, 0.549554175075, 0.368628326684, 0.56792561258, 0.195949960659, 0.317492380512, 0.263306963483, 0.80833175194, 0.316356698269, 0.0629660203579, 0.952028887052, 2.14577235751
0.952028887052, 0.21864957928, 0.23716201248, 0.61151619718, 0.057368844383, 0.315940820352, 0.294260401278, 0.349043680462, 0.108887111618, 0.000530923423811, 0.743738522829, 0.632046832125, 0.574587213351, 0.259669403606, 0.929831593898, 0.271212757572, 0.354167176337, 0.163153000104, 0.15170854735, 0.0158116064354, 0.340113900863, 0.549554175075, 0.368628326684, 0.56792561258, 0.195949960659, 0.317492380512, 0.263306963483, 0.80833175194, 0.316356698269, 0.0629660203579, 0.952028887052, 2.14577235751
0.0023857630913, 0.298082503338, 0.0956295052382, 0.0147402085301, 0.0927299221733, 0.17667878975, 0.681766254563, 0.546231910431, 0.289329997123, 0.79296792135, 0.440227354572, 0.509623729223, 0.35889385989, 0.565643813999, 0.458610162846, 0.00435215537735, 0.520677234746, 0.435944141816, 0.368309791345, 0.218781118603, 0.798590369789, 0.711973165696, 0.485660453394, 0.156419068629, 0.425845215792, 0.286504724618, 0.0906598116788, 0.969116453184, 0.669661576162, 0.684234646648, 0.0023857630913, 4.66335566343
0.0023857630913, 0.298082503338, 0.0956295052382, 0.0147402085301, 0.0927299221733, 0.17667878975, 0.681766254563, 0.546231910431, 0.289329997123, 0.79296792135, 0.440227354572, 0.509623729223, 0.35889385989, 0.565643813999, 0.458610162846, 0.00435215537735, 0.520677234746, 0.435944141816, 0.368309791345, 0.218781118603, 0.798590369789, 0.711973165696, 0.485660453394, 0.156419068629, 0.425845215792, 0.286504724618, 0.0906598116788, 0.969116453184, 0.669661576162, 0.684234646648, 0.0023857630913, 4.66335566343
0.34602798994, 0.0947088655698, 0.313480957027, 0.358974262036, 0.894991555603, 0.712470065827, 0.763456568393, 0.736493965776, 0.347324842743, 0.0322958888471, 0.284461001419, 0.199288536211, 0.599742802668, 0.0945334551987, 0.00790937630485, 0.637774356589, 0.497379238452, 0.00453824443007, 0.15170854735, 0.0567183217072, 0.0736085472674, 0.875634229508, 0.34072915468, 0.119181396214, 0.852689372112, 0.425448864629, 0.563786777631, 0.280615177817, 0.0158635037559, 0.684234646648, 0.34602798994, 3.18330454785
0.34602798994, 0.0947088655698, 0.313480957027, 0.358974262036, 0.894991555603, 0.712470065827, 0.763456568393, 0.736493965776, 0.347324842743, 0.0322958888471, 0.284461001419, 0.199288536211, 0.599742802668, 0.0945334551987, 0.00790937630485, 0.637774356589, 0.497379238452, 0.00453824443007, 0.15170854735, 0.0567183217072, 0.0736085472674, 0.875634229508, 0.34072915468, 0.119181396214, 0.852689372112, 0.425448864629, 0.563786777631, 0.280615177817, 0.0158635037559, 0.684234646648, 0.34602798994, 3.18330454785
0.407438570352, 0.0947088655698, 0.313480957027, 0.16265682439, 0.894991555603, 0.712470065827, 0.41366877414, 0.248568996437, 0.519794549515, 0.101004438733, 0.284461001419, 0.199288536211, 0.599742802668, 0.0945334551987, 0.00790937630485, 0.637774356589, 0.45407655318, 0.0424574764945, 0.532336925894, 0.599314009948, 0.0736085472674, 0.875634229508, 0.34072915468, 0.119181396214, 0.852689372112, 0.284467655039, 0.240783266222, 0.280615177817, 0.0158635037559, 0.880909993278, 0.407438570352, 3.04059644425
0.0237557248468, 0.37883429934, 0.4421670404, 0.212745735529, 0.0226828236098, 0.862181873385, 0.549044137564, 0.280003410529, 0.90078048613, 0.966768238767, 0.572749295987, 0.418222768613, 0.223371773438, 0.931916178784, 0.156584877643, 0.158380650563, 0.497379238452, 0.995336127142, 0.0762132467277, 0.173043813407, 0.171916922416, 0.808926082397, 0.0124665326703, 0.351873130074, 0.758736234743, 0.061995564461, 0.432334070193, 0.841996034107, 0.559429210007, 0.00739743071425, 0.0237557248468, 4.636356678
0.45311250654, 0.0852575923249, 0.820572445945, 0.839208024284, 0.230770594061, 0.833482492392, 0.0984136456275, 0.770803402341, 0.0668169123254, 0.84156068719, 0.0667198844667, 0.570674945823, 0.0052233803991, 0.0201629155292, 0.779828484427, 0.15489683823, 0.765604841985, 3.34979030728e-05, 0.0783780365609, 0.155817975812, 0.0116373253279, 0.267142378085, 0.326816430724, 0.134212241665, 0.852689372112, 0.0378569095536, 0.376706231506, 0.682798061447, 0.791032652019, 0.480329801611, 0.45311250654, 3.03752511802
0.685762982545, 0.845207695189, 0.107887493228, 0.0228776344177, 0.0927174547168, 0.255085068782, 0.36320144241, 0.651825118593, 0.179498674742, 0.136215513705, 0.0618558324513, 0.243641827626, 0.627521613551, 0.917900954742, 0.446450563099, 0.537716657701, 0.209088371223, 0.423225963936, 0.675363046142, 0.394831359086, 0.0363950780206, 0.444329329009, 0.575654441221, 0.249727460524, 0.0410651200934, 0.183140859441, 0.644624082758, 0.532575232891, 0.319946735455, 0.657390500402, 0.685762982545, 2.64337584013
0.642427963619, 0.71277377867, 0.0956295052382, 0.131634372629, 0.230770594061, 0.293862915424, 0.298702999453, 0.112835617789, 0.801968154003, 0.600824045947, 0.187748101016, 0.780910967332, 0.185735101155, 0.259669403606, 0.0582175327333, 0.352967090042, 0.971507754277, 0.337379293564, 0.000459454818199, 0.494964051706, 0.911583523647, 0.363656964775, 0.376811129234, 0.0150440206066, 0.908098015015, 0.57387783847, 0.0629258796211, 0.0287878513153, 0.693991944248, 0.0193296067705, 0.642427963619, 2.69541506687
0.407438570352, 0.0947088655698, 0.313480957027, 0.16265682439, 0.894991555603, 0.712470065827, 0.41366877414, 0.248568996437, 0.519794549515, 0.101004438733, 0.284461001419, 0.199288536211, 0.599742802668, 0.0945334551987, 0.00790937630485, 0.637774356589, 0.45407655318, 0.0424574764945, 0.532336925894, 0.599314009948, 0.0736085472674, 0.875634229508, 0.34072915468, 0.119181396214, 0.852689372112, 0.284467655039, 0.240783266222, 0.280615177817, 0.0158635037559, 0.880909993278, 0.407438570352, 3.04059644425
0.0237557248468, 0.37883429934, 0.4421670404, 0.212745735529, 0.0226828236098, 0.862181873385, 0.549044137564, 0.280003410529, 0.90078048613, 0.966768238767, 0.572749295987, 0.418222768613, 0.223371773438, 0.931916178784, 0.156584877643, 0.158380650563, 0.497379238452, 0.995336127142, 0.0762132467277, 0.173043813407, 0.171916922416, 0.808926082397, 0.0124665326703, 0.351873130074, 0.758736234743, 0.061995564461, 0.432334070193, 0.841996034107, 0.559429210007, 0.00739743071425, 0.0237557248468, 4.636356678
0.45311250654, 0.0852575923249, 0.820572445945, 0.839208024284, 0.230770594061, 0.833482492392, 0.0984136456275, 0.770803402341, 0.0668169123254, 0.84156068719, 0.0667198844667, 0.570674945823, 0.0052233803991, 0.0201629155292, 0.779828484427, 0.15489683823, 0.765604841985, 3.34979030728e-05, 0.0783780365609, 0.155817975812, 0.0116373253279, 0.267142378085, 0.326816430724, 0.134212241665, 0.852689372112, 0.0378569095536, 0.376706231506, 0.682798061447, 0.791032652019, 0.480329801611, 0.45311250654, 3.03752511802
0.685762982545, 0.845207695189, 0.107887493228, 0.0228776344177, 0.0927174547168, 0.255085068782, 0.36320144241, 0.651825118593, 0.179498674742, 0.136215513705, 0.0618558324513, 0.243641827626, 0.627521613551, 0.917900954742, 0.446450563099, 0.537716657701, 0.209088371223, 0.423225963936, 0.675363046142, 0.394831359086, 0.0363950780206, 0.444329329009, 0.575654441221, 0.249727460524, 0.0410651200934, 0.183140859441, 0.644624082758, 0.532575232891, 0.319946735455, 0.657390500402, 0.685762982545, 2.64337584013
0.642427963619, 0.71277377867, 0.0956295052382, 0.131634372629, 0.230770594061, 0.293862915424, 0.298702999453, 0.112835617789, 0.801968154003, 0.600824045947, 0.187748101016, 0.780910967332, 0.185735101155, 0.259669403606, 0.0582175327333, 0.352967090042, 0.971507754277, 0.337379293564, 0.000459454818199, 0.494964051706, 0.911583523647, 0.363656964775, 0.376811129234, 0.0150440206066, 0.908098015015, 0.57387783847, 0.0629258796211, 0.0287878513153, 0.693991944248, 0.0193296067705, 0.642427963619, 2.69541506687
0.967586506298, 0.21864957928, 0.23716201248, 0.631758922937, 0.057368844383, 0.441971712669, 0.294260401278, 0.349043680462, 0.108887111618, 0.106111964932, 0.743738522829, 0.282420125385, 0.627389549726, 0.134671345389, 0.929831593898, 0.271212757572, 0.354167176337, 0.101098020506, 0.034248421062, 0.0158116064354, 0.340113900863, 0.949006294658, 0.366080160771, 0.56792561258, 0.274414405232, 0.55715992378, 0.185004123879, 0.80833175194, 0.248952344484, 0.247787686225, 0.967586506298, 2.22505377933
0.952028887052, 0.21864957928, 0.23716201248, 0.61151619718, 0.0613901497294, 0.182480126465, 0.140971090121, 0.157927521563, 0.108887111618, 0.326284956169, 0.743738522829, 0.610200447035, 0.574587213351, 0.134671345389, 0.458610162846, 0.00435215537735, 0.354167176337, 0.163153000104, 0.280326091752, 0.0158116064354, 0.960139055501, 0.949006294658, 0.366080160771, 0.56792561258, 0.274414405232, 0.62521784431, 0.263306963483, 0.80833175194, 0.0657590612, 0.247787686225, 0.952028887052, 2.24813065402
0.967586506298, 0.21864957928, 0.23716201248, 0.631758922937, 0.057368844383, 0.441971712669, 0.294260401278, 0.349043680462, 0.108887111618, 0.106111964932, 0.743738522829, 0.282420125385, 0.627389549726, 0.134671345389, 0.929831593898, 0.271212757572, 0.354167176337, 0.101098020506, 0.034248421062, 0.0158116064354, 0.340113900863, 0.949006294658, 0.366080160771, 0.56792561258, 0.274414405232, 0.55715992378, 0.185004123879, 0.80833175194, 0.248952344484, 0.247787686225, 0.967586506298, 2.22505377933
0.952028887052, 0.21864957928, 0.23716201248, 0.61151619718, 0.0613901497294, 0.182480126465, 0.140971090121, 0.157927521563, 0.108887111618, 0.326284956169, 0.743738522829, 0.610200447035, 0.574587213351, 0.134671345389, 0.458610162846, 0.00435215537735, 0.354167176337, 0.163153000104, 0.280326091752, 0.0158116064354, 0.960139055501, 0.949006294658, 0.366080160771, 0.56792561258, 0.274414405232, 0.62521784431, 0.263306963483, 0.80833175194, 0.0657590612, 0.247787686225, 0.952028887052, 2.24813065402
0.642427963619, 0.0131244628657, 0.0573664906062, 0.195114956066, 0.230770594061, 0.616546284477, 0.298702999453, 0.112835617789, 0.574714673285, 0.88973894242, 0.284472602144, 0.780910967332, 0.951845402007, 0.469161729955, 0.590052658082, 0.352967090042, 0.354167176337, 0.0469650066227, 0.000459454818199, 0.494964051706, 0.0798004603852, 0.699092081514, 0.0717428599242, 0.0150440206066, 0.487025292581, 0.490311808596, 0.814182922657, 0.284652317269, 0.693991944248, 0.0193296067705, 0.642427963619, 2.72236597477
0.642427963619, 0.0131244628657, 0.0573664906062, 0.195114956066, 0.230770594061, 0.616546284477, 0.298702999453, 0.112835617789, 0.574714673285, 0.88973894242, 0.284472602144, 0.780910967332, 0.951845402007, 0.469161729955, 0.590052658082, 0.352967090042, 0.354167176337, 0.0469650066227, 0.000459454818199, 0.494964051706, 0.0798004603852, 0.699092081514, 0.0717428599242, 0.0150440206066, 0.487025292581, 0.490311808596, 0.814182922657, 0.284652317269, 0.693991944248, 0.0193296067705, 0.642427963619, 2.72236597477
0.0237557248468, 0.608215562169, 0.312062553964, 0.212745735529, 0.153662278925, 0.919707487576, 0.549044137564, 0.27769448629, 0.432491529781, 0.897701665775, 0.572749295987, 0.953751416265, 0.165626359481, 0.913456434147, 0.000592638623822, 0.628362701051, 0.520677234746, 0.954496859846, 0.0762132467277, 0.173043813407, 0.171916922416, 0.707393362243, 0.39099833095, 0.351873130074, 0.253431216137, 0.061995564461, 0.395248138828, 0.496848824047, 0.802138504385, 0.50951642592, 0.0237557248468, 4.82763948149
0.0237557248468, 0.608215562169, 0.312062553964, 0.212745735529, 0.153662278925, 0.919707487576, 0.549044137564, 0.27769448629, 0.432491529781, 0.897701665775, 0.572749295987, 0.953751416265, 0.165626359481, 0.913456434147, 0.000592638623822, 0.628362701051, 0.520677234746, 0.954496859846, 0.0762132467277, 0.173043813407, 0.171916922416, 0.707393362243, 0.39099833095, 0.351873130074, 0.253431216137, 0.061995564461, 0.395248138828, 0.496848824047, 0.802138504385, 0.50951642592, 0.0237557248468, 4.82763948149
0.0735160405319, 0.0947088655698, 0.313480957027, 0.358974262036, 0.950907486028, 0.571537405935, 0.763456568393, 0.736493965776, 0.450131386061, 0.101004438733, 0.241082017145, 0.199288536211, 0.621528545606, 0.0945334551987, 0.00268618312785, 0.637774356589, 0.45407655318, 0.0424574764945, 0.346784877193, 0.752518046232, 0.0736085472674, 0.455739964542, 0.34072915468, 0.209438575238, 0.543650962374, 0.425448864629, 0.530462829053, 0.280615177817, 0.0138136462864, 0.458905773386, 0.0735160405319, 3.86327338429
0.0527508967687, 0.200698741066, 0.0956295052382, 0.900085658708, 0.0927299221733, 0.485004858976, 0.681766254563, 0.00401034917535, 0.486705778528, 0.898064998148, 0.105917094842, 0.173692445463, 0.35889385989, 0.509202969296, 0.131499860945, 0.033795480761, 0.28992378532, 0.435944141816, 0.368309791345, 0.218781118603, 0.798590369789, 0.313861485171, 0.485660453394, 0.0150440206066, 0.295652120805, 0.701460179774, 0.139752581406, 0.494371672595, 0.669661576162, 0.862105825501, 0.0527508967687, 4.00369629467
0.0023857630913, 0.514768034297, 0.206494083774, 0.861245794217, 0.0951223283318, 0.138584184636, 0.400062269527, 0.697762309572, 0.432491529781, 0.282468553391, 0.404946708979, 0.623808045782, 0.133909277533, 0.0318178783241, 0.553877882958, 0.80743974343, 0.524103873979, 0.307214589784, 0.980845187284, 0.387512454177, 0.815615740391, 0.706299847204, 0.0405289987495, 0.347646763848, 0.917666457505, 0.469975781949, 0.482648287881, 0.186118790705, 0.0590700264292, 0.668551432421, 0.0023857630913, 4.94901462542
0.0735160405319, 0.0947088655698, 0.313480957027, 0.358974262036, 0.950907486028, 0.571537405935, 0.763456568393, 0.736493965776, 0.450131386061, 0.101004438733, 0.241082017145, 0.199288536211, 0.621528545606, 0.0945334551987, 0.00268618312785, 0.637774356589, 0.45407655318, 0.0424574764945, 0.346784877193, 0.752518046232, 0.0736085472674, 0.455739964542, 0.34072915468, 0.209438575238, 0.543650962374, 0.425448864629, 0.530462829053, 0.280615177817, 0.0138136462864, 0.458905773386, 0.0735160405319, 3.86327338429
