0.613195383297, 0.464233572685, 0.538978046178, 0.261494664446, 0.0676931246207, 0.610996941466, 0.586702593267, 0.712406238848, 0.0521163785335, 0.247060872414, 0.382429252933, 0.679533753612, 0.0847077146315, 0.6300565561, 0.79016806384, 0.415483907951, 0.209088371223, 0.11488639481, 0.089092947461, 0.297203648942, 0.217041965916, 0.659453358822, 0.0789527344911, 0.532501001012, 0.245876407376, 0.748307784401, 0.394776281858, 0.58243034875, 0.747766489994, 0.0557335997803, 0.613195383297, 2.89443033285
0.613195383297, 0.464233572685, 0.538978046178, 0.261494664446, 0.0676931246207, 0.610996941466, 0.586702593267, 0.712406238848, 0.0521163785335, 0.247060872414, 0.382429252933, 0.679533753612, 0.0847077146315, 0.6300565561, 0.79016806384, 0.415483907951, 0.209088371223, 0.11488639481, 0.089092947461, 0.297203648942, 0.217041965916, 0.659453358822, 0.0789527344911, 0.532501001012, 0.245876407376, 0.748307784401, 0.394776281858, 0.58243034875, 0.747766489994, 0.0557335997803, 0.613195383297, 2.89443033285
0.283362840633, 0.131591285162, 0.264512433951, 0.052493441469, 0.432128956502, 0.935943751492, 0.539715097547, 0.0504451023912, 0.0232209878235, 0.646829356446, 0.154785183819, 0.756292980516, 0.215521167375, 0.0793554528804, 0.905901428912, 0.981977298819, 0.108499151671, 0.497540424137, 0.4638108501, 0.0191591341521, 0.370393961308, 0.591739456045, 0.278800017391, 0.372790753627, 0.47449104634, 0.403436103302, 0.228180286523, 0.623016117658, 0.996700547948, 0.350909998153, 0.283362840633, 3.55357359191
0.283362840633, 0.131591285162, 0.264512433951, 0.052493441469, 0.432128956502, 0.935943751492, 0.539715097547, 0.0504451023912, 0.0232209878235, 0.646829356446, 0.154785183819, 0.756292980516, 0.215521167375, 0.0793554528804, 0.905901428912, 0.981977298819, 0.108499151671, 0.497540424137, 0.4638108501, 0.0191591341521, 0.370393961308, 0.591739456045, 0.278800017391, 0.372790753627, 0.47449104634, 0.403436103302, 0.228180286523, 0.623016117658, 0.996700547948, 0.350909998153, 0.283362840633, 3.55357359191
0.942203444618, 0.0335458017354, 0.0375069589985, 0.323128316378, 0.194153685476, 0.406515107537, 0.702890266094, 0.416906836026, 0.284058180061, 0.158460246575, 0.412401691683, 0.31946823328, 0.992179293773, 0.0325131076182, 0.399520369756, 0.652202345984, 0.945499022089, 0.559592695303, 0.111152085341, 0.621882517347, 0.0699532672241, 0.280071680145, 0.372350239944, 0.987449325852, 0.0385591819752, 0.545992165251, 0.555927170071, 0.407755836789, 0.133028358093, 0.152187293509, 0.942203444618, 2.40957946663
0.942203444618, 0.0335458017354, 0.0375069589985, 0.323128316378, 0.194153685476, 0.406515107537, 0.702890266094, 0.416906836026, 0.284058180061, 0.158460246575, 0.412401691683, 0.31946823328, 0.992179293773, 0.0325131076182, 0.399520369756, 0.652202345984, 0.945499022089, 0.559592695303, 0.111152085341, 0.621882517347, 0.0699532672241, 0.280071680145, 0.372350239944, 0.987449325852, 0.0385591819752, 0.545992165251, 0.555927170071, 0.407755836789, 0.133028358093, 0.152187293509, 0.942203444618, 2.40957946663
0.657481411961, 0.521362637479, 0.448180652078, 0.354740481995, 0.16183137447, 0.0921755482147, 0.910514794164, 0.739182383693, 0.0653961946596, 0.0296065062323, 0.559476039393, 0.121142236863, 0.18021760848, 0.529994253871, 0.445409750255, 0.00760091654803, 0.314517154717, 0.971730628217, 0.732612365138, 0.52419104066, 0.183165503074, 0.652177817767, 0.195757855363, 0.116785209366, 0.367173477947, 0.256334294528, 0.151462723672, 0.146711605052, 0.669661576162, 0.49376822509, 0.657481411961, 2.6959688306
0.657481411961, 0.521362637479, 0.448180652078, 0.354740481995, 0.16183137447, 0.0921755482147, 0.910514794164, 0.739182383693, 0.0653961946596, 0.0296065062323, 0.559476039393, 0.121142236863, 0.18021760848, 0.529994253871, 0.445409750255, 0.00760091654803, 0.314517154717, 0.971730628217, 0.732612365138, 0.52419104066, 0.183165503074, 0.652177817767, 0.195757855363, 0.116785209366, 0.367173477947, 0.256334294528, 0.151462723672, 0.146711605052, 0.669661576162, 0.49376822509, 0.657481411961, 2.6959688306
0.0023857630913, 0.514768034297, 0.568478363109, 0.628691611888, 0.0951223283318, 0.0104207822279, 0.400062269527, 0.0741218986509, 0.387402270405, 0.827226530786, 0.148737448885, 0.560981111445, 0.383547215564, 0.215538813335, 0.553877882958, 0.242221201857, 0.524103873979, 0.0297222649636, 0.980845187284, 0.387512454177, 0.0916589006732, 0.706299847204, 0.0717428599242, 0.00750223651345, 0.917666457505, 0.420199894083, 0.482648287881, 0.365500039915, 0.0590700264292, 0.260193271056, 0.0023857630913, 4.28536864025
0.0023857630913, 0.514768034297, 0.568478363109, 0.628691611888, 0.0951223283318, 0.0104207822279, 0.400062269527, 0.0741218986509, 0.387402270405, 0.827226530786, 0.148737448885, 0.560981111445, 0.383547215564, 0.215538813335, 0.553877882958, 0.242221201857, 0.524103873979, 0.0297222649636, 0.980845187284, 0.387512454177, 0.0916589006732, 0.706299847204, 0.0717428599242, 0.00750223651345, 0.917666457505, 0.420199894083, 0.482648287881, 0.365500039915, 0.0590700264292, 0.260193271056, 0.0023857630913, 4.28536864025
0.0237557248468, 0.0460719998528, 0.31921722493, 0.0418290852801, 0.0843966666756, 0.862181873385, 0.549044137564, 0.280003410529, 0.90078048613, 0.605326683619, 0.572749295987, 0.418222768613, 0.223371773438, 0.387995743266, 0.121549375282, 0.158380650563, 0.403148668139, 0.341487432233, 0.0762132467277, 0.173043813407, 0.171916922416, 0.808926082397, 0.498263441552, 0.351873130074, 0.198252434298, 0.480087458866, 0.584465556132, 0.496848824047, 0.802138504385, 0.491901532749, 0.0237557248468, 4.22446222627
0.0237557248468, 0.0460719998528, 0.31921722493, 0.0418290852801, 0.0843966666756, 0.862181873385, 0.549044137564, 0.280003410529, 0.90078048613, 0.605326683619, 0.572749295987, 0.418222768613, 0.223371773438, 0.387995743266, 0.121549375282, 0.158380650563, 0.403148668139, 0.341487432233, 0.0762132467277, 0.173043813407, 0.171916922416, 0.808926082397, 0.498263441552, 0.351873130074, 0.198252434298, 0.480087458866, 0.584465556132, 0.496848824047, 0.802138504385, 0.491901532749, 0.0237557248468, 4.22446222627
0.108445241775, 0.532405652978, 0.182577499576, 0.235720779221, 0.0732944085964, 0.616546284477, 0.816868414453, 0.960611308332, 0.814098842619, 0.305142655329, 0.187748101016, 0.780910967332, 0.185735101155, 0.259669403606, 0.131499860945, 0.352967090042, 0.522174319633, 0.0577954533176, 0.000459454818199, 0.494964051706, 0.624670860596, 0.363656964775, 0.0405289987495, 0.458067157553, 0.259800436924, 0.490311808596, 0.154302219426, 0.127957889734, 0.693991944248, 0.0193296067705, 0.108445241775, 3.64869586533
0.108445241775, 0.532405652978, 0.182577499576, 0.235720779221, 0.0732944085964, 0.616546284477, 0.816868414453, 0.960611308332, 0.814098842619, 0.305142655329, 0.187748101016, 0.780910967332, 0.185735101155, 0.259669403606, 0.131499860945, 0.352967090042, 0.522174319633, 0.0577954533176, 0.000459454818199, 0.494964051706, 0.624670860596, 0.363656964775, 0.0405289987495, 0.458067157553, 0.259800436924, 0.490311808596, 0.154302219426, 0.127957889734, 0.693991944248, 0.0193296067705, 0.108445241775, 3.64869586533
0.688108963218, 0.265359023673, 0.465174913973, 0.006782286179, 0.688153153235, 0.537341701485, 0.498385213594, 0.188587478054, 0.869763583436, 0.111128906693, 0.520244098761, 0.429656910742, 0.775453525863, 0.199471685644, 0.0107452406513, 0.425942006592, 0.109337035159, 0.159635137791, 0.203251915374, 0.697996457507, 0.742861440342, 0.0667123004702, 0.364847571783, 0.938146298211, 0.181938190634, 0.114560833486, 0.284753742314, 0.34540444142, 0.190338229751, 0.132373462291, 0.688108963218, 2.55281896405
0.688108963218, 0.265359023673, 0.465174913973, 0.006782286179, 0.688153153235, 0.537341701485, 0.498385213594, 0.188587478054, 0.869763583436, 0.111128906693, 0.520244098761, 0.429656910742, 0.775453525863, 0.199471685644, 0.0107452406513, 0.425942006592, 0.109337035159, 0.159635137791, 0.203251915374, 0.697996457507, 0.742861440342, 0.0667123004702, 0.364847571783, 0.938146298211, 0.181938190634, 0.114560833486, 0.284753742314, 0.34540444142, 0.190338229751, 0.132373462291, 0.688108963218, 2.55281896405
0.616313045177, 0.202118491633, 0.568478363109, 0.628691611888, 0.0951223283318, 0.122921078639, 0.400062269527, 0.485882906347, 0.387402270405, 0.455332906086, 0.148737448885, 0.560981111445, 0.383547215564, 0.215538813335, 0.416720500938, 0.628362701051, 0.524103873979, 0.0495058645541, 0.980845187284, 0.387512454177, 0.179694181469, 0.706299847204, 0.0717428599242, 0.140983147562, 0.917666457505, 0.420199894083, 0.649981589348, 0.00586319805095, 0.0590700264292, 0.260193271056, 0.616313045177, 2.77798632185
0.616313045177, 0.202118491633, 0.568478363109, 0.628691611888, 0.0951223283318, 0.122921078639, 0.400062269527, 0.485882906347, 0.387402270405, 0.455332906086, 0.148737448885, 0.560981111445, 0.383547215564, 0.215538813335, 0.416720500938, 0.628362701051, 0.524103873979, 0.0495058645541, 0.980845187284, 0.387512454177, 0.179694181469, 0.706299847204, 0.0717428599242, 0.140983147562, 0.917666457505, 0.420199894083, 0.649981589348, 0.00586319805095, 0.0590700264292, 0.260193271056, 0.616313045177, 2.77798632185
0.407438570352, 0.029133676337, 0.228323194413, 0.357554886433, 0.894991555603, 0.42669310743, 0.644749428061, 0.736493965776, 0.450131386061, 0.101004438733, 0.898186305554, 0.199288536211, 0.279261604378, 0.0945334551987, 0.00790937630485, 0.0853250322063, 0.45407655318, 0.0424574764945, 0.15170854735, 0.86366414302, 0.0736085472674, 0.875634229508, 0.34072915468, 0.119181396214, 0.852689372112, 0.425448864629, 0.495417294131, 0.280615177817, 0.00940688113171, 0.147049573004, 0.407438570352, 2.95850518587
0.407438570352, 0.029133676337, 0.228323194413, 0.357554886433, 0.894991555603, 0.42669310743, 0.644749428061, 0.736493965776, 0.450131386061, 0.101004438733, 0.898186305554, 0.199288536211, 0.279261604378, 0.0945334551987, 0.00790937630485, 0.0853250322063, 0.45407655318, 0.0424574764945, 0.15170854735, 0.86366414302, 0.0736085472674, 0.875634229508, 0.34072915468, 0.119181396214, 0.852689372112, 0.425448864629, 0.495417294131, 0.280615177817, 0.00940688113171, 0.147049573004, 0.407438570352, 2.95850518587
0.0527508967687, 0.0149109857261, 0.173803415537, 0.519986667051, 0.417876289955, 0.24738687226, 0.434329634472, 0.520561436343, 0.0908164098337, 0.768138953479, 0.443330560501, 0.92863584086, 0.741212325429, 0.999178402193, 0.988655170944, 0.404131853047, 0.11884162677, 0.170873445454, 0.403738735244, 0.670757446434, 0.235028199116, 0.00505541971455, 0.0485689358836, 0.0488121556422, 0.0968055897812, 0.527692845801, 0.273817637736, 0.179633597879, 0.0564544768965, 0.170094837313, 0.0527508967687, 3.84302456055
0.0527508967687, 0.0149109857261, 0.173803415537, 0.519986667051, 0.417876289955, 0.24738687226, 0.434329634472, 0.520561436343, 0.0908164098337, 0.768138953479, 0.443330560501, 0.92863584086, 0.741212325429, 0.999178402193, 0.988655170944, 0.404131853047, 0.11884162677, 0.170873445454, 0.403738735244, 0.670757446434, 0.235028199116, 0.00505541971455, 0.0485689358836, 0.0488121556422, 0.0968055897812, 0.527692845801, 0.273817637736, 0.179633597879, 0.0564544768965, 0.170094837313, 0.0527508967687, 3.84302456055
0.978710830163, 0.0740378531323, 0.0659256525212, 0.38206008149, 0.287235301772, 0.143923803404, 0.180751319895, 0.648310130092, 0.204329359839, 0.695312354399, 0.899931993512, 0.00235134759126, 0.154315703574, 0.121636197594, 0.326327735156, 0.585336723478, 0.911128560165, 0.546105167795, 0.0358219141967, 0.312915048965, 0.261250145099, 0.595197302322, 0.698059997425, 0.127773194561, 0.0959657117226, 0.789249675714, 0.4273037982, 0.543518266341, 0.145186192471, 0.53471254178, 0.978710830163, 2.28701700905
0.978710830163, 0.0740378531323, 0.0659256525212, 0.38206008149, 0.287235301772, 0.143923803404, 0.180751319895, 0.648310130092, 0.204329359839, 0.695312354399, 0.899931993512, 0.00235134759126, 0.154315703574, 0.121636197594, 0.326327735156, 0.585336723478, 0.911128560165, 0.546105167795, 0.0358219141967, 0.312915048965, 0.261250145099, 0.595197302322, 0.698059997425, 0.127773194561, 0.0959657117226, 0.789249675714, 0.4273037982, 0.543518266341, 0.145186192471, 0.53471254178, 0.978710830163, 2.28701700905
0.254302644967, 0.514768034297, 0.568478363109, 0.628691611888, 0.0951223283318, 0.138584184636, 0.400062269527, 0.112835617789, 0.387402270405, 0.455332906086, 0.148737448885, 0.653730628137, 0.383547215564, 0.215538813335, 0.416720500938, 0.628362701051, 0.524103873979, 0.0560566368406, 0.980845187284, 0.387512454177, 0.179694181469, 0.088568207517, 0.0717428599242, 0.73874213281, 0.917666457505, 0.420199894083, 0.482648287881, 0.00586319805095, 0.883772688615, 0.260193271056, 0.254302644967, 3.55829694057
0.254302644967, 0.514768034297, 0.568478363109, 0.628691611888, 0.0951223283318, 0.138584184636, 0.400062269527, 0.112835617789, 0.387402270405, 0.455332906086, 0.148737448885, 0.653730628137, 0.383547215564, 0.215538813335, 0.416720500938, 0.628362701051, 0.524103873979, 0.0560566368406, 0.980845187284, 0.387512454177, 0.179694181469, 0.088568207517, 0.0717428599242, 0.73874213281, 0.917666457505, 0.420199894083, 0.482648287881, 0.00586319805095, 0.883772688615, 0.260193271056, 0.254302644967, 3.55829694057
0.613195383297, 0.464233572685, 0.538978046178, 0.261494664446, 0.0676931246207, 0.610996941466, 0.533962316665, 0.712406238848, 0.0521163785335, 0.247060872414, 0.382429252933, 0.679533753612, 0.00811824836555, 0.6300565561, 0.79016806384, 0.415483907951, 0.209088371223, 0.11488639481, 0.675363046142, 0.297203648942, 0.217041965916, 0.659453358822, 0.0319699295441, 0.229193646534, 0.245876407376, 0.748307784401, 0.394776281858, 0.58243034875, 0.747766489994, 0.0557335997803, 0.613195383297, 2.92147632255
0.613195383297, 0.464233572685, 0.538978046178, 0.261494664446, 0.0676931246207, 0.610996941466, 0.533962316665, 0.712406238848, 0.0521163785335, 0.247060872414, 0.382429252933, 0.679533753612, 0.00811824836555, 0.6300565561, 0.79016806384, 0.415483907951, 0.209088371223, 0.11488639481, 0.675363046142, 0.297203648942, 0.217041965916, 0.659453358822, 0.0319699295441, 0.229193646534, 0.245876407376, 0.748307784401, 0.394776281858, 0.58243034875, 0.747766489994, 0.0557335997803, 0.613195383297, 2.92147632255
0.942203444618, 0.0335458017354, 0.0375069589985, 0.602715302848, 0.194153685476, 0.406515107537, 0.702890266094, 0.416906836026, 0.284058180061, 0.20205349407, 0.412401691683, 0.31946823328, 0.992179293773, 0.0325131076182, 0.399520369756, 0.652202345984, 0.974034646976, 0.559592695303, 0.111152085341, 0.621882517347, 0.0699532672241, 0.280071680145, 0.372350239944, 0.924497593733, 0.0385591819752, 0.545992165251, 0.555927170071, 0.282486797438, 0.133028358093, 0.152187293509, 0.942203444618, 2.44869079215
0.942203444618, 0.0335458017354, 0.0375069589985, 0.602715302848, 0.194153685476, 0.406515107537, 0.702890266094, 0.416906836026, 0.284058180061, 0.20205349407, 0.412401691683, 0.31946823328, 0.992179293773, 0.0325131076182, 0.399520369756, 0.652202345984, 0.974034646976, 0.559592695303, 0.111152085341, 0.621882517347, 0.0699532672241, 0.280071680145, 0.372350239944, 0.924497593733, 0.0385591819752, 0.545992165251, 0.555927170071, 0.282486797438, 0.133028358093, 0.152187293509, 0.942203444618, 2.44869079215
0.0153502556974, 0.546047545537, 0.706405344567, 0.18776042937, 0.612179281048, 0.548336336184, 0.0362437192497, 0.455879324138, 0.695289478812, 0.930498586117, 0.82292399109, 0.844403578013, 0.0896995330215, 0.670919984223, 0.268574524403, 0.136348309845, 0.7906721258, 0.255848086306, 0.919048486687, 0.375990480641, 0.604364740996, 0.371554824682, 0.291468984345, 0.185419463446, 0.0206381054784, 0.773593711108, 0.923573667887, 0.667115323516, 0.551558749734, 0.232892815416, 0.0153502556974, 5.21404540482
0.0153502556974, 0.546047545537, 0.706405344567, 0.18776042937, 0.612179281048, 0.548336336184, 0.0362437192497, 0.455879324138, 0.695289478812, 0.930498586117, 0.82292399109, 0.844403578013, 0.0896995330215, 0.670919984223, 0.268574524403, 0.136348309845, 0.7906721258, 0.255848086306, 0.919048486687, 0.375990480641, 0.604364740996, 0.371554824682, 0.291468984345, 0.185419463446, 0.0206381054784, 0.773593711108, 0.923573667887, 0.667115323516, 0.551558749734, 0.232892815416, 0.0153502556974, 5.21404540482
0.0023857630913, 0.821346647498, 0.568478363109, 0.628691611888, 0.0951223283318, 0.820417946847, 0.400062269527, 0.0741218986509, 0.387402270405, 0.455332906086, 0.148737448885, 0.560981111445, 0.383547215564, 0.215538813335, 0.553877882958, 0.628362701051, 0.524103873979, 0.0367765273302, 0.980845187284, 0.387512454177, 0.967410062303, 0.865570073585, 0.0717428599242, 0.00750223651345, 0.917666457505, 0.420199894083, 0.482648287881, 0.831891706678, 0.60727853723, 0.260193271056, 0.0023857630913, 5.2636448471
0.0023857630913, 0.821346647498, 0.568478363109, 0.628691611888, 0.0951223283318, 0.820417946847, 0.400062269527, 0.0741218986509, 0.387402270405, 0.455332906086, 0.148737448885, 0.560981111445, 0.383547215564, 0.215538813335, 0.553877882958, 0.628362701051, 0.524103873979, 0.0367765273302, 0.980845187284, 0.387512454177, 0.967410062303, 0.865570073585, 0.0717428599242, 0.00750223651345, 0.917666457505, 0.420199894083, 0.482648287881, 0.831891706678, 0.60727853723, 0.260193271056, 0.0023857630913, 5.2636448471
0.0237557248468, 0.0460719998528, 0.31921722493, 0.0566199488041, 0.153662278925, 0.862181873385, 0.549044137564, 0.146586612274, 0.84763733246, 0.897701665775, 0.0546405562228, 0.418222768613, 0.24373254375, 0.387995743266, 0.156584877643, 0.158380650563, 0.520677234746, 0.341487432233, 0.0762132467277, 0.173043813407, 0.171916922416, 0.808926082397, 0.38430317235, 0.351873130074, 0.573047003583, 0.061995564461, 0.584465556132, 0.496848824047, 0.802138504385, 0.809104024019, 0.0237557248468, 4.22584798187
0.0237557248468, 0.0460719998528, 0.31921722493, 0.0566199488041, 0.153662278925, 0.862181873385, 0.549044137564, 0.146586612274, 0.84763733246, 0.897701665775, 0.0546405562228, 0.418222768613, 0.24373254375, 0.387995743266, 0.156584877643, 0.158380650563, 0.520677234746, 0.341487432233, 0.0762132467277, 0.173043813407, 0.171916922416, 0.808926082397, 0.38430317235, 0.351873130074, 0.573047003583, 0.061995564461, 0.584465556132, 0.496848824047, 0.802138504385, 0.809104024019, 0.0237557248468, 4.22584798187
0.108445241775, 0.532405652978, 0.52338222317, 0.195114956066, 0.0872940971009, 0.616546284477, 0.816868414453, 0.960611308332, 0.814098842619, 0.305142655329, 0.187748101016, 0.780910967332, 0.185735101155, 0.259669403606, 0.131499860945, 0.352967090042, 0.522174319633, 0.0577954533176, 0.000459454818199, 0.494964051706, 0.624670860596, 0.363656964775, 0.0405289987495, 0.458067157553, 0.259800436924, 0.490311808596, 0.154302219426, 0.198045914855, 0.693991944248, 0.0193296067705, 0.108445241775, 3.7585889635
0.108445241775, 0.532405652978, 0.52338222317, 0.195114956066, 0.0872940971009, 0.616546284477, 0.816868414453, 0.960611308332, 0.814098842619, 0.305142655329, 0.187748101016, 0.780910967332, 0.185735101155, 0.259669403606, 0.131499860945, 0.352967090042, 0.522174319633, 0.0577954533176, 0.000459454818199, 0.494964051706, 0.624670860596, 0.363656964775, 0.0405289987495, 0.458067157553, 0.259800436924, 0.490311808596, 0.154302219426, 0.198045914855, 0.693991944248, 0.0193296067705, 0.108445241775, 3.7585889635
0.234879329099, 0.0947088655698, 0.228323194413, 0.357554886433, 0.951523627325, 0.833482492392, 0.763456568393, 0.736493965776, 0.450131386061, 0.101004438733, 0.479689625355, 0.199288536211, 0.621528545606, 0.0945334551987, 0.00790937630485, 0.637774356589, 0.45407655318, 0.0424574764945, 0.15170854735, 0.752518046232, 0.433786601928, 0.875634229508, 0.34072915468, 0.119181396214, 0.852689372112, 0.425448864629, 0.53838290994, 0.280615177817, 0.0158635037559, 0.147049573004, 0.234879329099, 3.66732690071
0.234879329099, 0.0947088655698, 0.228323194413, 0.357554886433, 0.951523627325, 0.833482492392, 0.763456568393, 0.736493965776, 0.450131386061, 0.101004438733, 0.479689625355, 0.199288536211, 0.621528545606, 0.0945334551987, 0.00790937630485, 0.637774356589, 0.45407655318, 0.0424574764945, 0.15170854735, 0.752518046232, 0.433786601928, 0.875634229508, 0.34072915468, 0.119181396214, 0.852689372112, 0.425448864629, 0.53838290994, 0.280615177817, 0.0158635037559, 0.147049573004, 0.234879329099, 3.66732690071
0.769984834345, 0.521362637479, 0.448180652078, 0.354740481995, 0.16183137447, 0.704782985722, 0.910514794164, 0.739182383693, 0.0656234321519, 0.0296065062323, 0.663989438487, 0.121142236863, 0.18021760848, 0.258530360924, 0.458610162846, 0.00760091654803, 0.314517154717, 0.971730628217, 0.732612365138, 0.434512935917, 0.183165503074, 0.652177817767, 0.195757855363, 0.116785209366, 0.367173477947, 0.256334294528, 0.151462723672, 0.146711605052, 0.581326528456, 0.49376822509, 0.769984834345, 2.62532095113
0.769984834345, 0.521362637479, 0.448180652078, 0.354740481995, 0.16183137447, 0.704782985722, 0.910514794164, 0.739182383693, 0.0656234321519, 0.0296065062323, 0.663989438487, 0.121142236863, 0.18021760848, 0.258530360924, 0.458610162846, 0.00760091654803, 0.314517154717, 0.971730628217, 0.732612365138, 0.434512935917, 0.183165503074, 0.652177817767, 0.195757855363, 0.116785209366, 0.367173477947, 0.256334294528, 0.151462723672, 0.146711605052, 0.581326528456, 0.49376822509, 0.769984834345, 2.62532095113
0.807458324882, 0.521362637479, 0.448180652078, 0.354740481995, 0.16183137447, 0.485004858976, 0.910514794164, 0.739182383693, 0.0615895095574, 0.0296065062323, 0.0910266354374, 0.150566326276, 0.18021760848, 0.258530360924, 0.458610162846, 0.00760091654803, 0.314517154717, 0.971730628217, 0.732612365138, 0.434512935917, 0.183165503074, 0.652177817767, 0.0699286810714, 0.981654725458, 0.367173477947, 0.256334294528, 0.185061548111, 0.146711605052, 0.669661576162, 0.49376822509, 0.807458324882, 2.60354637492
0.807458324882, 0.521362637479, 0.448180652078, 0.354740481995, 0.16183137447, 0.485004858976, 0.910514794164, 0.739182383693, 0.0615895095574, 0.0296065062323, 0.0910266354374, 0.150566326276, 0.18021760848, 0.258530360924, 0.458610162846, 0.00760091654803, 0.314517154717, 0.971730628217, 0.732612365138, 0.434512935917, 0.183165503074, 0.652177817767, 0.0699286810714, 0.981654725458, 0.367173477947, 0.256334294528, 0.185061548111, 0.146711605052, 0.669661576162, 0.49376822509, 0.807458324882, 2.60354637492
0.6259620652, 0.239136097367, 0.26300570282, 0.121055495179, 0.757206700579, 0.19424007594, 0.223244067522, 0.38072083939, 0.505419981234, 0.225370064916, 0.63153627614, 0.0948904653839, 0.178629654866, 0.340108968996, 0.93737212106, 0.232938497099, 0.319320314718, 0.992821752058, 0.199027283898, 0.307632313872, 0.501981915921, 0.723876848099, 0.703646588917, 0.107379392069, 0.148281213495, 0.24318077093, 0.276004771721, 0.3011513598, 0.378552689638, 0.673572886618, 0.6259620652, 2.80235748785
0.6259620652, 0.239136097367, 0.26300570282, 0.121055495179, 0.757206700579, 0.19424007594, 0.223244067522, 0.38072083939, 0.505419981234, 0.225370064916, 0.63153627614, 0.0948904653839, 0.178629654866, 0.340108968996, 0.93737212106, 0.232938497099, 0.319320314718, 0.992821752058, 0.199027283898, 0.307632313872, 0.501981915921, 0.723876848099, 0.703646588917, 0.107379392069, 0.148281213495, 0.24318077093, 0.276004771721, 0.3011513598, 0.378552689638, 0.673572886618, 0.6259620652, 2.80235748785
0.407438570352, 0.029133676337, 0.228323194413, 0.357554886433, 0.894991555603, 0.42669310743, 0.763456568393, 0.736493965776, 0.450131386061, 0.395138185322, 0.479689625355, 0.199288536211, 0.278763844068, 0.0945334551987, 0.00790937630485, 0.199597005069, 0.45407655318, 0.0424574764945, 0.15170854735, 0.86366414302, 0.172282346602, 0.875634229508, 0.34072915468, 0.119181396214, 0.852689372112, 0.425448864629, 0.495417294131, 0.280615177817, 0.00940688113171, 0.147049573004, 0.407438570352, 3.01281711594
0.407438570352, 0.029133676337, 0.228323194413, 0.357554886433, 0.894991555603, 0.42669310743, 0.763456568393, 0.736493965776, 0.450131386061, 0.395138185322, 0.479689625355, 0.199288536211, 0.278763844068, 0.0945334551987, 0.00790937630485, 0.199597005069, 0.45407655318, 0.0424574764945, 0.15170854735, 0.86366414302, 0.172282346602, 0.875634229508, 0.34072915468, 0.119181396214, 0.852689372112, 0.425448864629, 0.495417294131, 0.280615177817, 0.00940688113171, 0.147049573004, 0.407438570352, 3.01281711594
0.0527508967687, 0.0149109857261, 0.488896032385, 0.882300848626, 0.417876289955, 0.24738687226, 0.434329634472, 0.520561436343, 0.0908164098337, 0.768138953479, 0.443330560501, 0.436779937899, 0.844529572633, 0.562218980741, 0.960562827314, 0.404131853047, 0.11884162677, 0.170873445454, 0.54707670842, 0.670757446434, 0.242566910563, 0.00505541971455, 0.0485689358836, 0.256688383331, 0.0968055897812, 0.527692845801, 0.273817637736, 0.179633597879, 0.556179620632, 0.170094837313, 0.0527508967687, 4.04321232192
0.0527508967687, 0.0149109857261, 0.488896032385, 0.882300848626, 0.417876289955, 0.24738687226, 0.434329634472, 0.520561436343, 0.0908164098337, 0.768138953479, 0.443330560501, 0.436779937899, 0.844529572633, 0.562218980741, 0.960562827314, 0.404131853047, 0.11884162677, 0.170873445454, 0.54707670842, 0.670757446434, 0.242566910563, 0.00505541971455, 0.0485689358836, 0.256688383331, 0.0968055897812, 0.527692845801, 0.273817637736, 0.179633597879, 0.556179620632, 0.170094837313, 0.0527508967687, 4.04321232192
0.978710830163, 0.0740378531323, 0.0659256525212, 0.38206008149, 0.287235301772, 0.143923803404, 0.180751319895, 0.648310130092, 0.204329359839, 0.695312354399, 0.899931993512, 0.00235134759126, 0.154315703574, 0.121636197594, 0.326327735156, 0.585336723478, 0.911128560165, 0.546105167795, 0.0358219141967, 0.599103347709, 0.261250145099, 0.595197302322, 0.778187174858, 0.133335434937, 0.0959657117226, 0.789249675714, 0.4273037982, 0.543518266341, 0.145186192471, 0.53471254178, 0.978710830163, 2.37523656319
0.978710830163, 0.0740378531323, 0.0659256525212, 0.38206008149, 0.287235301772, 0.143923803404, 0.180751319895, 0.648310130092, 0.204329359839, 0.695312354399, 0.899931993512, 0.00235134759126, 0.154315703574, 0.121636197594, 0.326327735156, 0.585336723478, 0.911128560165, 0.546105167795, 0.0358219141967, 0.599103347709, 0.261250145099, 0.595197302322, 0.778187174858, 0.133335434937, 0.0959657117226, 0.789249675714, 0.4273037982, 0.543518266341, 0.145186192471, 0.53471254178, 0.978710830163, 2.37523656319
0.613195383297, 0.464233572685, 0.538978046178, 0.00103388895533, 0.0676931246207, 0.610996941466, 0.533962316665, 0.712406238848, 0.0521163785335, 0.247060872414, 0.382429252933, 0.679533753612, 0.0735678979211, 0.563468680901, 0.734979614852, 0.415483907951, 0.209088371223, 0.11488639481, 0.675363046142, 0.297203648942, 0.217041965916, 0.959635503021, 0.0789527344911, 0.532501001012, 0.245876407376, 0.748307784401, 0.394776281858, 0.58243034875, 0.747766489994, 0.0557335997803, 0.613195383297, 3.00623652956
0.613195383297, 0.464233572685, 0.538978046178, 0.00103388895533, 0.0676931246207, 0.610996941466, 0.533962316665, 0.712406238848, 0.0521163785335, 0.247060872414, 0.382429252933, 0.679533753612, 0.0735678979211, 0.563468680901, 0.734979614852, 0.415483907951, 0.209088371223, 0.11488639481, 0.675363046142, 0.297203648942, 0.217041965916, 0.959635503021, 0.0789527344911, 0.532501001012, 0.245876407376, 0.748307784401, 0.394776281858, 0.58243034875, 0.747766489994, 0.0557335997803, 0.613195383297, 3.00623652956
0.952028887052, 0.21864957928, 0.0596069832711, 0.0228776344177, 0.836402217744, 0.0740508797092, 0.294260401278, 0.349043680462, 0.356079969888, 0.933885639177, 0.743738522829, 0.699881336243, 0.574587213351, 0.134671345389, 0.929831593898, 0.271212757572, 0.354167176337, 0.163153000104, 0.034248421062, 0.0158116064354, 0.0171358081581, 0.86668083617, 0.292159999463, 0.462635927967, 0.274414405232, 0.55715992378, 0.644624082758, 0.899676997696, 0.248952344484, 0.247787686225, 0.952028887052, 2.50189376369
0.952028887052, 0.21864957928, 0.0596069832711, 0.0228776344177, 0.836402217744, 0.0740508797092, 0.294260401278, 0.349043680462, 0.356079969888, 0.933885639177, 0.743738522829, 0.699881336243, 0.574587213351, 0.134671345389, 0.929831593898, 0.271212757572, 0.354167176337, 0.163153000104, 0.034248421062, 0.0158116064354, 0.0171358081581, 0.86668083617, 0.292159999463, 0.462635927967, 0.274414405232, 0.55715992378, 0.644624082758, 0.899676997696, 0.248952344484, 0.247787686225, 0.952028887052, 2.50189376369
0.0153502556974, 0.546047545537, 0.706405344567, 0.18776042937, 0.612179281048, 0.548336336184, 0.0362437192497, 0.455879324138, 0.695289478812, 0.95068482081, 0.82292399109, 0.844403578013, 0.0896995330215, 0.670919984223, 0.268574524403, 0.136348309845, 0.7906721258, 0.0208157562602, 0.999877359168, 0.375990480641, 0.604364740996, 0.371554824682, 0.291468984345, 0.0921402181135, 0.0206381054784, 0.773593711108, 0.970864854055, 0.906969894764, 0.551558749734, 0.232892815416, 0.0153502556974, 5.23212932076
0.0153502556974, 0.546047545537, 0.706405344567, 0.18776042937, 0.612179281048, 0.548336336184, 0.0362437192497, 0.455879324138, 0.695289478812, 0.95068482081, 0.82292399109, 0.844403578013, 0.0896995330215, 0.670919984223, 0.268574524403, 0.136348309845, 0.7906721258, 0.0208157562602, 0.999877359168, 0.375990480641, 0.604364740996, 0.371554824682, 0.291468984345, 0.0921402181135, 0.0206381054784, 0.773593711108, 0.970864854055, 0.906969894764, 0.551558749734, 0.232892815416, 0.0153502556974, 5.23212932076
0.0237557248468, 0.0460719998528, 0.748349171616, 0.212745735529, 0.132337762828, 0.862181873385, 0.549044137564, 0.146586612274, 0.90078048613, 0.897701665775, 0.0546405562228, 0.418222768613, 0.223371773438, 0.387995743266, 0.156584877643, 0.158380650563, 0.520677234746, 0.341487432233, 0.0762132467277, 0.173043813407, 0.171916922416, 0.808926082397, 0.537738888094, 0.351873130074, 0.573047003583, 0.061995564461, 0.584465556132, 0.496848824047, 0.802138504385, 0.809104024019, 0.0237557248468, 4.45035185595
0.0237557248468, 0.0460719998528, 0.748349171616, 0.212745735529, 0.132337762828, 0.862181873385, 0.549044137564, 0.146586612274, 0.90078048613, 0.897701665775, 0.0546405562228, 0.418222768613, 0.223371773438, 0.387995743266, 0.156584877643, 0.158380650563, 0.520677234746, 0.341487432233, 0.0762132467277, 0.173043813407, 0.171916922416, 0.808926082397, 0.537738888094, 0.351873130074, 0.573047003583, 0.061995564461, 0.584465556132, 0.496848824047, 0.802138504385, 0.809104024019, 0.0237557248468, 4.45035185595
0.110373614676, 0.00364581057053, 0.343737581958, 0.0166724617777, 0.404694350725, 0.297867781861, 0.775668069214, 0.333761211494, 0.122122535497, 0.456912540623, 0.570191380821, 0.228674177883, 0.351647909603, 0.98816162843, 0.684338116475, 0.808251193861, 0.892068711403, 0.419039271309, 0.0235969560685, 0.173253215972, 0.820704654072, 0.699549238338, 0.403447506136, 0.321881337276, 0.115910081092, 0.0151243590882, 0.34392624363, 0.165729128773, 0.351188587549, 0.0536641018572, 0.110373614676, 3.76883202551
0.110373614676, 0.00364581057053, 0.343737581958, 0.0166724617777, 0.404694350725, 0.297867781861, 0.775668069214, 0.333761211494, 0.122122535497, 0.456912540623, 0.570191380821, 0.228674177883, 0.351647909603, 0.98816162843, 0.684338116475, 0.808251193861, 0.892068711403, 0.419039271309, 0.0235969560685, 0.173253215972, 0.820704654072, 0.699549238338, 0.403447506136, 0.321881337276, 0.115910081092, 0.0151243590882, 0.34392624363, 0.165729128773, 0.351188587549, 0.0536641018572, 0.110373614676, 3.76883202551
0.108445241775, 0.532405652978, 0.69014616545, 0.195114956066, 0.00677084315303, 0.616546284477, 0.714130102729, 0.960611308332, 0.997863538056, 0.305142655329, 0.187748101016, 0.780910967332, 0.185735101155, 0.259669403606, 0.131499860945, 0.352967090042, 0.522174319633, 0.0577954533176, 0.000459454818199, 0.494964051706, 0.678108149749, 0.376634558688, 0.0405289987495, 0.458067157553, 0.259800436924, 0.490311808596, 0.154302219426, 0.284652317269, 0.693991944248, 0.00703979782998, 0.108445241775, 3.84675643214
0.108445241775, 0.532405652978, 0.69014616545, 0.195114956066, 0.00677084315303, 0.616546284477, 0.714130102729, 0.960611308332, 0.997863538056, 0.305142655329, 0.187748101016, 0.780910967332, 0.185735101155, 0.259669403606, 0.131499860945, 0.352967090042, 0.522174319633, 0.0577954533176, 0.000459454818199, 0.494964051706, 0.678108149749, 0.376634558688, 0.0405289987495, 0.458067157553, 0.259800436924, 0.490311808596, 0.154302219426, 0.284652317269, 0.693991944248, 0.00703979782998, 0.108445241775, 3.84675643214
0.403019685032, 0.546047545537, 0.706405344567, 0.18776042937, 0.949312546833, 0.570746757555, 0.0362437192497, 0.455879324138, 0.345561986138, 0.930498586117, 0.82292399109, 0.844403578013, 0.0896995330215, 0.670919984223, 0.268574524403, 0.136348309845, 0.498787532167, 0.255848086306, 0.867728574706, 0.431352766446, 0.0989907966973, 0.371554824682, 0.291468984345, 0.0921402181135, 0.0206381054784, 0.793227104046, 0.923573667887, 0.759190052258, 0.231151722912, 0.232892815416, 0.403019685032, 3.72471343438
0.403019685032, 0.546047545537, 0.706405344567, 0.18776042937, 0.949312546833, 0.570746757555, 0.0362437192497, 0.455879324138, 0.345561986138, 0.930498586117, 0.82292399109, 0.844403578013, 0.0896995330215, 0.670919984223, 0.268574524403, 0.136348309845, 0.498787532167, 0.255848086306, 0.867728574706, 0.431352766446, 0.0989907966973, 0.371554824682, 0.291468984345, 0.0921402181135, 0.0206381054784, 0.793227104046, 0.923573667887, 0.759190052258, 0.231151722912, 0.232892815416, 0.403019685032, 3.72471343438
0.283362840633, 0.131591285162, 0.143158572464, 0.052493441469, 0.432128956502, 0.940396243088, 0.539715097547, 0.0504451023912, 0.145325894551, 0.646829356446, 0.828917037248, 0.756292980516, 0.0068092087947, 0.0793554528804, 0.905901428912, 0.981977298819, 0.108499151671, 0.497540424137, 0.589311640853, 0.000588758893835, 0.370393961308, 0.591739456045, 0.278800017391, 0.4825164511, 0.47449104634, 0.403436103302, 0.228180286523, 0.623016117658, 0.996700547948, 0.350909998153, 0.283362840633, 3.74099504952
0.283362840633, 0.131591285162, 0.143158572464, 0.052493441469, 0.432128956502, 0.940396243088, 0.539715097547, 0.0504451023912, 0.145325894551, 0.646829356446, 0.828917037248, 0.756292980516, 0.0068092087947, 0.0793554528804, 0.905901428912, 0.981977298819, 0.108499151671, 0.497540424137, 0.589311640853, 0.000588758893835, 0.370393961308, 0.591739456045, 0.278800017391, 0.4825164511, 0.47449104634, 0.403436103302, 0.228180286523, 0.623016117658, 0.996700547948, 0.350909998153, 0.283362840633, 3.74099504952
0.942203444618, 0.0335458017354, 0.0375069589985, 0.323128316378, 0.194153685476, 0.671868573558, 0.617079750358, 0.126557283737, 0.284058180061, 0.20205349407, 0.412401691683, 0.31946823328, 0.992179293773, 0.0325131076182, 0.399520369756, 0.652202345984, 0.945499022089, 0.559592695303, 0.442629302079, 0.621882517347, 0.879299515298, 0.280071680145, 0.372350239944, 0.924497593733, 0.0385591819752, 0.545992165251, 0.578643279748, 0.407755836789, 0.133028358093, 0.152187293509, 0.942203444618, 2.65785460046
0.942203444618, 0.0335458017354, 0.0375069589985, 0.323128316378, 0.194153685476, 0.671868573558, 0.617079750358, 0.126557283737, 0.284058180061, 0.20205349407, 0.412401691683, 0.31946823328, 0.992179293773, 0.0325131076182, 0.399520369756, 0.652202345984, 0.945499022089, 0.559592695303, 0.442629302079, 0.621882517347, 0.879299515298, 0.280071680145, 0.372350239944, 0.924497593733, 0.0385591819752, 0.545992165251, 0.578643279748, 0.407755836789, 0.133028358093, 0.152187293509, 0.942203444618, 2.65785460046
0.854151520076, 0.498996493703, 0.767706391712, 0.973715549769, 0.391696325498, 0.266839008498, 0.764015903065, 0.155657251677, 0.491130318235, 0.337987036885, 0.0028230079441, 0.305973929353, 0.796865533544, 0.00291108278002, 0.154564788099, 0.457925868869, 0.993117010225, 0.531400977311, 0.362538616237, 0.204527661484, 0.952572686751, 0.232736780138, 0.761891172365, 0.761198043336, 0.0461775548371, 0.262758358109, 0.23036480717, 0.0698537424108, 0.261508462463, 0.016363686088, 0.854151520076, 2.72901799755
0.854151520076, 0.498996493703, 0.767706391712, 0.973715549769, 0.391696325498, 0.266839008498, 0.764015903065, 0.155657251677, 0.491130318235, 0.337987036885, 0.0028230079441, 0.305973929353, 0.796865533544, 0.00291108278002, 0.154564788099, 0.457925868869, 0.993117010225, 0.531400977311, 0.362538616237, 0.204527661484, 0.952572686751, 0.232736780138, 0.761891172365, 0.761198043336, 0.0461775548371, 0.262758358109, 0.23036480717, 0.0698537424108, 0.261508462463, 0.016363686088, 0.854151520076, 2.72901799755
0.943721975044, 0.0216182498365, 0.305893829418, 0.0974573150063, 0.458021664878, 0.404591940381, 0.311812528421, 0.654208725536, 0.368914550795, 0.0287799255992, 0.0967167551348, 0.087580787919, 0.162235488083, 0.990697179212, 0.760145856016, 0.543032915458, 0.894107800189, 0.149247356467, 0.237160972583, 0.856435711852, 0.812286399194, 0.890290271119, 0.124537497425, 0.852268550066, 0.872438176325, 0.0215736670188, 0.191344607676, 0.399974739765, 0.321641587955, 0.0581256468404, 0.943721975044, 2.60620368663
0.943721975044, 0.0216182498365, 0.305893829418, 0.0974573150063, 0.458021664878, 0.404591940381, 0.311812528421, 0.654208725536, 0.368914550795, 0.0287799255992, 0.0967167551348, 0.087580787919, 0.162235488083, 0.990697179212, 0.760145856016, 0.543032915458, 0.894107800189, 0.149247356467, 0.237160972583, 0.856435711852, 0.812286399194, 0.890290271119, 0.124537497425, 0.852268550066, 0.872438176325, 0.0215736670188, 0.191344607676, 0.399974739765, 0.321641587955, 0.0581256468404, 0.943721975044, 2.60620368663
0.877958010416, 0.21864957928, 0.107887493228, 0.0228776344177, 0.846460806676, 0.0740508797092, 0.294260401278, 0.349043680462, 0.249821618824, 0.933885639177, 0.743738522829, 0.789929530686, 0.574587213351, 0.134671345389, 0.929831593898, 0.271212757572, 0.354167176337, 0.262541992181, 0.034248421062, 0.0143697772272, 0.340113900863, 0.99502151333, 0.0556079807931, 0.462635927967, 0.274414405232, 0.389098925363, 0.644624082758, 0.80833175194, 0.248952344484, 0.511827438471, 0.877958010416, 2.67220747298
0.877958010416, 0.21864957928, 0.107887493228, 0.0228776344177, 0.846460806676, 0.0740508797092, 0.294260401278, 0.349043680462, 0.249821618824, 0.933885639177, 0.743738522829, 0.789929530686, 0.574587213351, 0.134671345389, 0.929831593898, 0.271212757572, 0.354167176337, 0.262541992181, 0.034248421062, 0.0143697772272, 0.340113900863, 0.99502151333, 0.0556079807931, 0.462635927967, 0.274414405232, 0.389098925363, 0.644624082758, 0.80833175194, 0.248952344484, 0.511827438471, 0.877958010416, 2.67220747298
0.848097864371, 0.00364581057053, 0.19079323678, 0.72489538271, 0.404694350725, 0.297867781861, 0.820010148031, 0.491210642151, 0.678772699098, 0.456912540623, 0.570191380821, 0.228674177883, 0.214698476871, 0.98816162843, 0.684338116475, 0.808251193861, 0.892068711403, 0.913091281653, 0.0235969560685, 0.173253215972, 0.820704654072, 0.31002907861, 0.403447506136, 0.321881337276, 0.113118646185, 0.0151243590882, 0.34392624363, 0.165729128773, 0.351188587549, 0.0536641018572, 0.848097864371, 2.83621374703
0.848097864371, 0.00364581057053, 0.19079323678, 0.72489538271, 0.404694350725, 0.297867781861, 0.820010148031, 0.491210642151, 0.678772699098, 0.456912540623, 0.570191380821, 0.228674177883, 0.214698476871, 0.98816162843, 0.684338116475, 0.808251193861, 0.892068711403, 0.913091281653, 0.0235969560685, 0.173253215972, 0.820704654072, 0.31002907861, 0.403447506136, 0.321881337276, 0.113118646185, 0.0151243590882, 0.34392624363, 0.165729128773, 0.351188587549, 0.0536641018572, 0.848097864371, 2.83621374703
0.6259620652, 0.239136097367, 0.26300570282, 0.121055495179, 0.757206700579, 0.19424007594, 0.949753108471, 0.38072083939, 0.505419981234, 0.225370064916, 0.63153627614, 0.0948904653839, 0.178629654866, 0.340108968996, 0.93737212106, 0.232938497099, 0.319320314718, 0.604171863375, 0.199027283898, 0.307632313872, 0.501981915921, 0.723876848099, 0.703646588917, 0.107379392069, 0.0572827507536, 0.24318077093, 0.276004771721, 0.3011513598, 0.314158315282, 0.673572886618, 0.6259620652, 2.84843025809
0.6259620652, 0.239136097367, 0.26300570282, 0.121055495179, 0.757206700579, 0.19424007594, 0.949753108471, 0.38072083939, 0.505419981234, 0.225370064916, 0.63153627614, 0.0948904653839, 0.178629654866, 0.340108968996, 0.93737212106, 0.232938497099, 0.319320314718, 0.604171863375, 0.199027283898, 0.307632313872, 0.501981915921, 0.723876848099, 0.703646588917, 0.107379392069, 0.0572827507536, 0.24318077093, 0.276004771721, 0.3011513598, 0.314158315282, 0.673572886618, 0.6259620652, 2.84843025809
0.407438570352, 0.0947088655698, 0.228323194413, 0.357554886433, 0.894991555603, 0.833482492392, 0.763456568393, 0.736493965776, 0.450131386061, 0.101004438733, 0.546498816987, 0.48362100952, 0.621528545606, 0.0945334551987, 0.00790937630485, 0.637774356589, 0.706778844715, 0.0424574764945, 0.15170854735, 0.83983185657, 0.433786601928, 0.875634229508, 0.34072915468, 0.119181396214, 0.852689372112, 0.425448864629, 0.53838290994, 0.280615177817, 0.0158635037559, 0.147049573004, 0.407438570352, 3.50178641474
0.407438570352, 0.0947088655698, 0.228323194413, 0.357554886433, 0.894991555603, 0.833482492392, 0.763456568393, 0.736493965776, 0.450131386061, 0.101004438733, 0.546498816987, 0.48362100952, 0.621528545606, 0.0945334551987, 0.00790937630485, 0.637774356589, 0.706778844715, 0.0424574764945, 0.15170854735, 0.83983185657, 0.433786601928, 0.875634229508, 0.34072915468, 0.119181396214, 0.852689372112, 0.425448864629, 0.53838290994, 0.280615177817, 0.0158635037559, 0.147049573004, 0.407438570352, 3.50178641474
0.45311250654, 0.121692385458, 0.820572445945, 0.839208024284, 0.676486688018, 0.571537405935, 0.0864182634144, 0.643658052063, 0.113818175027, 0.0621045171765, 0.350737362884, 0.645827990165, 0.1393805897, 0.0318178783241, 0.779828484427, 0.393800143182, 0.961765322556, 0.00386042496298, 0.401982353228, 0.214270626386, 0.00448952738628, 0.679693842305, 0.326816430724, 0.361314555008, 0.543650962374, 0.0378569095536, 0.240179112981, 0.682798061447, 0.526415670527, 0.480329801611, 0.45311250654, 3.19353503445
0.45311250654, 0.121692385458, 0.820572445945, 0.839208024284, 0.676486688018, 0.571537405935, 0.0864182634144, 0.643658052063, 0.113818175027, 0.0621045171765, 0.350737362884, 0.645827990165, 0.1393805897, 0.0318178783241, 0.779828484427, 0.393800143182, 0.961765322556, 0.00386042496298, 0.401982353228, 0.214270626386, 0.00448952738628, 0.679693842305, 0.326816430724, 0.361314555008, 0.543650962374, 0.0378569095536, 0.240179112981, 0.682798061447, 0.526415670527, 0.480329801611, 0.45311250654, 3.19353503445
0.60521801159, 0.294865894473, 0.198913938876, 0.322396720991, 0.537161047198, 0.0846390763307, 0.725616764658, 0.159156088335, 0.786155204785, 0.188782864522, 0.939238919304, 0.431676435478, 0.354764219974, 0.13694007216, 0.242145828772, 0.589189815357, 0.669095668184, 0.904180739091, 0.0863299107425, 0.442504164866, 0.678803356502, 0.866375905446, 0.416098558055, 0.397270248834, 0.411058926164, 0.173983113494, 0.0675996510929, 0.411987968489, 0.165840799645, 0.853989983412, 0.60521801159, 3.17026829017
0.60521801159, 0.294865894473, 0.198913938876, 0.322396720991, 0.537161047198, 0.0846390763307, 0.725616764658, 0.159156088335, 0.786155204785, 0.188782864522, 0.939238919304, 0.431676435478, 0.354764219974, 0.13694007216, 0.242145828772, 0.589189815357, 0.669095668184, 0.904180739091, 0.0863299107425, 0.442504164866, 0.678803356502, 0.866375905446, 0.416098558055, 0.397270248834, 0.411058926164, 0.173983113494, 0.0675996510929, 0.411987968489, 0.165840799645, 0.853989983412, 0.60521801159, 3.17026829017
0.0527508967687, 0.0149109857261, 0.173803415537, 0.519986667051, 0.417876289955, 0.296328935045, 0.434329634472, 0.532317332223, 0.0908164098337, 0.768138953479, 0.443330560501, 0.92863584086, 0.741212325429, 0.999178402193, 0.960562827314, 0.404131853047, 0.11884162677, 0.646388255331, 0.403738735244, 0.670757446434, 0.235028199116, 0.00505541971455, 0.0485689358836, 0.256688383331, 0.0968055897812, 0.527692845801, 0.273817637736, 0.179633597879, 0.0564544768965, 0.170094837313, 0.0527508967687, 4.05310775387
0.0527508967687, 0.0149109857261, 0.173803415537, 0.519986667051, 0.417876289955, 0.296328935045, 0.434329634472, 0.532317332223, 0.0908164098337, 0.768138953479, 0.443330560501, 0.92863584086, 0.741212325429, 0.999178402193, 0.960562827314, 0.404131853047, 0.11884162677, 0.646388255331, 0.403738735244, 0.670757446434, 0.235028199116, 0.00505541971455, 0.0485689358836, 0.256688383331, 0.0968055897812, 0.527692845801, 0.273817637736, 0.179633597879, 0.0564544768965, 0.170094837313, 0.0527508967687, 4.05310775387
0.978710830163, 0.0740378531323, 0.0449306780285, 0.849510113261, 0.287235301772, 0.143923803404, 0.180751319895, 0.648310130092, 0.204329359839, 0.695312354399, 0.899931993512, 0.11281709891, 0.154315703574, 0.121636197594, 0.326327735156, 0.585336723478, 0.845660698234, 0.546105167795, 0.0358219141967, 0.599103347709, 0.14890058732, 0.646876762413, 0.698059997425, 0.133335434937, 0.0959657117226, 0.789249675714, 0.4273037982, 0.543518266341, 0.145186192471, 0.53471254178, 0.978710830163, 2.45874171253
0.978710830163, 0.0740378531323, 0.0449306780285, 0.849510113261, 0.287235301772, 0.143923803404, 0.180751319895, 0.648310130092, 0.204329359839, 0.695312354399, 0.899931993512, 0.11281709891, 0.154315703574, 0.121636197594, 0.326327735156, 0.585336723478, 0.845660698234, 0.546105167795, 0.0358219141967, 0.599103347709, 0.14890058732, 0.646876762413, 0.698059997425, 0.133335434937, 0.0959657117226, 0.789249675714, 0.4273037982, 0.543518266341, 0.145186192471, 0.53471254178, 0.978710830163, 2.45874171253
0.0153502556974, 0.546047545537, 0.706405344567, 0.793278000133, 0.949312546833, 0.570746757555, 0.0362437192497, 0.455879324138, 0.918004420125, 0.930498586117, 0.87525844247, 0.844403578013, 0.0896995330215, 0.670919984223, 0.268574524403, 0.24600290571, 0.7906721258, 0.255848086306, 0.867728574706, 0.304773456445, 0.604364740996, 0.371554824682, 0.291468984345, 0.00933556452725, 0.0206381054784, 0.638156421262, 0.923573667887, 0.759190052258, 0.231151722912, 0.232892815416, 0.0153502556974, 5.42178970542
0.0153502556974, 0.546047545537, 0.706405344567, 0.793278000133, 0.949312546833, 0.570746757555, 0.0362437192497, 0.455879324138, 0.918004420125, 0.930498586117, 0.87525844247, 0.844403578013, 0.0896995330215, 0.670919984223, 0.268574524403, 0.24600290571, 0.7906721258, 0.255848086306, 0.867728574706, 0.304773456445, 0.604364740996, 0.371554824682, 0.291468984345, 0.00933556452725, 0.0206381054784, 0.638156421262, 0.923573667887, 0.759190052258, 0.231151722912, 0.232892815416, 0.0153502556974, 5.42178970542
