0.407438570352, 0.029133676337, 0.228323194413, 0.357554886433, 0.894991555603, 0.42669310743, 0.644749428061, 0.736493965776, 0.450131386061, 0.101004438733, 0.898186305554, 0.199288536211, 0.279261604378, 0.0945334551987, 0.00790937630485, 0.0853250322063, 0.45407655318, 0.0424574764945, 0.15170854735, 0.86260700473, 0.0271717564032, 0.875634229508, 0.34072915468, 0.119181396214, 0.755214872574, 0.372866113604, 0.499292461153, 0.280615177817, 0.00940688113171, 0.147049573004, 0.407438570352, 2.90770541091
0.407438570352, 0.029133676337, 0.228323194413, 0.357554886433, 0.894991555603, 0.42669310743, 0.644749428061, 0.736493965776, 0.450131386061, 0.101004438733, 0.898186305554, 0.199288536211, 0.279261604378, 0.0945334551987, 0.00790937630485, 0.0853250322063, 0.45407655318, 0.0424574764945, 0.15170854735, 0.86260700473, 0.0271717564032, 0.875634229508, 0.34072915468, 0.119181396214, 0.755214872574, 0.372866113604, 0.499292461153, 0.280615177817, 0.00940688113171, 0.147049573004, 0.407438570352, 2.90770541091
0.0527508967687, 0.0108843394116, 0.173803415537, 0.519986667051, 0.417876289955, 0.24738687226, 0.434329634472, 0.520561436343, 0.0908164098337, 0.932342406829, 0.443330560501, 0.92863584086, 0.741212325429, 0.634722738411, 0.988655170944, 0.404131853047, 0.11884162677, 0.170873445454, 0.757301260356, 0.122981622863, 0.235028199116, 0.0299151244902, 0.0485689358836, 0.0488121556422, 0.0968055897812, 0.527692845801, 0.273817637736, 0.179633597879, 0.00139100377305, 0.170094837313, 0.0527508967687, 3.71738895662
0.0527508967687, 0.0108843394116, 0.173803415537, 0.519986667051, 0.417876289955, 0.24738687226, 0.434329634472, 0.520561436343, 0.0908164098337, 0.932342406829, 0.443330560501, 0.92863584086, 0.741212325429, 0.634722738411, 0.988655170944, 0.404131853047, 0.11884162677, 0.170873445454, 0.757301260356, 0.122981622863, 0.235028199116, 0.0299151244902, 0.0485689358836, 0.0488121556422, 0.0968055897812, 0.527692845801, 0.273817637736, 0.179633597879, 0.00139100377305, 0.170094837313, 0.0527508967687, 3.71738895662
0.935870087843, 0.464233572685, 0.538978046178, 0.261494664446, 0.0676931246207, 0.610996941466, 0.586702593267, 0.712406238848, 0.0521163785335, 0.247060872414, 0.382429252933, 0.679533753612, 0.0847077146315, 0.6300565561, 0.131913560255, 0.415483907951, 0.209088371223, 0.11488639481, 0.089092947461, 0.33563180028, 0.217041965916, 0.659453358822, 0.0789527344911, 0.532501001012, 0.245876407376, 0.748307784401, 0.394776281858, 0.58243034875, 0.747766489994, 0.0557335997803, 0.935870087843, 2.35208966969
0.935870087843, 0.464233572685, 0.538978046178, 0.261494664446, 0.0676931246207, 0.610996941466, 0.586702593267, 0.712406238848, 0.0521163785335, 0.247060872414, 0.382429252933, 0.679533753612, 0.0847077146315, 0.6300565561, 0.131913560255, 0.415483907951, 0.209088371223, 0.11488639481, 0.089092947461, 0.33563180028, 0.217041965916, 0.659453358822, 0.0789527344911, 0.532501001012, 0.245876407376, 0.748307784401, 0.394776281858, 0.58243034875, 0.747766489994, 0.0557335997803, 0.935870087843, 2.35208966969
0.0208614749145, 0.0149109857261, 0.173803415537, 0.519986667051, 0.647759140556, 0.24738687226, 0.434329634472, 0.520561436343, 0.0908164098337, 0.477117042442, 0.443330560501, 0.92863584086, 0.741212325429, 0.937090172886, 0.671324595964, 0.404131853047, 0.11884162677, 0.170873445454, 0.689888648776, 0.122981622863, 0.874094944432, 0.260193775546, 0.0485689358836, 0.0488121556422, 0.0968055897812, 0.527692845801, 0.273817637736, 0.179633597879, 0.0564544768965, 0.0861958791525, 0.0208614749145, 4.0525940845
0.0208614749145, 0.0149109857261, 0.173803415537, 0.519986667051, 0.647759140556, 0.24738687226, 0.434329634472, 0.520561436343, 0.0908164098337, 0.477117042442, 0.443330560501, 0.92863584086, 0.741212325429, 0.937090172886, 0.671324595964, 0.404131853047, 0.11884162677, 0.170873445454, 0.689888648776, 0.122981622863, 0.874094944432, 0.260193775546, 0.0485689358836, 0.0488121556422, 0.0968055897812, 0.527692845801, 0.273817637736, 0.179633597879, 0.0564544768965, 0.0861958791525, 0.0208614749145, 4.0525940845
0.108445241775, 0.532405652978, 0.69014616545, 0.0560001949371, 0.00677084315303, 0.579641591069, 0.850082514429, 0.960611308332, 0.869953741963, 0.507772952616, 0.187748101016, 0.131822941682, 0.185735101155, 0.166448878963, 0.131499860945, 0.352967090042, 0.124249753651, 0.0577954533176, 0.000459454818199, 0.494964051706, 0.678108149749, 0.376634558688, 0.0405289987495, 0.458067157553, 0.202937138341, 0.490311808596, 0.154302219426, 0.173507197741, 0.693991944248, 0.00703979782998, 0.108445241775, 3.48271116765
0.108445241775, 0.532405652978, 0.69014616545, 0.0560001949371, 0.00677084315303, 0.579641591069, 0.850082514429, 0.960611308332, 0.869953741963, 0.507772952616, 0.187748101016, 0.131822941682, 0.185735101155, 0.166448878963, 0.131499860945, 0.352967090042, 0.124249753651, 0.0577954533176, 0.000459454818199, 0.494964051706, 0.678108149749, 0.376634558688, 0.0405289987495, 0.458067157553, 0.202937138341, 0.490311808596, 0.154302219426, 0.173507197741, 0.693991944248, 0.00703979782998, 0.108445241775, 3.48271116765
0.0237557248468, 0.0460719998528, 0.31921722493, 0.0566199488041, 0.0956716632519, 0.862181873385, 0.549044137564, 0.146586612274, 0.84763733246, 0.340257275029, 0.335813310801, 0.0328302742286, 0.24373254375, 0.387995743266, 0.156584877643, 0.158380650563, 0.520677234746, 0.55454413724, 0.0762132467277, 0.173043813407, 0.171916922416, 0.808926082397, 0.38430317235, 0.351873130074, 0.261685366181, 0.061995564461, 0.584465556132, 0.496848824047, 0.802138504385, 0.0193296067705, 0.0237557248468, 3.74543530762
0.0237557248468, 0.0460719998528, 0.31921722493, 0.0566199488041, 0.0956716632519, 0.862181873385, 0.549044137564, 0.146586612274, 0.84763733246, 0.340257275029, 0.335813310801, 0.0328302742286, 0.24373254375, 0.387995743266, 0.156584877643, 0.158380650563, 0.520677234746, 0.55454413724, 0.0762132467277, 0.173043813407, 0.171916922416, 0.808926082397, 0.38430317235, 0.351873130074, 0.261685366181, 0.061995564461, 0.584465556132, 0.496848824047, 0.802138504385, 0.0193296067705, 0.0237557248468, 3.74543530762
0.0023857630913, 0.514768034297, 0.568478363109, 0.628691611888, 0.370013532817, 0.0104207822279, 0.400062269527, 0.0741218986509, 0.387402270405, 0.814799594752, 0.148737448885, 0.759057301824, 0.383547215564, 0.148263813584, 0.553877882958, 0.242221201857, 0.524103873979, 0.0297222649636, 0.982620762294, 0.387512454177, 0.0916589006732, 0.556574268507, 0.0717428599242, 0.00750223651345, 0.917666457505, 0.420199894083, 0.482648287881, 0.568697312782, 0.0590700264292, 0.260193271056, 0.0023857630913, 4.42295204011
0.0023857630913, 0.514768034297, 0.568478363109, 0.628691611888, 0.370013532817, 0.0104207822279, 0.400062269527, 0.0741218986509, 0.387402270405, 0.814799594752, 0.148737448885, 0.759057301824, 0.383547215564, 0.148263813584, 0.553877882958, 0.242221201857, 0.524103873979, 0.0297222649636, 0.982620762294, 0.387512454177, 0.0916589006732, 0.556574268507, 0.0717428599242, 0.00750223651345, 0.917666457505, 0.420199894083, 0.482648287881, 0.568697312782, 0.0590700264292, 0.260193271056, 0.0023857630913, 4.42295204011
0.403019685032, 0.546047545537, 0.706405344567, 0.18776042937, 0.949312546833, 0.570746757555, 0.0362437192497, 0.183807601966, 0.345561986138, 0.930498586117, 0.82292399109, 0.844403578013, 0.0896995330215, 0.670919984223, 0.268574524403, 0.136348309845, 0.498787532167, 0.255848086306, 0.101509467623, 0.431352766446, 0.0989907966973, 0.371554824682, 0.291468984345, 0.0921402181135, 0.0206381054784, 0.793227104046, 0.859189513021, 0.488394728538, 0.231151722912, 0.232892815416, 0.403019685032, 3.35926154502
0.403019685032, 0.546047545537, 0.706405344567, 0.18776042937, 0.949312546833, 0.570746757555, 0.0362437192497, 0.183807601966, 0.345561986138, 0.930498586117, 0.82292399109, 0.844403578013, 0.0896995330215, 0.670919984223, 0.268574524403, 0.136348309845, 0.498787532167, 0.255848086306, 0.101509467623, 0.431352766446, 0.0989907966973, 0.371554824682, 0.291468984345, 0.0921402181135, 0.0206381054784, 0.793227104046, 0.859189513021, 0.488394728538, 0.231151722912, 0.232892815416, 0.403019685032, 3.35926154502
0.613195383297, 0.464233572685, 0.538978046178, 0.261494664446, 0.0676931246207, 0.287387117864, 0.783034063474, 0.712406238848, 0.0521163785335, 0.11513082242, 0.382429252933, 0.146989780864, 0.00811824836555, 0.6300565561, 0.79016806384, 0.415483907951, 0.209088371223, 0.11488639481, 0.675363046142, 0.297203648942, 0.0119961935798, 0.0523649037501, 0.0319699295441, 0.229193646534, 0.173523342832, 0.748307784401, 0.394776281858, 0.58243034875, 0.788098246563, 0.0557335997803, 0.613195383297, 2.52236174998
0.613195383297, 0.464233572685, 0.538978046178, 0.261494664446, 0.0676931246207, 0.287387117864, 0.783034063474, 0.712406238848, 0.0521163785335, 0.11513082242, 0.382429252933, 0.146989780864, 0.00811824836555, 0.6300565561, 0.79016806384, 0.415483907951, 0.209088371223, 0.11488639481, 0.675363046142, 0.297203648942, 0.0119961935798, 0.0523649037501, 0.0319699295441, 0.229193646534, 0.173523342832, 0.748307784401, 0.394776281858, 0.58243034875, 0.788098246563, 0.0557335997803, 0.613195383297, 2.52236174998
0.000992013008505, 0.821346647498, 0.568478363109, 0.628691611888, 0.0951223283318, 0.95085504726, 0.400062269527, 0.0741218986509, 0.387402270405, 0.455332906086, 0.148737448885, 0.560981111445, 0.383547215564, 0.215538813335, 0.553877882958, 0.628362701051, 0.524103873979, 0.0367765273302, 0.980845187284, 0.387512454177, 0.967410062303, 0.865570073585, 0.0717428599242, 0.623485370356, 0.917666457505, 0.87641287189, 0.482648287881, 0.831891706678, 0.60727853723, 0.260193271056, 0.000992013008505, 5.67461048404
0.000992013008505, 0.821346647498, 0.568478363109, 0.628691611888, 0.0951223283318, 0.95085504726, 0.400062269527, 0.0741218986509, 0.387402270405, 0.455332906086, 0.148737448885, 0.560981111445, 0.383547215564, 0.215538813335, 0.553877882958, 0.628362701051, 0.524103873979, 0.0367765273302, 0.980845187284, 0.387512454177, 0.967410062303, 0.865570073585, 0.0717428599242, 0.623485370356, 0.917666457505, 0.87641287189, 0.482648287881, 0.831891706678, 0.60727853723, 0.260193271056, 0.000992013008505, 5.67461048404
0.942203444618, 0.0335458017354, 0.0375069589985, 0.602715302848, 0.194153685476, 0.406515107537, 0.702890266094, 0.416906836026, 0.284058180061, 0.20205349407, 0.412401691683, 0.31946823328, 0.993130198451, 0.0325131076182, 0.399520369756, 0.0192175784784, 0.974034646976, 0.559592695303, 0.111152085341, 0.621882517347, 0.0699532672241, 0.437469960964, 0.372350239944, 0.972253861119, 0.0385591819752, 0.545992165251, 0.284475828035, 0.282486797438, 0.133028358093, 0.152187293509, 0.942203444618, 2.28210564514
0.942203444618, 0.0335458017354, 0.0375069589985, 0.602715302848, 0.194153685476, 0.406515107537, 0.702890266094, 0.416906836026, 0.284058180061, 0.20205349407, 0.412401691683, 0.31946823328, 0.993130198451, 0.0325131076182, 0.399520369756, 0.0192175784784, 0.974034646976, 0.559592695303, 0.111152085341, 0.621882517347, 0.0699532672241, 0.437469960964, 0.372350239944, 0.972253861119, 0.0385591819752, 0.545992165251, 0.284475828035, 0.282486797438, 0.133028358093, 0.152187293509, 0.942203444618, 2.28210564514
0.283362840633, 0.131591285162, 0.143158572464, 0.052493441469, 0.562415404196, 0.0262697297687, 0.539715097547, 0.0504451023912, 0.145325894551, 0.646829356446, 0.828917037248, 0.756292980516, 0.0068092087947, 0.0793554528804, 0.905901428912, 0.981977298819, 0.108499151671, 0.497540424137, 0.589311640853, 0.000181364040774, 0.370393961308, 0.591739456045, 0.278800017391, 0.4825164511, 0.424979542176, 0.488734137289, 0.228180286523, 0.623016117658, 0.996700547948, 0.092634482917, 0.283362840633, 3.46665691354
0.283362840633, 0.131591285162, 0.143158572464, 0.052493441469, 0.562415404196, 0.0262697297687, 0.539715097547, 0.0504451023912, 0.145325894551, 0.646829356446, 0.828917037248, 0.756292980516, 0.0068092087947, 0.0793554528804, 0.905901428912, 0.981977298819, 0.108499151671, 0.497540424137, 0.589311640853, 0.000181364040774, 0.370393961308, 0.591739456045, 0.278800017391, 0.4825164511, 0.424979542176, 0.488734137289, 0.228180286523, 0.623016117658, 0.996700547948, 0.092634482917, 0.283362840633, 3.46665691354
0.978710830163, 0.0740378531323, 0.0659256525212, 0.38206008149, 0.0999477760895, 0.143923803404, 0.180751319895, 0.205016823404, 0.204329359839, 0.695312354399, 0.899931993512, 0.00235134759126, 0.154315703574, 0.121636197594, 0.326327735156, 0.585336723478, 0.911128560165, 0.760814408883, 0.0358219141967, 0.312915048965, 0.292061703044, 0.595197302322, 0.698059997425, 0.127773194561, 0.0959657117226, 0.789249675714, 0.4273037982, 0.543518266341, 0.145186192471, 0.53471254178, 0.978710830163, 2.1960530856
0.978710830163, 0.0740378531323, 0.0659256525212, 0.38206008149, 0.0999477760895, 0.143923803404, 0.180751319895, 0.205016823404, 0.204329359839, 0.695312354399, 0.899931993512, 0.00235134759126, 0.154315703574, 0.121636197594, 0.326327735156, 0.585336723478, 0.911128560165, 0.760814408883, 0.0358219141967, 0.312915048965, 0.292061703044, 0.595197302322, 0.698059997425, 0.127773194561, 0.0959657117226, 0.789249675714, 0.4273037982, 0.543518266341, 0.145186192471, 0.53471254178, 0.978710830163, 2.1960530856
0.769984834345, 0.505289624263, 0.448180652078, 0.354740481995, 0.0543369173457, 0.704782985722, 0.910514794164, 0.739182383693, 0.0656234321519, 0.0296065062323, 0.0874469300435, 0.121142236863, 0.18021760848, 0.258530360924, 0.458610162846, 0.00760091654803, 0.314517154717, 0.971730628217, 0.732612365138, 0.283531116576, 0.183165503074, 0.652177817767, 0.195757855363, 0.116785209366, 0.367173477947, 0.73713471486, 0.151462723672, 0.146711605052, 0.581326528456, 0.213113930567, 0.769984834345, 2.46564605307
0.769984834345, 0.505289624263, 0.448180652078, 0.354740481995, 0.0543369173457, 0.704782985722, 0.910514794164, 0.739182383693, 0.0656234321519, 0.0296065062323, 0.0874469300435, 0.121142236863, 0.18021760848, 0.258530360924, 0.458610162846, 0.00760091654803, 0.314517154717, 0.971730628217, 0.732612365138, 0.283531116576, 0.183165503074, 0.652177817767, 0.195757855363, 0.116785209366, 0.367173477947, 0.73713471486, 0.151462723672, 0.146711605052, 0.581326528456, 0.213113930567, 0.769984834345, 2.46564605307
0.407438570352, 0.029133676337, 0.228323194413, 0.357554886433, 0.894991555603, 0.42669310743, 0.644749428061, 0.736493965776, 0.450131386061, 0.101004438733, 0.898186305554, 0.199288536211, 0.279261604378, 0.0945334551987, 0.00790937630485, 0.0853250322063, 0.45407655318, 0.0424574764945, 0.15170854735, 0.86260700473, 0.0736085472674, 0.94900856799, 0.34072915468, 0.119181396214, 0.755214872574, 0.372866113604, 0.499292461153, 0.280615177817, 0.00940688113171, 0.147049573004, 0.407438570352, 2.93912321838
0.407438570352, 0.029133676337, 0.228323194413, 0.357554886433, 0.894991555603, 0.42669310743, 0.644749428061, 0.736493965776, 0.450131386061, 0.101004438733, 0.898186305554, 0.199288536211, 0.279261604378, 0.0945334551987, 0.00790937630485, 0.0853250322063, 0.45407655318, 0.0424574764945, 0.15170854735, 0.86260700473, 0.0736085472674, 0.94900856799, 0.34072915468, 0.119181396214, 0.755214872574, 0.372866113604, 0.499292461153, 0.280615177817, 0.00940688113171, 0.147049573004, 0.407438570352, 2.93912321838
0.543814652393, 0.532405652978, 0.182577499576, 0.235720779221, 0.0732944085964, 0.574806902337, 0.816868414453, 0.960611308332, 0.814098842619, 0.305142655329, 0.187748101016, 0.780910967332, 0.821937754453, 0.259669403606, 0.131499860945, 0.352967090042, 0.522174319633, 0.0749708686227, 0.000459454818199, 0.494964051706, 0.624670860596, 0.363656964775, 0.591040520072, 0.458067157553, 0.259800436924, 0.490311808596, 0.00905336969574, 0.127957889734, 0.154988815224, 0.0193296067705, 0.543814652393, 2.92128394007
0.543814652393, 0.532405652978, 0.182577499576, 0.235720779221, 0.0732944085964, 0.574806902337, 0.816868414453, 0.960611308332, 0.814098842619, 0.305142655329, 0.187748101016, 0.780910967332, 0.821937754453, 0.259669403606, 0.131499860945, 0.352967090042, 0.522174319633, 0.0749708686227, 0.000459454818199, 0.494964051706, 0.624670860596, 0.363656964775, 0.591040520072, 0.458067157553, 0.259800436924, 0.490311808596, 0.00905336969574, 0.127957889734, 0.154988815224, 0.0193296067705, 0.543814652393, 2.92128394007
0.118471964422, 0.029133676337, 0.228323194413, 0.357554886433, 0.894991555603, 0.42669310743, 0.644749428061, 0.736493965776, 0.450131386061, 0.101004438733, 0.898186305554, 0.199288536211, 0.279261604378, 0.0945334551987, 0.00790937630485, 0.0853250322063, 0.45407655318, 0.0424574764945, 0.15170854735, 0.86366414302, 0.0736085472674, 0.875634229508, 0.34072915468, 0.119181396214, 0.852689372112, 0.425448864629, 0.495417294131, 0.280615177817, 0.00940688113171, 0.147049573004, 0.118471964422, 3.56688806068
0.118471964422, 0.029133676337, 0.228323194413, 0.357554886433, 0.894991555603, 0.42669310743, 0.644749428061, 0.736493965776, 0.450131386061, 0.101004438733, 0.898186305554, 0.199288536211, 0.279261604378, 0.0945334551987, 0.00790937630485, 0.0853250322063, 0.45407655318, 0.0424574764945, 0.15170854735, 0.86366414302, 0.0736085472674, 0.875634229508, 0.34072915468, 0.119181396214, 0.852689372112, 0.425448864629, 0.495417294131, 0.280615177817, 0.00940688113171, 0.147049573004, 0.118471964422, 3.56688806068
0.108445241775, 0.532405652978, 0.182577499576, 0.235720779221, 0.0732944085964, 0.616546284477, 0.816868414453, 0.960611308332, 0.814098842619, 0.305142655329, 0.187748101016, 0.780910967332, 0.151801059467, 0.259669403606, 0.131499860945, 0.352967090042, 0.522174319633, 0.0577954533176, 0.000459454818199, 0.494964051706, 0.92412023076, 0.375066904284, 0.0405289987495, 0.458067157553, 0.259800436924, 0.490311808596, 0.154302219426, 0.127957889734, 0.693991944248, 0.0193296067705, 0.108445241775, 3.72787445467
0.108445241775, 0.532405652978, 0.182577499576, 0.235720779221, 0.0732944085964, 0.616546284477, 0.816868414453, 0.960611308332, 0.814098842619, 0.305142655329, 0.187748101016, 0.780910967332, 0.151801059467, 0.259669403606, 0.131499860945, 0.352967090042, 0.522174319633, 0.0577954533176, 0.000459454818199, 0.494964051706, 0.92412023076, 0.375066904284, 0.0405289987495, 0.458067157553, 0.259800436924, 0.490311808596, 0.154302219426, 0.127957889734, 0.693991944248, 0.0193296067705, 0.108445241775, 3.72787445467
0.0527508967687, 0.0149109857261, 0.173803415537, 0.519986667051, 0.234357186414, 0.24738687226, 0.434329634472, 0.520561436343, 0.0908164098337, 0.768138953479, 0.661186346025, 0.92863584086, 0.741212325429, 0.999178402193, 0.892216556606, 0.404131853047, 0.11884162677, 0.13237012823, 0.15770669966, 0.670757446434, 0.30337101503, 0.00505541971455, 0.0485689358836, 0.0488121556422, 0.0968055897812, 0.527692845801, 0.273817637736, 0.179633597879, 0.0564544768965, 0.170094837313, 0.0527508967687, 3.76145307703
0.0527508967687, 0.0149109857261, 0.173803415537, 0.519986667051, 0.234357186414, 0.24738687226, 0.434329634472, 0.520561436343, 0.0908164098337, 0.768138953479, 0.661186346025, 0.92863584086, 0.741212325429, 0.999178402193, 0.892216556606, 0.404131853047, 0.11884162677, 0.13237012823, 0.15770669966, 0.670757446434, 0.30337101503, 0.00505541971455, 0.0485689358836, 0.0488121556422, 0.0968055897812, 0.527692845801, 0.273817637736, 0.179633597879, 0.0564544768965, 0.170094837313, 0.0527508967687, 3.76145307703
0.0237557248468, 0.0460719998528, 0.273977869489, 0.0418290852801, 0.0843966666756, 0.73382742058, 0.549044137564, 0.280003410529, 0.90078048613, 0.605326683619, 0.572749295987, 0.418222768613, 0.223371773438, 0.387995743266, 0.121549375282, 0.074342513872, 0.16619111937, 0.341487432233, 0.0181437784256, 0.173043813407, 0.171916922416, 0.808926082397, 0.230446678158, 0.351873130074, 0.198252434298, 0.480087458866, 0.596657820197, 0.496848824047, 0.802138504385, 0.491901532749, 0.0237557248468, 3.98280331005
0.0237557248468, 0.0460719998528, 0.273977869489, 0.0418290852801, 0.0843966666756, 0.73382742058, 0.549044137564, 0.280003410529, 0.90078048613, 0.605326683619, 0.572749295987, 0.418222768613, 0.223371773438, 0.387995743266, 0.121549375282, 0.074342513872, 0.16619111937, 0.341487432233, 0.0181437784256, 0.173043813407, 0.171916922416, 0.808926082397, 0.230446678158, 0.351873130074, 0.198252434298, 0.480087458866, 0.596657820197, 0.496848824047, 0.802138504385, 0.491901532749, 0.0237557248468, 3.98280331005
0.0023857630913, 0.821346647498, 0.612273541206, 0.628691611888, 0.0951223283318, 0.820417946847, 0.400062269527, 0.0741218986509, 0.652039878042, 0.455332906086, 0.148737448885, 0.631294194845, 0.383547215564, 0.215538813335, 0.553877882958, 0.628362701051, 0.0530695279077, 0.0367765273302, 0.980845187284, 0.387512454177, 0.967410062303, 0.865570073585, 0.0717428599242, 0.00750223651345, 0.917666457505, 0.420199894083, 0.482648287881, 0.831891706678, 0.60727853723, 0.260193271056, 0.0023857630913, 5.23530565266
0.0023857630913, 0.821346647498, 0.612273541206, 0.628691611888, 0.0951223283318, 0.820417946847, 0.400062269527, 0.0741218986509, 0.652039878042, 0.455332906086, 0.148737448885, 0.631294194845, 0.383547215564, 0.215538813335, 0.553877882958, 0.628362701051, 0.0530695279077, 0.0367765273302, 0.980845187284, 0.387512454177, 0.967410062303, 0.865570073585, 0.0717428599242, 0.00750223651345, 0.917666457505, 0.420199894083, 0.482648287881, 0.831891706678, 0.60727853723, 0.260193271056, 0.0023857630913, 5.23530565266
0.0153502556974, 0.546047545537, 0.706405344567, 0.491643929577, 0.949312546833, 0.570746757555, 0.0027177855902, 0.455879324138, 0.918004420125, 0.324702478596, 0.425197518003, 0.844403578013, 0.402444350949, 0.0415931578309, 0.268574524403, 0.24600290571, 0.848316836379, 0.255848086306, 0.867728574706, 0.304773456445, 0.604364740996, 0.207354327909, 0.256492609406, 0.00933556452725, 0.0206381054784, 0.638156421262, 0.923573667887, 0.759190052258, 0.231151722912, 0.232892815416, 0.0153502556974, 4.86318113428
0.0153502556974, 0.546047545537, 0.706405344567, 0.491643929577, 0.949312546833, 0.570746757555, 0.0027177855902, 0.455879324138, 0.918004420125, 0.324702478596, 0.425197518003, 0.844403578013, 0.402444350949, 0.0415931578309, 0.268574524403, 0.24600290571, 0.848316836379, 0.255848086306, 0.867728574706, 0.304773456445, 0.604364740996, 0.207354327909, 0.256492609406, 0.00933556452725, 0.0206381054784, 0.638156421262, 0.923573667887, 0.759190052258, 0.231151722912, 0.232892815416, 0.0153502556974, 4.86318113428
0.616313045177, 0.0779948512075, 0.568478363109, 0.4402280541, 0.0951223283318, 0.122921078639, 0.400062269527, 0.157866790341, 0.387402270405, 0.455332906086, 0.148737448885, 0.560981111445, 0.383547215564, 0.215538813335, 0.281632455918, 0.628362701051, 0.524103873979, 0.0495058645541, 0.980845187284, 0.387512454177, 0.0725569222557, 0.706299847204, 0.0717428599242, 0.140983147562, 0.938753013278, 0.420199894083, 0.649981589348, 0.00586319805095, 0.0590700264292, 0.260193271056, 0.616313045177, 2.56119892748
0.616313045177, 0.0779948512075, 0.568478363109, 0.4402280541, 0.0951223283318, 0.122921078639, 0.400062269527, 0.157866790341, 0.387402270405, 0.455332906086, 0.148737448885, 0.560981111445, 0.383547215564, 0.215538813335, 0.281632455918, 0.628362701051, 0.524103873979, 0.0495058645541, 0.980845187284, 0.387512454177, 0.0725569222557, 0.706299847204, 0.0717428599242, 0.140983147562, 0.938753013278, 0.420199894083, 0.649981589348, 0.00586319805095, 0.0590700264292, 0.260193271056, 0.616313045177, 2.56119892748
0.613195383297, 0.686092022487, 0.538978046178, 0.261494664446, 0.0676931246207, 0.610996941466, 0.586702593267, 0.712406238848, 0.0521163785335, 0.0401424914873, 0.382429252933, 0.679533753612, 0.0847077146315, 0.6300565561, 0.79016806384, 0.415483907951, 0.209088371223, 0.11488639481, 0.089092947461, 0.297203648942, 0.110642534627, 0.773810752494, 0.0789527344911, 0.532501001012, 0.245876407376, 0.748307784401, 0.394776281858, 0.58243034875, 0.797606348861, 0.0557335997803, 0.613195383297, 2.91287395328
0.613195383297, 0.686092022487, 0.538978046178, 0.261494664446, 0.0676931246207, 0.610996941466, 0.586702593267, 0.712406238848, 0.0521163785335, 0.0401424914873, 0.382429252933, 0.679533753612, 0.0847077146315, 0.6300565561, 0.79016806384, 0.415483907951, 0.209088371223, 0.11488639481, 0.089092947461, 0.297203648942, 0.110642534627, 0.773810752494, 0.0789527344911, 0.532501001012, 0.245876407376, 0.748307784401, 0.394776281858, 0.58243034875, 0.797606348861, 0.0557335997803, 0.613195383297, 2.91287395328
0.952028887052, 0.21864957928, 0.0596069832711, 0.0228776344177, 0.377667722538, 0.0740508797092, 0.336269839099, 0.349043680462, 0.356079969888, 0.933885639177, 0.393677170272, 0.699881336243, 0.729564473522, 0.0740396506754, 0.612972129806, 0.271212757572, 0.354167176337, 0.163153000104, 0.034248421062, 0.0158116064354, 0.0171358081581, 0.946677300966, 0.292159999463, 0.462635927967, 0.274414405232, 0.55715992378, 0.644624082758, 0.899676997696, 0.248952344484, 0.247787686225, 0.952028887052, 2.28495364324
0.952028887052, 0.21864957928, 0.0596069832711, 0.0228776344177, 0.377667722538, 0.0740508797092, 0.336269839099, 0.349043680462, 0.356079969888, 0.933885639177, 0.393677170272, 0.699881336243, 0.729564473522, 0.0740396506754, 0.612972129806, 0.271212757572, 0.354167176337, 0.163153000104, 0.034248421062, 0.0158116064354, 0.0171358081581, 0.946677300966, 0.292159999463, 0.462635927967, 0.274414405232, 0.55715992378, 0.644624082758, 0.899676997696, 0.248952344484, 0.247787686225, 0.952028887052, 2.28495364324
0.942203444618, 0.0335458017354, 0.0375069589985, 0.323128316378, 0.0858610852121, 0.0658074755348, 0.702890266094, 0.631607860261, 0.284058180061, 0.158460246575, 0.412401691683, 0.3132872076, 0.260213452789, 0.0325131076182, 0.399520369756, 0.652202345984, 0.368221316281, 0.559592695303, 0.111152085341, 0.621882517347, 0.0699532672241, 0.280071680145, 0.372350239944, 0.987449325852, 0.39315251599, 0.707311242653, 0.555927170071, 0.407755836789, 0.646576223639, 0.152187293509, 0.942203444618, 2.28556901567
0.942203444618, 0.0335458017354, 0.0375069589985, 0.323128316378, 0.0858610852121, 0.0658074755348, 0.702890266094, 0.631607860261, 0.284058180061, 0.158460246575, 0.412401691683, 0.3132872076, 0.260213452789, 0.0325131076182, 0.399520369756, 0.652202345984, 0.368221316281, 0.559592695303, 0.111152085341, 0.621882517347, 0.0699532672241, 0.280071680145, 0.372350239944, 0.987449325852, 0.39315251599, 0.707311242653, 0.555927170071, 0.407755836789, 0.646576223639, 0.152187293509, 0.942203444618, 2.28556901567
0.283362840633, 0.131591285162, 0.264512433951, 0.052493441469, 0.432128956502, 0.935943751492, 0.374413850188, 0.0504451023912, 0.0232209878235, 0.646829356446, 0.154785183819, 0.756292980516, 0.215521167375, 0.100313488416, 0.663404213617, 0.981977298819, 0.108499151671, 0.497540424137, 0.302913469961, 0.0191591341521, 0.370393961308, 0.591739456045, 0.278800017391, 0.462893228098, 0.699521228141, 0.403436103302, 0.228180286523, 0.623016117658, 0.996700547948, 0.350909998153, 0.283362840633, 3.49027431782
0.283362840633, 0.131591285162, 0.264512433951, 0.052493441469, 0.432128956502, 0.935943751492, 0.374413850188, 0.0504451023912, 0.0232209878235, 0.646829356446, 0.154785183819, 0.756292980516, 0.215521167375, 0.100313488416, 0.663404213617, 0.981977298819, 0.108499151671, 0.497540424137, 0.302913469961, 0.0191591341521, 0.370393961308, 0.591739456045, 0.278800017391, 0.462893228098, 0.699521228141, 0.403436103302, 0.228180286523, 0.623016117658, 0.996700547948, 0.350909998153, 0.283362840633, 3.49027431782
0.978710830163, 0.0740378531323, 0.0659256525212, 0.38206008149, 0.0987829319214, 0.143923803404, 0.180751319895, 0.205016823404, 0.204329359839, 0.695312354399, 0.899931993512, 0.00235134759126, 0.154315703574, 0.117834289932, 0.326327735156, 0.585336723478, 0.911128560165, 0.760814408883, 0.0358219141967, 0.500013941535, 0.261250145099, 0.595197302322, 0.698059997425, 0.127773194561, 0.0959657117226, 0.789249675714, 0.4273037982, 0.543518266341, 0.145186192471, 0.53471254178, 0.978710830163, 2.23175254352
0.978710830163, 0.0740378531323, 0.0659256525212, 0.38206008149, 0.0987829319214, 0.143923803404, 0.180751319895, 0.205016823404, 0.204329359839, 0.695312354399, 0.899931993512, 0.00235134759126, 0.154315703574, 0.117834289932, 0.326327735156, 0.585336723478, 0.911128560165, 0.760814408883, 0.0358219141967, 0.500013941535, 0.261250145099, 0.595197302322, 0.698059997425, 0.127773194561, 0.0959657117226, 0.789249675714, 0.4273037982, 0.543518266341, 0.145186192471, 0.53471254178, 0.978710830163, 2.23175254352
0.407438570352, 0.0253041752586, 0.228323194413, 0.357554886433, 0.894991555603, 0.42669310743, 0.763456568393, 0.793700138754, 0.450131386061, 0.395138185322, 0.479689625355, 0.149434612457, 0.278763844068, 0.0945334551987, 0.0568493527517, 0.199597005069, 0.45407655318, 0.0162976062715, 0.15170854735, 0.86366414302, 0.172282346602, 0.992482471492, 0.34072915468, 0.0613685678857, 0.852689372112, 0.425448864629, 0.495417294131, 0.280615177817, 0.00940688113171, 0.147049573004, 0.407438570352, 3.03525162754
0.407438570352, 0.0253041752586, 0.228323194413, 0.357554886433, 0.894991555603, 0.42669310743, 0.763456568393, 0.793700138754, 0.450131386061, 0.395138185322, 0.479689625355, 0.149434612457, 0.278763844068, 0.0945334551987, 0.0568493527517, 0.199597005069, 0.45407655318, 0.0162976062715, 0.15170854735, 0.86366414302, 0.172282346602, 0.992482471492, 0.34072915468, 0.0613685678857, 0.852689372112, 0.425448864629, 0.495417294131, 0.280615177817, 0.00940688113171, 0.147049573004, 0.407438570352, 3.03525162754
0.256208230955, 0.262871366635, 0.264512433951, 0.052493441469, 0.432128956502, 0.935943751492, 0.539715097547, 0.0504451023912, 0.0232209878235, 0.646829356446, 0.154785183819, 0.756292980516, 0.215521167375, 0.0793554528804, 0.905901428912, 0.981977298819, 0.336465616221, 0.497540424137, 0.4638108501, 0.0191591341521, 0.370393961308, 0.591739456045, 0.278800017391, 0.372790753627, 0.0133808674199, 0.403436103302, 0.228180286523, 0.700515332459, 0.996700547948, 0.315124320172, 0.256208230955, 3.59382594034
0.256208230955, 0.262871366635, 0.264512433951, 0.052493441469, 0.432128956502, 0.935943751492, 0.539715097547, 0.0504451023912, 0.0232209878235, 0.646829356446, 0.154785183819, 0.756292980516, 0.215521167375, 0.0793554528804, 0.905901428912, 0.981977298819, 0.336465616221, 0.497540424137, 0.4638108501, 0.0191591341521, 0.370393961308, 0.591739456045, 0.278800017391, 0.372790753627, 0.0133808674199, 0.403436103302, 0.228180286523, 0.700515332459, 0.996700547948, 0.315124320172, 0.256208230955, 3.59382594034
0.0527508967687, 0.00401883588947, 0.126654370544, 0.882300848626, 0.417876289955, 0.0826454407454, 0.434329634472, 0.520561436343, 0.0908164098337, 0.768138953479, 0.443330560501, 0.436779937899, 0.844529572633, 0.562218980741, 0.960562827314, 0.404131853047, 0.11884162677, 0.170873445454, 0.54707670842, 0.670757446434, 0.242566910563, 0.00505541971455, 0.0485689358836, 0.189235576847, 0.0968055897812, 0.862625982341, 0.273817637736, 0.179633597879, 0.556179620632, 0.170094837313, 0.0527508967687, 3.96384443927
0.0527508967687, 0.00401883588947, 0.126654370544, 0.882300848626, 0.417876289955, 0.0826454407454, 0.434329634472, 0.520561436343, 0.0908164098337, 0.768138953479, 0.443330560501, 0.436779937899, 0.844529572633, 0.562218980741, 0.960562827314, 0.404131853047, 0.11884162677, 0.170873445454, 0.54707670842, 0.670757446434, 0.242566910563, 0.00505541971455, 0.0485689358836, 0.189235576847, 0.0968055897812, 0.862625982341, 0.273817637736, 0.179633597879, 0.556179620632, 0.170094837313, 0.0527508967687, 3.96384443927
0.0915220867703, 0.532405652978, 0.826051833163, 0.195114956066, 0.00677084315303, 0.579641591069, 0.850082514429, 0.960611308332, 0.999287448263, 0.305142655329, 0.187748101016, 0.175392792992, 0.185735101155, 0.259669403606, 0.131499860945, 0.352967090042, 0.522174319633, 0.0577954533176, 0.000459454818199, 0.494964051706, 0.678108149749, 0.376634558688, 0.0405289987495, 0.615513633475, 0.259800436924, 0.490311808596, 0.154302219426, 0.173507197741, 0.693991944248, 0.00703979782998, 0.0915220867703, 3.8108369417
0.0915220867703, 0.532405652978, 0.826051833163, 0.195114956066, 0.00677084315303, 0.579641591069, 0.850082514429, 0.960611308332, 0.999287448263, 0.305142655329, 0.187748101016, 0.175392792992, 0.185735101155, 0.259669403606, 0.131499860945, 0.352967090042, 0.522174319633, 0.0577954533176, 0.000459454818199, 0.494964051706, 0.678108149749, 0.376634558688, 0.0405289987495, 0.615513633475, 0.259800436924, 0.490311808596, 0.154302219426, 0.173507197741, 0.693991944248, 0.00703979782998, 0.0915220867703, 3.8108369417
0.0237557248468, 0.0460719998528, 0.31921722493, 0.0418290852801, 0.0843966666756, 0.73382742058, 0.549044137564, 0.280003410529, 0.90078048613, 0.605326683619, 0.572749295987, 0.418222768613, 0.223371773438, 0.387995743266, 0.121549375282, 0.00827442667753, 0.16619111937, 0.341487432233, 0.0801240479168, 0.173043813407, 0.171916922416, 0.663861203049, 0.498263441552, 0.351873130074, 0.198252434298, 0.480087458866, 0.434534438905, 0.496848824047, 0.802138504385, 0.491901532749, 0.0237557248468, 3.98333521279
0.0237557248468, 0.0460719998528, 0.31921722493, 0.0418290852801, 0.0843966666756, 0.73382742058, 0.549044137564, 0.280003410529, 0.90078048613, 0.605326683619, 0.572749295987, 0.418222768613, 0.223371773438, 0.387995743266, 0.121549375282, 0.00827442667753, 0.16619111937, 0.341487432233, 0.0801240479168, 0.173043813407, 0.171916922416, 0.663861203049, 0.498263441552, 0.351873130074, 0.198252434298, 0.480087458866, 0.434534438905, 0.496848824047, 0.802138504385, 0.491901532749, 0.0237557248468, 3.98333521279
0.0023857630913, 0.821346647498, 0.762658046248, 0.628691611888, 0.0951223283318, 0.820417946847, 0.400062269527, 0.0741218986509, 0.652039878042, 0.455332906086, 0.148737448885, 0.631294194845, 0.383547215564, 0.215538813335, 0.959959965388, 0.628362701051, 0.0530695279077, 0.0367765273302, 0.980845187284, 0.387512454177, 0.977784313912, 0.865570073585, 0.0717428599242, 0.00750223651345, 0.917666457505, 0.420199894083, 0.482648287881, 0.831891706678, 0.60727853723, 0.260193271056, 0.0023857630913, 5.40937907399
0.0023857630913, 0.821346647498, 0.762658046248, 0.628691611888, 0.0951223283318, 0.820417946847, 0.400062269527, 0.0741218986509, 0.652039878042, 0.455332906086, 0.148737448885, 0.631294194845, 0.383547215564, 0.215538813335, 0.959959965388, 0.628362701051, 0.0530695279077, 0.0367765273302, 0.980845187284, 0.387512454177, 0.977784313912, 0.865570073585, 0.0717428599242, 0.00750223651345, 0.917666457505, 0.420199894083, 0.482648287881, 0.831891706678, 0.60727853723, 0.260193271056, 0.0023857630913, 5.40937907399
0.0130254159138, 0.546047545537, 0.778669667671, 0.491643929577, 0.949312546833, 0.570746757555, 0.0128784926833, 0.455879324138, 0.918004420125, 0.930498586117, 0.425197518003, 0.844403578013, 0.402444350949, 0.670919984223, 0.268574524403, 0.24600290571, 0.848316836379, 0.132751137085, 0.867728574706, 0.304773456445, 0.604364740996, 0.207354327909, 0.291468984345, 0.00933556452725, 0.0206381054784, 0.638156421262, 0.923573667887, 0.759190052258, 0.231151722912, 0.232892815416, 0.0130254159138, 5.25745242348
0.0130254159138, 0.546047545537, 0.778669667671, 0.491643929577, 0.949312546833, 0.570746757555, 0.0128784926833, 0.455879324138, 0.918004420125, 0.930498586117, 0.425197518003, 0.844403578013, 0.402444350949, 0.670919984223, 0.268574524403, 0.24600290571, 0.848316836379, 0.132751137085, 0.867728574706, 0.304773456445, 0.604364740996, 0.207354327909, 0.291468984345, 0.00933556452725, 0.0206381054784, 0.638156421262, 0.923573667887, 0.759190052258, 0.231151722912, 0.232892815416, 0.0130254159138, 5.25745242348
0.0153502556974, 0.546047545537, 0.706405344567, 0.18776042937, 0.612179281048, 0.548336336184, 0.0362437192497, 0.455879324138, 0.945445231505, 0.930498586117, 0.785884223498, 0.844403578013, 0.0896995330215, 0.670919984223, 0.268574524403, 0.136348309845, 0.7906721258, 0.0566862534457, 0.919048486687, 0.345204871878, 0.604364740996, 0.371554824682, 0.291468984345, 0.201785278907, 0.0206381054784, 0.80933304948, 0.923573667887, 0.102891760651, 0.551558749734, 0.185285515189, 0.0153502556974, 5.03987729839
0.0153502556974, 0.546047545537, 0.706405344567, 0.18776042937, 0.612179281048, 0.548336336184, 0.0362437192497, 0.455879324138, 0.945445231505, 0.930498586117, 0.785884223498, 0.844403578013, 0.0896995330215, 0.670919984223, 0.268574524403, 0.136348309845, 0.7906721258, 0.0566862534457, 0.919048486687, 0.345204871878, 0.604364740996, 0.371554824682, 0.291468984345, 0.201785278907, 0.0206381054784, 0.80933304948, 0.923573667887, 0.102891760651, 0.551558749734, 0.185285515189, 0.0153502556974, 5.03987729839
0.657481411961, 0.521362637479, 0.448180652078, 0.354740481995, 0.16183137447, 0.0848312066996, 0.910514794164, 0.839888860696, 0.0653961946596, 0.0296065062323, 0.559476039393, 0.121142236863, 0.18021760848, 0.529994253871, 0.445409750255, 0.00760091654803, 0.314517154717, 0.971730628217, 0.732612365138, 0.52419104066, 0.183165503074, 0.652177817767, 0.195757855363, 0.116785209366, 0.367173477947, 0.256334294528, 0.151462723672, 0.146711605052, 0.669661576162, 0.49376822509, 0.657481411961, 2.71934981969
0.657481411961, 0.521362637479, 0.448180652078, 0.354740481995, 0.16183137447, 0.0848312066996, 0.910514794164, 0.839888860696, 0.0653961946596, 0.0296065062323, 0.559476039393, 0.121142236863, 0.18021760848, 0.529994253871, 0.445409750255, 0.00760091654803, 0.314517154717, 0.971730628217, 0.732612365138, 0.52419104066, 0.183165503074, 0.652177817767, 0.195757855363, 0.116785209366, 0.367173477947, 0.256334294528, 0.151462723672, 0.146711605052, 0.669661576162, 0.49376822509, 0.657481411961, 2.71934981969
0.688108963218, 0.265359023673, 0.511743290982, 0.006782286179, 0.688153153235, 0.537341701485, 0.498385213594, 0.188587478054, 0.920642114666, 0.111128906693, 0.520244098761, 0.429656910742, 0.775453525863, 0.199471685644, 0.0107452406513, 0.425942006592, 0.109337035159, 0.159635137791, 0.203251915374, 0.697996457507, 0.742861440342, 0.0667123004702, 0.364847571783, 0.938146298211, 0.181938190634, 0.114560833486, 0.284753742314, 0.34540444142, 0.190338229751, 0.132373462291, 0.688108963218, 2.57699899323
0.688108963218, 0.265359023673, 0.511743290982, 0.006782286179, 0.688153153235, 0.537341701485, 0.498385213594, 0.188587478054, 0.920642114666, 0.111128906693, 0.520244098761, 0.429656910742, 0.775453525863, 0.199471685644, 0.0107452406513, 0.425942006592, 0.109337035159, 0.159635137791, 0.203251915374, 0.697996457507, 0.742861440342, 0.0667123004702, 0.364847571783, 0.938146298211, 0.181938190634, 0.114560833486, 0.284753742314, 0.34540444142, 0.190338229751, 0.132373462291, 0.688108963218, 2.57699899323
0.616313045177, 0.393445482675, 0.568478363109, 0.4402280541, 0.182792406325, 0.122921078639, 0.622160563364, 0.485882906347, 0.387402270405, 0.455332906086, 0.148737448885, 0.560981111445, 0.383547215564, 0.215538813335, 0.416720500938, 0.628362701051, 0.524103873979, 0.0495058645541, 0.980845187284, 0.387512454177, 0.0725569222557, 0.706299847204, 0.0717428599242, 0.140983147562, 0.917666457505, 0.420199894083, 0.790070031098, 0.00586319805095, 0.0590700264292, 0.260193271056, 0.616313045177, 2.86535510848
0.616313045177, 0.393445482675, 0.568478363109, 0.4402280541, 0.182792406325, 0.122921078639, 0.622160563364, 0.485882906347, 0.387402270405, 0.455332906086, 0.148737448885, 0.560981111445, 0.383547215564, 0.215538813335, 0.416720500938, 0.628362701051, 0.524103873979, 0.0495058645541, 0.980845187284, 0.387512454177, 0.0725569222557, 0.706299847204, 0.0717428599242, 0.140983147562, 0.917666457505, 0.420199894083, 0.790070031098, 0.00586319805095, 0.0590700264292, 0.260193271056, 0.616313045177, 2.86535510848
0.942203444618, 0.0335458017354, 0.0375069589985, 0.284146759255, 0.194153685476, 0.406515107537, 0.702890266094, 0.416906836026, 0.756672664113, 0.158460246575, 0.412401691683, 0.263191510123, 0.828198407302, 0.0325131076182, 0.137512081003, 0.652202345984, 0.945499022089, 0.559592695303, 0.111152085341, 0.621882517347, 0.0699532672241, 0.19147398694, 0.372350239944, 0.987449325852, 0.0385591819752, 0.545992165251, 0.277031204828, 0.407755836789, 0.133028358093, 0.152187293509, 0.942203444618, 2.31033558535
0.942203444618, 0.0335458017354, 0.0375069589985, 0.284146759255, 0.194153685476, 0.406515107537, 0.702890266094, 0.416906836026, 0.756672664113, 0.158460246575, 0.412401691683, 0.263191510123, 0.828198407302, 0.0325131076182, 0.137512081003, 0.652202345984, 0.945499022089, 0.559592695303, 0.111152085341, 0.621882517347, 0.0699532672241, 0.19147398694, 0.372350239944, 0.987449325852, 0.0385591819752, 0.545992165251, 0.277031204828, 0.407755836789, 0.133028358093, 0.152187293509, 0.942203444618, 2.31033558535
0.978710830163, 0.0740378531323, 0.0659256525212, 0.38206008149, 0.287235301772, 0.143923803404, 0.180751319895, 0.354045677013, 0.0527473810964, 0.695312354399, 0.899931993512, 0.00235134759126, 0.154315703574, 0.121636197594, 0.326327735156, 0.585336723478, 0.911128560165, 0.546105167795, 0.0358219141967, 0.599103347709, 0.261250145099, 0.595197302322, 0.842383887657, 0.133335434937, 0.0959657117226, 0.789249675714, 0.4273037982, 0.543518266341, 0.145186192471, 0.53471254178, 0.978710830163, 2.28470365609
0.978710830163, 0.0740378531323, 0.0659256525212, 0.38206008149, 0.287235301772, 0.143923803404, 0.180751319895, 0.354045677013, 0.0527473810964, 0.695312354399, 0.899931993512, 0.00235134759126, 0.154315703574, 0.121636197594, 0.326327735156, 0.585336723478, 0.911128560165, 0.546105167795, 0.0358219141967, 0.599103347709, 0.261250145099, 0.595197302322, 0.842383887657, 0.133335434937, 0.0959657117226, 0.789249675714, 0.4273037982, 0.543518266341, 0.145186192471, 0.53471254178, 0.978710830163, 2.28470365609
0.0153502556974, 0.546047545537, 0.706405344567, 0.18776042937, 0.612179281048, 0.522421332763, 0.0362437192497, 0.455879324138, 0.945445231505, 0.930498586117, 0.785884223498, 0.844403578013, 0.0896995330215, 0.670919984223, 0.268574524403, 0.136348309845, 0.7906721258, 0.0566862534457, 0.919048486687, 0.375990480641, 0.868013794938, 0.371554824682, 0.291468984345, 0.185419463446, 0.0206381054784, 0.80933304948, 0.923573667887, 0.667115323516, 0.551558749734, 0.185285515189, 0.0153502556974, 5.28651384961
0.0153502556974, 0.546047545537, 0.706405344567, 0.18776042937, 0.612179281048, 0.522421332763, 0.0362437192497, 0.455879324138, 0.945445231505, 0.930498586117, 0.785884223498, 0.844403578013, 0.0896995330215, 0.670919984223, 0.268574524403, 0.136348309845, 0.7906721258, 0.0566862534457, 0.919048486687, 0.375990480641, 0.868013794938, 0.371554824682, 0.291468984345, 0.185419463446, 0.0206381054784, 0.80933304948, 0.923573667887, 0.667115323516, 0.551558749734, 0.185285515189, 0.0153502556974, 5.28651384961
0.942203444618, 0.0335458017354, 0.0328473565795, 0.284146759255, 0.194153685476, 0.406515107537, 0.702890266094, 0.416906836026, 0.756672664113, 0.158460246575, 0.412401691683, 0.0872973658166, 0.828198407302, 0.0325131076182, 0.137512081003, 0.652202345984, 0.945499022089, 0.559592695303, 0.320628531258, 0.621882517347, 0.0699532672241, 0.11624919927, 0.372350239944, 0.987449325852, 0.0385591819752, 0.545992165251, 0.277031204828, 0.649371386219, 0.133028358093, 0.152187293509, 0.942203444618, 2.35686202439
0.942203444618, 0.0335458017354, 0.0328473565795, 0.284146759255, 0.194153685476, 0.406515107537, 0.702890266094, 0.416906836026, 0.756672664113, 0.158460246575, 0.412401691683, 0.0872973658166, 0.828198407302, 0.0325131076182, 0.137512081003, 0.652202345984, 0.945499022089, 0.559592695303, 0.320628531258, 0.621882517347, 0.0699532672241, 0.11624919927, 0.372350239944, 0.987449325852, 0.0385591819752, 0.545992165251, 0.277031204828, 0.649371386219, 0.133028358093, 0.152187293509, 0.942203444618, 2.35686202439
0.407438570352, 0.029133676337, 0.228323194413, 0.357554886433, 0.894991555603, 0.42669310743, 0.644749428061, 0.736493965776, 0.450131386061, 0.101004438733, 0.898186305554, 0.558552592817, 0.279261604378, 0.0945334551987, 0.00790937630485, 0.196553614141, 0.45407655318, 0.0206370368616, 0.15170854735, 0.86366414302, 0.0736085472674, 0.875634229508, 0.34072915468, 0.119181396214, 0.852689372112, 0.425448864629, 0.495417294131, 0.280615177817, 0.00940688113171, 0.147049573004, 0.407438570352, 3.07643653532
0.0237557248468, 0.0460719998528, 0.31921722493, 0.0566199488041, 0.153662278925, 0.862181873385, 0.549044137564, 0.054876843023, 0.84763733246, 0.897701665775, 0.0546405562228, 0.418222768613, 0.24373254375, 0.387995743266, 0.156584877643, 0.158380650563, 0.520677234746, 0.341487432233, 0.0762132467277, 0.173043813407, 0.171916922416, 0.808926082397, 0.38430317235, 0.351873130074, 0.573047003583, 0.061995564461, 0.584465556132, 0.496848824047, 0.456974618111, 0.86652934859, 0.0237557248468, 4.11236823464
0.688108963218, 0.265359023673, 0.465174913973, 0.006782286179, 0.688153153235, 0.681809466609, 0.498385213594, 0.188587478054, 0.869763583436, 0.0514865134623, 0.520244098761, 0.429656910742, 0.775453525863, 0.199471685644, 0.0107452406513, 0.425942006592, 0.109337035159, 0.142737623678, 0.261102039903, 0.697996457507, 0.742861440342, 0.0667123004702, 0.364847571783, 0.938146298211, 0.181938190634, 0.114560833486, 0.284753742314, 0.34540444142, 0.190338229751, 0.132373462291, 0.688108963218, 2.58403294221
0.613195383297, 0.464233572685, 0.538978046178, 0.261494664446, 0.0676931246207, 0.610996941466, 0.586702593267, 0.712406238848, 0.0521163785335, 0.0401424914873, 0.382429252933, 0.679533753612, 0.0847077146315, 0.6300565561, 0.79016806384, 0.415483907951, 0.209088371223, 0.11488639481, 0.986338604221, 0.297203648942, 0.217041965916, 0.659453358822, 0.0505405642484, 0.573847361039, 0.245876407376, 0.748307784401, 0.394776281858, 0.58243034875, 0.747766489994, 0.0557335997803, 0.613195383297, 3.07316846514
0.283362840633, 0.131591285162, 0.143158572464, 0.052493441469, 0.562415404196, 0.49393456417, 0.539715097547, 0.0504451023912, 0.145325894551, 0.646829356446, 0.884323923391, 0.756292980516, 0.0068092087947, 0.0793554528804, 0.905901428912, 0.981977298819, 0.108499151671, 0.497540424137, 0.79583488543, 0.000181364040774, 0.370393961308, 0.591739456045, 0.278800017391, 0.4825164511, 0.47449104634, 0.488734137289, 0.228180286523, 0.623016117658, 0.964575114417, 0.092634482917, 0.283362840633, 3.67009244413
0.108445241775, 0.532405652978, 0.182577499576, 0.235720779221, 0.0732944085964, 0.616546284477, 0.816868414453, 0.960611308332, 0.814098842619, 0.305142655329, 0.187748101016, 0.780910967332, 0.185735101155, 0.485013326066, 0.131499860945, 0.352967090042, 0.522174319633, 0.0577954533176, 0.000459454818199, 0.478791488979, 0.92412023076, 0.375066904284, 0.0405289987495, 0.458067157553, 0.259800436924, 0.490311808596, 0.154302219426, 0.211935784939, 0.693991944248, 0.0193296067705, 0.108445241775, 3.82147839511
