0.108445241775, 0.532405652978, 0.762653496154, 0.0560001949371, 0.00346925957864, 0.579641591069, 0.850082514429, 0.960611308332, 0.869953741963, 0.0016413883194, 0.187748101016, 0.131822941682, 0.185735101155, 0.166448878963, 0.206455278065, 0.352967090042, 0.144823983056, 0.0577954533176, 0.000459454818199, 0.494964051706, 0.678108149749, 0.376634558688, 0.0405289987495, 0.458067157553, 0.202937138341, 0.490311808596, 0.154302219426, 0.173507197741, 0.693991944248, 0.00703979782998, 0.108445241775, 3.3853754794
0.108445241775, 0.532405652978, 0.762653496154, 0.0560001949371, 0.00346925957864, 0.579641591069, 0.850082514429, 0.960611308332, 0.869953741963, 0.0016413883194, 0.187748101016, 0.131822941682, 0.185735101155, 0.166448878963, 0.206455278065, 0.352967090042, 0.144823983056, 0.0577954533176, 0.000459454818199, 0.494964051706, 0.678108149749, 0.376634558688, 0.0405289987495, 0.458067157553, 0.202937138341, 0.490311808596, 0.154302219426, 0.173507197741, 0.693991944248, 0.00703979782998, 0.108445241775, 3.3853754794
0.0185436639658, 0.0108843394116, 0.173803415537, 0.519986667051, 0.417876289955, 0.137922013164, 0.434329634472, 0.520561436343, 0.0908164098337, 0.932342406829, 0.443330560501, 0.92863584086, 0.741212325429, 0.634722738411, 0.988655170944, 0.404131853047, 0.11884162677, 0.170873445454, 0.757301260356, 0.122981622863, 0.235028199116, 0.0299151244902, 0.0485689358836, 0.0488121556422, 0.0968055897812, 0.00445420056139, 0.273817637736, 0.0246859043765, 0.506903894377, 0.170094837313, 0.0185436639658, 3.82408844084
0.0185436639658, 0.0108843394116, 0.173803415537, 0.519986667051, 0.417876289955, 0.137922013164, 0.434329634472, 0.520561436343, 0.0908164098337, 0.932342406829, 0.443330560501, 0.92863584086, 0.741212325429, 0.634722738411, 0.988655170944, 0.404131853047, 0.11884162677, 0.170873445454, 0.757301260356, 0.122981622863, 0.235028199116, 0.0299151244902, 0.0485689358836, 0.0488121556422, 0.0968055897812, 0.00445420056139, 0.273817637736, 0.0246859043765, 0.506903894377, 0.170094837313, 0.0185436639658, 3.82408844084
0.361129831083, 0.0156404108548, 0.260949292374, 0.762344117384, 0.0956716632519, 0.862181873385, 0.549044137564, 0.146586612274, 0.84763733246, 0.340257275029, 0.335813310801, 0.0328302742286, 0.24373254375, 0.387995743266, 0.156584877643, 0.158380650563, 0.628228350312, 0.55454413724, 0.0762132467277, 0.173043813407, 0.171916922416, 0.808926082397, 0.38430317235, 0.351873130074, 0.299310875784, 0.061995564461, 0.341398279498, 0.496848824047, 0.802138504385, 0.0193296067705, 0.361129831083, 2.98290335644
0.361129831083, 0.0156404108548, 0.260949292374, 0.762344117384, 0.0956716632519, 0.862181873385, 0.549044137564, 0.146586612274, 0.84763733246, 0.340257275029, 0.335813310801, 0.0328302742286, 0.24373254375, 0.387995743266, 0.156584877643, 0.158380650563, 0.628228350312, 0.55454413724, 0.0762132467277, 0.173043813407, 0.171916922416, 0.808926082397, 0.38430317235, 0.351873130074, 0.299310875784, 0.061995564461, 0.341398279498, 0.496848824047, 0.802138504385, 0.0193296067705, 0.361129831083, 2.98290335644
0.0508730939295, 0.532405652978, 0.69014616545, 0.0560001949371, 0.00677084315303, 0.579641591069, 0.112282548916, 0.960611308332, 0.339245734299, 0.507772952616, 0.187748101016, 0.131822941682, 0.185735101155, 0.166448878963, 0.131499860945, 0.23905251447, 0.124249753651, 0.0431613344344, 0.000459454818199, 0.494964051706, 0.678108149749, 0.457726471319, 0.0405289987495, 0.756489185614, 0.202937138341, 0.490311808596, 0.528064431758, 0.173507197741, 0.693991944248, 0.00703979782998, 0.0508730939295, 3.50558191074
0.0508730939295, 0.532405652978, 0.69014616545, 0.0560001949371, 0.00677084315303, 0.579641591069, 0.112282548916, 0.960611308332, 0.339245734299, 0.507772952616, 0.187748101016, 0.131822941682, 0.185735101155, 0.166448878963, 0.131499860945, 0.23905251447, 0.124249753651, 0.0431613344344, 0.000459454818199, 0.494964051706, 0.678108149749, 0.457726471319, 0.0405289987495, 0.756489185614, 0.202937138341, 0.490311808596, 0.528064431758, 0.173507197741, 0.693991944248, 0.00703979782998, 0.0508730939295, 3.50558191074
0.0237557248468, 0.0460719998528, 0.31921722493, 0.0566199488041, 0.0956716632519, 0.862181873385, 0.549044137564, 0.126709372526, 0.84763733246, 0.340257275029, 0.335813310801, 0.0328302742286, 0.24373254375, 0.387995743266, 0.0472720809801, 0.158380650563, 0.172755734967, 0.55454413724, 0.0762132467277, 0.173043813407, 0.171916922416, 0.808926082397, 0.38430317235, 0.351873130074, 0.261685366181, 0.061995564461, 0.507893600942, 0.496848824047, 0.752687426728, 0.0193296067705, 0.0237557248468, 3.56550284939
0.0237557248468, 0.0460719998528, 0.31921722493, 0.0566199488041, 0.0956716632519, 0.862181873385, 0.549044137564, 0.126709372526, 0.84763733246, 0.340257275029, 0.335813310801, 0.0328302742286, 0.24373254375, 0.387995743266, 0.0472720809801, 0.158380650563, 0.172755734967, 0.55454413724, 0.0762132467277, 0.173043813407, 0.171916922416, 0.808926082397, 0.38430317235, 0.351873130074, 0.261685366181, 0.061995564461, 0.507893600942, 0.496848824047, 0.752687426728, 0.0193296067705, 0.0237557248468, 3.56550284939
0.229172987538, 0.555463084701, 0.25677291861, 0.357554886433, 0.61967649436, 0.289561039534, 0.834948913792, 0.736493965776, 0.215270478192, 0.101004438733, 0.854326904894, 0.199288536211, 0.279261604378, 0.0945334551987, 0.00790937630485, 0.0853250322063, 0.45407655318, 0.0424574764945, 0.15170854735, 0.501460727295, 0.0271717564032, 0.875634229508, 0.34072915468, 0.119181396214, 0.868329464481, 0.358612076215, 0.499292461153, 0.280615177817, 0.00940688113171, 0.147049573004, 0.229172987538, 3.17836539411
0.229172987538, 0.555463084701, 0.25677291861, 0.357554886433, 0.61967649436, 0.289561039534, 0.834948913792, 0.736493965776, 0.215270478192, 0.101004438733, 0.854326904894, 0.199288536211, 0.279261604378, 0.0945334551987, 0.00790937630485, 0.0853250322063, 0.45407655318, 0.0424574764945, 0.15170854735, 0.501460727295, 0.0271717564032, 0.875634229508, 0.34072915468, 0.119181396214, 0.868329464481, 0.358612076215, 0.499292461153, 0.280615177817, 0.00940688113171, 0.147049573004, 0.229172987538, 3.17836539411
0.0019037587753, 0.821346647498, 0.0586006759693, 0.70740814707, 0.0951223283318, 0.820417946847, 0.400062269527, 0.0741218986509, 0.433533352927, 0.275135004943, 0.148737448885, 0.631294194845, 0.383547215564, 0.112651179393, 0.191161593845, 0.568710765245, 0.0530695279077, 0.0367765273302, 0.980845187284, 0.321797305435, 0.967410062303, 0.865570073585, 0.214985238725, 0.00750223651345, 0.917666457505, 0.420199894083, 0.482648287881, 0.831891706678, 0.60727853723, 0.260193271056, 0.0019037587753, 4.84121882897
0.0019037587753, 0.821346647498, 0.0586006759693, 0.70740814707, 0.0951223283318, 0.820417946847, 0.400062269527, 0.0741218986509, 0.433533352927, 0.275135004943, 0.148737448885, 0.631294194845, 0.383547215564, 0.112651179393, 0.191161593845, 0.568710765245, 0.0530695279077, 0.0367765273302, 0.980845187284, 0.321797305435, 0.967410062303, 0.865570073585, 0.214985238725, 0.00750223651345, 0.917666457505, 0.420199894083, 0.482648287881, 0.831891706678, 0.60727853723, 0.260193271056, 0.0019037587753, 4.84121882897
0.616313045177, 0.0779948512075, 0.568478363109, 0.4402280541, 0.0951223283318, 0.122921078639, 0.400062269527, 0.0304286421785, 0.191305283799, 0.455332906086, 0.099815712944, 0.560981111445, 0.383547215564, 0.215538813335, 0.59192722252, 0.628362701051, 0.524103873979, 0.0495058645541, 0.663669995266, 0.316249490016, 0.0725569222557, 0.378326299932, 0.020710282559, 0.140983147562, 0.938753013278, 0.538824778034, 0.649981589348, 0.00586319805095, 0.0590700264292, 0.260193271056, 0.616313045177, 2.38357678519
0.616313045177, 0.0779948512075, 0.568478363109, 0.4402280541, 0.0951223283318, 0.122921078639, 0.400062269527, 0.0304286421785, 0.191305283799, 0.455332906086, 0.099815712944, 0.560981111445, 0.383547215564, 0.215538813335, 0.59192722252, 0.628362701051, 0.524103873979, 0.0495058645541, 0.663669995266, 0.316249490016, 0.0725569222557, 0.378326299932, 0.020710282559, 0.140983147562, 0.938753013278, 0.538824778034, 0.649981589348, 0.00586319805095, 0.0590700264292, 0.260193271056, 0.616313045177, 2.38357678519
0.613195383297, 0.464233572685, 0.538978046178, 0.261494664446, 0.0676931246207, 0.287387117864, 0.46993091544, 0.712406238848, 0.0521163785335, 0.11513082242, 0.382429252933, 0.146989780864, 0.00242465472036, 0.6300565561, 0.79016806384, 0.415483907951, 0.209088371223, 0.11488639481, 0.675363046142, 0.297203648942, 0.0119961935798, 0.0488485821544, 0.0319699295441, 0.229193646534, 0.469778219207, 0.748307784401, 0.394776281858, 0.58243034875, 0.803159825276, 0.0557335997803, 0.613195383297, 2.51960825847
0.613195383297, 0.464233572685, 0.538978046178, 0.261494664446, 0.0676931246207, 0.287387117864, 0.46993091544, 0.712406238848, 0.0521163785335, 0.11513082242, 0.382429252933, 0.146989780864, 0.00242465472036, 0.6300565561, 0.79016806384, 0.415483907951, 0.209088371223, 0.11488639481, 0.675363046142, 0.297203648942, 0.0119961935798, 0.0488485821544, 0.0319699295441, 0.229193646534, 0.469778219207, 0.748307784401, 0.394776281858, 0.58243034875, 0.803159825276, 0.0557335997803, 0.613195383297, 2.51960825847
0.701206880158, 0.0779948512075, 0.568478363109, 0.446552892451, 0.0951223283318, 0.122921078639, 0.400062269527, 0.0304286421785, 0.312885712043, 0.455332906086, 0.148737448885, 0.275621761526, 0.525112777259, 0.215538813335, 0.281632455918, 0.628362701051, 0.524103873979, 0.0495058645541, 0.782778749105, 0.316249490016, 0.0725569222557, 0.706299847204, 0.020710282559, 0.140983147562, 0.938753013278, 0.0682976752607, 0.649981589348, 0.00586319805095, 0.437792358518, 0.260193271056, 0.701206880158, 2.29879825014
0.701206880158, 0.0779948512075, 0.568478363109, 0.446552892451, 0.0951223283318, 0.122921078639, 0.400062269527, 0.0304286421785, 0.312885712043, 0.455332906086, 0.148737448885, 0.275621761526, 0.525112777259, 0.215538813335, 0.281632455918, 0.628362701051, 0.524103873979, 0.0495058645541, 0.782778749105, 0.316249490016, 0.0725569222557, 0.706299847204, 0.020710282559, 0.140983147562, 0.938753013278, 0.0682976752607, 0.649981589348, 0.00586319805095, 0.437792358518, 0.260193271056, 0.701206880158, 2.29879825014
0.407438570352, 0.029133676337, 0.228323194413, 0.357554886433, 0.786586339586, 0.42669310743, 0.644749428061, 0.736493965776, 0.450131386061, 0.101004438733, 0.898186305554, 0.199288536211, 0.601982550363, 0.0945334551987, 0.00790937630485, 0.0259354043392, 0.45407655318, 0.0424574764945, 0.15170854735, 0.86260700473, 0.0736085472674, 0.94900856799, 0.34072915468, 0.119181396214, 0.755214872574, 0.372866113604, 0.499292461153, 0.280615177817, 0.00692758672215, 0.147049573004, 0.407438570352, 2.97913529291
0.407438570352, 0.029133676337, 0.228323194413, 0.357554886433, 0.786586339586, 0.42669310743, 0.644749428061, 0.736493965776, 0.450131386061, 0.101004438733, 0.898186305554, 0.199288536211, 0.601982550363, 0.0945334551987, 0.00790937630485, 0.0259354043392, 0.45407655318, 0.0424574764945, 0.15170854735, 0.86260700473, 0.0736085472674, 0.94900856799, 0.34072915468, 0.119181396214, 0.755214872574, 0.372866113604, 0.499292461153, 0.280615177817, 0.00692758672215, 0.147049573004, 0.407438570352, 2.97913529291
0.688108963218, 0.265359023673, 0.511743290982, 0.006782286179, 0.697454861399, 0.537341701485, 0.498385213594, 0.188587478054, 0.960294614769, 0.111128906693, 0.520244098761, 0.429656910742, 0.775453525863, 0.199471685644, 0.0107452406513, 0.0968077905123, 0.109337035159, 0.159635137791, 0.509171104907, 0.61433752408, 0.204410366681, 0.0667123004702, 0.364847571783, 0.939342372753, 0.0283515181529, 0.114560833486, 0.284753742314, 0.149468549378, 0.190338229751, 0.0372047931567, 0.688108963218, 2.3201177893
0.688108963218, 0.265359023673, 0.511743290982, 0.006782286179, 0.697454861399, 0.537341701485, 0.498385213594, 0.188587478054, 0.960294614769, 0.111128906693, 0.520244098761, 0.429656910742, 0.775453525863, 0.199471685644, 0.0107452406513, 0.0968077905123, 0.109337035159, 0.159635137791, 0.509171104907, 0.61433752408, 0.204410366681, 0.0667123004702, 0.364847571783, 0.939342372753, 0.0283515181529, 0.114560833486, 0.284753742314, 0.149468549378, 0.190338229751, 0.0372047931567, 0.688108963218, 2.3201177893
0.000767218475563, 0.821346647498, 0.855329600089, 0.628691611888, 0.0951223283318, 0.820417946847, 0.400062269527, 0.0444467429972, 0.652039878042, 0.0140839457653, 0.0780250774038, 0.631294194845, 0.324335956498, 0.215538813335, 0.959959965388, 0.628362701051, 0.0530695279077, 0.0367765273302, 0.980845187284, 0.387512454177, 0.977784313912, 0.865570073585, 0.0717428599242, 0.140350966228, 0.917666457505, 0.420199894083, 0.482648287881, 0.831891706678, 0.668010934304, 0.260193271056, 0.000767218475563, 5.36202362214
0.000767218475563, 0.821346647498, 0.855329600089, 0.628691611888, 0.0951223283318, 0.820417946847, 0.400062269527, 0.0444467429972, 0.652039878042, 0.0140839457653, 0.0780250774038, 0.631294194845, 0.324335956498, 0.215538813335, 0.959959965388, 0.628362701051, 0.0530695279077, 0.0367765273302, 0.980845187284, 0.387512454177, 0.977784313912, 0.865570073585, 0.0717428599242, 0.140350966228, 0.917666457505, 0.420199894083, 0.482648287881, 0.831891706678, 0.668010934304, 0.260193271056, 0.000767218475563, 5.36202362214
0.409597334599, 0.0149109857261, 0.443129645566, 0.519986667051, 0.647759140556, 0.24738687226, 0.434329634472, 0.520561436343, 0.0908164098337, 0.419955125843, 0.443330560501, 0.92863584086, 0.741212325429, 0.0945334551987, 0.671324595964, 0.199597005069, 0.11884162677, 0.170873445454, 0.910828014567, 0.122981622863, 0.874094944432, 0.00493448923119, 0.0485689358836, 0.0488121556422, 0.0968055897812, 0.527692845801, 0.013750400003, 0.179633597879, 0.0564544768965, 0.0861958791525, 0.409597334599, 2.72294253714
0.409597334599, 0.0149109857261, 0.443129645566, 0.519986667051, 0.647759140556, 0.24738687226, 0.434329634472, 0.520561436343, 0.0908164098337, 0.419955125843, 0.443330560501, 0.92863584086, 0.741212325429, 0.0945334551987, 0.671324595964, 0.199597005069, 0.11884162677, 0.170873445454, 0.910828014567, 0.122981622863, 0.874094944432, 0.00493448923119, 0.0485689358836, 0.0488121556422, 0.0968055897812, 0.527692845801, 0.013750400003, 0.179633597879, 0.0564544768965, 0.0861958791525, 0.409597334599, 2.72294253714
0.978710830163, 0.0740378531323, 0.0659256525212, 0.38206008149, 0.0987829319214, 0.143923803404, 0.180751319895, 0.205016823404, 0.104710186492, 0.695312354399, 0.235271517344, 0.00235134759126, 0.154315703574, 0.117834289932, 0.0390155773725, 0.585336723478, 0.911128560165, 0.760814408883, 0.0358219141967, 0.271313888301, 0.261250145099, 0.595197302322, 0.698059997425, 0.127773194561, 0.0959657117226, 0.789249675714, 0.404393387749, 0.107681119515, 0.145186192471, 0.53471254178, 0.978710830163, 1.82547320831
0.978710830163, 0.0740378531323, 0.0659256525212, 0.38206008149, 0.0987829319214, 0.143923803404, 0.180751319895, 0.205016823404, 0.104710186492, 0.695312354399, 0.235271517344, 0.00235134759126, 0.154315703574, 0.117834289932, 0.0390155773725, 0.585336723478, 0.911128560165, 0.760814408883, 0.0358219141967, 0.271313888301, 0.261250145099, 0.595197302322, 0.698059997425, 0.127773194561, 0.0959657117226, 0.789249675714, 0.404393387749, 0.107681119515, 0.145186192471, 0.53471254178, 0.978710830163, 1.82547320831
0.0023857630913, 0.514768034297, 0.568478363109, 0.499204257094, 0.370013532817, 0.189721855546, 0.124764008922, 0.0197724999568, 0.387402270405, 0.687617440081, 0.148737448885, 0.759057301824, 0.383547215564, 0.148263813584, 0.553877882958, 0.242221201857, 0.524103873979, 0.0297222649636, 0.982620762294, 0.387512454177, 0.0916589006732, 0.214467012506, 0.0717428599242, 0.051608801939, 0.917666457505, 0.420199894083, 0.721303396834, 0.568697312782, 0.0590700264292, 0.260193271056, 0.0023857630913, 4.27989391545
0.0023857630913, 0.514768034297, 0.568478363109, 0.499204257094, 0.370013532817, 0.189721855546, 0.124764008922, 0.0197724999568, 0.387402270405, 0.687617440081, 0.148737448885, 0.759057301824, 0.383547215564, 0.148263813584, 0.553877882958, 0.242221201857, 0.524103873979, 0.0297222649636, 0.982620762294, 0.387512454177, 0.0916589006732, 0.214467012506, 0.0717428599242, 0.051608801939, 0.917666457505, 0.420199894083, 0.721303396834, 0.568697312782, 0.0590700264292, 0.260193271056, 0.0023857630913, 4.27989391545
0.164384741751, 0.662364968825, 0.448180652078, 0.235720779221, 0.0732944085964, 0.429029037132, 0.816868414453, 0.733144352807, 0.650701253417, 0.0863353079635, 0.187748101016, 0.780910967332, 0.151801059467, 0.173404715843, 0.131499860945, 0.352967090042, 0.522174319633, 0.0577954533176, 0.000459454818199, 0.132739327299, 0.617323669207, 0.375066904284, 0.34128703756, 0.458067157553, 0.231139428781, 0.490311808596, 0.129569793629, 0.127957889734, 0.692900460974, 0.0193296067705, 0.164384741751, 3.31289653823
0.164384741751, 0.662364968825, 0.448180652078, 0.235720779221, 0.0732944085964, 0.429029037132, 0.816868414453, 0.733144352807, 0.650701253417, 0.0863353079635, 0.187748101016, 0.780910967332, 0.151801059467, 0.173404715843, 0.131499860945, 0.352967090042, 0.522174319633, 0.0577954533176, 0.000459454818199, 0.132739327299, 0.617323669207, 0.375066904284, 0.34128703756, 0.458067157553, 0.231139428781, 0.490311808596, 0.129569793629, 0.127957889734, 0.692900460974, 0.0193296067705, 0.164384741751, 3.31289653823
0.0205324805883, 0.0460719998528, 0.31921722493, 0.0566199488041, 0.0956716632519, 0.811381936013, 0.549044137564, 0.146586612274, 0.588887537842, 0.340257275029, 0.627988114999, 0.0199598280621, 0.24373254375, 0.387995743266, 0.156584877643, 0.158380650563, 0.520677234746, 0.55454413724, 0.0762132467277, 0.173043813407, 0.171916922416, 0.808926082397, 0.38430317235, 0.351873130074, 0.261685366181, 0.061995564461, 0.341398279498, 0.496848824047, 0.802138504385, 0.0193296067705, 0.0205324805883, 3.68547305291
0.0205324805883, 0.0460719998528, 0.31921722493, 0.0566199488041, 0.0956716632519, 0.811381936013, 0.549044137564, 0.146586612274, 0.588887537842, 0.340257275029, 0.627988114999, 0.0199598280621, 0.24373254375, 0.387995743266, 0.156584877643, 0.158380650563, 0.520677234746, 0.55454413724, 0.0762132467277, 0.173043813407, 0.171916922416, 0.808926082397, 0.38430317235, 0.351873130074, 0.261685366181, 0.061995564461, 0.341398279498, 0.496848824047, 0.802138504385, 0.0193296067705, 0.0205324805883, 3.68547305291
0.893477377946, 0.0779948512075, 0.568478363109, 0.446552892451, 0.0951223283318, 0.122921078639, 0.400062269527, 0.261078329722, 0.0703346935757, 0.455332906086, 0.148737448885, 0.275621761526, 0.383547215564, 0.215538813335, 0.281632455918, 0.628362701051, 0.524103873979, 0.0495058645541, 0.782778749105, 0.316249490016, 0.0725569222557, 0.706299847204, 0.020710282559, 0.140983147562, 0.938753013278, 0.0682976752607, 0.649981589348, 0.00586319805095, 0.0590700264292, 0.260193271056, 0.893477377946, 1.95843389295
0.893477377946, 0.0779948512075, 0.568478363109, 0.446552892451, 0.0951223283318, 0.122921078639, 0.400062269527, 0.261078329722, 0.0703346935757, 0.455332906086, 0.148737448885, 0.275621761526, 0.383547215564, 0.215538813335, 0.281632455918, 0.628362701051, 0.524103873979, 0.0495058645541, 0.782778749105, 0.316249490016, 0.0725569222557, 0.706299847204, 0.020710282559, 0.140983147562, 0.938753013278, 0.0682976752607, 0.649981589348, 0.00586319805095, 0.0590700264292, 0.260193271056, 0.893477377946, 1.95843389295
0.108445241775, 0.532405652978, 0.69014616545, 0.0560001949371, 0.00421947902301, 0.579641591069, 0.850082514429, 0.960611308332, 0.869953741963, 0.133904710271, 0.187748101016, 0.131822941682, 0.185735101155, 0.166448878963, 0.206455278065, 0.352967090042, 0.144823983056, 0.0577954533176, 0.000459454818199, 0.494964051706, 0.678108149749, 0.376634558688, 0.0405289987495, 0.458067157553, 0.202937138341, 0.490311808596, 0.154302219426, 0.173507197741, 0.693991944248, 0.00313020865209, 0.108445241775, 3.40150405072
0.108445241775, 0.532405652978, 0.69014616545, 0.0560001949371, 0.00421947902301, 0.579641591069, 0.850082514429, 0.960611308332, 0.869953741963, 0.133904710271, 0.187748101016, 0.131822941682, 0.185735101155, 0.166448878963, 0.206455278065, 0.352967090042, 0.144823983056, 0.0577954533176, 0.000459454818199, 0.494964051706, 0.678108149749, 0.376634558688, 0.0405289987495, 0.458067157553, 0.202937138341, 0.490311808596, 0.154302219426, 0.173507197741, 0.693991944248, 0.00313020865209, 0.108445241775, 3.40150405072
0.0185436639658, 0.0108843394116, 0.173803415537, 0.519986667051, 0.417876289955, 0.137922013164, 0.434329634472, 0.900083232184, 0.0908164098337, 0.932342406829, 0.443330560501, 0.92863584086, 0.949095298139, 0.634722738411, 0.988655170944, 0.404131853047, 0.11884162677, 0.170873445454, 0.757301260356, 0.122981622863, 0.235028199116, 0.0299151244902, 0.0485689358836, 0.026650189496, 0.0968055897812, 0.00445420056139, 0.273817637736, 0.0246859043765, 0.00139100377305, 0.170094837313, 0.0185436639658, 3.84200267734
0.0185436639658, 0.0108843394116, 0.173803415537, 0.519986667051, 0.417876289955, 0.137922013164, 0.434329634472, 0.900083232184, 0.0908164098337, 0.932342406829, 0.443330560501, 0.92863584086, 0.949095298139, 0.634722738411, 0.988655170944, 0.404131853047, 0.11884162677, 0.170873445454, 0.757301260356, 0.122981622863, 0.235028199116, 0.0299151244902, 0.0485689358836, 0.026650189496, 0.0968055897812, 0.00445420056139, 0.273817637736, 0.0246859043765, 0.00139100377305, 0.170094837313, 0.0185436639658, 3.84200267734
0.361129831083, 0.0460719998528, 0.31921722493, 0.762344117384, 0.278205815639, 0.786839661272, 0.549044137564, 0.146586612274, 0.84763733246, 0.340257275029, 0.335813310801, 0.0328302742286, 0.24373254375, 0.387995743266, 0.156584877643, 0.158380650563, 0.628228350312, 0.27099844243, 0.0762132467277, 0.173043813407, 0.171916922416, 0.808926082397, 0.38430317235, 0.351873130074, 0.299310875784, 0.554857925709, 0.341398279498, 0.496848824047, 0.802138504385, 0.0193296067705, 0.361129831083, 3.09039246067
0.361129831083, 0.0460719998528, 0.31921722493, 0.762344117384, 0.278205815639, 0.786839661272, 0.549044137564, 0.146586612274, 0.84763733246, 0.340257275029, 0.335813310801, 0.0328302742286, 0.24373254375, 0.387995743266, 0.156584877643, 0.158380650563, 0.628228350312, 0.27099844243, 0.0762132467277, 0.173043813407, 0.171916922416, 0.808926082397, 0.38430317235, 0.351873130074, 0.299310875784, 0.554857925709, 0.341398279498, 0.496848824047, 0.802138504385, 0.0193296067705, 0.361129831083, 3.09039246067
0.0915220867703, 0.532405652978, 0.826051833163, 0.195114956066, 0.00677084315303, 0.036424087151, 0.126952363518, 0.987103960597, 0.999287448263, 0.305142655329, 0.187748101016, 0.159128413955, 0.185735101155, 0.259669403606, 0.131499860945, 0.507831712294, 0.522174319633, 0.0577954533176, 0.000459454818199, 0.799092088092, 0.678108149749, 0.376634558688, 0.0405289987495, 0.615513633475, 0.259800436924, 0.490311808596, 0.154302219426, 0.0118160069805, 0.693991944248, 0.00703979782998, 0.0915220867703, 3.5349815904
0.0915220867703, 0.532405652978, 0.826051833163, 0.195114956066, 0.00677084315303, 0.036424087151, 0.126952363518, 0.987103960597, 0.999287448263, 0.305142655329, 0.187748101016, 0.159128413955, 0.185735101155, 0.259669403606, 0.131499860945, 0.507831712294, 0.522174319633, 0.0577954533176, 0.000459454818199, 0.799092088092, 0.678108149749, 0.376634558688, 0.0405289987495, 0.615513633475, 0.259800436924, 0.490311808596, 0.154302219426, 0.0118160069805, 0.693991944248, 0.00703979782998, 0.0915220867703, 3.5349815904
0.0508730939295, 0.532405652978, 0.800674309764, 0.0560001949371, 0.00677084315303, 0.579641591069, 0.112282548916, 0.313732704474, 0.869953741963, 0.507772952616, 0.187748101016, 0.131822941682, 0.185735101155, 0.166448878963, 0.131499860945, 0.352967090042, 0.124249753651, 0.0431613344344, 9.07934964433e-05, 0.155469267802, 0.678108149749, 0.457726471319, 0.0405289987495, 0.458067157553, 0.846416299635, 0.490311808596, 0.528064431758, 0.173507197741, 0.693991944248, 0.00703979782998, 0.0508730939295, 3.53880276193
0.0508730939295, 0.532405652978, 0.800674309764, 0.0560001949371, 0.00677084315303, 0.579641591069, 0.112282548916, 0.313732704474, 0.869953741963, 0.507772952616, 0.187748101016, 0.131822941682, 0.185735101155, 0.166448878963, 0.131499860945, 0.352967090042, 0.124249753651, 0.0431613344344, 9.07934964433e-05, 0.155469267802, 0.678108149749, 0.457726471319, 0.0405289987495, 0.458067157553, 0.846416299635, 0.490311808596, 0.528064431758, 0.173507197741, 0.693991944248, 0.00703979782998, 0.0508730939295, 3.53880276193
0.0237557248468, 0.0460719998528, 0.31921722493, 0.0566199488041, 0.0956716632519, 0.862181873385, 0.549044137564, 0.272239074823, 0.868940471392, 0.340257275029, 0.335813310801, 0.0328302742286, 0.24373254375, 0.387995743266, 0.134946496518, 0.158380650563, 0.520677234746, 0.55454413724, 0.323171888528, 0.173043813407, 0.171916922416, 0.808926082397, 0.202229924819, 0.351873130074, 0.261685366181, 0.061995564461, 0.0909281816968, 0.496848824047, 0.524868468463, 0.0193296067705, 0.0237557248468, 3.57222101913
0.0237557248468, 0.0460719998528, 0.31921722493, 0.0566199488041, 0.0956716632519, 0.862181873385, 0.549044137564, 0.272239074823, 0.868940471392, 0.340257275029, 0.335813310801, 0.0328302742286, 0.24373254375, 0.387995743266, 0.134946496518, 0.158380650563, 0.520677234746, 0.55454413724, 0.323171888528, 0.173043813407, 0.171916922416, 0.808926082397, 0.202229924819, 0.351873130074, 0.261685366181, 0.061995564461, 0.0909281816968, 0.496848824047, 0.524868468463, 0.0193296067705, 0.0237557248468, 3.57222101913
0.229172987538, 0.100471478958, 0.228323194413, 0.357554886433, 0.894991555603, 0.289561039534, 0.834948913792, 0.541198013066, 0.299864075731, 0.101004438733, 0.898186305554, 0.199288536211, 0.279261604378, 0.0945334551987, 0.00365050396945, 0.0853250322063, 0.45407655318, 0.0424574764945, 0.15170854735, 0.86260700473, 0.0271717564032, 0.875634229508, 0.34072915468, 0.119181396214, 0.911225152351, 0.372866113604, 0.499292461153, 0.280615177817, 0.00940688113171, 0.147049573004, 0.229172987538, 3.21646891806
0.229172987538, 0.100471478958, 0.228323194413, 0.357554886433, 0.894991555603, 0.289561039534, 0.834948913792, 0.541198013066, 0.299864075731, 0.101004438733, 0.898186305554, 0.199288536211, 0.279261604378, 0.0945334551987, 0.00365050396945, 0.0853250322063, 0.45407655318, 0.0424574764945, 0.15170854735, 0.86260700473, 0.0271717564032, 0.875634229508, 0.34072915468, 0.119181396214, 0.911225152351, 0.372866113604, 0.499292461153, 0.280615177817, 0.00940688113171, 0.147049573004, 0.229172987538, 3.21646891806
0.0019037587753, 0.821346647498, 0.641617970831, 0.628691611888, 0.0951223283318, 0.820417946847, 0.400062269527, 0.0741218986509, 0.126364561764, 0.455332906086, 0.148737448885, 0.631294194845, 0.383547215564, 0.112651179393, 0.245635434547, 0.628362701051, 0.0530695279077, 0.0367765273302, 0.980845187284, 0.387512454177, 0.967410062303, 0.865570073585, 0.214985238725, 0.00750223651345, 0.917666457505, 0.420199894083, 0.482648287881, 0.831891706678, 0.389381851925, 0.260193271056, 0.0019037587753, 4.94548256204
0.0019037587753, 0.821346647498, 0.641617970831, 0.628691611888, 0.0951223283318, 0.820417946847, 0.400062269527, 0.0741218986509, 0.126364561764, 0.455332906086, 0.148737448885, 0.631294194845, 0.383547215564, 0.112651179393, 0.245635434547, 0.628362701051, 0.0530695279077, 0.0367765273302, 0.980845187284, 0.387512454177, 0.967410062303, 0.865570073585, 0.214985238725, 0.00750223651345, 0.917666457505, 0.420199894083, 0.482648287881, 0.831891706678, 0.389381851925, 0.260193271056, 0.0019037587753, 4.94548256204
0.613195383297, 0.464233572685, 0.273826187461, 0.261494664446, 0.0656034184675, 0.287387117864, 0.783034063474, 0.712406238848, 0.0521163785335, 0.11513082242, 0.382429252933, 0.240065577489, 0.00811824836555, 0.927660275107, 0.257920362075, 0.415483907951, 0.209088371223, 0.11488639481, 0.809510975479, 0.10364327922, 0.0119961935798, 0.0523649037501, 0.0319699295441, 0.229193646534, 0.173523342832, 0.748307784401, 0.273953165171, 0.58243034875, 0.805575384458, 0.629085680841, 0.613195383297, 2.52280845748
0.613195383297, 0.464233572685, 0.273826187461, 0.261494664446, 0.0656034184675, 0.287387117864, 0.783034063474, 0.712406238848, 0.0521163785335, 0.11513082242, 0.382429252933, 0.240065577489, 0.00811824836555, 0.927660275107, 0.257920362075, 0.415483907951, 0.209088371223, 0.11488639481, 0.809510975479, 0.10364327922, 0.0119961935798, 0.0523649037501, 0.0319699295441, 0.229193646534, 0.173523342832, 0.748307784401, 0.273953165171, 0.58243034875, 0.805575384458, 0.629085680841, 0.613195383297, 2.52280845748
0.407438570352, 0.00513413671832, 0.228323194413, 0.357554886433, 0.894991555603, 0.42669310743, 0.644749428061, 0.611711318413, 0.450131386061, 0.101004438733, 0.202719791013, 0.199288536211, 0.601982550363, 0.0945334551987, 0.00790937630485, 0.0853250322063, 0.45407655318, 0.0424574764945, 0.985998142417, 0.86260700473, 0.0736085472674, 0.94900856799, 0.235646186411, 0.119181396214, 0.755214872574, 0.350838842611, 0.499292461153, 0.280615177817, 0.322992023124, 0.00967733683033, 0.407438570352, 3.03416538478
0.407438570352, 0.00513413671832, 0.228323194413, 0.357554886433, 0.894991555603, 0.42669310743, 0.644749428061, 0.611711318413, 0.450131386061, 0.101004438733, 0.202719791013, 0.199288536211, 0.601982550363, 0.0945334551987, 0.00790937630485, 0.0853250322063, 0.45407655318, 0.0424574764945, 0.985998142417, 0.86260700473, 0.0736085472674, 0.94900856799, 0.235646186411, 0.119181396214, 0.755214872574, 0.350838842611, 0.499292461153, 0.280615177817, 0.322992023124, 0.00967733683033, 0.407438570352, 3.03416538478
0.688108963218, 0.265359023673, 0.511743290982, 0.00501695422598, 0.688153153235, 0.537341701485, 0.498385213594, 0.220170675059, 0.960294614769, 0.111128906693, 0.520244098761, 0.429656910742, 0.775453525863, 0.199471685644, 0.0107452406513, 0.425942006592, 0.109337035159, 0.159635137791, 0.203251915374, 0.697996457507, 0.204410366681, 0.0667123004702, 0.364847571783, 0.938146298211, 0.206047811921, 0.114560833486, 0.284753742314, 0.34540444142, 0.190338229751, 0.132373462291, 0.688108963218, 2.46678751332
0.688108963218, 0.265359023673, 0.511743290982, 0.00501695422598, 0.688153153235, 0.537341701485, 0.498385213594, 0.220170675059, 0.960294614769, 0.111128906693, 0.520244098761, 0.429656910742, 0.775453525863, 0.199471685644, 0.0107452406513, 0.425942006592, 0.109337035159, 0.159635137791, 0.203251915374, 0.697996457507, 0.204410366681, 0.0667123004702, 0.364847571783, 0.938146298211, 0.206047811921, 0.114560833486, 0.284753742314, 0.34540444142, 0.190338229751, 0.132373462291, 0.688108963218, 2.46678751332
0.000767218475563, 0.821346647498, 0.762658046248, 0.628691611888, 0.0951223283318, 0.328318944239, 0.26058469178, 0.836722659914, 0.699006445163, 0.455332906086, 0.0285862306601, 0.797053322267, 0.324335956498, 0.215538813335, 0.959959965388, 0.628362701051, 0.182896248961, 0.0367765273302, 0.980845187284, 0.387512454177, 0.979035371895, 0.865570073585, 0.0717428599242, 0.00750223651345, 0.917666457505, 0.420199894083, 0.482648287881, 0.831891706678, 0.60727853723, 0.0181283323802, 0.000767218475563, 5.47555362058
0.000767218475563, 0.821346647498, 0.762658046248, 0.628691611888, 0.0951223283318, 0.328318944239, 0.26058469178, 0.836722659914, 0.699006445163, 0.455332906086, 0.0285862306601, 0.797053322267, 0.324335956498, 0.215538813335, 0.959959965388, 0.628362701051, 0.182896248961, 0.0367765273302, 0.980845187284, 0.387512454177, 0.979035371895, 0.865570073585, 0.0717428599242, 0.00750223651345, 0.917666457505, 0.420199894083, 0.482648287881, 0.831891706678, 0.60727853723, 0.0181283323802, 0.000767218475563, 5.47555362058
0.409597334599, 0.0149109857261, 0.443129645566, 0.519986667051, 0.647759140556, 0.24738687226, 0.434329634472, 0.520561436343, 0.0908164098337, 0.903729571874, 0.443330560501, 0.92863584086, 0.731922484168, 0.0945334551987, 0.671324595964, 0.199597005069, 0.11884162677, 0.170873445454, 0.910828014567, 0.122981622863, 0.901767067339, 0.00493448923119, 0.0185383859134, 0.0488121556422, 0.0968055897812, 0.527692845801, 0.0471082016627, 0.179633597879, 0.0564544768965, 0.0861958791525, 0.409597334599, 2.85496910241
0.409597334599, 0.0149109857261, 0.443129645566, 0.519986667051, 0.647759140556, 0.24738687226, 0.434329634472, 0.520561436343, 0.0908164098337, 0.903729571874, 0.443330560501, 0.92863584086, 0.731922484168, 0.0945334551987, 0.671324595964, 0.199597005069, 0.11884162677, 0.170873445454, 0.910828014567, 0.122981622863, 0.901767067339, 0.00493448923119, 0.0185383859134, 0.0488121556422, 0.0968055897812, 0.527692845801, 0.0471082016627, 0.179633597879, 0.0564544768965, 0.0861958791525, 0.409597334599, 2.85496910241
0.543814652393, 0.802212207156, 0.0870358505253, 0.235720779221, 0.0732944085964, 0.574806902337, 0.816868414453, 0.945986025165, 0.814098842619, 0.305142655329, 0.174244486772, 0.928537203858, 0.821937754453, 0.259669403606, 0.131499860945, 0.352967090042, 0.522174319633, 0.0749708686227, 0.000459454818199, 0.494964051706, 0.624670860596, 0.363656964775, 0.0405289987495, 0.458067157553, 0.259800436924, 0.286093278552, 0.00905336969574, 0.127957889734, 0.154988815224, 0.00921046656496, 0.543814652393, 2.80075664014
0.543814652393, 0.802212207156, 0.0870358505253, 0.235720779221, 0.0732944085964, 0.574806902337, 0.816868414453, 0.945986025165, 0.814098842619, 0.305142655329, 0.174244486772, 0.928537203858, 0.821937754453, 0.259669403606, 0.131499860945, 0.352967090042, 0.522174319633, 0.0749708686227, 0.000459454818199, 0.494964051706, 0.624670860596, 0.363656964775, 0.0405289987495, 0.458067157553, 0.259800436924, 0.286093278552, 0.00905336969574, 0.127957889734, 0.154988815224, 0.00921046656496, 0.543814652393, 2.80075664014
0.978710830163, 0.0740378531323, 0.0659256525212, 0.38206008149, 0.0987829319214, 0.143923803404, 0.180751319895, 0.205016823404, 0.104710186492, 0.695312354399, 0.235271517344, 0.00235134759126, 0.154315703574, 0.117834289932, 0.0390155773725, 0.585336723478, 0.911128560165, 0.816739642897, 0.0358219141967, 0.500013941535, 0.0686201030074, 0.595197302322, 0.698059997425, 0.127773194561, 0.0959657117226, 0.789249675714, 0.404393387749, 0.107681119515, 0.145186192471, 0.53471254178, 0.978710830163, 1.84673312865
0.978710830163, 0.0740378531323, 0.0659256525212, 0.38206008149, 0.0987829319214, 0.143923803404, 0.180751319895, 0.205016823404, 0.104710186492, 0.695312354399, 0.235271517344, 0.00235134759126, 0.154315703574, 0.117834289932, 0.0390155773725, 0.585336723478, 0.911128560165, 0.816739642897, 0.0358219141967, 0.500013941535, 0.0686201030074, 0.595197302322, 0.698059997425, 0.127773194561, 0.0959657117226, 0.789249675714, 0.404393387749, 0.107681119515, 0.145186192471, 0.53471254178, 0.978710830163, 1.84673312865
0.0023857630913, 0.514768034297, 0.568478363109, 0.499204257094, 0.370013532817, 0.0104207822279, 0.400062269527, 0.0741218986509, 0.387402270405, 0.814799594752, 0.148737448885, 0.759057301824, 0.383547215564, 0.148263813584, 0.553877882958, 0.242221201857, 0.524103873979, 0.0297222649636, 0.982620762294, 0.123925914655, 0.220292428328, 0.556574268507, 0.0717428599242, 0.0664869688163, 0.917666457505, 0.420199894083, 0.482648287881, 0.568697312782, 0.0590700264292, 0.0791219025218, 0.0023857630913, 4.30438154872
0.0023857630913, 0.514768034297, 0.568478363109, 0.499204257094, 0.370013532817, 0.0104207822279, 0.400062269527, 0.0741218986509, 0.387402270405, 0.814799594752, 0.148737448885, 0.759057301824, 0.383547215564, 0.148263813584, 0.553877882958, 0.242221201857, 0.524103873979, 0.0297222649636, 0.982620762294, 0.123925914655, 0.220292428328, 0.556574268507, 0.0717428599242, 0.0664869688163, 0.917666457505, 0.420199894083, 0.482648287881, 0.568697312782, 0.0590700264292, 0.0791219025218, 0.0023857630913, 4.30438154872
0.0205324805883, 0.0460719998528, 0.31921722493, 0.0566199488041, 0.0956716632519, 0.458220485527, 0.549044137564, 0.146586612274, 0.763254508327, 0.340257275029, 0.627988114999, 0.0328302742286, 0.24373254375, 0.387995743266, 0.156584877643, 0.158380650563, 0.520677234746, 0.55454413724, 0.0762132467277, 0.173043813407, 0.169095887225, 0.808926082397, 0.932247592587, 0.351873130074, 0.261685366181, 0.061995564461, 0.341398279498, 0.496848824047, 0.802138504385, 0.0193296067705, 0.0205324805883, 3.79895541424
0.0205324805883, 0.0460719998528, 0.31921722493, 0.0566199488041, 0.0956716632519, 0.458220485527, 0.549044137564, 0.146586612274, 0.763254508327, 0.340257275029, 0.627988114999, 0.0328302742286, 0.24373254375, 0.387995743266, 0.156584877643, 0.158380650563, 0.520677234746, 0.55454413724, 0.0762132467277, 0.173043813407, 0.169095887225, 0.808926082397, 0.932247592587, 0.351873130074, 0.261685366181, 0.061995564461, 0.341398279498, 0.496848824047, 0.802138504385, 0.0193296067705, 0.0205324805883, 3.79895541424
0.942203444618, 0.0335458017354, 0.0375069589985, 0.602715302848, 0.194153685476, 0.118002290411, 0.702890266094, 0.416906836026, 0.21865333076, 0.20205349407, 0.0551167265013, 0.31946823328, 0.993130198451, 0.0325131076182, 0.184405856013, 0.0192175784784, 0.974034646976, 0.559592695303, 0.0751944130485, 0.621882517347, 0.0699532672241, 0.437469960964, 0.372350239944, 0.994704238273, 0.0385591819752, 0.319984356651, 0.284475828035, 0.282486797438, 0.133028358093, 0.152187293509, 0.942203444618, 2.0069072629
0.942203444618, 0.0335458017354, 0.0375069589985, 0.602715302848, 0.194153685476, 0.118002290411, 0.702890266094, 0.416906836026, 0.21865333076, 0.20205349407, 0.0551167265013, 0.31946823328, 0.993130198451, 0.0325131076182, 0.184405856013, 0.0192175784784, 0.974034646976, 0.559592695303, 0.0751944130485, 0.621882517347, 0.0699532672241, 0.437469960964, 0.372350239944, 0.994704238273, 0.0385591819752, 0.319984356651, 0.284475828035, 0.282486797438, 0.133028358093, 0.152187293509, 0.942203444618, 2.0069072629
0.911871293838, 0.464233572685, 0.538978046178, 0.271250299693, 0.0676931246207, 0.287387117864, 0.783034063474, 0.712406238848, 0.0521163785335, 0.11513082242, 0.382429252933, 0.146989780864, 0.00242465472036, 0.6300565561, 0.79016806384, 0.415483907951, 0.0493950981903, 0.11488639481, 0.675363046142, 0.297203648942, 0.0119961935798, 0.0488485821544, 0.00483394807604, 0.0170757626876, 0.0536698936594, 0.748307784401, 0.943380523473, 0.58243034875, 0.788098246563, 0.2645787565, 0.911871293838, 2.23079859055
0.911871293838, 0.464233572685, 0.538978046178, 0.271250299693, 0.0676931246207, 0.287387117864, 0.783034063474, 0.712406238848, 0.0521163785335, 0.11513082242, 0.382429252933, 0.146989780864, 0.00242465472036, 0.6300565561, 0.79016806384, 0.415483907951, 0.0493950981903, 0.11488639481, 0.675363046142, 0.297203648942, 0.0119961935798, 0.0488485821544, 0.00483394807604, 0.0170757626876, 0.0536698936594, 0.748307784401, 0.943380523473, 0.58243034875, 0.788098246563, 0.2645787565, 0.911871293838, 2.23079859055
0.000767218475563, 0.821346647498, 0.855329600089, 0.628691611888, 0.0951223283318, 0.820417946847, 0.400062269527, 0.0444467429972, 0.652039878042, 0.455332906086, 0.148737448885, 0.631294194845, 0.324335956498, 0.215538813335, 0.959959965388, 0.628362701051, 0.0530695279077, 0.0367765273302, 0.980845187284, 0.387512454177, 0.977784313912, 0.865570073585, 0.0717428599242, 0.140350966228, 0.917666457505, 0.420199894083, 0.482648287881, 0.831891706678, 0.668010934304, 0.260193271056, 0.000767218475563, 5.51997038511
0.000767218475563, 0.821346647498, 0.855329600089, 0.628691611888, 0.0951223283318, 0.820417946847, 0.400062269527, 0.0444467429972, 0.652039878042, 0.455332906086, 0.148737448885, 0.631294194845, 0.324335956498, 0.215538813335, 0.959959965388, 0.628362701051, 0.0530695279077, 0.0367765273302, 0.980845187284, 0.387512454177, 0.977784313912, 0.865570073585, 0.0717428599242, 0.140350966228, 0.917666457505, 0.420199894083, 0.482648287881, 0.831891706678, 0.668010934304, 0.260193271056, 0.000767218475563, 5.51997038511
0.974043803652, 0.0335458017354, 0.0375069589985, 0.0504758268995, 0.0858610852121, 0.0629726945392, 0.847678163569, 0.631607860261, 0.284058180061, 0.158460246575, 0.412401691683, 0.3132872076, 0.260213452789, 0.0325131076182, 0.399520369756, 0.652202345984, 0.368221316281, 0.559592695303, 0.111152085341, 0.621882517347, 0.0699532672241, 0.0960407743255, 0.414671275151, 0.987449325852, 0.151770342177, 0.0813807877386, 0.555927170071, 0.407755836789, 0.646576223639, 0.264375181379, 0.974043803652, 2.01032764915
0.974043803652, 0.0335458017354, 0.0375069589985, 0.0504758268995, 0.0858610852121, 0.0629726945392, 0.847678163569, 0.631607860261, 0.284058180061, 0.158460246575, 0.412401691683, 0.3132872076, 0.260213452789, 0.0325131076182, 0.399520369756, 0.652202345984, 0.368221316281, 0.559592695303, 0.111152085341, 0.621882517347, 0.0699532672241, 0.0960407743255, 0.414671275151, 0.987449325852, 0.151770342177, 0.0813807877386, 0.555927170071, 0.407755836789, 0.646576223639, 0.264375181379, 0.974043803652, 2.01032764915
0.0023857630913, 0.514768034297, 0.9614129542, 0.499204257094, 0.370013532817, 0.189721855546, 0.400062269527, 0.0741218986509, 0.387402270405, 0.988047182429, 0.148737448885, 0.759057301824, 0.383547215564, 0.148263813584, 0.553877882958, 0.242221201857, 0.524103873979, 0.0297222649636, 0.982620762294, 0.387512454177, 0.0913897348984, 0.214467012506, 0.0717428599242, 0.051608801939, 0.917666457505, 0.420199894083, 0.514637186704, 0.568697312782, 0.0590700264292, 0.260193271056, 0.0023857630913, 4.53024585657
0.935870087843, 0.464233572685, 0.538978046178, 0.261494664446, 0.0676931246207, 0.854845207216, 0.0795598382024, 0.712406238848, 0.0521163785335, 0.247060872414, 0.135224709781, 0.679533753612, 0.0914106172491, 0.513228529637, 0.131913560255, 0.415483907951, 0.848316836379, 0.11488639481, 0.089092947461, 0.33563180028, 0.217041965916, 0.659453358822, 0.0789527344911, 0.532501001012, 0.245876407376, 0.357786559923, 0.434580229317, 0.58243034875, 0.903565923239, 0.0557335997803, 0.935870087843, 2.3100641679
0.688108963218, 0.265359023673, 0.511743290982, 0.006782286179, 0.298701149384, 0.537341701485, 0.498385213594, 0.188587478054, 0.960294614769, 0.111128906693, 0.520244098761, 0.429656910742, 0.775453525863, 0.199471685644, 0.0107452406513, 0.425942006592, 0.862859269526, 0.159635137791, 0.203251915374, 0.697996457507, 0.204410366681, 0.0667123004702, 0.364847571783, 0.938146298211, 0.0283515181529, 0.114560833486, 0.284753742314, 0.34540444142, 0.190338229751, 0.132373462291, 0.688108963218, 2.50552041066
0.229172987538, 0.100471478958, 0.228323194413, 0.357554886433, 0.894991555603, 0.289561039534, 0.834948913792, 0.736493965776, 0.299864075731, 0.101004438733, 0.898186305554, 0.199288536211, 0.279261604378, 0.00369417709635, 0.00365050396945, 0.0853250322063, 0.45407655318, 0.0424574764945, 0.15170854735, 0.86260700473, 0.0271717564032, 0.875634229508, 0.34072915468, 0.119181396214, 0.911225152351, 0.372866113604, 0.499292461153, 0.280615177817, 0.00940688113171, 0.147049573004, 0.229172987538, 3.24510630566
0.0208614749145, 0.0149109857261, 0.173803415537, 0.519986667051, 0.647759140556, 0.147601516998, 0.434329634472, 0.781462529555, 0.0908164098337, 0.477117042442, 0.0314174832338, 0.972921795272, 0.741212325429, 0.735805070553, 0.671324595964, 0.382830454666, 0.11884162677, 0.170873445454, 0.436790492829, 0.122981622863, 0.874094944432, 0.260193775546, 0.0120377361582, 0.0488121556422, 0.0968055897812, 0.527692845801, 0.273817637736, 0.179633597879, 0.0564544768965, 0.0861958791525, 0.0208614749145, 3.83736212859
0.407438570352, 0.00513413671832, 0.228323194413, 0.357554886433, 0.894991555603, 0.42669310743, 0.744851229804, 0.736493965776, 0.450131386061, 0.101004438733, 0.30006258227, 0.199288536211, 0.601982550363, 0.0945334551987, 0.00790937630485, 0.0668723528359, 0.45407655318, 0.0424574764945, 0.985998142417, 0.86260700473, 0.0736085472674, 0.94900856799, 0.235646186411, 0.119181396214, 0.755214872574, 0.372866113604, 0.499292461153, 0.280615177817, 0.00940688113171, 0.00967733683033, 0.407438570352, 3.03737794146
0.0023857630913, 0.514768034297, 0.9614129542, 0.499204257094, 0.370013532817, 0.189721855546, 0.400062269527, 0.0741218986509, 0.387402270405, 0.988047182429, 0.148737448885, 0.759057301824, 0.383547215564, 0.148263813584, 0.553877882958, 0.242221201857, 0.524103873979, 0.0297222649636, 0.982620762294, 0.387512454177, 0.0913897348984, 0.214467012506, 0.0717428599242, 0.051608801939, 0.917666457505, 0.420199894083, 0.514637186704, 0.568697312782, 0.0590700264292, 0.260193271056, 0.0023857630913, 4.53024585657
0.407438570352, 0.00513413671832, 0.228323194413, 0.357554886433, 0.894991555603, 0.42669310743, 0.744851229804, 0.736493965776, 0.450131386061, 0.101004438733, 0.30006258227, 0.199288536211, 0.601982550363, 0.0945334551987, 0.00790937630485, 0.0668723528359, 0.45407655318, 0.0424574764945, 0.985998142417, 0.86260700473, 0.0736085472674, 0.94900856799, 0.235646186411, 0.119181396214, 0.755214872574, 0.372866113604, 0.499292461153, 0.280615177817, 0.00940688113171, 0.00967733683033, 0.407438570352, 3.03737794146
0.229172987538, 0.100471478958, 0.228323194413, 0.357554886433, 0.894991555603, 0.289561039534, 0.834948913792, 0.736493965776, 0.299864075731, 0.101004438733, 0.898186305554, 0.199288536211, 0.279261604378, 0.00369417709635, 0.00365050396945, 0.0853250322063, 0.45407655318, 0.0424574764945, 0.15170854735, 0.86260700473, 0.0271717564032, 0.875634229508, 0.34072915468, 0.119181396214, 0.911225152351, 0.372866113604, 0.499292461153, 0.280615177817, 0.00940688113171, 0.147049573004, 0.229172987538, 3.24510630566
0.543432351169, 0.393445482675, 0.568478363109, 0.4402280541, 0.182792406325, 0.122921078639, 0.622160563364, 0.485882906347, 0.106073559452, 0.455332906086, 0.148737448885, 0.560981111445, 0.153728750807, 0.365124093645, 0.416720500938, 0.628362701051, 0.380269232493, 0.0495058645541, 0.980845187284, 0.0766813239008, 0.0725569222557, 0.706299847204, 0.0717428599242, 0.04538537378, 0.921893578038, 0.420199894083, 0.790070031098, 0.00586319805095, 0.61244836382, 0.260193271056, 0.543432351169, 2.87655040146
0.108445241775, 0.532405652978, 0.69014616545, 0.0560001949371, 0.347529728831, 0.579641591069, 0.112282548916, 0.960611308332, 0.869953741963, 0.507772952616, 0.187748101016, 0.131822941682, 0.185735101155, 0.166448878963, 0.131499860945, 0.516145188396, 0.124249753651, 0.0431613344344, 0.000459454818199, 0.494964051706, 0.553123775335, 0.376634558688, 0.0405289987495, 0.458067157553, 0.202937138341, 0.490311808596, 0.528064431758, 0.173507197741, 0.693991944248, 0.00703979782998, 0.108445241775, 3.48279125442
0.0527508967687, 0.0149109857261, 0.103603539969, 0.519986667051, 0.234357186414, 0.24738687226, 0.320274554664, 0.878187021727, 0.0908164098337, 0.768138953479, 0.661186346025, 0.92863584086, 0.275621980527, 0.529994253871, 0.989286542503, 0.404131853047, 0.11884162677, 0.13237012823, 0.15770669966, 0.670757446434, 0.30337101503, 0.00505541971455, 0.0485689358836, 0.0488121556422, 0.0968055897812, 0.527692845801, 0.125408815715, 0.114813229068, 0.0564544768965, 0.374365084829, 0.0527508967687, 3.56430919609
