0.276413219874, 0.141530342981, 0.167444260922, 0.195114956066, 0.230770594061, 0.579637706908, 0.714130102729, 0.992340929112, 0.93604389635, 0.180273889826, 0.187748101016, 0.973960244858, 0.185735101155, 0.416948843541, 0.145356268414, 0.201295363849, 0.522174319633, 0.854585918788, 0.000459454818199, 0.356375593326, 0.0736085472674, 0.186138503073, 0.0405289987495, 0.0360674014352, 0.483436825021, 0.490311808596, 0.0473902890643, 0.0751053081443, 0.0638139911713, 0.00749549264036, 0.276413219874, 2.89977866429
0.276413219874, 0.141530342981, 0.167444260922, 0.195114956066, 0.230770594061, 0.579637706908, 0.714130102729, 0.992340929112, 0.93604389635, 0.180273889826, 0.187748101016, 0.973960244858, 0.185735101155, 0.416948843541, 0.145356268414, 0.201295363849, 0.522174319633, 0.854585918788, 0.000459454818199, 0.356375593326, 0.0736085472674, 0.186138503073, 0.0405289987495, 0.0360674014352, 0.483436825021, 0.490311808596, 0.0473902890643, 0.0751053081443, 0.0638139911713, 0.00749549264036, 0.276413219874, 2.89977866429
0.0366567146001, 0.00852896727257, 0.146369656148, 0.612253730569, 0.678734715761, 0.571537405935, 0.0864182634144, 0.0955735454703, 0.113818175027, 0.104083070871, 0.350737362884, 0.0224056170253, 0.1393805897, 0.0318178783241, 0.0402038018105, 0.254065202713, 0.744932737763, 0.0424460314095, 0.826023544751, 0.243261231931, 0.00252661100708, 0.85916332282, 0.326816430724, 0.481700814401, 0.974969364998, 0.882552963581, 0.240179112981, 0.289243536691, 0.526415670527, 0.409377921031, 0.0366567146001, 3.74681767562
0.0366567146001, 0.00852896727257, 0.146369656148, 0.612253730569, 0.678734715761, 0.571537405935, 0.0864182634144, 0.0955735454703, 0.113818175027, 0.104083070871, 0.350737362884, 0.0224056170253, 0.1393805897, 0.0318178783241, 0.0402038018105, 0.254065202713, 0.744932737763, 0.0424460314095, 0.826023544751, 0.243261231931, 0.00252661100708, 0.85916332282, 0.326816430724, 0.481700814401, 0.974969364998, 0.882552963581, 0.240179112981, 0.289243536691, 0.526415670527, 0.409377921031, 0.0366567146001, 3.74681767562
0.158367351727, 0.532405652978, 0.211942698385, 0.627751038333, 0.230770594061, 0.298829227999, 0.714130102729, 0.840399350111, 0.607078438705, 0.125300039832, 0.187748101016, 0.0960484533377, 0.129178380514, 0.259669403606, 0.146545234731, 0.927259488182, 0.0357049394664, 0.0577954533176, 0.000459454818199, 0.444474099737, 0.00151020004812, 0.63087844847, 0.0405289987495, 0.0488977400753, 0.259800436924, 0.606642431426, 0.154302219426, 0.157584942003, 0.431403614015, 0.0193296067705, 0.158367351727, 2.96913523013
0.158367351727, 0.532405652978, 0.211942698385, 0.627751038333, 0.230770594061, 0.298829227999, 0.714130102729, 0.840399350111, 0.607078438705, 0.125300039832, 0.187748101016, 0.0960484533377, 0.129178380514, 0.259669403606, 0.146545234731, 0.927259488182, 0.0357049394664, 0.0577954533176, 0.000459454818199, 0.444474099737, 0.00151020004812, 0.63087844847, 0.0405289987495, 0.0488977400753, 0.259800436924, 0.606642431426, 0.154302219426, 0.157584942003, 0.431403614015, 0.0193296067705, 0.158367351727, 2.96913523013
0.000411552242284, 0.514768034297, 0.892086675475, 0.393261715611, 0.0464760472328, 0.012299706656, 0.400062269527, 0.0974184920604, 0.530539705618, 0.455332906086, 0.445141505868, 0.0223788275418, 0.383547215564, 0.546053372353, 0.553877882958, 0.0709005792201, 0.452105622838, 0.017343223314, 0.320856400803, 0.537931907602, 0.179694181469, 0.771295747621, 0.0717428599242, 0.173576586401, 0.950563416208, 0.420199894083, 0.638437373123, 0.598898065272, 0.247553725686, 0.0129644188272, 0.000411552242284, 4.29621972295
0.000411552242284, 0.514768034297, 0.892086675475, 0.393261715611, 0.0464760472328, 0.012299706656, 0.400062269527, 0.0974184920604, 0.530539705618, 0.455332906086, 0.445141505868, 0.0223788275418, 0.383547215564, 0.546053372353, 0.553877882958, 0.0709005792201, 0.452105622838, 0.017343223314, 0.320856400803, 0.537931907602, 0.179694181469, 0.771295747621, 0.0717428599242, 0.173576586401, 0.950563416208, 0.420199894083, 0.638437373123, 0.598898065272, 0.247553725686, 0.0129644188272, 0.000411552242284, 4.29621972295
0.0496982572887, 0.591525627614, 0.179481809982, 0.134190713771, 0.375378309675, 0.963758898147, 0.0064074542431, 0.535731033248, 0.165269827945, 0.291130030962, 0.0748995154019, 0.129486929025, 0.31117255733, 0.832269698811, 0.104149490381, 0.0751872769523, 0.676410374688, 0.945400303442, 0.572638441904, 0.00190533513526, 0.888529167833, 0.0596982913426, 0.267964303623, 0.334458087795, 0.495353678595, 0.225614409549, 0.0130019168066, 0.297295072391, 0.107093911554, 0.255250634544, 0.0496982572887, 3.62565751315
0.0496982572887, 0.591525627614, 0.179481809982, 0.134190713771, 0.375378309675, 0.963758898147, 0.0064074542431, 0.535731033248, 0.165269827945, 0.291130030962, 0.0748995154019, 0.129486929025, 0.31117255733, 0.832269698811, 0.104149490381, 0.0751872769523, 0.676410374688, 0.945400303442, 0.572638441904, 0.00190533513526, 0.888529167833, 0.0596982913426, 0.267964303623, 0.334458087795, 0.495353678595, 0.225614409549, 0.0130019168066, 0.297295072391, 0.107093911554, 0.255250634544, 0.0496982572887, 3.62565751315
0.396956147883, 0.589574185868, 0.16215310016, 0.358974262036, 0.163712834499, 0.166733174051, 0.709264189461, 0.990593067479, 0.442951468194, 0.255239147979, 0.00141728276006, 0.240572592324, 0.666299253122, 0.229590833477, 0.00790937630485, 0.204373905138, 0.260182232441, 0.0424574764945, 0.34299910772, 0.752518046232, 0.0736085472674, 0.323414073951, 0.34072915468, 0.119181396214, 0.852689372112, 0.425448864629, 0.461154755111, 0.727792336535, 0.0193251533466, 0.0452092616231, 0.396956147883, 2.82089740069
0.396956147883, 0.589574185868, 0.16215310016, 0.358974262036, 0.163712834499, 0.166733174051, 0.709264189461, 0.990593067479, 0.442951468194, 0.255239147979, 0.00141728276006, 0.240572592324, 0.666299253122, 0.229590833477, 0.00790937630485, 0.204373905138, 0.260182232441, 0.0424574764945, 0.34299910772, 0.752518046232, 0.0736085472674, 0.323414073951, 0.34072915468, 0.119181396214, 0.852689372112, 0.425448864629, 0.461154755111, 0.727792336535, 0.0193251533466, 0.0452092616231, 0.396956147883, 2.82089740069
0.00116884423139, 0.514768034297, 0.788821206531, 0.393261715611, 0.0951223283318, 0.066798547476, 0.472898176548, 0.346822656603, 0.387402270405, 0.179939165233, 0.105919409621, 0.393292349183, 0.383547215564, 0.546053372353, 0.553877882958, 0.628362701051, 0.30252397189, 0.0329329950308, 0.980845187284, 0.339702917349, 0.179694181469, 0.455473371663, 0.296475474896, 0.173576586401, 0.596155335981, 0.420199894083, 0.399652345349, 0.163176392003, 0.0590700264292, 0.260193271056, 0.00116884423139, 4.19316456467
0.00116884423139, 0.514768034297, 0.788821206531, 0.393261715611, 0.0951223283318, 0.066798547476, 0.472898176548, 0.346822656603, 0.387402270405, 0.179939165233, 0.105919409621, 0.393292349183, 0.383547215564, 0.546053372353, 0.553877882958, 0.628362701051, 0.30252397189, 0.0329329950308, 0.980845187284, 0.339702917349, 0.179694181469, 0.455473371663, 0.296475474896, 0.173576586401, 0.596155335981, 0.420199894083, 0.399652345349, 0.163176392003, 0.0590700264292, 0.260193271056, 0.00116884423139, 4.19316456467
0.892658005353, 0.0524224006836, 0.120374155213, 0.354740481995, 0.0519367257203, 0.121090887076, 0.904995556939, 0.619026718499, 0.0205597190932, 0.658794274429, 0.663858424459, 0.150566326276, 0.18021760848, 0.103804774935, 0.458610162846, 0.00412521098843, 0.224103429374, 0.287764460398, 0.732612365138, 0.38691399325, 0.00105106717554, 0.590369884345, 0.396795937716, 0.395324251774, 0.367173477947, 0.256334294528, 0.185061548111, 0.195763234297, 0.353976066313, 0.49376822509, 0.892658005353, 2.03125207308
0.892658005353, 0.0524224006836, 0.120374155213, 0.354740481995, 0.0519367257203, 0.121090887076, 0.904995556939, 0.619026718499, 0.0205597190932, 0.658794274429, 0.663858424459, 0.150566326276, 0.18021760848, 0.103804774935, 0.458610162846, 0.00412521098843, 0.224103429374, 0.287764460398, 0.732612365138, 0.38691399325, 0.00105106717554, 0.590369884345, 0.396795937716, 0.395324251774, 0.367173477947, 0.256334294528, 0.185061548111, 0.195763234297, 0.353976066313, 0.49376822509, 0.892658005353, 2.03125207308
0.00653625804715, 0.297225488186, 0.313480957027, 0.183450492564, 0.894991555603, 0.444321107001, 0.461822092827, 0.272445063406, 0.450131386061, 0.255239147979, 0.351486894592, 0.199288536211, 0.617446422503, 0.0945334551987, 0.0402038018105, 0.393800143182, 0.362554423939, 0.113418800725, 0.00143639907832, 0.752518046232, 0.165021685447, 0.949620139626, 0.253541405439, 0.407114222219, 0.852689372112, 0.898939959045, 0.0720445348312, 0.280615177817, 0.00621523540341, 0.376179500764, 0.00653625804715, 4.17143791001
0.00653625804715, 0.297225488186, 0.313480957027, 0.183450492564, 0.894991555603, 0.444321107001, 0.461822092827, 0.272445063406, 0.450131386061, 0.255239147979, 0.351486894592, 0.199288536211, 0.617446422503, 0.0945334551987, 0.0402038018105, 0.393800143182, 0.362554423939, 0.113418800725, 0.00143639907832, 0.752518046232, 0.165021685447, 0.949620139626, 0.253541405439, 0.407114222219, 0.852689372112, 0.898939959045, 0.0720445348312, 0.280615177817, 0.00621523540341, 0.376179500764, 0.00653625804715, 4.17143791001
0.0531165965443, 0.294852127986, 0.179481809982, 0.134190713771, 0.0494489618481, 0.824928351342, 0.00086024103737, 0.929319807369, 0.588213842228, 0.151076155181, 0.498467589061, 0.118687502387, 0.31117255733, 0.328457672172, 0.104149490381, 0.0751872769523, 0.676410374688, 0.0711364914276, 0.77160065642, 0.545082466694, 0.586783414045, 0.152571436778, 0.267964303623, 0.361314555008, 0.591230166212, 0.017920965477, 0.0506074505485, 0.297295072391, 0.484896118905, 0.0733650172136, 0.0531165965443, 3.50104660489
0.0531165965443, 0.294852127986, 0.179481809982, 0.134190713771, 0.0494489618481, 0.824928351342, 0.00086024103737, 0.929319807369, 0.588213842228, 0.151076155181, 0.498467589061, 0.118687502387, 0.31117255733, 0.328457672172, 0.104149490381, 0.0751872769523, 0.676410374688, 0.0711364914276, 0.77160065642, 0.545082466694, 0.586783414045, 0.152571436778, 0.267964303623, 0.361314555008, 0.591230166212, 0.017920965477, 0.0506074505485, 0.297295072391, 0.484896118905, 0.0733650172136, 0.0531165965443, 3.50104660489
0.469701230684, 0.532405652978, 0.0471729997345, 0.195114956066, 0.230770594061, 0.0142767221344, 0.714130102729, 0.53447373232, 0.93604389635, 0.110948596912, 0.187748101016, 0.780910967332, 0.0483031453578, 0.259669403606, 0.145356268414, 0.352967090042, 0.277781315072, 0.0577954533176, 0.00017693035973, 0.0368479041957, 0.0132926159037, 0.0571793114375, 0.0405289987495, 0.638759374327, 0.494261092743, 0.112596244432, 0.105549113904, 0.0751053081443, 0.741477528558, 0.00749549264036, 0.469701230684, 2.14027552918
0.469701230684, 0.532405652978, 0.0471729997345, 0.195114956066, 0.230770594061, 0.0142767221344, 0.714130102729, 0.53447373232, 0.93604389635, 0.110948596912, 0.187748101016, 0.780910967332, 0.0483031453578, 0.259669403606, 0.145356268414, 0.352967090042, 0.277781315072, 0.0577954533176, 0.00017693035973, 0.0368479041957, 0.0132926159037, 0.0571793114375, 0.0405289987495, 0.638759374327, 0.494261092743, 0.112596244432, 0.105549113904, 0.0751053081443, 0.741477528558, 0.00749549264036, 0.469701230684, 2.14027552918
0.108445241775, 0.532405652978, 0.480903652047, 0.190605945347, 0.230770594061, 0.306144801522, 0.714130102729, 0.960611308332, 0.93604389635, 0.180273889826, 0.187748101016, 0.780910967332, 0.185735101155, 0.416948843541, 0.145356268414, 0.161104131829, 0.522174319633, 0.0577954533176, 4.1980286095e-05, 0.444474099737, 0.0132926159037, 0.363656964775, 0.0405289987495, 0.190947123414, 0.0208445366177, 0.490311808596, 0.0865629134187, 0.0751053081443, 0.763142889186, 0.00749549264036, 0.108445241775, 3.28996212871
0.108445241775, 0.532405652978, 0.480903652047, 0.190605945347, 0.230770594061, 0.306144801522, 0.714130102729, 0.960611308332, 0.93604389635, 0.180273889826, 0.187748101016, 0.780910967332, 0.185735101155, 0.416948843541, 0.145356268414, 0.161104131829, 0.522174319633, 0.0577954533176, 4.1980286095e-05, 0.444474099737, 0.0132926159037, 0.363656964775, 0.0405289987495, 0.190947123414, 0.0208445366177, 0.490311808596, 0.0865629134187, 0.0751053081443, 0.763142889186, 0.00749549264036, 0.108445241775, 3.28996212871
0.0282720699514, 0.532405652978, 0.211942698385, 0.432573951614, 0.710324259016, 0.616546284477, 0.413622078087, 0.960611308332, 0.942811062688, 0.125300039832, 0.0516265640327, 0.506636628211, 0.0892465854423, 0.259669403606, 0.145356268414, 0.344475570929, 0.522174319633, 0.0577954533176, 0.000459454818199, 0.444474099737, 0.00174822067271, 0.243162761408, 0.126125843801, 0.458067157553, 0.259800436924, 0.626827986668, 0.154302219426, 0.157584942003, 0.693991944248, 0.0193296067705, 0.0282720699514, 3.79526589552
0.0282720699514, 0.532405652978, 0.211942698385, 0.432573951614, 0.710324259016, 0.616546284477, 0.413622078087, 0.960611308332, 0.942811062688, 0.125300039832, 0.0516265640327, 0.506636628211, 0.0892465854423, 0.259669403606, 0.145356268414, 0.344475570929, 0.522174319633, 0.0577954533176, 0.000459454818199, 0.444474099737, 0.00174822067271, 0.243162761408, 0.126125843801, 0.458067157553, 0.259800436924, 0.626827986668, 0.154302219426, 0.157584942003, 0.693991944248, 0.0193296067705, 0.0282720699514, 3.79526589552
0.0177367840496, 0.267205639438, 0.00802197039488, 0.1074834799, 0.153662278925, 0.338511077902, 0.549044137564, 0.280003410529, 0.925112516505, 0.830118291936, 0.572749295987, 0.418222768613, 0.0618617456026, 0.387995743266, 0.156584877643, 0.161883562903, 0.626714816625, 0.341487432233, 0.0762132467277, 0.0622451493753, 0.157568968128, 0.422868462115, 0.537738888094, 0.789385177155, 0.477182290209, 0.061995564461, 0.432334070193, 0.496848824047, 0.446372306209, 0.491901532749, 0.0177367840496, 4.02563060476
0.0177367840496, 0.267205639438, 0.00802197039488, 0.1074834799, 0.153662278925, 0.338511077902, 0.549044137564, 0.280003410529, 0.925112516505, 0.830118291936, 0.572749295987, 0.418222768613, 0.0618617456026, 0.387995743266, 0.156584877643, 0.161883562903, 0.626714816625, 0.341487432233, 0.0762132467277, 0.0622451493753, 0.157568968128, 0.422868462115, 0.537738888094, 0.789385177155, 0.477182290209, 0.061995564461, 0.432334070193, 0.496848824047, 0.446372306209, 0.491901532749, 0.0177367840496, 4.02563060476
0.276413219874, 0.532405652978, 0.167444260922, 0.195114956066, 0.230770594061, 0.616546284477, 0.734189305661, 0.992340929112, 0.93604389635, 0.180273889826, 0.187748101016, 0.963905816315, 0.185735101155, 0.416948843541, 0.145356268414, 0.201295363849, 0.522174319633, 0.854585918788, 0.000459454818199, 0.231887018656, 0.0736085472674, 0.186138503073, 0.0405289987495, 0.011585050847, 0.272964736709, 0.490311808596, 0.0451962873049, 0.0751053081443, 0.0638139911713, 0.00749549264036, 0.276413219874, 2.92028828349
0.276413219874, 0.532405652978, 0.167444260922, 0.195114956066, 0.230770594061, 0.616546284477, 0.734189305661, 0.992340929112, 0.93604389635, 0.180273889826, 0.187748101016, 0.963905816315, 0.185735101155, 0.416948843541, 0.145356268414, 0.201295363849, 0.522174319633, 0.854585918788, 0.000459454818199, 0.231887018656, 0.0736085472674, 0.186138503073, 0.0405289987495, 0.011585050847, 0.272964736709, 0.490311808596, 0.0451962873049, 0.0751053081443, 0.0638139911713, 0.00749549264036, 0.276413219874, 2.92028828349
0.0366567146001, 0.00565793577547, 0.0321976968049, 0.612253730569, 0.678734715761, 0.571537405935, 0.0864182634144, 0.643658052063, 0.113818175027, 0.104083070871, 0.632874293672, 0.0191399345216, 0.1393805897, 0.0318178783241, 0.0402038018105, 0.117479138106, 0.744932737763, 0.0424460314095, 0.826023544751, 0.243261231931, 0.0001322847726, 0.85916332282, 0.326816430724, 0.494437585016, 0.282351780301, 0.882552963581, 0.240179112981, 0.485582144653, 0.582650535034, 0.32584853999, 0.0366567146001, 3.76459116065
0.0366567146001, 0.00565793577547, 0.0321976968049, 0.612253730569, 0.678734715761, 0.571537405935, 0.0864182634144, 0.643658052063, 0.113818175027, 0.104083070871, 0.632874293672, 0.0191399345216, 0.1393805897, 0.0318178783241, 0.0402038018105, 0.117479138106, 0.744932737763, 0.0424460314095, 0.826023544751, 0.243261231931, 0.0001322847726, 0.85916332282, 0.326816430724, 0.494437585016, 0.282351780301, 0.882552963581, 0.240179112981, 0.485582144653, 0.582650535034, 0.32584853999, 0.0366567146001, 3.76459116065
0.195168308901, 0.532405652978, 0.211942698385, 0.432573951614, 0.710324259016, 0.616546284477, 0.263749677284, 0.960611308332, 0.942811062688, 0.125300039832, 0.0516265640327, 0.272571607469, 0.0892465854423, 0.259669403606, 0.145356268414, 0.352967090042, 0.522174319633, 0.0577954533176, 0.000459454818199, 0.444474099737, 0.00174822067271, 0.576637579679, 0.0134883643308, 0.161780969903, 0.259800436924, 0.606642431426, 0.154708935823, 0.141686363572, 0.693991944248, 0.0193296067705, 0.195168308901, 3.10422920116
0.195168308901, 0.532405652978, 0.211942698385, 0.432573951614, 0.710324259016, 0.616546284477, 0.263749677284, 0.960611308332, 0.942811062688, 0.125300039832, 0.0516265640327, 0.272571607469, 0.0892465854423, 0.259669403606, 0.145356268414, 0.352967090042, 0.522174319633, 0.0577954533176, 0.000459454818199, 0.444474099737, 0.00174822067271, 0.576637579679, 0.0134883643308, 0.161780969903, 0.259800436924, 0.606642431426, 0.154708935823, 0.141686363572, 0.693991944248, 0.0193296067705, 0.195168308901, 3.10422920116
0.000695400853567, 0.514768034297, 0.394654507151, 0.393261715611, 0.116976978169, 0.138584184636, 0.813028082144, 0.112835617789, 0.387402270405, 0.697336586653, 0.206747027831, 0.899027395932, 0.383547215564, 0.546053372353, 0.553877882958, 0.0709005792201, 0.524103873979, 0.211100779124, 0.00964616824118, 0.537931907602, 0.179694181469, 0.771295747621, 0.0049223480405, 0.0717674760301, 0.780355315704, 0.420199894083, 0.482648287881, 0.575606863121, 0.205215311445, 0.260193271056, 0.000695400853567, 4.43971273453
0.000695400853567, 0.514768034297, 0.394654507151, 0.393261715611, 0.116976978169, 0.138584184636, 0.813028082144, 0.112835617789, 0.387402270405, 0.697336586653, 0.206747027831, 0.899027395932, 0.383547215564, 0.546053372353, 0.553877882958, 0.0709005792201, 0.524103873979, 0.211100779124, 0.00964616824118, 0.537931907602, 0.179694181469, 0.771295747621, 0.0049223480405, 0.0717674760301, 0.780355315704, 0.420199894083, 0.482648287881, 0.575606863121, 0.205215311445, 0.260193271056, 0.000695400853567, 4.43971273453
0.000522042037471, 0.0619118859324, 0.00395437646575, 0.695763730011, 0.0951223283318, 0.138584184636, 0.591678639493, 0.0636250426512, 0.387402270405, 0.455332906086, 0.117023172861, 0.899027395932, 0.383547215564, 0.12659689683, 0.572181036428, 0.882139381338, 0.894782107039, 0.575277032492, 0.418689373194, 0.371632552327, 0.0956375796078, 0.651613663623, 0.0717428599242, 0.286647138621, 0.917666457505, 0.420199894083, 0.127058848779, 0.318773900322, 0.427973817231, 0.260193271056, 0.000522042037471, 4.46202686213
0.000522042037471, 0.0619118859324, 0.00395437646575, 0.695763730011, 0.0951223283318, 0.138584184636, 0.591678639493, 0.0636250426512, 0.387402270405, 0.455332906086, 0.117023172861, 0.899027395932, 0.383547215564, 0.12659689683, 0.572181036428, 0.882139381338, 0.894782107039, 0.575277032492, 0.418689373194, 0.371632552327, 0.0956375796078, 0.651613663623, 0.0717428599242, 0.286647138621, 0.917666457505, 0.420199894083, 0.127058848779, 0.318773900322, 0.427973817231, 0.260193271056, 0.000522042037471, 4.46202686213
0.000462160117221, 0.514768034297, 0.0568596493667, 0.628691611888, 0.0951223283318, 0.138584184636, 0.521091620339, 0.0520513482463, 0.432001412429, 0.455332906086, 0.216093783614, 0.899027395932, 0.383547215564, 0.546053372353, 0.572181036428, 0.92189317161, 0.868752605423, 0.378910809169, 0.996057869887, 0.193122392298, 0.00680041671609, 0.902849489843, 0.0717428599242, 0.173576586401, 0.917666457505, 0.420199894083, 0.482648287881, 0.318773900322, 0.427973817231, 0.260193271056, 0.000462160117221, 4.94071134498
0.000462160117221, 0.514768034297, 0.0568596493667, 0.628691611888, 0.0951223283318, 0.138584184636, 0.521091620339, 0.0520513482463, 0.432001412429, 0.455332906086, 0.216093783614, 0.899027395932, 0.383547215564, 0.546053372353, 0.572181036428, 0.92189317161, 0.868752605423, 0.378910809169, 0.996057869887, 0.193122392298, 0.00680041671609, 0.902849489843, 0.0717428599242, 0.173576586401, 0.917666457505, 0.420199894083, 0.482648287881, 0.318773900322, 0.427973817231, 0.260193271056, 0.000462160117221, 4.94071134498
0.0496982572887, 0.591525627614, 0.179481809982, 0.236090756983, 0.375378309675, 0.963758898147, 0.0064074542431, 0.535731033248, 0.165269827945, 0.291130030962, 0.0748995154019, 0.118687502387, 0.31117255733, 0.832269698811, 0.104149490381, 0.0540720434826, 0.676410374688, 0.799973283291, 0.727095545541, 0.00190533513526, 0.888529167833, 0.0596982913426, 0.267964303623, 0.334458087795, 0.495353678595, 0.225614409549, 0.02030196321, 0.297295072391, 0.109440140549, 0.255250634544, 0.0496982572887, 3.65165656684
0.0496982572887, 0.591525627614, 0.179481809982, 0.236090756983, 0.375378309675, 0.963758898147, 0.0064074542431, 0.535731033248, 0.165269827945, 0.291130030962, 0.0748995154019, 0.118687502387, 0.31117255733, 0.832269698811, 0.104149490381, 0.0540720434826, 0.676410374688, 0.799973283291, 0.727095545541, 0.00190533513526, 0.888529167833, 0.0596982913426, 0.267964303623, 0.334458087795, 0.495353678595, 0.225614409549, 0.02030196321, 0.297295072391, 0.109440140549, 0.255250634544, 0.0496982572887, 3.65165656684
0.00116884423139, 0.514768034297, 0.828696390147, 0.393261715611, 0.0951223283318, 0.138584184636, 0.486570994473, 0.346822656603, 0.506056141221, 0.564727943165, 0.148737448885, 0.393292349183, 0.383547215564, 0.389669780301, 0.553877882958, 0.628362701051, 0.524103873979, 0.0329329950308, 0.980845187284, 0.387512454177, 0.205448275503, 0.0660493621063, 0.0274226180508, 0.173576586401, 0.596155335981, 0.420199894083, 0.399652345349, 0.163176392003, 0.0590700264292, 0.260193271056, 0.00116884423139, 4.23990980091
0.00116884423139, 0.514768034297, 0.828696390147, 0.393261715611, 0.0951223283318, 0.138584184636, 0.486570994473, 0.346822656603, 0.506056141221, 0.564727943165, 0.148737448885, 0.393292349183, 0.383547215564, 0.389669780301, 0.553877882958, 0.628362701051, 0.524103873979, 0.0329329950308, 0.980845187284, 0.387512454177, 0.205448275503, 0.0660493621063, 0.0274226180508, 0.173576586401, 0.596155335981, 0.420199894083, 0.399652345349, 0.163176392003, 0.0590700264292, 0.260193271056, 0.00116884423139, 4.23990980091
0.892658005353, 0.0524224006836, 0.120374155213, 0.354740481995, 0.0519367257203, 0.121090887076, 0.904995556939, 0.405655122871, 0.0556762707006, 0.658794274429, 0.663858424459, 0.150566326276, 0.18021760848, 0.103804774935, 0.458610162846, 0.00412521098843, 0.224103429374, 0.287764460398, 0.732612365138, 0.434512935917, 0.00105106717554, 0.590369884345, 0.788750609324, 0.395324251774, 0.367173477947, 0.256334294528, 0.185061548111, 0.195763234297, 0.353976066313, 0.49376822509, 0.892658005353, 2.09303695707
0.892658005353, 0.0524224006836, 0.120374155213, 0.354740481995, 0.0519367257203, 0.121090887076, 0.904995556939, 0.405655122871, 0.0556762707006, 0.658794274429, 0.663858424459, 0.150566326276, 0.18021760848, 0.103804774935, 0.458610162846, 0.00412521098843, 0.224103429374, 0.287764460398, 0.732612365138, 0.434512935917, 0.00105106717554, 0.590369884345, 0.788750609324, 0.395324251774, 0.367173477947, 0.256334294528, 0.185061548111, 0.195763234297, 0.353976066313, 0.49376822509, 0.892658005353, 2.09303695707
0.469701230684, 0.532405652978, 0.0471729997345, 0.195114956066, 0.230770594061, 0.0142767221344, 0.714130102729, 0.960611308332, 0.93604389635, 0.110948596912, 0.187748101016, 0.780910967332, 0.0483031453578, 0.259669403606, 0.145356268414, 0.352967090042, 0.0159040723423, 0.0577954533176, 0.00017693035973, 0.0368479041957, 0.0132926159037, 0.0571793114375, 0.0405289987495, 0.638759374327, 0.494261092743, 0.112596244432, 0.105549113904, 0.0751053081443, 0.699347727476, 0.00749549264036, 0.469701230684, 2.17115881302
0.469701230684, 0.532405652978, 0.0471729997345, 0.195114956066, 0.230770594061, 0.0142767221344, 0.714130102729, 0.960611308332, 0.93604389635, 0.110948596912, 0.187748101016, 0.780910967332, 0.0483031453578, 0.259669403606, 0.145356268414, 0.352967090042, 0.0159040723423, 0.0577954533176, 0.00017693035973, 0.0368479041957, 0.0132926159037, 0.0571793114375, 0.0405289987495, 0.638759374327, 0.494261092743, 0.112596244432, 0.105549113904, 0.0751053081443, 0.699347727476, 0.00749549264036, 0.469701230684, 2.17115881302
0.108445241775, 0.532405652978, 0.480903652047, 0.195114956066, 0.230770594061, 0.306144801522, 0.714130102729, 0.960611308332, 0.93604389635, 0.180273889826, 0.187748101016, 0.780910967332, 0.185735101155, 0.416948843541, 0.145356268414, 0.161104131829, 0.522174319633, 0.0577954533176, 0.000459454818199, 0.444474099737, 0.0132926159037, 0.363656964775, 0.0269573044677, 0.190947123414, 0.0208445366177, 0.490311808596, 0.0865629134187, 0.0751053081443, 0.806232976334, 0.00749549264036, 0.108445241775, 3.29976622259
0.108445241775, 0.532405652978, 0.480903652047, 0.195114956066, 0.230770594061, 0.306144801522, 0.714130102729, 0.960611308332, 0.93604389635, 0.180273889826, 0.187748101016, 0.780910967332, 0.185735101155, 0.416948843541, 0.145356268414, 0.161104131829, 0.522174319633, 0.0577954533176, 0.000459454818199, 0.444474099737, 0.0132926159037, 0.363656964775, 0.0269573044677, 0.190947123414, 0.0208445366177, 0.490311808596, 0.0865629134187, 0.0751053081443, 0.806232976334, 0.00749549264036, 0.108445241775, 3.29976622259
0.0303937113401, 0.00852896727257, 0.146369656148, 0.612253730569, 0.678734715761, 0.571537405935, 0.0864182634144, 0.643658052063, 0.113818175027, 0.104083070871, 0.350737362884, 0.0224056170253, 0.1393805897, 0.0318178783241, 0.0105791257786, 0.393800143182, 0.744932737763, 0.0424460314095, 0.826023544751, 0.268687333226, 0.000864459467058, 0.85916332282, 0.326816430724, 0.494437585016, 0.730361872404, 0.882552963581, 0.240179112981, 0.485582144653, 0.375729639479, 0.480329801611, 0.0303937113401, 3.95004940473
0.0303937113401, 0.00852896727257, 0.146369656148, 0.612253730569, 0.678734715761, 0.571537405935, 0.0864182634144, 0.643658052063, 0.113818175027, 0.104083070871, 0.350737362884, 0.0224056170253, 0.1393805897, 0.0318178783241, 0.0105791257786, 0.393800143182, 0.744932737763, 0.0424460314095, 0.826023544751, 0.268687333226, 0.000864459467058, 0.85916332282, 0.326816430724, 0.494437585016, 0.730361872404, 0.882552963581, 0.240179112981, 0.485582144653, 0.375729639479, 0.480329801611, 0.0303937113401, 3.95004940473
0.407438570352, 0.754752707013, 0.16215310016, 0.358974262036, 0.163712834499, 0.548665667554, 0.709264189461, 0.990593067479, 0.442951468194, 0.255239147979, 0.00141728276006, 0.199288536211, 0.666299253122, 0.229590833477, 0.00790937630485, 0.204373905138, 0.45407655318, 0.0424574764945, 0.34299910772, 0.752518046232, 0.0736085472674, 0.323414073951, 0.34072915468, 0.0188261241851, 0.852689372112, 0.425448864629, 0.461154755111, 0.727792336535, 0.0193251533466, 0.0452092616231, 0.407438570352, 2.96117380422
0.407438570352, 0.754752707013, 0.16215310016, 0.358974262036, 0.163712834499, 0.548665667554, 0.709264189461, 0.990593067479, 0.442951468194, 0.255239147979, 0.00141728276006, 0.199288536211, 0.666299253122, 0.229590833477, 0.00790937630485, 0.204373905138, 0.45407655318, 0.0424574764945, 0.34299910772, 0.752518046232, 0.0736085472674, 0.323414073951, 0.34072915468, 0.0188261241851, 0.852689372112, 0.425448864629, 0.461154755111, 0.727792336535, 0.0193251533466, 0.0452092616231, 0.407438570352, 2.96117380422
0.319605055757, 0.267205639438, 0.857551971023, 0.0516483901649, 0.0546818668782, 0.448533754137, 0.0413975078567, 0.583836827705, 0.237492135679, 0.0700136317892, 0.0858379340054, 0.571301155524, 0.397345498173, 0.204768327973, 0.174018208624, 0.14264637565, 0.00932793584367, 0.341487432233, 0.846246512625, 0.939472813678, 0.0784944430037, 0.819867323121, 0.750085842113, 0.176868300332, 0.841199692589, 0.140471825687, 0.340953098619, 0.0961706449524, 0.142835396785, 0.40420771881, 0.319605055757, 2.9892273655
0.319605055757, 0.267205639438, 0.857551971023, 0.0516483901649, 0.0546818668782, 0.448533754137, 0.0413975078567, 0.583836827705, 0.237492135679, 0.0700136317892, 0.0858379340054, 0.571301155524, 0.397345498173, 0.204768327973, 0.174018208624, 0.14264637565, 0.00932793584367, 0.341487432233, 0.846246512625, 0.939472813678, 0.0784944430037, 0.819867323121, 0.750085842113, 0.176868300332, 0.841199692589, 0.140471825687, 0.340953098619, 0.0961706449524, 0.142835396785, 0.40420771881, 0.319605055757, 2.9892273655
0.305092464131, 0.0947088655698, 0.313480957027, 0.183450492564, 0.894991555603, 0.885961726693, 0.35807098705, 0.356055033215, 0.0262193822769, 0.231736733964, 0.351486894592, 0.199288536211, 0.176920774097, 0.0945334551987, 0.00790937630485, 0.637774356589, 0.362554423939, 0.0424574764945, 0.00143639907832, 0.325295970817, 0.351755229686, 0.98536213517, 0.34072915468, 0.766660040017, 0.852689372112, 0.425448864629, 0.495417294131, 0.280615177817, 0.0107865359651, 0.346680441115, 0.305092464131, 3.09201884338
0.305092464131, 0.0947088655698, 0.313480957027, 0.183450492564, 0.894991555603, 0.885961726693, 0.35807098705, 0.356055033215, 0.0262193822769, 0.231736733964, 0.351486894592, 0.199288536211, 0.176920774097, 0.0945334551987, 0.00790937630485, 0.637774356589, 0.362554423939, 0.0424574764945, 0.00143639907832, 0.325295970817, 0.351755229686, 0.98536213517, 0.34072915468, 0.766660040017, 0.852689372112, 0.425448864629, 0.495417294131, 0.280615177817, 0.0107865359651, 0.346680441115, 0.305092464131, 3.09201884338
0.195168308901, 0.532405652978, 0.211942698385, 0.432573951614, 0.710324259016, 0.616546284477, 0.0864182634144, 0.960611308332, 0.942811062688, 0.125300039832, 0.0516265640327, 0.506636628211, 0.0892465854423, 0.259669403606, 0.145356268414, 0.352967090042, 0.522174319633, 0.0577954533176, 0.000245059953094, 0.250682606893, 0.00174822067271, 0.576637579679, 0.126125843801, 0.458067157553, 0.259800436924, 0.626827986668, 0.200724428311, 0.157584942003, 0.693991944248, 0.0193296067705, 0.195168308901, 3.20195048491
0.195168308901, 0.532405652978, 0.211942698385, 0.432573951614, 0.710324259016, 0.616546284477, 0.0864182634144, 0.960611308332, 0.942811062688, 0.125300039832, 0.0516265640327, 0.506636628211, 0.0892465854423, 0.259669403606, 0.145356268414, 0.352967090042, 0.522174319633, 0.0577954533176, 0.000245059953094, 0.250682606893, 0.00174822067271, 0.576637579679, 0.126125843801, 0.458067157553, 0.259800436924, 0.626827986668, 0.200724428311, 0.157584942003, 0.693991944248, 0.0193296067705, 0.195168308901, 3.20195048491
0.000522042037471, 0.514768034297, 0.00395437646575, 0.695763730011, 0.0951223283318, 0.138584184636, 0.988703353236, 0.112835617789, 0.387402270405, 0.455332906086, 0.0926475534557, 0.899027395932, 0.383547215564, 0.12659689683, 0.572181036428, 0.882139381338, 0.894782107039, 0.575277032492, 0.0295793343368, 0.371632552327, 0.0956375796078, 0.651613663623, 0.0717428599242, 0.0231051202644, 0.917666457505, 0.420199894083, 0.127058848779, 0.318773900322, 0.427973817231, 0.260193271056, 0.000522042037471, 4.53057390051
0.000522042037471, 0.514768034297, 0.00395437646575, 0.695763730011, 0.0951223283318, 0.138584184636, 0.988703353236, 0.112835617789, 0.387402270405, 0.455332906086, 0.0926475534557, 0.899027395932, 0.383547215564, 0.12659689683, 0.572181036428, 0.882139381338, 0.894782107039, 0.575277032492, 0.0295793343368, 0.371632552327, 0.0956375796078, 0.651613663623, 0.0717428599242, 0.0231051202644, 0.917666457505, 0.420199894083, 0.127058848779, 0.318773900322, 0.427973817231, 0.260193271056, 0.000522042037471, 4.53057390051
0.000676241108782, 0.686138049496, 0.932345860073, 0.195114956066, 0.0464760472328, 0.079605781325, 0.400062269527, 0.112835617789, 0.613042814054, 0.455332906086, 0.445141505868, 0.899027395932, 0.383547215564, 0.242197115186, 0.553877882958, 0.301106116691, 0.452105622838, 0.017343223314, 0.177487978777, 0.617409424292, 0.179694181469, 0.771295747621, 0.0717428599242, 0.123041569556, 0.756754042396, 0.420199894083, 0.482648287881, 0.0775497676356, 0.397340906793, 0.483982178263, 0.000676241108782, 4.47465311662
0.000676241108782, 0.686138049496, 0.932345860073, 0.195114956066, 0.0464760472328, 0.079605781325, 0.400062269527, 0.112835617789, 0.613042814054, 0.455332906086, 0.445141505868, 0.899027395932, 0.383547215564, 0.242197115186, 0.553877882958, 0.301106116691, 0.452105622838, 0.017343223314, 0.177487978777, 0.617409424292, 0.179694181469, 0.771295747621, 0.0717428599242, 0.123041569556, 0.756754042396, 0.420199894083, 0.482648287881, 0.0775497676356, 0.397340906793, 0.483982178263, 0.000676241108782, 4.47465311662
0.000462160117221, 0.514768034297, 0.00986668015586, 0.628691611888, 0.0951223283318, 0.0340118809961, 0.521091620339, 0.112835617789, 0.432001412429, 0.455332906086, 0.216093783614, 0.899027395932, 0.383547215564, 0.546053372353, 0.572181036428, 0.92189317161, 0.868752605423, 0.378910809169, 0.980845187284, 0.193122392298, 0.401289269456, 0.771295747621, 0.0717428599242, 0.173576586401, 0.917666457505, 0.420199894083, 0.482648287881, 0.318773900322, 0.427973817231, 0.260193271056, 0.000462160117221, 4.98918347594
0.000462160117221, 0.514768034297, 0.00986668015586, 0.628691611888, 0.0951223283318, 0.0340118809961, 0.521091620339, 0.112835617789, 0.432001412429, 0.455332906086, 0.216093783614, 0.899027395932, 0.383547215564, 0.546053372353, 0.572181036428, 0.92189317161, 0.868752605423, 0.378910809169, 0.980845187284, 0.193122392298, 0.401289269456, 0.771295747621, 0.0717428599242, 0.173576586401, 0.917666457505, 0.420199894083, 0.482648287881, 0.318773900322, 0.427973817231, 0.260193271056, 0.000462160117221, 4.98918347594
0.0496982572887, 0.591525627614, 0.179481809982, 0.134190713771, 0.375378309675, 0.963758898147, 0.326609189329, 0.535731033248, 0.165269827945, 0.291130030962, 0.498467589061, 0.118687502387, 0.31117255733, 0.732162691577, 0.0957737226793, 0.0751872769523, 0.676410374688, 0.945400303442, 0.572638441904, 0.00190533513526, 0.586783414045, 0.152571436778, 0.267964303623, 0.334458087795, 0.202937630077, 0.225614409549, 0.02030196321, 0.297295072391, 0.109440140549, 0.255250634544, 0.0496982572887, 3.66461477258
0.0496982572887, 0.591525627614, 0.179481809982, 0.134190713771, 0.375378309675, 0.963758898147, 0.326609189329, 0.535731033248, 0.165269827945, 0.291130030962, 0.498467589061, 0.118687502387, 0.31117255733, 0.732162691577, 0.0957737226793, 0.0751872769523, 0.676410374688, 0.945400303442, 0.572638441904, 0.00190533513526, 0.586783414045, 0.152571436778, 0.267964303623, 0.334458087795, 0.202937630077, 0.225614409549, 0.02030196321, 0.297295072391, 0.109440140549, 0.255250634544, 0.0496982572887, 3.66461477258
0.00116884423139, 0.745895918427, 0.828696390147, 0.393261715611, 0.0951223283318, 0.138584184636, 0.486570994473, 0.346822656603, 0.387402270405, 0.564727943165, 0.148737448885, 0.393292349183, 0.383547215564, 0.644742634897, 0.553877882958, 0.628362701051, 0.524103873979, 0.0329329950308, 0.980845187284, 0.387512454177, 0.205448275503, 0.0660493621063, 0.0274226180508, 0.173576586401, 0.563154520613, 0.420199894083, 0.399652345349, 0.163176392003, 0.0590700264292, 0.260193271056, 0.00116884423139, 4.34288472256
0.00116884423139, 0.745895918427, 0.828696390147, 0.393261715611, 0.0951223283318, 0.138584184636, 0.486570994473, 0.346822656603, 0.387402270405, 0.564727943165, 0.148737448885, 0.393292349183, 0.383547215564, 0.644742634897, 0.553877882958, 0.628362701051, 0.524103873979, 0.0329329950308, 0.980845187284, 0.387512454177, 0.205448275503, 0.0660493621063, 0.0274226180508, 0.173576586401, 0.563154520613, 0.420199894083, 0.399652345349, 0.163176392003, 0.0590700264292, 0.260193271056, 0.00116884423139, 4.34288472256
0.00653625804715, 0.297225488186, 0.313480957027, 0.183450492564, 0.894991555603, 0.444321107001, 0.461822092827, 0.0920116278619, 0.450131386061, 0.255239147979, 0.351486894592, 0.199288536211, 0.663126590157, 0.0945334551987, 0.00790937630485, 0.639071369637, 0.362554423939, 0.113418800725, 0.00143639907832, 0.752518046232, 0.165021685447, 0.991215753779, 0.642948310152, 0.408151877973, 0.852689372112, 0.898939959045, 0.0720445348312, 0.280615177817, 0.00621523540341, 0.147049573004, 0.00653625804715, 4.25700175964
0.00653625804715, 0.297225488186, 0.313480957027, 0.183450492564, 0.894991555603, 0.444321107001, 0.461822092827, 0.0920116278619, 0.450131386061, 0.255239147979, 0.351486894592, 0.199288536211, 0.663126590157, 0.0945334551987, 0.00790937630485, 0.639071369637, 0.362554423939, 0.113418800725, 0.00143639907832, 0.752518046232, 0.165021685447, 0.991215753779, 0.642948310152, 0.408151877973, 0.852689372112, 0.898939959045, 0.0720445348312, 0.280615177817, 0.00621523540341, 0.147049573004, 0.00653625804715, 4.25700175964
0.892658005353, 0.0524224006836, 0.120374155213, 0.354740481995, 0.0519367257203, 0.121090887076, 0.904995556939, 0.619026718499, 0.310607221685, 0.658794274429, 0.559476039393, 0.150566326276, 0.112154772874, 0.103804774935, 0.458610162846, 0.00412521098843, 0.224103429374, 0.287764460398, 0.732612365138, 0.434512935917, 0.00258604318741, 0.590369884345, 0.396795937716, 0.220750246519, 0.367173477947, 0.256334294528, 0.185061548111, 0.195763234297, 0.669661576162, 0.49376822509, 0.892658005353, 2.10406437359
0.892658005353, 0.0524224006836, 0.120374155213, 0.354740481995, 0.0519367257203, 0.121090887076, 0.904995556939, 0.619026718499, 0.310607221685, 0.658794274429, 0.559476039393, 0.150566326276, 0.112154772874, 0.103804774935, 0.458610162846, 0.00412521098843, 0.224103429374, 0.287764460398, 0.732612365138, 0.434512935917, 0.00258604318741, 0.590369884345, 0.396795937716, 0.220750246519, 0.367173477947, 0.256334294528, 0.185061548111, 0.195763234297, 0.669661576162, 0.49376822509, 0.892658005353, 2.10406437359
0.469701230684, 0.532405652978, 0.488063007639, 0.195114956066, 0.230770594061, 0.616546284477, 0.667060938765, 0.960611308332, 0.90220563453, 0.110948596912, 0.187748101016, 0.321632227253, 0.0483031453578, 0.416948843541, 0.145356268414, 0.27583517645, 0.0389284284124, 0.0538649446484, 0.00017693035973, 0.444474099737, 0.0132926159037, 0.0571793114375, 0.0405289987495, 0.638759374327, 0.136936552557, 0.490311808596, 0.105549113904, 0.0751053081443, 0.693991944248, 0.0063176804128, 0.469701230684, 2.43147946435
0.469701230684, 0.532405652978, 0.488063007639, 0.195114956066, 0.230770594061, 0.616546284477, 0.667060938765, 0.960611308332, 0.90220563453, 0.110948596912, 0.187748101016, 0.321632227253, 0.0483031453578, 0.416948843541, 0.145356268414, 0.27583517645, 0.0389284284124, 0.0538649446484, 0.00017693035973, 0.444474099737, 0.0132926159037, 0.0571793114375, 0.0405289987495, 0.638759374327, 0.136936552557, 0.490311808596, 0.105549113904, 0.0751053081443, 0.693991944248, 0.0063176804128, 0.469701230684, 2.43147946435
0.771106153976, 0.00565793577547, 0.0321976968049, 0.612253730569, 0.678734715761, 0.571537405935, 0.0864182634144, 0.643658052063, 0.113818175027, 0.104083070871, 0.350737362884, 0.0191399345216, 0.1393805897, 0.0318178783241, 0.0402038018105, 0.393800143182, 0.131320629346, 0.0424460314095, 0.826023544751, 0.243261231931, 0.000864459467058, 0.85916332282, 0.326816430724, 0.494437585016, 0.282351780301, 0.882552963581, 0.240179112981, 0.485582144653, 0.582650535034, 0.32584853999, 0.771106153976, 2.21476580433
0.771106153976, 0.00565793577547, 0.0321976968049, 0.612253730569, 0.678734715761, 0.571537405935, 0.0864182634144, 0.643658052063, 0.113818175027, 0.104083070871, 0.350737362884, 0.0191399345216, 0.1393805897, 0.0318178783241, 0.0402038018105, 0.393800143182, 0.131320629346, 0.0424460314095, 0.826023544751, 0.243261231931, 0.000864459467058, 0.85916332282, 0.326816430724, 0.494437585016, 0.282351780301, 0.882552963581, 0.240179112981, 0.485582144653, 0.582650535034, 0.32584853999, 0.771106153976, 2.21476580433
0.854327674893, 0.0966103321044, 0.0413026663904, 0.354740481995, 0.089516438335, 0.121090887076, 0.904995556939, 0.739182383693, 0.0656234321519, 0.0417713801692, 0.559476039393, 0.150566326276, 0.18021760848, 0.63538702232, 0.458610162846, 0.00412521098843, 0.24788745708, 0.338451816321, 0.732612365138, 0.0318098351819, 0.15736280657, 0.693722142656, 0.396795937716, 0.881237427037, 0.367173477947, 0.256334294528, 0.164091414384, 0.195763234297, 0.505473072095, 0.49376822509, 0.854327674893, 2.2085226643
0.854327674893, 0.0966103321044, 0.0413026663904, 0.354740481995, 0.089516438335, 0.121090887076, 0.904995556939, 0.739182383693, 0.0656234321519, 0.0417713801692, 0.559476039393, 0.150566326276, 0.18021760848, 0.63538702232, 0.458610162846, 0.00412521098843, 0.24788745708, 0.338451816321, 0.732612365138, 0.0318098351819, 0.15736280657, 0.693722142656, 0.396795937716, 0.881237427037, 0.367173477947, 0.256334294528, 0.164091414384, 0.195763234297, 0.505473072095, 0.49376822509, 0.854327674893, 2.2085226643
0.108445241775, 0.532405652978, 0.480903652047, 0.892510973579, 0.73812323148, 0.298829227999, 0.714130102729, 0.960611308332, 0.967840810434, 0.125300039832, 0.249312042868, 0.0960484533377, 0.0324789799145, 0.259669403606, 0.137555366827, 0.00774039516307, 0.522174319633, 0.0577954533176, 0.000459454818199, 0.444474099737, 0.00151020004812, 0.576637579679, 0.0405289987495, 0.458067157553, 0.259800436924, 0.606642431426, 0.154302219426, 0.157584942003, 0.431403614015, 0.0193296067705, 0.108445241775, 3.5003044316
0.108445241775, 0.532405652978, 0.480903652047, 0.892510973579, 0.73812323148, 0.298829227999, 0.714130102729, 0.960611308332, 0.967840810434, 0.125300039832, 0.249312042868, 0.0960484533377, 0.0324789799145, 0.259669403606, 0.137555366827, 0.00774039516307, 0.522174319633, 0.0577954533176, 0.000459454818199, 0.444474099737, 0.00151020004812, 0.576637579679, 0.0405289987495, 0.458067157553, 0.259800436924, 0.606642431426, 0.154302219426, 0.157584942003, 0.431403614015, 0.0193296067705, 0.108445241775, 3.5003044316
0.0303937113401, 0.00852896727257, 0.146369656148, 0.612253730569, 0.678734715761, 0.571537405935, 0.0864182634144, 0.643658052063, 0.113818175027, 0.104083070871, 0.350737362884, 0.0224056170253, 0.106055372058, 0.0318178783241, 0.0402038018105, 0.393800143182, 0.744932737763, 0.0206309673282, 0.826023544751, 0.243261231931, 0.000864459467058, 0.85916332282, 0.326816430724, 0.494437585016, 0.730361872404, 0.882552963581, 0.240179112981, 0.485582144653, 0.539390345714, 0.480329801611, 0.0303937113401, 3.98356567466
0.0303937113401, 0.00852896727257, 0.146369656148, 0.612253730569, 0.678734715761, 0.571537405935, 0.0864182634144, 0.643658052063, 0.113818175027, 0.104083070871, 0.350737362884, 0.0224056170253, 0.106055372058, 0.0318178783241, 0.0402038018105, 0.393800143182, 0.744932737763, 0.0206309673282, 0.826023544751, 0.243261231931, 0.000864459467058, 0.85916332282, 0.326816430724, 0.494437585016, 0.730361872404, 0.882552963581, 0.240179112981, 0.485582144653, 0.539390345714, 0.480329801611, 0.0303937113401, 3.98356567466
0.000522042037471, 0.514768034297, 0.0151868810532, 0.628691611888, 0.0951223283318, 0.138584184636, 0.591678639493, 0.0549538178738, 0.27885762066, 0.455332906086, 0.148737448885, 0.899027395932, 0.383547215564, 0.671772930605, 0.572181036428, 0.226148441356, 0.364684759414, 0.507755643543, 0.99305180435, 0.371632552327, 0.0956375796078, 0.771295747621, 0.245116281513, 0.225797449481, 0.777230067054, 0.420199894083, 0.681507507478, 0.318773900322, 0.427973817231, 0.314220414546, 0.000522042037471, 4.73296937842
0.000522042037471, 0.514768034297, 0.0151868810532, 0.628691611888, 0.0951223283318, 0.138584184636, 0.591678639493, 0.0549538178738, 0.27885762066, 0.455332906086, 0.148737448885, 0.899027395932, 0.383547215564, 0.671772930605, 0.572181036428, 0.226148441356, 0.364684759414, 0.507755643543, 0.99305180435, 0.371632552327, 0.0956375796078, 0.771295747621, 0.245116281513, 0.225797449481, 0.777230067054, 0.420199894083, 0.681507507478, 0.318773900322, 0.427973817231, 0.314220414546, 0.000522042037471, 4.73296937842
0.892658005353, 0.0524224006836, 0.120374155213, 0.354740481995, 0.0519367257203, 0.121090887076, 0.904995556939, 0.619026718499, 0.0556762707006, 0.658794274429, 0.88262048759, 0.150566326276, 0.112154772874, 0.103804774935, 0.458610162846, 0.00202493101549, 0.224103429374, 0.287764460398, 0.732612365138, 0.434512935917, 0.0010120354054, 0.590369884345, 0.396795937716, 0.395324251774, 0.367173477947, 0.256334294528, 0.185061548111, 0.195763234297, 0.669661576162, 0.49376822509, 0.892658005353, 2.16080661814
0.892658005353, 0.0524224006836, 0.120374155213, 0.354740481995, 0.0519367257203, 0.121090887076, 0.904995556939, 0.619026718499, 0.0556762707006, 0.658794274429, 0.88262048759, 0.150566326276, 0.112154772874, 0.103804774935, 0.458610162846, 0.00202493101549, 0.224103429374, 0.287764460398, 0.732612365138, 0.434512935917, 0.0010120354054, 0.590369884345, 0.396795937716, 0.395324251774, 0.367173477947, 0.256334294528, 0.185061548111, 0.195763234297, 0.669661576162, 0.49376822509, 0.892658005353, 2.16080661814
0.849385462111, 0.32147150668, 0.116748741607, 0.999419796666, 0.612112364294, 0.0536491359815, 0.95958950642, 0.147138628262, 0.134824974431, 0.00252926514904, 0.271212645411, 0.129141792397, 0.729754121588, 0.0381242510765, 0.256850428169, 0.893176619944, 0.114077125879, 0.601683801809, 0.524962443031, 0.453578439235, 0.901295543962, 0.235907107219, 0.277182226263, 0.361314555008, 0.0516075614342, 0.0135263321093, 0.0190105992538, 0.189644467637, 0.687749837735, 0.230318794161, 0.849385462111, 2.31520637706
0.419446533784, 0.225769806135, 0.825233500049, 0.0516483901649, 0.447378036551, 0.389446915861, 0.702108049253, 0.831047241631, 0.00538298164582, 0.0667219829565, 0.0858379340054, 0.749478650683, 0.57096485416, 0.204768327973, 0.0499118255246, 0.14264637565, 0.00932793584367, 0.186744752537, 0.846246512625, 0.911366546045, 0.0697389395184, 0.245892602606, 0.542697820063, 0.101616249898, 0.940983805609, 0.319226959358, 0.213269260032, 0.376866959133, 0.273321860289, 0.40420771881, 0.419446533784, 2.99802152134
0.469701230684, 0.532405652978, 0.166034610169, 0.12828524464, 0.230770594061, 0.616546284477, 0.714130102729, 0.960611308332, 0.90220563453, 0.110948596912, 0.187748101016, 0.780910967332, 0.0483031453578, 0.0538577209157, 0.145356268414, 0.352967090042, 0.277781315072, 0.0154000921539, 0.00017693035973, 0.444474099737, 0.0132926159037, 0.0571793114375, 0.0405289987495, 0.638759374327, 0.136936552557, 0.490311808596, 0.105549113904, 0.0751053081443, 0.693991944248, 0.00749549264036, 0.469701230684, 2.43993698067
0.569024218108, 0.532405652978, 0.211942698385, 0.627751038333, 0.73812323148, 0.298829227999, 0.714130102729, 0.960611308332, 0.942811062688, 0.125300039832, 0.249312042868, 0.0960484533377, 0.129178380514, 0.259669403606, 0.137555366827, 0.352967090042, 0.0357049394664, 0.0577954533176, 0.000459454818199, 0.454909378817, 0.00151020004812, 0.393193663814, 0.0405289987495, 0.458067157553, 0.259800436924, 0.606642431426, 0.154302219426, 0.157584942003, 0.431403614015, 0.0193296067705, 0.569024218108, 2.43628323906
