0.52308003024, 0.530348314903, 0.213909881579, 0.175829646064, 0.488131855659, 0.21143586939, 0.644162581173, 0.221240964487, 0.570731324563, 0.418783875624, 0.195873991338, 0.550619225362, 0.242280802379, 0.40145634732, 0.501421133499, 0.814747158617, 0.444857612241, 0.130832919729, 0.369965016401, 0.188093816333, 0.183022826959, 0.568264414453, 0.486160807386, 0.36219333503, 0.264202954679, 0.207302066114, 0.343518356222, 0.141700436043, 0.119923590453, 0.34756264895, 0.52308003024, 2.72481325931
0.166092063263, 0.0875443765856, 0.0233867191957, 0.229204382591, 0.0890791989412, 0.23877123849, 0.960639727397, 0.570705412227, 0.367310873517, 0.147836004656, 0.0279897337347, 0.327763351049, 0.00332459813375, 0.632543610833, 0.31043612909, 0.854577927143, 0.392946514011, 0.580972655298, 0.566552097664, 0.439666506324, 0.0540738918785, 0.897002768045, 0.234824572539, 0.306156802339, 0.300581173395, 0.748764345038, 0.833249340816, 0.368877884397, 0.927462024115, 0.442682478415, 0.166092063263, 3.82847398058
0.870250009163, 0.195043438732, 0.0574739894973, 0.156167312193, 0.57759209086, 0.0861426632533, 0.464609968211, 0.481471057512, 0.87733527421, 0.144332058059, 0.821121731964, 0.0472426161476, 0.430061229051, 0.0666544026253, 0.249081564015, 0.0709281735072, 0.132664942599, 0.179285622198, 0.173619173644, 0.802704650142, 0.106635544735, 0.996687651341, 0.0877585782557, 0.378475473632, 0.138386140003, 0.914662741676, 0.958721876691, 0.891703467161, 0.0964683482304, 0.740581741528, 0.870250009163, 2.53217941521
0.0533386519193, 0.941864912576, 0.239578735694, 0.153776434134, 0.0344144174874, 0.127996978647, 0.265811897684, 0.211962327565, 0.072269329417, 0.948355084646, 0.0918934717196, 0.517195334468, 0.59141765241, 0.0304928333959, 0.657752281759, 0.0252567602365, 0.0602500788832, 0.144687599738, 0.779544795198, 0.467141702252, 0.482555931078, 0.439683908287, 0.220974790888, 0.210125039154, 0.74648528721, 0.572066702576, 0.934871274672, 0.947665665775, 0.0910983642945, 0.916730343333, 0.0533386519193, 4.19980762686
0.13389391155, 0.460418112519, 0.991092443227, 0.543781496164, 0.74125635451, 0.0675517158311, 0.917051007331, 0.0172601027785, 0.802785117108, 0.43090017536, 0.0334523198543, 0.0131781793583, 0.0443099245429, 0.0782937474737, 0.498636739965, 0.0165000814393, 0.730036384467, 0.345645950702, 0.535923946814, 0.518613286474, 0.390846131426, 0.201500879272, 0.535424015509, 0.994608737195, 0.344951299755, 0.905975565318, 0.841302719179, 0.143685652343, 0.467167826131, 0.184053828006, 0.13389391155, 4.15538137612
0.341036304134, 0.0515686926422, 0.972921387832, 0.530569595503, 0.0429589828194, 0.774628567052, 0.567251427838, 0.603986972035, 0.145661696147, 0.176105535507, 0.345551256704, 0.788334804444, 0.840955132326, 0.554813978868, 0.380459648255, 0.94313570955, 0.151046937502, 0.149358801646, 0.420879243453, 0.244141486376, 0.139979264825, 0.0889342915819, 0.0205535189978, 0.506978684685, 0.584637001287, 0.3370891859, 0.601964302669, 0.041069879758, 0.132988147758, 0.148931590026, 0.341036304134, 3.26377484072
0.245824216657, 0.255313335813, 0.217852005512, 0.851597120332, 0.206805156375, 0.43210941374, 0.871915610486, 0.953761859384, 0.124081804828, 0.102701882897, 0.2686598614, 0.0306254879815, 0.126614756101, 0.183986555399, 0.277601572362, 0.438764794698, 0.665696023555, 0.402838589397, 0.609511564158, 0.89838370898, 0.355798782952, 0.634686111227, 0.446000199253, 0.161521600263, 0.432535138414, 0.165394234994, 0.632048316528, 0.187514600758, 0.230746623097, 0.246724495654, 0.245824216657, 3.48497649219
0.576913492182, 0.585827655973, 0.0723885590078, 0.26569132988, 0.285922291367, 0.60718079936, 0.152868281011, 0.100636024628, 0.252944652365, 0.0508270963918, 0.0906193396244, 0.150604968857, 0.376437512087, 0.259814844241, 0.104889652054, 0.819319275335, 0.378898187306, 0.266839362284, 0.438176704325, 0.473561052457, 0.384790655603, 0.376813083592, 0.0398048946408, 0.489877648338, 0.575854833676, 0.825780734713, 0.669520537147, 0.601318019716, 0.222914406911, 0.457492082101, 0.576913492182, 2.66020840544
0.223400402604, 0.239362005078, 0.925152876786, 0.839796917258, 0.162004771313, 0.00902550766906, 0.182726088454, 0.404297324464, 0.647778966485, 0.940217185133, 0.479197803331, 0.872047891752, 0.183391379975, 0.241362312501, 0.951129332607, 0.201077882881, 0.353345926643, 0.258761731377, 0.0035480515124, 0.0437280319871, 0.371380558204, 0.0018088591152, 0.320933012029, 0.0484735733247, 0.35897778309, 0.0147602210554, 0.980007198162, 0.891703467161, 0.380208423149, 0.655740742787, 0.223400402604, 3.68629878724
1.13528768171e-05, 0.35087428798, 0.391361616565, 0.153776434134, 0.0039911106644, 0.404099414234, 0.402600857813, 0.8036874963, 0.355094589268, 0.181421535793, 0.896067864431, 0.996173747808, 0.366174648297, 0.66959048558, 0.026953630249, 0.430130194417, 0.966190689314, 0.0429338391213, 0.213965912994, 0.407960244152, 0.0550764673526, 0.0412512870839, 0.0218443619994, 0.344680284138, 0.309000536109, 0.182342401557, 0.999366006332, 0.164179007636, 0.100333701895, 0.239908404019, 1.13528768171e-05, 4.25818899959
0.754857417146, 0.153424586014, 0.480218294609, 0.74479832347, 0.304174566899, 0.233175258491, 0.26033992364, 0.252518735777, 0.934193924458, 0.410077543729, 0.230560475204, 0.254397750724, 0.210870060933, 0.564967313925, 0.973620594657, 0.290605791613, 0.835228880133, 0.131993687721, 0.185724279993, 0.290935859927, 0.867575994462, 0.0987174458671, 0.366780016193, 0.0946466337279, 0.443840308014, 0.571592631537, 0.0774932697673, 0.30703717888, 0.224554878976, 0.0361786493849, 0.754857417146, 2.54671846183
0.973136932529, 0.020568430391, 0.804481136395, 0.513738064255, 0.457577382107, 0.606629888873, 0.296821897558, 0.537719668683, 0.308559934261, 0.630745559937, 0.485366592245, 0.146365302853, 0.0171972267138, 0.554412844291, 0.233152269739, 0.00973259398123, 0.215797943317, 0.142787724479, 0.668363185942, 0.376920012949, 0.192787827149, 0.848878401528, 0.875099645591, 0.85948281146, 0.111252901822, 0.320903380678, 0.50352225691, 0.374174405224, 0.201465332414, 0.229273775498, 0.973136932529, 2.47081080653
0.659770186311, 0.476111335443, 0.326357937378, 0.231880667068, 0.574218774275, 0.288211691758, 0.127944446309, 0.163631640124, 0.0930989304848, 0.0294061819446, 0.88763535001, 0.527708826578, 0.3917219764, 0.131915607581, 0.640927733256, 0.720280679778, 0.631760695536, 0.209943583572, 0.176939536926, 0.953779817982, 0.437525739312, 0.623332619281, 0.269942661151, 0.200947786047, 0.0926968960482, 0.056178557684, 0.192734391342, 0.801671334009, 0.418623965276, 0.00827433570689, 0.659770186311, 2.62865464708
0.52308003024, 0.530348314903, 0.213909881579, 0.175829646064, 0.488131855659, 0.21143586939, 0.644162581173, 0.221240964487, 0.570731324563, 0.418783875624, 0.195873991338, 0.550619225362, 0.242280802379, 0.40145634732, 0.501421133499, 0.814747158617, 0.444857612241, 0.130832919729, 0.369965016401, 0.188093816333, 0.183022826959, 0.568264414453, 0.486160807386, 0.36219333503, 0.264202954679, 0.207302066114, 0.343518356222, 0.141700436043, 0.119923590453, 0.34756264895, 0.52308003024, 2.72481325931
0.166092063263, 0.0875443765856, 0.0233867191957, 0.229204382591, 0.0890791989412, 0.23877123849, 0.960639727397, 0.570705412227, 0.367310873517, 0.147836004656, 0.0279897337347, 0.327763351049, 0.00332459813375, 0.632543610833, 0.31043612909, 0.854577927143, 0.392946514011, 0.580972655298, 0.566552097664, 0.439666506324, 0.0540738918785, 0.897002768045, 0.234824572539, 0.306156802339, 0.300581173395, 0.748764345038, 0.833249340816, 0.368877884397, 0.927462024115, 0.442682478415, 0.166092063263, 3.82847398058
0.870250009163, 0.195043438732, 0.0574739894973, 0.156167312193, 0.57759209086, 0.0861426632533, 0.464609968211, 0.481471057512, 0.87733527421, 0.144332058059, 0.821121731964, 0.0472426161476, 0.430061229051, 0.0666544026253, 0.249081564015, 0.0709281735072, 0.132664942599, 0.179285622198, 0.173619173644, 0.802704650142, 0.106635544735, 0.996687651341, 0.0877585782557, 0.378475473632, 0.138386140003, 0.914662741676, 0.958721876691, 0.891703467161, 0.0964683482304, 0.740581741528, 0.870250009163, 2.53217941521
0.0533386519193, 0.941864912576, 0.239578735694, 0.153776434134, 0.0344144174874, 0.127996978647, 0.265811897684, 0.211962327565, 0.072269329417, 0.948355084646, 0.0918934717196, 0.517195334468, 0.59141765241, 0.0304928333959, 0.657752281759, 0.0252567602365, 0.0602500788832, 0.144687599738, 0.779544795198, 0.467141702252, 0.482555931078, 0.439683908287, 0.220974790888, 0.210125039154, 0.74648528721, 0.572066702576, 0.934871274672, 0.947665665775, 0.0910983642945, 0.916730343333, 0.0533386519193, 4.19980762686
0.13389391155, 0.460418112519, 0.991092443227, 0.543781496164, 0.74125635451, 0.0675517158311, 0.917051007331, 0.0172601027785, 0.802785117108, 0.43090017536, 0.0334523198543, 0.0131781793583, 0.0443099245429, 0.0782937474737, 0.498636739965, 0.0165000814393, 0.730036384467, 0.345645950702, 0.535923946814, 0.518613286474, 0.390846131426, 0.201500879272, 0.535424015509, 0.994608737195, 0.344951299755, 0.905975565318, 0.841302719179, 0.143685652343, 0.467167826131, 0.184053828006, 0.13389391155, 4.15538137612
0.341036304134, 0.0515686926422, 0.972921387832, 0.530569595503, 0.0429589828194, 0.774628567052, 0.567251427838, 0.603986972035, 0.145661696147, 0.176105535507, 0.345551256704, 0.788334804444, 0.840955132326, 0.554813978868, 0.380459648255, 0.94313570955, 0.151046937502, 0.149358801646, 0.420879243453, 0.244141486376, 0.139979264825, 0.0889342915819, 0.0205535189978, 0.506978684685, 0.584637001287, 0.3370891859, 0.601964302669, 0.041069879758, 0.132988147758, 0.148931590026, 0.341036304134, 3.26377484072
0.245824216657, 0.255313335813, 0.217852005512, 0.851597120332, 0.206805156375, 0.43210941374, 0.871915610486, 0.953761859384, 0.124081804828, 0.102701882897, 0.2686598614, 0.0306254879815, 0.126614756101, 0.183986555399, 0.277601572362, 0.438764794698, 0.665696023555, 0.402838589397, 0.609511564158, 0.89838370898, 0.355798782952, 0.634686111227, 0.446000199253, 0.161521600263, 0.432535138414, 0.165394234994, 0.632048316528, 0.187514600758, 0.230746623097, 0.246724495654, 0.245824216657, 3.48497649219
0.576913492182, 0.585827655973, 0.0723885590078, 0.26569132988, 0.285922291367, 0.60718079936, 0.152868281011, 0.100636024628, 0.252944652365, 0.0508270963918, 0.0906193396244, 0.150604968857, 0.376437512087, 0.259814844241, 0.104889652054, 0.819319275335, 0.378898187306, 0.266839362284, 0.438176704325, 0.473561052457, 0.384790655603, 0.376813083592, 0.0398048946408, 0.489877648338, 0.575854833676, 0.825780734713, 0.669520537147, 0.601318019716, 0.222914406911, 0.457492082101, 0.576913492182, 2.66020840544
0.223400402604, 0.239362005078, 0.925152876786, 0.839796917258, 0.162004771313, 0.00902550766906, 0.182726088454, 0.404297324464, 0.647778966485, 0.940217185133, 0.479197803331, 0.872047891752, 0.183391379975, 0.241362312501, 0.951129332607, 0.201077882881, 0.353345926643, 0.258761731377, 0.0035480515124, 0.0437280319871, 0.371380558204, 0.0018088591152, 0.320933012029, 0.0484735733247, 0.35897778309, 0.0147602210554, 0.980007198162, 0.891703467161, 0.380208423149, 0.655740742787, 0.223400402604, 3.68629878724
1.13528768171e-05, 0.35087428798, 0.391361616565, 0.153776434134, 0.0039911106644, 0.404099414234, 0.402600857813, 0.8036874963, 0.355094589268, 0.181421535793, 0.896067864431, 0.996173747808, 0.366174648297, 0.66959048558, 0.026953630249, 0.430130194417, 0.966190689314, 0.0429338391213, 0.213965912994, 0.407960244152, 0.0550764673526, 0.0412512870839, 0.0218443619994, 0.344680284138, 0.309000536109, 0.182342401557, 0.999366006332, 0.164179007636, 0.100333701895, 0.239908404019, 1.13528768171e-05, 4.25818899959
0.754857417146, 0.153424586014, 0.480218294609, 0.74479832347, 0.304174566899, 0.233175258491, 0.26033992364, 0.252518735777, 0.934193924458, 0.410077543729, 0.230560475204, 0.254397750724, 0.210870060933, 0.564967313925, 0.973620594657, 0.290605791613, 0.835228880133, 0.131993687721, 0.185724279993, 0.290935859927, 0.867575994462, 0.0987174458671, 0.366780016193, 0.0946466337279, 0.443840308014, 0.571592631537, 0.0774932697673, 0.30703717888, 0.224554878976, 0.0361786493849, 0.754857417146, 2.54671846183
0.973136932529, 0.020568430391, 0.804481136395, 0.513738064255, 0.457577382107, 0.606629888873, 0.296821897558, 0.537719668683, 0.308559934261, 0.630745559937, 0.485366592245, 0.146365302853, 0.0171972267138, 0.554412844291, 0.233152269739, 0.00973259398123, 0.215797943317, 0.142787724479, 0.668363185942, 0.376920012949, 0.192787827149, 0.848878401528, 0.875099645591, 0.85948281146, 0.111252901822, 0.320903380678, 0.50352225691, 0.374174405224, 0.201465332414, 0.229273775498, 0.973136932529, 2.47081080653
0.659770186311, 0.476111335443, 0.326357937378, 0.231880667068, 0.574218774275, 0.288211691758, 0.127944446309, 0.163631640124, 0.0930989304848, 0.0294061819446, 0.88763535001, 0.527708826578, 0.3917219764, 0.131915607581, 0.640927733256, 0.720280679778, 0.631760695536, 0.209943583572, 0.176939536926, 0.953779817982, 0.437525739312, 0.623332619281, 0.269942661151, 0.200947786047, 0.0926968960482, 0.056178557684, 0.192734391342, 0.801671334009, 0.418623965276, 0.00827433570689, 0.659770186311, 2.62865464708
0.973136932529, 0.452029918667, 0.804481136395, 0.513738064255, 0.867189665919, 0.190953530521, 0.296821897558, 0.0848673035107, 0.308559934261, 0.630745559937, 0.485366592245, 0.146365302853, 0.0171972267138, 0.554412844291, 0.233152269739, 0.00973259398123, 0.215797943317, 0.259496857759, 0.668363185942, 0.376920012949, 0.0727735369011, 0.848878401528, 0.875099645591, 0.85948281146, 0.111252901822, 0.320903380678, 0.842867393461, 0.374174405224, 0.201465332414, 0.229273775498, 0.973136932529, 2.54462671932
0.973136932529, 0.452029918667, 0.804481136395, 0.513738064255, 0.867189665919, 0.190953530521, 0.296821897558, 0.0848673035107, 0.308559934261, 0.630745559937, 0.485366592245, 0.146365302853, 0.0171972267138, 0.554412844291, 0.233152269739, 0.00973259398123, 0.215797943317, 0.259496857759, 0.668363185942, 0.376920012949, 0.0727735369011, 0.848878401528, 0.875099645591, 0.85948281146, 0.111252901822, 0.320903380678, 0.842867393461, 0.374174405224, 0.201465332414, 0.229273775498, 0.973136932529, 2.54462671932
0.841992878425, 0.549694633034, 0.680146132668, 0.545577736239, 0.536363475273, 0.521993525339, 0.20477614557, 0.891367498438, 0.365287895138, 0.976730521046, 0.0722351541194, 0.329638236158, 0.192850889581, 0.762145810546, 0.278681066585, 0.147258653909, 0.221897154937, 0.540806292345, 0.165379578242, 0.514390068915, 0.467520970532, 0.618796085881, 0.0555630456255, 0.102880288121, 0.0583981816195, 0.264888827317, 0.349227476204, 0.176199107671, 0.804370307491, 0.0292755051504, 0.841992878425, 2.58914497917
0.841992878425, 0.549694633034, 0.680146132668, 0.545577736239, 0.536363475273, 0.521993525339, 0.20477614557, 0.891367498438, 0.365287895138, 0.976730521046, 0.0722351541194, 0.329638236158, 0.192850889581, 0.762145810546, 0.278681066585, 0.147258653909, 0.221897154937, 0.540806292345, 0.165379578242, 0.514390068915, 0.467520970532, 0.618796085881, 0.0555630456255, 0.102880288121, 0.0583981816195, 0.264888827317, 0.349227476204, 0.176199107671, 0.804370307491, 0.0292755051504, 0.841992878425, 2.58914497917
0.52308003024, 0.530348314903, 0.213909881579, 0.175829646064, 0.488131855659, 0.21143586939, 0.644162581173, 0.221240964487, 0.570731324563, 0.418783875624, 0.195873991338, 0.550619225362, 0.242280802379, 0.40145634732, 0.501421133499, 0.814747158617, 0.444857612241, 0.30835143961, 0.369965016401, 0.188093816333, 0.183022826959, 0.568264414453, 0.486160807386, 0.36219333503, 0.269371402297, 0.207302066114, 0.343518356222, 0.141700436043, 0.119923590453, 0.34756264895, 0.52308003024, 2.77154860398
0.52308003024, 0.530348314903, 0.213909881579, 0.175829646064, 0.488131855659, 0.21143586939, 0.644162581173, 0.221240964487, 0.570731324563, 0.418783875624, 0.195873991338, 0.550619225362, 0.242280802379, 0.40145634732, 0.501421133499, 0.814747158617, 0.444857612241, 0.30835143961, 0.369965016401, 0.188093816333, 0.183022826959, 0.568264414453, 0.486160807386, 0.36219333503, 0.269371402297, 0.207302066114, 0.343518356222, 0.141700436043, 0.119923590453, 0.34756264895, 0.52308003024, 2.77154860398
0.485056206479, 0.150741009471, 0.916912911857, 0.011993844641, 0.26571354279, 0.335934889083, 0.296993439874, 0.917164662851, 0.122873825736, 0.248569010618, 0.170233684425, 0.563233867105, 0.75792923941, 0.162055207559, 0.0623263618592, 0.0500526438276, 0.349727622925, 0.949499324582, 0.80334740632, 0.76896515597, 0.813661792062, 0.299929324129, 0.439535560051, 0.685562294618, 0.207287436991, 0.0349579669541, 0.80046312784, 0.319992268164, 0.141572829121, 0.854799964174, 0.485056206479, 3.3414198937
0.376134152395, 0.951692148171, 0.660671600423, 0.0859530682911, 0.881833830658, 0.291130126672, 0.400139879991, 0.590292026679, 0.109536370176, 0.393355624535, 0.846766908963, 0.152866377514, 0.172401696311, 0.755378413368, 0.0132126064592, 0.239001819703, 0.485677716515, 0.114434200599, 0.0395747348642, 0.43911241775, 0.682018431948, 0.889061548295, 0.38041644674, 0.240363021223, 0.0894029797842, 0.371094175599, 0.548089342967, 0.0558277663954, 0.556463731983, 0.696171079127, 0.376134152395, 3.42631260005
0.341036304134, 0.0515686926422, 0.972921387832, 0.56494287882, 0.0429589828194, 0.774628567052, 0.567251427838, 0.603986972035, 0.145661696147, 0.176105535507, 0.345551256704, 0.871188224856, 0.840955132326, 0.583488001593, 0.380459648255, 0.94313570955, 0.151046937502, 0.29789368298, 0.420879243453, 0.262327213554, 0.139979264825, 0.0889342915819, 0.165794747939, 0.506978684685, 0.584637001287, 0.3370891859, 0.601964302669, 0.255582115851, 0.132988147758, 0.148931590026, 0.341036304134, 3.44405525576
0.245824216657, 0.129140240057, 0.217852005512, 0.851597120332, 0.206805156375, 0.43210941374, 0.639549696513, 0.953761859384, 0.124081804828, 0.102701882897, 0.2686598614, 0.0306254879815, 0.229461458873, 0.183986555399, 0.277601572362, 0.438764794698, 0.665696023555, 0.402838589397, 0.5942173856, 0.76896515597, 0.355798782952, 0.634686111227, 0.639608922755, 0.161521600263, 0.969826085965, 0.165394234994, 0.632048316528, 0.187514600758, 0.230746623097, 0.0846401415331, 0.245824216657, 3.5311793126
0.945606869566, 0.11257602976, 0.327994840752, 0.36918598161, 0.695239936569, 0.612178404353, 0.612836619019, 0.364534598173, 0.590727684048, 0.716257738259, 0.131608037751, 0.0949101605021, 0.183371376652, 0.976648330717, 0.221333048746, 0.827924314887, 0.0480726804525, 0.498175882405, 0.39421856666, 0.0326420530398, 0.121048492014, 0.0812729699262, 0.903396617003, 0.419163665129, 0.316684452993, 0.0141848096997, 0.392334974417, 0.512332646801, 0.39522853306, 0.915665671679, 0.945606869566, 2.5820950199
0.485056206479, 0.150741009471, 0.916912911857, 0.011993844641, 0.26571354279, 0.335934889083, 0.296993439874, 0.917164662851, 0.122873825736, 0.248569010618, 0.170233684425, 0.563233867105, 0.75792923941, 0.162055207559, 0.0623263618592, 0.0500526438276, 0.349727622925, 0.949499324582, 0.80334740632, 0.76896515597, 0.813661792062, 0.299929324129, 0.439535560051, 0.685562294618, 0.207287436991, 0.0349579669541, 0.80046312784, 0.319992268164, 0.141572829121, 0.854799964174, 0.485056206479, 3.3414198937
0.376134152395, 0.951692148171, 0.660671600423, 0.0859530682911, 0.881833830658, 0.291130126672, 0.400139879991, 0.590292026679, 0.109536370176, 0.393355624535, 0.846766908963, 0.152866377514, 0.172401696311, 0.755378413368, 0.0132126064592, 0.239001819703, 0.485677716515, 0.114434200599, 0.0395747348642, 0.43911241775, 0.682018431948, 0.889061548295, 0.38041644674, 0.240363021223, 0.0894029797842, 0.371094175599, 0.548089342967, 0.0558277663954, 0.556463731983, 0.696171079127, 0.376134152395, 3.42631260005
0.341036304134, 0.0515686926422, 0.972921387832, 0.56494287882, 0.0429589828194, 0.774628567052, 0.567251427838, 0.603986972035, 0.145661696147, 0.176105535507, 0.345551256704, 0.871188224856, 0.840955132326, 0.583488001593, 0.380459648255, 0.94313570955, 0.151046937502, 0.29789368298, 0.420879243453, 0.262327213554, 0.139979264825, 0.0889342915819, 0.165794747939, 0.506978684685, 0.584637001287, 0.3370891859, 0.601964302669, 0.255582115851, 0.132988147758, 0.148931590026, 0.341036304134, 3.44405525576
0.245824216657, 0.129140240057, 0.217852005512, 0.851597120332, 0.206805156375, 0.43210941374, 0.639549696513, 0.953761859384, 0.124081804828, 0.102701882897, 0.2686598614, 0.0306254879815, 0.229461458873, 0.183986555399, 0.277601572362, 0.438764794698, 0.665696023555, 0.402838589397, 0.5942173856, 0.76896515597, 0.355798782952, 0.634686111227, 0.639608922755, 0.161521600263, 0.969826085965, 0.165394234994, 0.632048316528, 0.187514600758, 0.230746623097, 0.0846401415331, 0.245824216657, 3.5311793126
0.945606869566, 0.11257602976, 0.327994840752, 0.36918598161, 0.695239936569, 0.612178404353, 0.612836619019, 0.364534598173, 0.590727684048, 0.716257738259, 0.131608037751, 0.0949101605021, 0.183371376652, 0.976648330717, 0.221333048746, 0.827924314887, 0.0480726804525, 0.498175882405, 0.39421856666, 0.0326420530398, 0.121048492014, 0.0812729699262, 0.903396617003, 0.419163665129, 0.316684452993, 0.0141848096997, 0.392334974417, 0.512332646801, 0.39522853306, 0.915665671679, 0.945606869566, 2.5820950199
0.166092063263, 0.0875443765856, 0.0233867191957, 0.0772031919663, 0.0519460413839, 0.23877123849, 0.960639727397, 0.570705412227, 0.367310873517, 0.725694706512, 0.0279897337347, 0.327763351049, 0.0133033196957, 0.632543610833, 0.31043612909, 0.854577927143, 0.392946514011, 0.580972655298, 0.566552097664, 0.439666506324, 0.0540738918785, 0.897002768045, 0.234824572539, 0.306156802339, 0.300581173395, 0.748764345038, 0.833249340816, 0.368877884397, 0.927462024115, 0.442682478415, 0.166092063263, 3.94067075506
0.166092063263, 0.0875443765856, 0.0233867191957, 0.0772031919663, 0.0519460413839, 0.23877123849, 0.960639727397, 0.570705412227, 0.367310873517, 0.725694706512, 0.0279897337347, 0.327763351049, 0.0133033196957, 0.632543610833, 0.31043612909, 0.854577927143, 0.392946514011, 0.580972655298, 0.566552097664, 0.439666506324, 0.0540738918785, 0.897002768045, 0.234824572539, 0.306156802339, 0.300581173395, 0.748764345038, 0.833249340816, 0.368877884397, 0.927462024115, 0.442682478415, 0.166092063263, 3.94067075506
0.485056206479, 0.150741009471, 0.916912911857, 0.011993844641, 0.851038285694, 0.496597254662, 0.296993439874, 0.917164662851, 0.122873825736, 0.248569010618, 0.170233684425, 0.563233867105, 0.0448331939106, 0.162055207559, 0.0623263618592, 0.0500526438276, 0.349727622925, 0.949499324582, 0.80334740632, 0.89838370898, 0.813661792062, 0.299929324129, 0.327624101344, 0.685562294618, 0.207287436991, 0.0349579669541, 0.80046312784, 0.319992268164, 0.141572829121, 0.854799964174, 0.485056206479, 3.35459710012
0.485056206479, 0.150741009471, 0.916912911857, 0.011993844641, 0.851038285694, 0.496597254662, 0.296993439874, 0.917164662851, 0.122873825736, 0.248569010618, 0.170233684425, 0.563233867105, 0.0448331939106, 0.162055207559, 0.0623263618592, 0.0500526438276, 0.349727622925, 0.949499324582, 0.80334740632, 0.89838370898, 0.813661792062, 0.299929324129, 0.327624101344, 0.685562294618, 0.207287436991, 0.0349579669541, 0.80046312784, 0.319992268164, 0.141572829121, 0.854799964174, 0.485056206479, 3.35459710012
0.659770186311, 0.476111335443, 0.326357937378, 0.231880667068, 0.86079614726, 0.746782186731, 0.127944446309, 0.163631640124, 0.0930989304848, 0.0294061819446, 0.88763535001, 0.527708826578, 0.201216061427, 0.131915607581, 0.640927733256, 0.720280679778, 0.419920841022, 0.209943583572, 0.176939536926, 0.935487053426, 0.437525739312, 0.623332619281, 0.269942661151, 0.200947786047, 0.0926968960482, 0.056178557684, 0.192734391342, 0.801671334009, 0.418623965276, 0.00827433570689, 0.659770186311, 2.70979052029
0.659770186311, 0.476111335443, 0.326357937378, 0.231880667068, 0.86079614726, 0.746782186731, 0.127944446309, 0.163631640124, 0.0930989304848, 0.0294061819446, 0.88763535001, 0.527708826578, 0.201216061427, 0.131915607581, 0.640927733256, 0.720280679778, 0.419920841022, 0.209943583572, 0.176939536926, 0.935487053426, 0.437525739312, 0.623332619281, 0.269942661151, 0.200947786047, 0.0926968960482, 0.056178557684, 0.192734391342, 0.801671334009, 0.418623965276, 0.00827433570689, 0.659770186311, 2.70979052029
1.13528768171e-05, 0.147733634438, 0.0635928043645, 0.707644814961, 0.594731647246, 0.912448682361, 0.697309417414, 0.662226203454, 0.138170358505, 0.957295463685, 0.250123853396, 0.501345116091, 0.0541907785968, 0.241362312501, 0.767927937697, 0.8800454781, 0.613203503921, 0.390768108768, 0.357435868013, 0.295041556643, 0.522213079426, 0.102476349077, 0.857436362044, 0.407269789755, 0.595225491065, 0.121392612127, 0.645693371749, 0.850788852946, 0.998862562294, 0.488266026681, 1.13528768171e-05, 5.59202647978
0.0327769231483, 0.536400322032, 0.768778138346, 0.113296917359, 0.177935088568, 0.678258753111, 0.57784029502, 0.213874124632, 0.776905763714, 0.612807908585, 0.0568103596818, 0.395199634391, 0.326143134948, 0.129570838278, 0.825368001983, 0.230353185274, 0.31229057273, 0.51697478025, 0.50704185464, 0.0592974420485, 0.261568267584, 0.270477615603, 0.683987112857, 0.122521627626, 0.898808289161, 0.699380375575, 0.30366038078, 0.759514589447, 0.792400356245, 0.932324802293, 0.0327769231483, 4.78908061936
0.0502883539401, 0.260219715344, 0.251262365692, 0.485285206382, 0.565440238685, 0.496597254662, 0.0688072193484, 0.348938741593, 0.492710889198, 0.412347217182, 0.0871418002155, 0.37950530771, 0.0448331939106, 0.119793192537, 0.37008065711, 0.696816749182, 0.502863097686, 0.721391215529, 0.842518950436, 0.61156254925, 0.216760965715, 0.669046558351, 0.550956703501, 0.3171592347, 0.995333080462, 0.595625542787, 0.817488170923, 0.717737305807, 0.193083563503, 0.444742693347, 0.0502883539401, 4.61272436534
0.0247873270307, 0.0844581664395, 0.404142299838, 0.489277727851, 0.45178813924, 0.713155909181, 0.255946540849, 0.348938741593, 0.761624974558, 0.804188564134, 0.0336797947628, 0.473982034766, 0.748085620171, 0.119793192537, 0.844506685099, 0.382901519934, 0.941491577057, 0.562915442707, 0.0859958145114, 0.381886774416, 0.495434345943, 0.602204258136, 0.341559247591, 0.122142091207, 0.744839966045, 0.791929199848, 0.839608902076, 0.93670802387, 0.621028218878, 0.267376968631, 0.0247873270307, 5.1762402942
0.0327769231483, 0.536400322032, 0.768778138346, 0.113296917359, 0.177935088568, 0.678258753111, 0.57784029502, 0.213874124632, 0.776905763714, 0.612807908585, 0.0568103596818, 0.395199634391, 0.326143134948, 0.129570838278, 0.825368001983, 0.230353185274, 0.31229057273, 0.51697478025, 0.50704185464, 0.0592974420485, 0.261568267584, 0.270477615603, 0.683987112857, 0.122521627626, 0.898808289161, 0.699380375575, 0.30366038078, 0.759514589447, 0.792400356245, 0.932324802293, 0.0327769231483, 4.78908061936
1.13528768171e-05, 0.147733634438, 0.0635928043645, 0.707644814961, 0.594731647246, 0.912448682361, 0.697309417414, 0.662226203454, 0.138170358505, 0.957295463685, 0.250123853396, 0.501345116091, 0.0541907785968, 0.241362312501, 0.767927937697, 0.8800454781, 0.613203503921, 0.390768108768, 0.357435868013, 0.295041556643, 0.522213079426, 0.102476349077, 0.857436362044, 0.407269789755, 0.595225491065, 0.121392612127, 0.645693371749, 0.850788852946, 0.998862562294, 0.488266026681, 1.13528768171e-05, 5.59202647978
0.0502883539401, 0.260219715344, 0.251262365692, 0.485285206382, 0.565440238685, 0.496597254662, 0.0688072193484, 0.348938741593, 0.492710889198, 0.412347217182, 0.0871418002155, 0.37950530771, 0.0448331939106, 0.119793192537, 0.37008065711, 0.696816749182, 0.502863097686, 0.721391215529, 0.842518950436, 0.61156254925, 0.216760965715, 0.669046558351, 0.550956703501, 0.3171592347, 0.995333080462, 0.595625542787, 0.817488170923, 0.717737305807, 0.193083563503, 0.444742693347, 0.0502883539401, 4.61272436534
0.0247873270307, 0.0844581664395, 0.404142299838, 0.489277727851, 0.45178813924, 0.713155909181, 0.255946540849, 0.348938741593, 0.761624974558, 0.804188564134, 0.0336797947628, 0.473982034766, 0.748085620171, 0.119793192537, 0.844506685099, 0.382901519934, 0.941491577057, 0.562915442707, 0.0859958145114, 0.381886774416, 0.495434345943, 0.602204258136, 0.341559247591, 0.122142091207, 0.744839966045, 0.791929199848, 0.839608902076, 0.93670802387, 0.621028218878, 0.267376968631, 0.0247873270307, 5.1762402942
0.00237234775311, 0.773599565096, 0.586525808021, 0.334071068, 0.700556516483, 0.841108693712, 0.0149336189549, 0.0724122059129, 0.834282848169, 0.445422595975, 0.887783419611, 0.950499353125, 0.998563274212, 0.903662281233, 0.276805370376, 0.795079485907, 0.525704872199, 0.812115913931, 0.459105660965, 0.337538229737, 0.813308332211, 0.894231585717, 0.54752434411, 0.25695025188, 0.241836362853, 0.0278077263177, 0.18143739133, 0.700163558851, 0.14657950404, 0.992569444999, 0.00237234775311, 5.95476605371
0.00237234775311, 0.773599565096, 0.586525808021, 0.334071068, 0.700556516483, 0.841108693712, 0.0149336189549, 0.0724122059129, 0.834282848169, 0.445422595975, 0.887783419611, 0.950499353125, 0.998563274212, 0.903662281233, 0.276805370376, 0.795079485907, 0.525704872199, 0.812115913931, 0.459105660965, 0.337538229737, 0.813308332211, 0.894231585717, 0.54752434411, 0.25695025188, 0.241836362853, 0.0278077263177, 0.18143739133, 0.700163558851, 0.14657950404, 0.992569444999, 0.00237234775311, 5.95476605371
0.442083656033, 0.570573960777, 0.538086044969, 0.784374489036, 0.163329296212, 0.609174113027, 0.0867847060194, 0.151322892623, 0.0856224120319, 0.91622570803, 0.911974102788, 0.24548297001, 0.272074981758, 0.990879994146, 0.755811369025, 0.705235220211, 0.194613704783, 0.0400909262936, 0.429099915996, 0.138084583592, 0.681290475408, 0.0447087338144, 0.219332508498, 0.151707861364, 0.803744155639, 0.181222084018, 0.50075405329, 0.852271797198, 0.371928465963, 0.297256594961, 0.442083656033, 3.46154072682
0.442083656033, 0.570573960777, 0.538086044969, 0.784374489036, 0.163329296212, 0.609174113027, 0.0867847060194, 0.151322892623, 0.0856224120319, 0.91622570803, 0.911974102788, 0.24548297001, 0.272074981758, 0.990879994146, 0.755811369025, 0.705235220211, 0.194613704783, 0.0400909262936, 0.429099915996, 0.138084583592, 0.681290475408, 0.0447087338144, 0.219332508498, 0.151707861364, 0.803744155639, 0.181222084018, 0.50075405329, 0.852271797198, 0.371928465963, 0.297256594961, 0.442083656033, 3.46154072682
0.0247873270307, 0.0844581664395, 0.404142299838, 0.489277727851, 0.45178813924, 0.713155909181, 0.255946540849, 0.304944819892, 0.761624974558, 0.804188564134, 0.0336797947628, 0.473982034766, 0.748085620171, 0.678165207611, 0.844506685099, 0.382901519934, 0.789597558954, 0.549962383791, 0.0859958145114, 0.381886774416, 0.495434345943, 0.602204258136, 0.341559247591, 0.122142091207, 0.62800432065, 0.791929199848, 0.839608902076, 0.728584972921, 0.81844347429, 0.265638242973, 0.0247873270307, 5.24231577005
0.576913492182, 0.585827655973, 0.0723885590078, 0.26569132988, 0.285922291367, 0.60718079936, 0.152868281011, 0.299094584385, 0.252944652365, 0.0508270963918, 0.0906193396244, 0.150604968857, 0.376437512087, 0.19561444258, 0.0377904252144, 0.819319275335, 0.378898187306, 0.249714674569, 0.438176704325, 0.473561052457, 0.384790655603, 0.376813083592, 0.0398048946408, 0.838965544334, 0.575854833676, 0.825780734713, 0.669520537147, 0.601318019716, 0.222914406911, 0.654023705636, 0.576913492182, 2.81126033373
0.0247873270307, 0.0844581664395, 0.404142299838, 0.489277727851, 0.45178813924, 0.713155909181, 0.255946540849, 0.304944819892, 0.761624974558, 0.804188564134, 0.0336797947628, 0.473982034766, 0.748085620171, 0.678165207611, 0.844506685099, 0.382901519934, 0.789597558954, 0.549962383791, 0.0859958145114, 0.381886774416, 0.495434345943, 0.602204258136, 0.341559247591, 0.122142091207, 0.62800432065, 0.791929199848, 0.839608902076, 0.728584972921, 0.81844347429, 0.265638242973, 0.0247873270307, 5.24231577005
0.576913492182, 0.585827655973, 0.0723885590078, 0.26569132988, 0.285922291367, 0.60718079936, 0.152868281011, 0.299094584385, 0.252944652365, 0.0508270963918, 0.0906193396244, 0.150604968857, 0.376437512087, 0.19561444258, 0.0377904252144, 0.819319275335, 0.378898187306, 0.249714674569, 0.438176704325, 0.473561052457, 0.384790655603, 0.376813083592, 0.0398048946408, 0.838965544334, 0.575854833676, 0.825780734713, 0.669520537147, 0.601318019716, 0.222914406911, 0.654023705636, 0.576913492182, 2.81126033373
0.754857417146, 0.153424586014, 0.480218294609, 0.74479832347, 0.304174566899, 0.233175258491, 0.26033992364, 0.252518735777, 0.880679289615, 0.557244303368, 0.230560475204, 0.254397750724, 0.210870060933, 0.564967313925, 0.973620594657, 0.0856748015006, 0.835228880133, 0.131993687721, 0.185724279993, 0.290935859927, 0.867575994462, 0.0987174458671, 0.29723539428, 0.0946466337279, 0.443840308014, 0.571592631537, 0.0603798785659, 0.691511519951, 0.224554878976, 0.383668143605, 0.754857417146, 2.67829683938
0.0308976278816, 0.277829857155, 0.844436293825, 0.630318771705, 0.0108899981074, 0.123486856241, 0.801993668351, 0.948973651416, 0.472630038112, 0.825268309351, 0.157320415021, 0.100940221852, 0.699859713727, 0.370631948813, 0.413965151421, 0.224143675975, 0.967388546415, 0.888309725941, 0.753529398879, 0.307717922262, 0.0877900066828, 0.148648456369, 0.997517664655, 0.777122911482, 0.886117022894, 0.209315346094, 0.432203609205, 0.550800219208, 0.896036729827, 0.641336477746, 0.0308976278816, 5.37064901981
0.754857417146, 0.153424586014, 0.480218294609, 0.74479832347, 0.304174566899, 0.233175258491, 0.26033992364, 0.252518735777, 0.880679289615, 0.557244303368, 0.230560475204, 0.254397750724, 0.210870060933, 0.564967313925, 0.973620594657, 0.0856748015006, 0.835228880133, 0.131993687721, 0.185724279993, 0.290935859927, 0.867575994462, 0.0987174458671, 0.29723539428, 0.0946466337279, 0.443840308014, 0.571592631537, 0.0603798785659, 0.691511519951, 0.224554878976, 0.383668143605, 0.754857417146, 2.67829683938
0.0308976278816, 0.277829857155, 0.844436293825, 0.630318771705, 0.0108899981074, 0.123486856241, 0.801993668351, 0.948973651416, 0.472630038112, 0.825268309351, 0.157320415021, 0.100940221852, 0.699859713727, 0.370631948813, 0.413965151421, 0.224143675975, 0.967388546415, 0.888309725941, 0.753529398879, 0.307717922262, 0.0877900066828, 0.148648456369, 0.997517664655, 0.777122911482, 0.886117022894, 0.209315346094, 0.432203609205, 0.550800219208, 0.896036729827, 0.641336477746, 0.0308976278816, 5.37064901981
0.0327769231483, 0.416878909239, 0.768778138346, 0.113296917359, 0.177935088568, 0.678258753111, 0.57784029502, 0.0725970584689, 0.804295121554, 0.612807908585, 0.0568103596818, 0.395199634391, 0.326143134948, 0.129570838278, 0.825368001983, 0.450518324274, 0.31229057273, 0.51697478025, 0.50704185464, 0.0592974420485, 0.261568267584, 0.638840585932, 0.683987112857, 0.122521627626, 0.898808289161, 0.699380375575, 0.30366038078, 0.759514589447, 0.792400356245, 0.932324802293, 0.0327769231483, 4.89493880115
0.13389391155, 0.679742460933, 0.991092443227, 0.543781496164, 0.894681242763, 0.0675517158311, 0.917051007331, 0.112867995102, 0.802785117108, 0.43090017536, 0.0753076756953, 0.601606904077, 0.0443099245429, 0.0782937474737, 0.498636739965, 0.0165000814393, 0.325645781186, 0.345645950702, 0.535923946814, 0.518613286474, 0.390846131426, 0.201500879272, 0.535424015509, 0.994608737195, 0.581099462812, 0.905975565318, 0.294787407765, 0.143685652343, 0.467167826131, 0.134608235875, 0.13389391155, 4.2506995998
0.0327769231483, 0.416878909239, 0.768778138346, 0.113296917359, 0.177935088568, 0.678258753111, 0.57784029502, 0.0725970584689, 0.804295121554, 0.612807908585, 0.0568103596818, 0.395199634391, 0.326143134948, 0.129570838278, 0.825368001983, 0.450518324274, 0.31229057273, 0.51697478025, 0.50704185464, 0.0592974420485, 0.261568267584, 0.638840585932, 0.683987112857, 0.122521627626, 0.898808289161, 0.699380375575, 0.30366038078, 0.759514589447, 0.792400356245, 0.932324802293, 0.0327769231483, 4.89493880115
0.13389391155, 0.679742460933, 0.991092443227, 0.543781496164, 0.894681242763, 0.0675517158311, 0.917051007331, 0.112867995102, 0.802785117108, 0.43090017536, 0.0753076756953, 0.601606904077, 0.0443099245429, 0.0782937474737, 0.498636739965, 0.0165000814393, 0.325645781186, 0.345645950702, 0.535923946814, 0.518613286474, 0.390846131426, 0.201500879272, 0.535424015509, 0.994608737195, 0.581099462812, 0.905975565318, 0.294787407765, 0.143685652343, 0.467167826131, 0.134608235875, 0.13389391155, 4.2506995998
0.841992878425, 0.549694633034, 0.680146132668, 0.545577736239, 0.536363475273, 0.521993525339, 0.20477614557, 0.891367498438, 0.365287895138, 0.994883683541, 0.364856412614, 0.329638236158, 0.192850889581, 0.762145810546, 0.278681066585, 0.147258653909, 0.221897154937, 0.540806292345, 0.165379578242, 0.0911910117145, 0.467520970532, 0.592420972116, 0.0441532761532, 0.102880288121, 0.0583981816195, 0.720957926475, 0.349227476204, 0.176199107671, 0.833406178773, 0.0292755051504, 0.841992878425, 2.67083848282
0.841992878425, 0.549694633034, 0.680146132668, 0.545577736239, 0.536363475273, 0.521993525339, 0.20477614557, 0.891367498438, 0.365287895138, 0.994883683541, 0.364856412614, 0.329638236158, 0.192850889581, 0.762145810546, 0.278681066585, 0.147258653909, 0.221897154937, 0.540806292345, 0.165379578242, 0.0911910117145, 0.467520970532, 0.592420972116, 0.0441532761532, 0.102880288121, 0.0583981816195, 0.720957926475, 0.349227476204, 0.176199107671, 0.833406178773, 0.0292755051504, 0.841992878425, 2.67083848282
0.0502883539401, 0.581273917467, 0.251262365692, 0.485285206382, 0.565440238685, 0.335934889083, 0.0688072193484, 0.304944819892, 0.492710889198, 0.060717931622, 0.167889652448, 0.37950530771, 0.507087730721, 0.678165207611, 0.37008065711, 0.696816749182, 0.704839322363, 0.721391215529, 0.842518950436, 0.61156254925, 0.252239288229, 0.669046558351, 0.550956703501, 0.3171592347, 0.995333080462, 0.595625542787, 0.817488170923, 0.219184696526, 0.0574747300985, 0.444742693347, 0.0502883539401, 4.7512429738
0.0502883539401, 0.581273917467, 0.251262365692, 0.485285206382, 0.565440238685, 0.335934889083, 0.0688072193484, 0.304944819892, 0.492710889198, 0.060717931622, 0.167889652448, 0.37950530771, 0.507087730721, 0.678165207611, 0.37008065711, 0.696816749182, 0.704839322363, 0.721391215529, 0.842518950436, 0.61156254925, 0.252239288229, 0.669046558351, 0.550956703501, 0.3171592347, 0.995333080462, 0.595625542787, 0.817488170923, 0.219184696526, 0.0574747300985, 0.444742693347, 0.0502883539401, 4.7512429738
0.0533386519193, 0.941864912576, 0.239578735694, 0.913398459034, 0.0344144174874, 0.127996978647, 0.265811897684, 0.211962327565, 0.072269329417, 0.85897829345, 0.0918934717196, 0.79536977356, 0.194555428258, 0.0304928333959, 0.657752281759, 0.0252567602365, 0.0602500788832, 0.144687599738, 0.779544795198, 0.376680502689, 0.482555931078, 0.439683908287, 0.220974790888, 0.210125039154, 0.74648528721, 0.572066702576, 0.934871274672, 0.947665665775, 0.561601330312, 0.916730343333, 0.0533386519193, 4.4737554388
0.119367096725, 0.438238599788, 0.873186628316, 0.530569595503, 0.139878846035, 0.526880514055, 0.709410908973, 0.0502401141247, 0.270444160369, 0.016099034116, 0.408209926959, 0.238172187537, 0.750366295247, 0.22228928927, 0.0058903293221, 0.674450592989, 0.136095365004, 0.586650230122, 0.814479075138, 0.793846504975, 0.874271401314, 0.560574540673, 0.06819265936, 0.955320329997, 0.668134682018, 0.370044605821, 0.957059868442, 0.284285533626, 0.109359998203, 0.650274567492, 0.119367096725, 4.45506260957
0.369262869834, 0.738466136072, 0.230856021586, 0.674560608938, 0.345285531025, 0.798342131061, 0.465585905952, 0.0528897863126, 0.41987646187, 0.0748053953579, 0.444265270446, 0.232812785136, 0.459169667647, 0.402210750868, 0.507744765124, 0.10551423225, 0.250454301782, 0.758047551098, 0.10182457711, 0.413365537577, 0.530395853891, 0.0313802469894, 0.959982680595, 0.219265025344, 0.922457218805, 0.898299427286, 0.785348575954, 0.659824062139, 0.00354229142442, 0.0578086882443, 0.369262869834, 3.54889857796
0.0533386519193, 0.941864912576, 0.239578735694, 0.913398459034, 0.0344144174874, 0.127996978647, 0.265811897684, 0.211962327565, 0.072269329417, 0.85897829345, 0.0918934717196, 0.79536977356, 0.194555428258, 0.0304928333959, 0.657752281759, 0.0252567602365, 0.0602500788832, 0.144687599738, 0.779544795198, 0.376680502689, 0.482555931078, 0.439683908287, 0.220974790888, 0.210125039154, 0.74648528721, 0.572066702576, 0.934871274672, 0.947665665775, 0.561601330312, 0.916730343333, 0.0533386519193, 4.4737554388
0.119367096725, 0.438238599788, 0.873186628316, 0.530569595503, 0.139878846035, 0.526880514055, 0.709410908973, 0.0502401141247, 0.270444160369, 0.016099034116, 0.408209926959, 0.238172187537, 0.750366295247, 0.22228928927, 0.0058903293221, 0.674450592989, 0.136095365004, 0.586650230122, 0.814479075138, 0.793846504975, 0.874271401314, 0.560574540673, 0.06819265936, 0.955320329997, 0.668134682018, 0.370044605821, 0.957059868442, 0.284285533626, 0.109359998203, 0.650274567492, 0.119367096725, 4.45506260957
0.369262869834, 0.738466136072, 0.230856021586, 0.674560608938, 0.345285531025, 0.798342131061, 0.465585905952, 0.0528897863126, 0.41987646187, 0.0748053953579, 0.444265270446, 0.232812785136, 0.459169667647, 0.402210750868, 0.507744765124, 0.10551423225, 0.250454301782, 0.758047551098, 0.10182457711, 0.413365537577, 0.530395853891, 0.0313802469894, 0.959982680595, 0.219265025344, 0.922457218805, 0.898299427286, 0.785348575954, 0.659824062139, 0.00354229142442, 0.0578086882443, 0.369262869834, 3.54889857796
0.945606869566, 0.0968145862728, 0.327994840752, 0.36918598161, 0.695239936569, 0.612178404353, 0.612836619019, 0.364534598173, 0.590727684048, 0.716257738259, 0.131608037751, 0.0949101605021, 0.183371376652, 0.976648330717, 0.651332084724, 0.775207028858, 0.0480726804525, 0.585807257589, 0.39421856666, 0.0326420530398, 0.120871189226, 0.0812729699262, 0.903396617003, 0.419163665129, 0.316684452993, 0.0141848096997, 0.392334974417, 0.512332646801, 0.39522853306, 0.915665671679, 0.945606869566, 2.69036974482
0.945606869566, 0.0968145862728, 0.327994840752, 0.36918598161, 0.695239936569, 0.612178404353, 0.612836619019, 0.364534598173, 0.590727684048, 0.716257738259, 0.131608037751, 0.0949101605021, 0.183371376652, 0.976648330717, 0.651332084724, 0.775207028858, 0.0480726804525, 0.585807257589, 0.39421856666, 0.0326420530398, 0.120871189226, 0.0812729699262, 0.903396617003, 0.419163665129, 0.316684452993, 0.0141848096997, 0.392334974417, 0.512332646801, 0.39522853306, 0.915665671679, 0.945606869566, 2.69036974482
0.438708660368, 0.63863378142, 0.0456515215205, 0.432723932219, 0.974579224101, 0.241716477572, 0.881034190059, 0.114310875581, 0.24874093134, 0.728100060456, 0.116440134556, 0.123646924287, 0.394051570137, 0.714175770772, 0.202247259357, 0.458734936045, 0.259121721021, 0.782385166884, 0.591285542296, 0.542223325599, 0.432859648566, 0.533953650354, 0.179379360493, 0.489385777183, 0.586592296883, 0.151052148631, 0.607331989341, 0.649138748898, 0.612354417946, 0.262174589249, 0.438708660368, 3.54674254419
0.438708660368, 0.63863378142, 0.0456515215205, 0.432723932219, 0.974579224101, 0.241716477572, 0.881034190059, 0.114310875581, 0.24874093134, 0.728100060456, 0.116440134556, 0.123646924287, 0.394051570137, 0.714175770772, 0.202247259357, 0.458734936045, 0.259121721021, 0.782385166884, 0.591285542296, 0.542223325599, 0.432859648566, 0.533953650354, 0.179379360493, 0.489385777183, 0.586592296883, 0.151052148631, 0.607331989341, 0.649138748898, 0.612354417946, 0.262174589249, 0.438708660368, 3.54674254419
0.918736036586, 0.35087428798, 0.391361616565, 0.913398459034, 0.0039911106644, 0.404099414234, 0.402600857813, 0.8036874963, 0.428333662424, 0.181421535793, 0.896067864431, 0.996173747808, 0.635607889817, 0.66959048558, 0.026953630249, 0.430130194417, 0.966190689314, 0.0429338391213, 0.451681340352, 0.42121606423, 0.0660301649721, 0.0412512870839, 0.00043255509341, 0.344680284138, 0.309000536109, 0.182342401557, 0.999366006332, 0.164179007636, 0.561601330312, 0.239908404019, 0.918736036586, 2.71958011084
0.918736036586, 0.35087428798, 0.391361616565, 0.913398459034, 0.0039911106644, 0.404099414234, 0.402600857813, 0.8036874963, 0.428333662424, 0.181421535793, 0.896067864431, 0.996173747808, 0.635607889817, 0.66959048558, 0.026953630249, 0.430130194417, 0.966190689314, 0.0429338391213, 0.451681340352, 0.42121606423, 0.0660301649721, 0.0412512870839, 0.00043255509341, 0.344680284138, 0.309000536109, 0.182342401557, 0.999366006332, 0.164179007636, 0.561601330312, 0.239908404019, 0.918736036586, 2.71958011084
0.671503647118, 0.52774471277, 0.0439069193004, 0.634272950624, 0.734543115542, 0.529515698227, 0.448823960057, 0.126696442234, 0.834648792114, 0.384372303984, 0.171379283974, 0.373263752156, 0.549398962751, 0.803176442029, 0.934250722056, 0.697280484258, 0.157368887857, 0.291428963082, 0.177418056975, 0.177342683022, 0.386439511827, 0.11984717807, 0.611090061911, 0.384247228144, 0.960730890353, 0.193967943882, 0.282951445028, 0.266650535072, 0.330349903945, 0.998039591162, 0.671503647118, 3.22910558241
0.671503647118, 0.52774471277, 0.0439069193004, 0.634272950624, 0.734543115542, 0.529515698227, 0.448823960057, 0.126696442234, 0.834648792114, 0.384372303984, 0.171379283974, 0.373263752156, 0.549398962751, 0.803176442029, 0.934250722056, 0.697280484258, 0.157368887857, 0.291428963082, 0.177418056975, 0.177342683022, 0.386439511827, 0.11984717807, 0.611090061911, 0.384247228144, 0.960730890353, 0.193967943882, 0.282951445028, 0.266650535072, 0.330349903945, 0.998039591162, 0.671503647118, 3.22910558241
0.515673890359, 0.658145082694, 0.729521855591, 0.577916281086, 0.0325560596652, 0.794031635624, 0.624594870207, 0.0294905451125, 0.825519131101, 0.73544825031, 0.161722639695, 0.342075633204, 0.0197268635664, 0.0260968155487, 0.21374097183, 0.693454987934, 0.239267800139, 0.358584762229, 0.00244619579557, 0.449834466194, 0.144310272013, 0.895889632732, 0.308751962263, 0.0791951154463, 0.743805548822, 0.752194358607, 0.519149299209, 0.531585738551, 0.886680320243, 0.942109851697, 0.515673890359, 3.50615887489
0.515673890359, 0.658145082694, 0.729521855591, 0.577916281086, 0.0325560596652, 0.794031635624, 0.624594870207, 0.0294905451125, 0.825519131101, 0.73544825031, 0.161722639695, 0.342075633204, 0.0197268635664, 0.0260968155487, 0.21374097183, 0.693454987934, 0.239267800139, 0.358584762229, 0.00244619579557, 0.449834466194, 0.144310272013, 0.895889632732, 0.308751962263, 0.0791951154463, 0.743805548822, 0.752194358607, 0.519149299209, 0.531585738551, 0.886680320243, 0.942109851697, 0.515673890359, 3.50615887489
