0.245824216657, 0.255313335813, 0.217852005512, 0.26569132988, 0.206805156375, 0.43210941374, 0.871915610486, 0.0280995817833, 0.124081804828, 0.102701882897, 0.2686598614, 0.0306254879815, 0.126614756101, 0.183986555399, 0.277601572362, 0.438764794698, 0.665696023555, 0.402838589397, 0.213965912994, 0.907442803985, 0.0550764673526, 0.16090443744, 0.250079939562, 0.161521600263, 0.0555074328453, 0.165394234994, 0.93759651671, 0.187514600758, 0.230746623097, 0.433337755664, 0.245824216657, 2.73506433608
0.973136932529, 0.0129766698576, 0.804481136395, 0.513738064255, 0.432299844137, 0.606629888873, 0.296821897558, 0.537719668683, 0.0904442252967, 0.630745559937, 0.485366592245, 0.254397750724, 0.0171972267138, 0.554412844291, 0.233152269739, 0.00973259398123, 0.215797943317, 0.0974841148197, 0.308104504883, 0.376920012949, 0.192787827149, 0.848878401528, 0.875099645591, 0.868960099262, 0.111252901822, 0.320903380678, 0.50352225691, 0.161697351143, 0.201465332414, 0.229273775498, 0.973136932529, 2.29202232151
0.166092063263, 0.0875443765856, 0.309133277758, 0.229204382591, 0.0890791989412, 0.23877123849, 0.960639727397, 0.570705412227, 0.367310873517, 0.147836004656, 0.0279897337347, 0.327763351049, 0.00332459813375, 0.632543610833, 0.11160923181, 0.854577927143, 0.392946514011, 0.580972655298, 0.132601778234, 0.439666506324, 0.0540738918785, 0.327591639291, 0.234824572539, 0.306156802339, 0.300581173395, 0.755344035008, 0.833249340816, 0.368877884397, 0.628544771796, 0.442682478415, 0.166092063263, 3.48927631674
0.0533386519193, 0.941864912576, 0.239578735694, 0.153776434134, 0.0344144174874, 0.127996978647, 0.265811897684, 0.211962327565, 0.072269329417, 0.948355084646, 0.0918934717196, 0.0630406593751, 0.705514186289, 0.0304928333959, 0.657752281759, 0.0252567602365, 0.0602500788832, 0.1052558397, 0.779544795198, 0.467141702252, 0.482555931078, 0.439683908287, 0.220974790888, 0.206140311595, 0.74648528721, 0.572066702576, 0.934871274672, 0.344820439184, 0.0910983642945, 0.916730343333, 0.0533386519193, 3.91028626309
1.13528768171e-05, 0.35087428798, 0.971951024528, 0.153776434134, 0.0039911106644, 0.404099414234, 0.402600857813, 0.8036874963, 0.355094589268, 0.181421535793, 0.896067864431, 0.165780434653, 0.366174648297, 0.66959048558, 0.02228497529, 0.430130194417, 0.221897154937, 0.0429338391213, 0.213965912994, 0.794528368634, 0.0550764673526, 0.32684473913, 0.0186499896615, 0.344680284138, 0.841376404268, 0.539091721923, 0.999366006332, 0.164179007636, 0.100333701895, 0.239908404019, 1.13528768171e-05, 4.43163283451
0.226479454403, 0.585827655973, 0.0723885590078, 0.26569132988, 0.285922291367, 0.60718079936, 0.152868281011, 0.299094584385, 0.252944652365, 0.0508270963918, 0.254139721359, 0.060351658444, 0.376437512087, 0.19561444258, 0.0377904252144, 0.819319275335, 0.378898187306, 0.249714674569, 0.438176704325, 0.473561052457, 0.453449842627, 0.376813083592, 0.0398048946408, 0.878062155926, 0.575854833676, 0.825780734713, 0.669520537147, 0.601318019716, 0.222914406911, 0.442682478415, 0.226479454403, 3.39827850229
0.870250009163, 0.195043438732, 0.0574739894973, 0.156167312193, 0.57759209086, 0.0626308830728, 0.464609968211, 0.481471057512, 0.87733527421, 0.144332058059, 0.0918934717196, 0.0472426161476, 0.430061229051, 0.238525505869, 0.249081564015, 0.0709281735072, 0.132664942599, 0.179285622198, 0.173619173644, 0.802704650142, 0.106635544735, 0.996687651341, 0.0877585782557, 0.14308162501, 0.0619691286496, 0.914662741676, 0.958721876691, 0.855769934801, 0.0964683482304, 0.740581741528, 0.870250009163, 2.30829978512
0.0171403929829, 0.35087428798, 0.217852005512, 0.377935534486, 0.0039911106644, 0.10243468374, 0.402600857813, 0.449595246886, 0.355094589268, 0.181421535793, 0.896067864431, 0.996173747808, 0.366174648297, 0.66959048558, 0.026953630249, 0.430130194417, 0.966190689314, 0.0429338391213, 0.213965912994, 0.910362460571, 0.0550764673526, 0.0412512870839, 0.0218443619994, 0.344680284138, 0.309000536109, 0.182342401557, 0.93759651671, 0.164179007636, 0.0651283644845, 0.655740742787, 0.0171403929829, 4.05972955037
0.032041867327, 0.0875443765856, 0.0233867191957, 0.229204382591, 0.0890791989412, 0.16962625815, 0.960639727397, 0.570705412227, 0.367310873517, 0.540812637952, 0.0279897337347, 0.327763351049, 0.00332459813375, 0.632543610833, 0.31043612909, 0.854577927143, 0.392946514011, 0.580972655298, 0.132601778234, 0.439666506324, 0.0540738918785, 0.0686126479341, 0.234824572539, 0.306156802339, 0.300581173395, 0.320903380678, 0.833249340816, 0.368877884397, 0.927462024115, 0.442682478415, 0.032041867327, 3.91848601603
1.30958764821e-06, 0.147733634438, 0.0635928043645, 0.816866880914, 0.594731647246, 0.912448682361, 0.697309417414, 0.662226203454, 0.138170358505, 0.957295463685, 0.513759610117, 0.273075633851, 0.0541907785968, 0.241362312501, 0.767927937697, 0.8800454781, 0.31229057273, 0.390768108768, 0.357435868013, 0.142606807359, 0.522213079426, 0.102476349077, 0.857436362044, 0.754521024348, 0.595225491065, 0.121392612127, 0.645693371749, 0.850788852946, 0.998862562294, 0.488266026681, 1.30958764821e-06, 5.60923473734
0.52308003024, 0.530348314903, 0.213909881579, 0.175829646064, 0.488131855659, 0.21143586939, 0.644162581173, 0.221240964487, 0.104900916819, 0.418783875624, 0.195873991338, 0.550619225362, 0.242280802379, 0.40145634732, 0.501421133499, 0.0637870687874, 0.765489772606, 0.30835143961, 0.369965016401, 0.188093816333, 0.183022826959, 0.568264414453, 0.486160807386, 0.36219333503, 0.269371402297, 0.207302066114, 0.343518356222, 0.141700436043, 0.119923590453, 0.34756264895, 0.52308003024, 2.54294951459
0.841992878425, 0.0907785002909, 0.680146132668, 0.545577736239, 0.536363475273, 0.521993525339, 0.20477614557, 0.891367498438, 0.435455240356, 0.976730521046, 0.020127530253, 0.329638236158, 0.0912588798948, 0.762145810546, 0.161829948544, 0.147258653909, 0.221897154937, 0.540806292345, 0.165379578242, 0.514390068915, 0.467520970532, 0.618796085881, 0.0555630456255, 0.102880288121, 0.0602826860345, 0.264888827317, 0.351712066295, 0.176199107671, 0.804370307491, 0.184053828006, 0.841992878425, 2.46761812468
0.245824216657, 0.255313335813, 0.217852005512, 0.26569132988, 0.206805156375, 0.43210941374, 0.871915610486, 0.0280995817833, 0.124081804828, 0.102701882897, 0.2686598614, 0.0306254879815, 0.126614756101, 0.183986555399, 0.277601572362, 0.438764794698, 0.665696023555, 0.402838589397, 0.213965912994, 0.907442803985, 0.0550764673526, 0.16090443744, 0.250079939562, 0.161521600263, 0.0555074328453, 0.165394234994, 0.93759651671, 0.187514600758, 0.230746623097, 0.433337755664, 0.245824216657, 2.73506433608
0.973136932529, 0.0129766698576, 0.804481136395, 0.513738064255, 0.432299844137, 0.606629888873, 0.296821897558, 0.537719668683, 0.0904442252967, 0.630745559937, 0.485366592245, 0.254397750724, 0.0171972267138, 0.554412844291, 0.233152269739, 0.00973259398123, 0.215797943317, 0.0974841148197, 0.308104504883, 0.376920012949, 0.192787827149, 0.848878401528, 0.875099645591, 0.868960099262, 0.111252901822, 0.320903380678, 0.50352225691, 0.161697351143, 0.201465332414, 0.229273775498, 0.973136932529, 2.29202232151
0.166092063263, 0.0875443765856, 0.309133277758, 0.229204382591, 0.0890791989412, 0.23877123849, 0.960639727397, 0.570705412227, 0.367310873517, 0.147836004656, 0.0279897337347, 0.327763351049, 0.00332459813375, 0.632543610833, 0.11160923181, 0.854577927143, 0.392946514011, 0.580972655298, 0.132601778234, 0.439666506324, 0.0540738918785, 0.327591639291, 0.234824572539, 0.306156802339, 0.300581173395, 0.755344035008, 0.833249340816, 0.368877884397, 0.628544771796, 0.442682478415, 0.166092063263, 3.48927631674
0.0533386519193, 0.941864912576, 0.239578735694, 0.153776434134, 0.0344144174874, 0.127996978647, 0.265811897684, 0.211962327565, 0.072269329417, 0.948355084646, 0.0918934717196, 0.0630406593751, 0.705514186289, 0.0304928333959, 0.657752281759, 0.0252567602365, 0.0602500788832, 0.1052558397, 0.779544795198, 0.467141702252, 0.482555931078, 0.439683908287, 0.220974790888, 0.206140311595, 0.74648528721, 0.572066702576, 0.934871274672, 0.344820439184, 0.0910983642945, 0.916730343333, 0.0533386519193, 3.91028626309
1.13528768171e-05, 0.35087428798, 0.971951024528, 0.153776434134, 0.0039911106644, 0.404099414234, 0.402600857813, 0.8036874963, 0.355094589268, 0.181421535793, 0.896067864431, 0.165780434653, 0.366174648297, 0.66959048558, 0.02228497529, 0.430130194417, 0.221897154937, 0.0429338391213, 0.213965912994, 0.794528368634, 0.0550764673526, 0.32684473913, 0.0186499896615, 0.344680284138, 0.841376404268, 0.539091721923, 0.999366006332, 0.164179007636, 0.100333701895, 0.239908404019, 1.13528768171e-05, 4.43163283451
0.226479454403, 0.585827655973, 0.0723885590078, 0.26569132988, 0.285922291367, 0.60718079936, 0.152868281011, 0.299094584385, 0.252944652365, 0.0508270963918, 0.254139721359, 0.060351658444, 0.376437512087, 0.19561444258, 0.0377904252144, 0.819319275335, 0.378898187306, 0.249714674569, 0.438176704325, 0.473561052457, 0.453449842627, 0.376813083592, 0.0398048946408, 0.878062155926, 0.575854833676, 0.825780734713, 0.669520537147, 0.601318019716, 0.222914406911, 0.442682478415, 0.226479454403, 3.39827850229
0.870250009163, 0.195043438732, 0.0574739894973, 0.156167312193, 0.57759209086, 0.0626308830728, 0.464609968211, 0.481471057512, 0.87733527421, 0.144332058059, 0.0918934717196, 0.0472426161476, 0.430061229051, 0.238525505869, 0.249081564015, 0.0709281735072, 0.132664942599, 0.179285622198, 0.173619173644, 0.802704650142, 0.106635544735, 0.996687651341, 0.0877585782557, 0.14308162501, 0.0619691286496, 0.914662741676, 0.958721876691, 0.855769934801, 0.0964683482304, 0.740581741528, 0.870250009163, 2.30829978512
0.0171403929829, 0.35087428798, 0.217852005512, 0.377935534486, 0.0039911106644, 0.10243468374, 0.402600857813, 0.449595246886, 0.355094589268, 0.181421535793, 0.896067864431, 0.996173747808, 0.366174648297, 0.66959048558, 0.026953630249, 0.430130194417, 0.966190689314, 0.0429338391213, 0.213965912994, 0.910362460571, 0.0550764673526, 0.0412512870839, 0.0218443619994, 0.344680284138, 0.309000536109, 0.182342401557, 0.93759651671, 0.164179007636, 0.0651283644845, 0.655740742787, 0.0171403929829, 4.05972955037
0.032041867327, 0.0875443765856, 0.0233867191957, 0.229204382591, 0.0890791989412, 0.16962625815, 0.960639727397, 0.570705412227, 0.367310873517, 0.540812637952, 0.0279897337347, 0.327763351049, 0.00332459813375, 0.632543610833, 0.31043612909, 0.854577927143, 0.392946514011, 0.580972655298, 0.132601778234, 0.439666506324, 0.0540738918785, 0.0686126479341, 0.234824572539, 0.306156802339, 0.300581173395, 0.320903380678, 0.833249340816, 0.368877884397, 0.927462024115, 0.442682478415, 0.032041867327, 3.91848601603
1.30958764821e-06, 0.147733634438, 0.0635928043645, 0.816866880914, 0.594731647246, 0.912448682361, 0.697309417414, 0.662226203454, 0.138170358505, 0.957295463685, 0.513759610117, 0.273075633851, 0.0541907785968, 0.241362312501, 0.767927937697, 0.8800454781, 0.31229057273, 0.390768108768, 0.357435868013, 0.142606807359, 0.522213079426, 0.102476349077, 0.857436362044, 0.754521024348, 0.595225491065, 0.121392612127, 0.645693371749, 0.850788852946, 0.998862562294, 0.488266026681, 1.30958764821e-06, 5.60923473734
0.52308003024, 0.530348314903, 0.213909881579, 0.175829646064, 0.488131855659, 0.21143586939, 0.644162581173, 0.221240964487, 0.104900916819, 0.418783875624, 0.195873991338, 0.550619225362, 0.242280802379, 0.40145634732, 0.501421133499, 0.0637870687874, 0.765489772606, 0.30835143961, 0.369965016401, 0.188093816333, 0.183022826959, 0.568264414453, 0.486160807386, 0.36219333503, 0.269371402297, 0.207302066114, 0.343518356222, 0.141700436043, 0.119923590453, 0.34756264895, 0.52308003024, 2.54294951459
0.841992878425, 0.0907785002909, 0.680146132668, 0.545577736239, 0.536363475273, 0.521993525339, 0.20477614557, 0.891367498438, 0.435455240356, 0.976730521046, 0.020127530253, 0.329638236158, 0.0912588798948, 0.762145810546, 0.161829948544, 0.147258653909, 0.221897154937, 0.540806292345, 0.165379578242, 0.514390068915, 0.467520970532, 0.618796085881, 0.0555630456255, 0.102880288121, 0.0602826860345, 0.264888827317, 0.351712066295, 0.176199107671, 0.804370307491, 0.184053828006, 0.841992878425, 2.46761812468
0.226479454403, 0.585827655973, 0.0723885590078, 0.26569132988, 0.285922291367, 0.60718079936, 0.152868281011, 0.299094584385, 0.252944652365, 0.0508270963918, 0.0279897337347, 0.150604968857, 0.376437512087, 0.19561444258, 0.0377904252144, 0.819319275335, 0.378898187306, 0.249714674569, 0.438176704325, 0.473561052457, 0.384790655603, 0.376813083592, 0.0398048946408, 0.838965544334, 0.575854833676, 0.825780734713, 0.833249340816, 0.601318019716, 0.303626133511, 0.654023705636, 0.226479454403, 3.45666818844
0.226479454403, 0.585827655973, 0.0723885590078, 0.26569132988, 0.285922291367, 0.60718079936, 0.152868281011, 0.299094584385, 0.252944652365, 0.0508270963918, 0.0279897337347, 0.150604968857, 0.376437512087, 0.19561444258, 0.0377904252144, 0.819319275335, 0.378898187306, 0.249714674569, 0.438176704325, 0.473561052457, 0.384790655603, 0.376813083592, 0.0398048946408, 0.838965544334, 0.575854833676, 0.825780734713, 0.833249340816, 0.601318019716, 0.303626133511, 0.654023705636, 0.226479454403, 3.45666818844
0.166092063263, 0.867540572087, 0.0233867191957, 0.229204382591, 0.0890791989412, 0.346108166286, 0.960639727397, 0.570705412227, 0.130858731064, 0.0148737325283, 0.195873991338, 0.327763351049, 0.00332459813375, 0.632543610833, 0.31043612909, 0.958727930588, 0.392946514011, 0.580972655298, 0.566552097664, 0.439666506324, 0.0540738918785, 0.897002768045, 0.234824572539, 0.306156802339, 0.300581173395, 0.562904616503, 0.833249340816, 0.678705863651, 0.201465332414, 0.442682478415, 0.166092063263, 3.88133812463
0.223400402604, 0.747957208936, 0.925152876786, 0.839796917258, 0.24141446794, 0.00902550766906, 0.182726088454, 0.404297324464, 0.647778966485, 0.940217185133, 0.479197803331, 0.481794914145, 0.183391379975, 0.241362312501, 0.951129332607, 0.201077882881, 0.353345926643, 0.258761731377, 0.0035480515124, 0.0437280319871, 0.371380558204, 0.0018088591152, 0.776754229574, 0.0484735733247, 0.35897778309, 0.194698437255, 0.396941301112, 0.891703467161, 0.380208423149, 0.239908404019, 0.223400402604, 3.64057491007
0.166092063263, 0.867540572087, 0.0233867191957, 0.229204382591, 0.0890791989412, 0.346108166286, 0.960639727397, 0.570705412227, 0.130858731064, 0.0148737325283, 0.195873991338, 0.327763351049, 0.00332459813375, 0.632543610833, 0.31043612909, 0.958727930588, 0.392946514011, 0.580972655298, 0.566552097664, 0.439666506324, 0.0540738918785, 0.897002768045, 0.234824572539, 0.306156802339, 0.300581173395, 0.562904616503, 0.833249340816, 0.678705863651, 0.201465332414, 0.442682478415, 0.166092063263, 3.88133812463
0.223400402604, 0.747957208936, 0.925152876786, 0.839796917258, 0.24141446794, 0.00902550766906, 0.182726088454, 0.404297324464, 0.647778966485, 0.940217185133, 0.479197803331, 0.481794914145, 0.183391379975, 0.241362312501, 0.951129332607, 0.201077882881, 0.353345926643, 0.258761731377, 0.0035480515124, 0.0437280319871, 0.371380558204, 0.0018088591152, 0.776754229574, 0.0484735733247, 0.35897778309, 0.194698437255, 0.396941301112, 0.891703467161, 0.380208423149, 0.239908404019, 0.223400402604, 3.64057491007
0.864335377031, 0.549694633034, 0.680146132668, 0.545577736239, 0.536363475273, 0.521993525339, 0.20477614557, 0.891367498438, 0.365287895138, 0.976730521046, 0.0722351541194, 0.329638236158, 0.154069216125, 0.762145810546, 0.278681066585, 0.430130194417, 0.221897154937, 0.540806292345, 0.165379578242, 0.514390068915, 0.467520970532, 0.119524980544, 0.0483747667438, 0.102880288121, 0.0583981816195, 0.264888827317, 0.375089256546, 0.176199107671, 0.804370307491, 0.0292755051504, 0.864335377031, 2.50602845455
0.864335377031, 0.549694633034, 0.680146132668, 0.545577736239, 0.536363475273, 0.521993525339, 0.20477614557, 0.891367498438, 0.365287895138, 0.976730521046, 0.0722351541194, 0.329638236158, 0.154069216125, 0.762145810546, 0.278681066585, 0.430130194417, 0.221897154937, 0.540806292345, 0.165379578242, 0.514390068915, 0.467520970532, 0.119524980544, 0.0483747667438, 0.102880288121, 0.0583981816195, 0.264888827317, 0.375089256546, 0.176199107671, 0.804370307491, 0.0292755051504, 0.864335377031, 2.50602845455
0.223400402604, 0.239362005078, 0.925152876786, 0.839796917258, 0.101071701352, 0.00902550766906, 0.387502463538, 0.404297324464, 0.647778966485, 0.940217185133, 0.479197803331, 0.872047891752, 0.183391379975, 0.0229065712279, 0.104889652054, 0.146494643599, 0.353345926643, 0.864019230676, 0.0035480515124, 0.0437280319871, 0.371380558204, 0.0018088591152, 0.320933012029, 0.0198777022474, 0.35897778309, 0.825780734713, 0.980007198162, 0.891703467161, 0.346071138677, 0.655740742787, 0.223400402604, 3.79094680355
0.223400402604, 0.239362005078, 0.925152876786, 0.839796917258, 0.101071701352, 0.00902550766906, 0.387502463538, 0.404297324464, 0.647778966485, 0.940217185133, 0.479197803331, 0.872047891752, 0.183391379975, 0.0229065712279, 0.104889652054, 0.146494643599, 0.353345926643, 0.864019230676, 0.0035480515124, 0.0437280319871, 0.371380558204, 0.0018088591152, 0.320933012029, 0.0198777022474, 0.35897778309, 0.825780734713, 0.980007198162, 0.891703467161, 0.346071138677, 0.655740742787, 0.223400402604, 3.79094680355
0.245824216657, 0.255313335813, 0.391361616565, 0.26569132988, 0.206805156375, 0.43210941374, 0.871915610486, 0.0280995817833, 0.124081804828, 0.102701882897, 0.2686598614, 0.0163384014757, 0.126614756101, 0.183986555399, 0.277601572362, 0.438764794698, 0.665696023555, 0.402838589397, 0.609511564158, 0.907442803985, 0.355798782952, 0.16090443744, 0.446000199253, 0.161521600263, 0.0555074328453, 0.165394234994, 0.999366006332, 0.187514600758, 0.230746623097, 0.246724495654, 0.245824216657, 2.98619198477
0.485056206479, 0.150741009471, 0.751882776476, 0.011993844641, 0.26571354279, 0.335934889083, 0.00381942199995, 0.917164662851, 0.122873825736, 0.0889910529726, 0.170233684425, 0.588415680401, 0.75792923941, 0.162055207559, 0.0623263618592, 0.0500526438276, 0.294609065304, 0.725777774028, 0.80334740632, 0.892347844835, 0.454253234698, 0.299929324129, 0.439535560051, 0.685562294618, 0.207287436991, 0.0349579669541, 0.960586241031, 0.319992268164, 0.141572829121, 0.127640827289, 0.485056206479, 2.90597202286
0.245824216657, 0.255313335813, 0.391361616565, 0.26569132988, 0.206805156375, 0.43210941374, 0.871915610486, 0.0280995817833, 0.124081804828, 0.102701882897, 0.2686598614, 0.0163384014757, 0.126614756101, 0.183986555399, 0.277601572362, 0.438764794698, 0.665696023555, 0.402838589397, 0.609511564158, 0.907442803985, 0.355798782952, 0.16090443744, 0.446000199253, 0.161521600263, 0.0555074328453, 0.165394234994, 0.999366006332, 0.187514600758, 0.230746623097, 0.246724495654, 0.245824216657, 2.98619198477
0.485056206479, 0.150741009471, 0.751882776476, 0.011993844641, 0.26571354279, 0.335934889083, 0.00381942199995, 0.917164662851, 0.122873825736, 0.0889910529726, 0.170233684425, 0.588415680401, 0.75792923941, 0.162055207559, 0.0623263618592, 0.0500526438276, 0.294609065304, 0.725777774028, 0.80334740632, 0.892347844835, 0.454253234698, 0.299929324129, 0.439535560051, 0.685562294618, 0.207287436991, 0.0349579669541, 0.960586241031, 0.319992268164, 0.141572829121, 0.127640827289, 0.485056206479, 2.90597202286
0.223400402604, 0.747957208936, 0.925152876786, 0.839796917258, 0.24141446794, 0.00902550766906, 0.182726088454, 0.404297324464, 0.647778966485, 0.940217185133, 0.479197803331, 0.872047891752, 0.183391379975, 0.142539766634, 0.951129332607, 0.201077882881, 0.353345926643, 0.258761731377, 0.0035480515124, 0.0437280319871, 0.440040608175, 0.0018088591152, 0.776754229574, 0.0484735733247, 0.35897778309, 0.0147602210554, 0.980007198162, 0.891703467161, 0.380208423149, 0.239908404019, 0.223400402604, 3.85182920803
0.223400402604, 0.747957208936, 0.925152876786, 0.839796917258, 0.24141446794, 0.00902550766906, 0.182726088454, 0.404297324464, 0.647778966485, 0.940217185133, 0.479197803331, 0.872047891752, 0.183391379975, 0.142539766634, 0.951129332607, 0.201077882881, 0.353345926643, 0.258761731377, 0.0035480515124, 0.0437280319871, 0.440040608175, 0.0018088591152, 0.776754229574, 0.0484735733247, 0.35897778309, 0.0147602210554, 0.980007198162, 0.891703467161, 0.380208423149, 0.239908404019, 0.223400402604, 3.85182920803
0.485056206479, 0.150741009471, 0.916912911857, 0.011993844641, 0.26571354279, 0.335934889083, 0.00381942199995, 0.917164662851, 0.122873825736, 0.248569010618, 0.0121349636641, 0.254397750724, 0.75792923941, 0.162055207559, 0.0623263618592, 0.0500526438276, 0.349727622925, 0.949499324582, 0.185724279993, 0.892347844835, 0.454253234698, 0.299929324129, 0.439535560051, 0.685562294618, 0.207287436991, 0.0349579669541, 0.80046312784, 0.319992268164, 0.141572829121, 0.921523434223, 0.485056206479, 2.93894880013
0.485056206479, 0.150741009471, 0.916912911857, 0.011993844641, 0.26571354279, 0.335934889083, 0.00381942199995, 0.917164662851, 0.122873825736, 0.248569010618, 0.0121349636641, 0.254397750724, 0.75792923941, 0.162055207559, 0.0623263618592, 0.0500526438276, 0.349727622925, 0.949499324582, 0.185724279993, 0.892347844835, 0.454253234698, 0.299929324129, 0.439535560051, 0.685562294618, 0.207287436991, 0.0349579669541, 0.80046312784, 0.319992268164, 0.141572829121, 0.921523434223, 0.485056206479, 2.93894880013
0.630884163759, 0.819444971474, 0.00285264879001, 0.175829646064, 0.488131855659, 0.299791899765, 0.644162581173, 0.221240964487, 0.881227089068, 0.3578962323, 0.0279897337347, 0.641672222832, 0.242280802379, 0.40145634732, 0.501421133499, 0.814747158617, 0.444857612241, 0.130832919729, 0.369965016401, 0.188093816333, 0.183022826959, 0.568264414453, 0.486160807386, 0.36219333503, 0.0210311605871, 0.267100000715, 0.343518356222, 0.141700436043, 0.119923590453, 0.34756264895, 0.630884163759, 2.61809578945
0.576913492182, 0.585827655973, 0.0723885590078, 0.26569132988, 0.285922291367, 0.60718079936, 0.152868281011, 0.100636024628, 0.252944652365, 0.0508270963918, 0.0906193396244, 0.150604968857, 0.428518506894, 0.259814844241, 0.951129332607, 0.819319275335, 0.378898187306, 0.266839362284, 0.438176704325, 0.858579441755, 0.276789760608, 0.267451437675, 0.0398048946408, 0.489877648338, 0.575854833676, 0.0147602210554, 0.669520537147, 0.344820439184, 0.222914406911, 0.457492082101, 0.576913492182, 2.6598184286
0.52308003024, 0.530348314903, 0.213909881579, 0.175829646064, 0.488131855659, 0.21143586939, 0.644162581173, 0.221240964487, 0.570731324563, 0.418783875624, 0.195873991338, 0.550619225362, 0.242280802379, 0.40145634732, 0.475433682787, 0.814747158617, 0.444857612241, 0.130832919729, 0.249213050588, 0.188093816333, 0.183022826959, 0.568264414453, 0.486160807386, 0.36219333503, 0.264202954679, 0.207302066114, 0.343518356222, 0.141700436043, 0.119923590453, 0.429164123783, 0.52308003024, 2.70816575168
0.630884163759, 0.819444971474, 0.00285264879001, 0.175829646064, 0.488131855659, 0.299791899765, 0.644162581173, 0.221240964487, 0.881227089068, 0.3578962323, 0.0279897337347, 0.641672222832, 0.242280802379, 0.40145634732, 0.501421133499, 0.814747158617, 0.444857612241, 0.130832919729, 0.369965016401, 0.188093816333, 0.183022826959, 0.568264414453, 0.486160807386, 0.36219333503, 0.0210311605871, 0.267100000715, 0.343518356222, 0.141700436043, 0.119923590453, 0.34756264895, 0.630884163759, 2.61809578945
0.576913492182, 0.585827655973, 0.0723885590078, 0.26569132988, 0.285922291367, 0.60718079936, 0.152868281011, 0.100636024628, 0.252944652365, 0.0508270963918, 0.0906193396244, 0.150604968857, 0.428518506894, 0.259814844241, 0.951129332607, 0.819319275335, 0.378898187306, 0.266839362284, 0.438176704325, 0.858579441755, 0.276789760608, 0.267451437675, 0.0398048946408, 0.489877648338, 0.575854833676, 0.0147602210554, 0.669520537147, 0.344820439184, 0.222914406911, 0.457492082101, 0.576913492182, 2.6598184286
0.52308003024, 0.530348314903, 0.213909881579, 0.175829646064, 0.488131855659, 0.21143586939, 0.644162581173, 0.221240964487, 0.570731324563, 0.418783875624, 0.195873991338, 0.550619225362, 0.242280802379, 0.40145634732, 0.475433682787, 0.814747158617, 0.444857612241, 0.130832919729, 0.249213050588, 0.188093816333, 0.183022826959, 0.568264414453, 0.486160807386, 0.36219333503, 0.264202954679, 0.207302066114, 0.343518356222, 0.141700436043, 0.119923590453, 0.429164123783, 0.52308003024, 2.70816575168
0.245824216657, 0.129140240057, 0.492707174667, 0.143481040534, 0.0561092389825, 0.43210941374, 0.519374271249, 0.953761859384, 0.124081804828, 0.102701882897, 0.2686598614, 0.0306254879815, 0.229461458873, 0.183986555399, 0.277601572362, 0.438764794698, 0.665696023555, 0.402838589397, 0.5942173856, 0.76896515597, 0.355798782952, 0.216791307537, 0.165794747939, 0.161521600263, 0.969826085965, 0.165394234994, 0.632048316528, 0.178940404565, 0.230746623097, 0.0846401415331, 0.245824216657, 3.09249966502
0.245824216657, 0.129140240057, 0.492707174667, 0.143481040534, 0.0561092389825, 0.43210941374, 0.519374271249, 0.953761859384, 0.124081804828, 0.102701882897, 0.2686598614, 0.0306254879815, 0.229461458873, 0.183986555399, 0.277601572362, 0.438764794698, 0.665696023555, 0.402838589397, 0.5942173856, 0.76896515597, 0.355798782952, 0.216791307537, 0.165794747939, 0.161521600263, 0.969826085965, 0.165394234994, 0.632048316528, 0.178940404565, 0.230746623097, 0.0846401415331, 0.245824216657, 3.09249966502
0.973136932529, 0.020568430391, 0.804481136395, 0.513738064255, 0.457577382107, 0.606629888873, 0.296821897558, 0.537719668683, 0.546349782946, 0.0880858198899, 0.485366592245, 0.146365302853, 0.0171972267138, 0.411172404771, 0.233152269739, 0.359329052417, 0.215797943317, 0.142787724479, 0.668363185942, 0.376920012949, 0.192787827149, 0.848878401528, 0.875099645591, 0.85948281146, 0.0114530189884, 0.320903380678, 0.192734391342, 0.885703757309, 0.201465332414, 0.229273775498, 0.973136932529, 2.47139064802
0.973136932529, 0.020568430391, 0.804481136395, 0.513738064255, 0.457577382107, 0.606629888873, 0.296821897558, 0.537719668683, 0.546349782946, 0.0880858198899, 0.485366592245, 0.146365302853, 0.0171972267138, 0.411172404771, 0.233152269739, 0.359329052417, 0.215797943317, 0.142787724479, 0.668363185942, 0.376920012949, 0.192787827149, 0.848878401528, 0.875099645591, 0.85948281146, 0.0114530189884, 0.320903380678, 0.192734391342, 0.885703757309, 0.201465332414, 0.229273775498, 0.973136932529, 2.47139064802
1.13528768171e-05, 0.906793992919, 0.731472092837, 0.153776434134, 0.668910534633, 0.112881417509, 0.275194019606, 0.699838346737, 0.355094589268, 0.181421535793, 0.896067864431, 0.996173747808, 0.366174648297, 0.66959048558, 0.39894880742, 0.147258653909, 0.966190689314, 0.0429338391213, 0.213965912994, 0.407960244152, 0.0550764673526, 0.32684473913, 0.0186499896615, 0.344680284138, 0.841376404268, 0.182342401557, 0.999366006332, 0.164179007636, 0.100333701895, 0.429672809193, 1.13528768171e-05, 4.91936686375
0.245824216657, 0.129140240057, 0.560679100698, 0.143481040534, 0.206805156375, 0.43210941374, 0.519374271249, 0.884172086457, 0.124081804828, 0.102701882897, 0.2686598614, 0.0306254879815, 0.229461458873, 0.183986555399, 0.273075296684, 0.438764794698, 0.665696023555, 0.402838589397, 0.5942173856, 0.76896515597, 0.355798782952, 0.634686111227, 0.0253953303796, 0.161521600263, 0.969826085965, 0.165394234994, 0.632048316528, 0.274453296425, 0.230746623097, 0.0846401415331, 0.245824216657, 3.2336361143
1.13528768171e-05, 0.906793992919, 0.731472092837, 0.153776434134, 0.668910534633, 0.112881417509, 0.275194019606, 0.699838346737, 0.355094589268, 0.181421535793, 0.896067864431, 0.996173747808, 0.366174648297, 0.66959048558, 0.39894880742, 0.147258653909, 0.966190689314, 0.0429338391213, 0.213965912994, 0.407960244152, 0.0550764673526, 0.32684473913, 0.0186499896615, 0.344680284138, 0.841376404268, 0.182342401557, 0.999366006332, 0.164179007636, 0.100333701895, 0.429672809193, 1.13528768171e-05, 4.91936686375
0.245824216657, 0.129140240057, 0.560679100698, 0.143481040534, 0.206805156375, 0.43210941374, 0.519374271249, 0.884172086457, 0.124081804828, 0.102701882897, 0.2686598614, 0.0306254879815, 0.229461458873, 0.183986555399, 0.273075296684, 0.438764794698, 0.665696023555, 0.402838589397, 0.5942173856, 0.76896515597, 0.355798782952, 0.634686111227, 0.0253953303796, 0.161521600263, 0.969826085965, 0.165394234994, 0.632048316528, 0.274453296425, 0.230746623097, 0.0846401415331, 0.245824216657, 3.2336361143
0.870250009163, 0.195043438732, 0.0574739894973, 0.156167312193, 0.57759209086, 0.108208898587, 0.464609968211, 0.481471057512, 0.87733527421, 0.144332058059, 0.0918934717196, 0.596976156391, 0.430061229051, 0.238525505869, 0.249081564015, 0.0709281735072, 0.132664942599, 0.179285622198, 0.173619173644, 0.802704650142, 0.106635544735, 0.996687651341, 0.0877585782557, 0.378475473632, 0.138386140003, 0.835584624051, 0.958721876691, 0.855769934801, 0.0964683482304, 0.740581741528, 0.870250009163, 2.50783209242
0.870250009163, 0.195043438732, 0.0574739894973, 0.156167312193, 0.57759209086, 0.108208898587, 0.464609968211, 0.481471057512, 0.87733527421, 0.144332058059, 0.0918934717196, 0.596976156391, 0.430061229051, 0.238525505869, 0.249081564015, 0.0709281735072, 0.132664942599, 0.179285622198, 0.173619173644, 0.802704650142, 0.106635544735, 0.996687651341, 0.0877585782557, 0.378475473632, 0.138386140003, 0.835584624051, 0.958721876691, 0.855769934801, 0.0964683482304, 0.740581741528, 0.870250009163, 2.50783209242
0.408893304644, 0.549694633034, 0.680146132668, 0.545577736239, 0.325144610918, 0.521993525339, 0.00196342706785, 0.589791409885, 0.658966608326, 0.994883683541, 0.476555398423, 0.329638236158, 0.192850889581, 0.762145810546, 0.278681066585, 0.147258653909, 0.221897154937, 0.540806292345, 0.165379578242, 0.0911910117145, 0.467520970532, 0.592420972116, 0.0441532761532, 0.102880288121, 0.0583981816195, 0.720957926475, 0.349227476204, 0.176199107671, 0.833406178773, 0.258686071359, 0.408893304644, 3.24925061913
0.408893304644, 0.549694633034, 0.680146132668, 0.545577736239, 0.325144610918, 0.521993525339, 0.00196342706785, 0.589791409885, 0.658966608326, 0.994883683541, 0.476555398423, 0.329638236158, 0.192850889581, 0.762145810546, 0.278681066585, 0.147258653909, 0.221897154937, 0.540806292345, 0.165379578242, 0.0911910117145, 0.467520970532, 0.592420972116, 0.0441532761532, 0.102880288121, 0.0583981816195, 0.720957926475, 0.349227476204, 0.176199107671, 0.833406178773, 0.258686071359, 0.408893304644, 3.24925061913
0.483554022781, 0.679742460933, 0.991092443227, 0.543781496164, 0.70995246313, 0.0675517158311, 0.917051007331, 0.0806583714007, 0.802785117108, 0.43090017536, 0.0753076756953, 0.392518749271, 0.0443099245429, 0.0782937474737, 0.498636739965, 0.0539681409372, 0.325645781186, 0.345645950702, 0.50704185464, 0.0592974420485, 0.390846131426, 0.201500879272, 0.535424015509, 0.994608737195, 0.74648528721, 0.905975565318, 0.294787407765, 0.0346113624188, 0.467167826131, 0.605749406767, 0.483554022781, 3.41690273909
0.483554022781, 0.679742460933, 0.991092443227, 0.543781496164, 0.70995246313, 0.0675517158311, 0.917051007331, 0.0806583714007, 0.802785117108, 0.43090017536, 0.0753076756953, 0.392518749271, 0.0443099245429, 0.0782937474737, 0.498636739965, 0.0539681409372, 0.325645781186, 0.345645950702, 0.50704185464, 0.0592974420485, 0.390846131426, 0.201500879272, 0.535424015509, 0.994608737195, 0.74648528721, 0.905975565318, 0.294787407765, 0.0346113624188, 0.467167826131, 0.605749406767, 0.483554022781, 3.41690273909
0.52308003024, 0.530348314903, 0.213909881579, 0.175829646064, 0.488131855659, 0.21143586939, 0.644162581173, 0.221240964487, 0.570731324563, 0.418783875624, 0.195873991338, 0.550619225362, 0.242280802379, 0.40145634732, 0.501421133499, 0.814747158617, 0.444857612241, 0.130832919729, 0.50181436053, 0.188093816333, 0.183022826959, 0.623313985232, 0.486160807386, 0.36219333503, 0.0142031778592, 0.207302066114, 0.343518356222, 0.141700436043, 0.119923590453, 0.429164123783, 0.52308003024, 2.72954308211
0.52308003024, 0.530348314903, 0.213909881579, 0.175829646064, 0.488131855659, 0.21143586939, 0.644162581173, 0.221240964487, 0.570731324563, 0.418783875624, 0.195873991338, 0.550619225362, 0.242280802379, 0.40145634732, 0.501421133499, 0.814747158617, 0.444857612241, 0.130832919729, 0.50181436053, 0.188093816333, 0.183022826959, 0.623313985232, 0.486160807386, 0.36219333503, 0.0142031778592, 0.207302066114, 0.343518356222, 0.141700436043, 0.119923590453, 0.429164123783, 0.52308003024, 2.72954308211
0.659770186311, 0.476111335443, 0.326357937378, 0.334071068, 0.574218774275, 0.276688594593, 0.47363697365, 0.163631640124, 0.0685984788217, 0.0294061819446, 0.88763535001, 0.527708826578, 0.3917219764, 0.131915607581, 0.640927733256, 0.720280679778, 0.631760695536, 0.209943583572, 0.176939536926, 0.953779817982, 0.251204744883, 0.623332619281, 0.158942188315, 0.200947786047, 0.0926968960482, 0.0386147550051, 0.192734391342, 0.801671334009, 0.418623965276, 0.00827433570689, 0.659770186311, 2.65287702224
0.659770186311, 0.476111335443, 0.326357937378, 0.334071068, 0.574218774275, 0.276688594593, 0.47363697365, 0.163631640124, 0.0685984788217, 0.0294061819446, 0.88763535001, 0.527708826578, 0.3917219764, 0.131915607581, 0.640927733256, 0.720280679778, 0.631760695536, 0.209943583572, 0.176939536926, 0.953779817982, 0.251204744883, 0.623332619281, 0.158942188315, 0.200947786047, 0.0926968960482, 0.0386147550051, 0.192734391342, 0.801671334009, 0.418623965276, 0.00827433570689, 0.659770186311, 2.65287702224
1.13528768171e-05, 0.147733634438, 0.0635928043645, 0.816866880914, 0.594731647246, 0.912448682361, 0.697309417414, 0.662226203454, 0.138170358505, 0.957295463685, 0.250123853396, 0.273075633851, 0.0541907785968, 0.241362312501, 0.767927937697, 0.8800454781, 0.421664568476, 0.390768108768, 0.357435868013, 0.142606807359, 0.522213079426, 0.102476349077, 0.857436362044, 0.407269789755, 0.595225491065, 0.121392612127, 0.645693371749, 0.850788852946, 0.998862562294, 0.488266026681, 1.13528768171e-05, 5.44843324051
1.13528768171e-05, 0.147733634438, 0.0635928043645, 0.816866880914, 0.594731647246, 0.912448682361, 0.697309417414, 0.662226203454, 0.138170358505, 0.957295463685, 0.250123853396, 0.273075633851, 0.0541907785968, 0.241362312501, 0.767927937697, 0.8800454781, 0.421664568476, 0.390768108768, 0.357435868013, 0.142606807359, 0.522213079426, 0.102476349077, 0.857436362044, 0.407269789755, 0.595225491065, 0.121392612127, 0.645693371749, 0.850788852946, 0.998862562294, 0.488266026681, 1.13528768171e-05, 5.44843324051
0.973136932529, 0.452029918667, 0.804481136395, 0.513738064255, 0.867189665919, 0.190953530521, 0.296821897558, 0.0848673035107, 0.308559934261, 0.630745559937, 0.485366592245, 0.146365302853, 0.0171972267138, 0.554412844291, 0.233152269739, 0.00969617414899, 0.215797943317, 0.259496857759, 0.668363185942, 0.376920012949, 0.0727735369011, 0.848878401528, 0.909742354313, 0.85948281146, 0.111252901822, 0.320903380678, 0.842867393461, 0.374174405224, 0.201465332414, 0.0946704939287, 0.973136932529, 2.52068185203
0.973136932529, 0.452029918667, 0.804481136395, 0.513738064255, 0.867189665919, 0.190953530521, 0.296821897558, 0.0848673035107, 0.308559934261, 0.630745559937, 0.485366592245, 0.146365302853, 0.0171972267138, 0.554412844291, 0.233152269739, 0.00969617414899, 0.215797943317, 0.259496857759, 0.668363185942, 0.376920012949, 0.0727735369011, 0.848878401528, 0.909742354313, 0.85948281146, 0.111252901822, 0.320903380678, 0.842867393461, 0.374174405224, 0.201465332414, 0.0946704939287, 0.973136932529, 2.52068185203
0.00237234775311, 0.773599565096, 0.586525808021, 0.334071068, 0.700556516483, 0.841108693712, 0.0149336189549, 0.0724122059129, 0.834282848169, 0.248629062317, 0.887783419611, 0.984339396745, 0.0541907785968, 0.903662281233, 0.276805370376, 0.795079485907, 0.525704872199, 0.812115913931, 0.216512622181, 0.337538229737, 0.993970248747, 0.894231585717, 0.54752434411, 0.25695025188, 0.272627890584, 0.401106401578, 0.18143739133, 0.888480026439, 0.14657950404, 0.992569444999, 0.00237234775311, 5.77752562028
1.13528768171e-05, 0.147733634438, 0.0635928043645, 0.334071068, 0.594731647246, 0.912448682361, 0.697309417414, 0.662226203454, 0.658388075337, 0.957295463685, 0.250123853396, 0.504773170571, 0.0541907785968, 0.693292351441, 0.767927937697, 0.995065835445, 0.613203503921, 0.390768108768, 0.357435868013, 0.0592974420485, 0.629120606625, 0.750647733293, 0.857436362044, 0.407269789755, 0.595225491065, 0.121392612127, 0.645693371749, 0.850788852946, 0.861159821128, 0.488266026681, 1.13528768171e-05, 5.93274906401
0.00237234775311, 0.773599565096, 0.586525808021, 0.334071068, 0.700556516483, 0.841108693712, 0.0149336189549, 0.0724122059129, 0.834282848169, 0.248629062317, 0.887783419611, 0.984339396745, 0.0541907785968, 0.903662281233, 0.276805370376, 0.795079485907, 0.525704872199, 0.812115913931, 0.216512622181, 0.337538229737, 0.993970248747, 0.894231585717, 0.54752434411, 0.25695025188, 0.272627890584, 0.401106401578, 0.18143739133, 0.888480026439, 0.14657950404, 0.992569444999, 0.00237234775311, 5.77752562028
1.13528768171e-05, 0.147733634438, 0.0635928043645, 0.334071068, 0.594731647246, 0.912448682361, 0.697309417414, 0.662226203454, 0.658388075337, 0.957295463685, 0.250123853396, 0.504773170571, 0.0541907785968, 0.693292351441, 0.767927937697, 0.995065835445, 0.613203503921, 0.390768108768, 0.357435868013, 0.0592974420485, 0.629120606625, 0.750647733293, 0.857436362044, 0.407269789755, 0.595225491065, 0.121392612127, 0.645693371749, 0.850788852946, 0.861159821128, 0.488266026681, 1.13528768171e-05, 5.93274906401
1.13528768171e-05, 0.147733634438, 0.0635928043645, 0.707644814961, 0.501168350516, 0.912448682361, 0.697309417414, 0.662226203454, 0.658388075337, 0.957295463685, 0.250123853396, 0.504773170571, 0.998563274212, 0.693292351441, 0.767927937697, 0.995065835445, 0.613203503921, 0.390768108768, 0.357435868013, 0.0592974420485, 0.840176917579, 0.750647733293, 0.857436362044, 0.407269789755, 0.595225491065, 0.121392612127, 0.645693371749, 0.194277064068, 0.999095330502, 0.678621184256, 1.13528768171e-05, 6.27613431883
1.13528768171e-05, 0.147733634438, 0.0635928043645, 0.707644814961, 0.501168350516, 0.912448682361, 0.697309417414, 0.662226203454, 0.658388075337, 0.957295463685, 0.250123853396, 0.504773170571, 0.998563274212, 0.693292351441, 0.767927937697, 0.995065835445, 0.613203503921, 0.390768108768, 0.357435868013, 0.0592974420485, 0.840176917579, 0.750647733293, 0.857436362044, 0.407269789755, 0.595225491065, 0.121392612127, 0.645693371749, 0.194277064068, 0.999095330502, 0.678621184256, 1.13528768171e-05, 6.27613431883
0.00237234775311, 0.773599565096, 0.586525808021, 0.231880667068, 0.700556516483, 0.841108693712, 0.0149336189549, 0.0724122059129, 0.834282848169, 0.445422595975, 0.887783419611, 0.950499353125, 0.998563274212, 0.676616281656, 0.776754193836, 0.929540124726, 0.525704872199, 0.812115913931, 0.459105660965, 0.337538229737, 0.545265256074, 0.894231585717, 0.54752434411, 0.0141377405933, 0.241836362853, 0.0207874958526, 0.18143739133, 0.700163558851, 0.0203411364892, 0.995739260687, 0.00237234775311, 5.85159524778
0.00237234775311, 0.773599565096, 0.586525808021, 0.231880667068, 0.700556516483, 0.841108693712, 0.0149336189549, 0.0724122059129, 0.834282848169, 0.445422595975, 0.887783419611, 0.950499353125, 0.998563274212, 0.676616281656, 0.776754193836, 0.929540124726, 0.525704872199, 0.812115913931, 0.459105660965, 0.337538229737, 0.545265256074, 0.894231585717, 0.54752434411, 0.0141377405933, 0.241836362853, 0.0207874958526, 0.18143739133, 0.700163558851, 0.0203411364892, 0.995739260687, 0.00237234775311, 5.85159524778
0.00237234775311, 0.773599565096, 0.586525808021, 0.707644814961, 0.700556516483, 0.841108693712, 0.0149336189549, 0.0724122059129, 0.818088391206, 0.248629062317, 0.887783419611, 0.950499353125, 0.998563274212, 0.903662281233, 0.276805370376, 0.795079485907, 0.525704872199, 0.812115913931, 0.216512622181, 0.337538229737, 0.977959453395, 0.638020458649, 0.62102068451, 0.25695025188, 0.241836362853, 0.0278077263177, 0.18143739133, 0.700163558851, 0.14657950404, 0.992569444999, 0.00237234775311, 5.92401680931
0.00237234775311, 0.773599565096, 0.586525808021, 0.707644814961, 0.700556516483, 0.841108693712, 0.0149336189549, 0.0724122059129, 0.818088391206, 0.248629062317, 0.887783419611, 0.950499353125, 0.998563274212, 0.903662281233, 0.276805370376, 0.795079485907, 0.525704872199, 0.812115913931, 0.216512622181, 0.337538229737, 0.977959453395, 0.638020458649, 0.62102068451, 0.25695025188, 0.241836362853, 0.0278077263177, 0.18143739133, 0.700163558851, 0.14657950404, 0.992569444999, 0.00237234775311, 5.92401680931
0.162660105326, 0.0875443765856, 0.0233867191957, 0.0656487845618, 0.0519460413839, 0.23877123849, 0.767835371126, 0.570705412227, 0.367310873517, 0.725694706512, 0.0906193396244, 0.327763351049, 0.0133033196957, 0.632543610833, 0.31043612909, 0.854577927143, 0.392946514011, 0.580972655298, 0.566552097664, 0.439666506324, 0.0540738918785, 0.897002768045, 0.234824572539, 0.299293965633, 0.300581173395, 0.748764345038, 0.669520537147, 0.801642067835, 0.927462024115, 0.232233010853, 0.162660105326, 3.92461135382
0.162660105326, 0.0875443765856, 0.0233867191957, 0.0656487845618, 0.0519460413839, 0.23877123849, 0.767835371126, 0.570705412227, 0.367310873517, 0.725694706512, 0.0906193396244, 0.327763351049, 0.0133033196957, 0.632543610833, 0.31043612909, 0.854577927143, 0.392946514011, 0.580972655298, 0.566552097664, 0.439666506324, 0.0540738918785, 0.897002768045, 0.234824572539, 0.299293965633, 0.300581173395, 0.748764345038, 0.669520537147, 0.801642067835, 0.927462024115, 0.232233010853, 0.162660105326, 3.92461135382
0.945606869566, 0.11257602976, 0.327994840752, 0.36918598161, 0.695239936569, 0.275874407497, 0.612836619019, 0.364534598173, 0.590727684048, 0.716257738259, 0.131608037751, 0.0949101605021, 0.229461458873, 0.992179746424, 0.221333048746, 0.827924314887, 0.0480726804525, 0.498175882405, 0.5942173856, 0.0326420530398, 0.121048492014, 0.0812729699262, 0.903396617003, 0.635014637959, 0.316684452993, 0.0141848096997, 0.392334974417, 0.512332646801, 0.39522853306, 0.915665671679, 0.945606869566, 2.61608977832
0.945606869566, 0.11257602976, 0.327994840752, 0.36918598161, 0.695239936569, 0.275874407497, 0.612836619019, 0.364534598173, 0.590727684048, 0.716257738259, 0.131608037751, 0.0949101605021, 0.229461458873, 0.992179746424, 0.221333048746, 0.827924314887, 0.0480726804525, 0.498175882405, 0.5942173856, 0.0326420530398, 0.121048492014, 0.0812729699262, 0.903396617003, 0.635014637959, 0.316684452993, 0.0141848096997, 0.392334974417, 0.512332646801, 0.39522853306, 0.915665671679, 0.945606869566, 2.61608977832
0.0171403929829, 0.35087428798, 0.391361616565, 0.65199557783, 0.0039911106644, 0.10243468374, 0.402600857813, 0.8036874963, 0.355094589268, 0.181421535793, 0.97662168877, 0.996173747808, 0.366174648297, 0.66959048558, 0.026953630249, 0.430130194417, 0.966190689314, 0.0429338391213, 0.609511564158, 0.910362460571, 0.355798782952, 0.0412512870839, 0.0218443619994, 0.344680284138, 0.309000536109, 0.182342401557, 0.999366006332, 0.164179007636, 0.100333701895, 0.655740742787, 0.0171403929829, 4.56380951608
0.659770186311, 0.476111335443, 0.326357937378, 0.231880667068, 0.574218774275, 0.288211691758, 0.0406319677296, 0.163631640124, 0.0930989304848, 0.0285185253048, 0.924477476636, 0.527708826578, 0.3917219764, 0.131915607581, 0.364313339907, 0.720280679778, 0.631760695536, 0.209943583572, 0.176939536926, 0.953779817982, 0.437525739312, 0.623332619281, 0.269942661151, 0.200947786047, 0.0926968960482, 0.056178557684, 0.50352225691, 0.969521114696, 0.418623965276, 0.00827433570689, 0.659770186311, 2.66629683878
0.0171403929829, 0.35087428798, 0.391361616565, 0.65199557783, 0.0039911106644, 0.10243468374, 0.402600857813, 0.8036874963, 0.355094589268, 0.181421535793, 0.97662168877, 0.996173747808, 0.366174648297, 0.66959048558, 0.026953630249, 0.430130194417, 0.966190689314, 0.0429338391213, 0.609511564158, 0.910362460571, 0.355798782952, 0.0412512870839, 0.0218443619994, 0.344680284138, 0.309000536109, 0.182342401557, 0.999366006332, 0.164179007636, 0.100333701895, 0.655740742787, 0.0171403929829, 4.56380951608
0.659770186311, 0.476111335443, 0.326357937378, 0.231880667068, 0.574218774275, 0.288211691758, 0.0406319677296, 0.163631640124, 0.0930989304848, 0.0285185253048, 0.924477476636, 0.527708826578, 0.3917219764, 0.131915607581, 0.364313339907, 0.720280679778, 0.631760695536, 0.209943583572, 0.176939536926, 0.953779817982, 0.437525739312, 0.623332619281, 0.269942661151, 0.200947786047, 0.0926968960482, 0.056178557684, 0.50352225691, 0.969521114696, 0.418623965276, 0.00827433570689, 0.659770186311, 2.66629683878
0.973136932529, 0.452029918667, 0.804481136395, 0.513738064255, 0.867189665919, 0.190953530521, 0.296821897558, 0.0848673035107, 0.308559934261, 0.630745559937, 0.485366592245, 0.146365302853, 0.0171972267138, 0.554412844291, 0.233152269739, 0.00973259398123, 0.215797943317, 0.259496857759, 0.668363185942, 0.376920012949, 0.0727735369011, 0.848878401528, 0.875099645591, 0.85948281146, 0.111252901822, 0.320903380678, 0.915968682614, 0.374174405224, 0.201465332414, 0.439457980351, 0.973136932529, 2.61258776757
0.973136932529, 0.452029918667, 0.804481136395, 0.513738064255, 0.867189665919, 0.190953530521, 0.296821897558, 0.0848673035107, 0.308559934261, 0.630745559937, 0.485366592245, 0.146365302853, 0.0171972267138, 0.554412844291, 0.233152269739, 0.00973259398123, 0.215797943317, 0.259496857759, 0.668363185942, 0.376920012949, 0.0727735369011, 0.848878401528, 0.875099645591, 0.85948281146, 0.111252901822, 0.320903380678, 0.915968682614, 0.374174405224, 0.201465332414, 0.439457980351, 0.973136932529, 2.61258776757
0.0247873270307, 0.0844581664395, 0.404142299838, 0.489277727851, 0.150405312186, 0.713155909181, 0.255946540849, 0.302121754152, 0.761624974558, 0.804188564134, 0.0336797947628, 0.473982034766, 0.748085620171, 0.119793192537, 0.37008065711, 0.293226257872, 0.982192142106, 0.562915442707, 0.0859958145114, 0.381886774416, 0.482555931078, 0.803929518637, 0.220974790888, 0.352505219415, 0.744839966045, 0.791929199848, 0.839608902076, 0.93670802387, 0.193083563503, 0.267376968631, 0.0247873270307, 4.87614201842
0.0247873270307, 0.0844581664395, 0.404142299838, 0.489277727851, 0.150405312186, 0.713155909181, 0.255946540849, 0.302121754152, 0.761624974558, 0.804188564134, 0.0336797947628, 0.473982034766, 0.748085620171, 0.119793192537, 0.37008065711, 0.293226257872, 0.982192142106, 0.562915442707, 0.0859958145114, 0.381886774416, 0.482555931078, 0.803929518637, 0.220974790888, 0.352505219415, 0.744839966045, 0.791929199848, 0.839608902076, 0.93670802387, 0.193083563503, 0.267376968631, 0.0247873270307, 4.87614201842
