0.0103081376073, 0.814191520359, 0.925152876786, 0.229204382591, 0.24141446794, 0.00902550766906, 0.182726088454, 0.163276643413, 0.647778966485, 0.616990437714, 0.479197803331, 0.481794914145, 0.183391379975, 0.241362312501, 0.31043612909, 0.201077882881, 0.353345926643, 0.468724354864, 0.000208285703113, 0.0343799579325, 0.0465718449441, 0.0018088591152, 0.776754229574, 0.00571388793726, 0.35897778309, 0.194698437255, 0.396941301112, 0.891703467161, 0.380208423149, 0.239908404019, 0.0103081376073, 3.86055757895
0.648837774631, 0.0129766698576, 0.120266104538, 0.356853226462, 0.432299844137, 0.414598539006, 0.296821897558, 0.103177886522, 0.0904442252967, 0.630745559937, 0.485366592245, 0.254397750724, 0.0171972267138, 0.288248883571, 0.026953630249, 0.000382398460029, 0.215797943317, 0.673240260032, 0.308104504883, 0.376920012949, 0.192787827149, 0.184843859798, 0.0218443619994, 0.892395978761, 0.0944843507686, 0.459288042452, 0.93759651671, 0.0506472025771, 0.0670270655576, 0.276809262699, 0.648837774631, 2.04838720289
7.90248047156e-06, 0.906793992919, 0.831512202063, 0.200652810961, 0.0344144174874, 0.112881417509, 0.045416849719, 0.699838346737, 0.124081804828, 0.154034452473, 0.896067864431, 0.817697093198, 0.366174648297, 0.291041011214, 0.39894880742, 0.147258653909, 0.984190083813, 0.0429338391213, 0.213965912994, 0.104018505167, 0.0550764673526, 0.0810102158038, 0.233108350706, 0.147741413234, 0.755781881633, 0.0147602210554, 0.999366006332, 0.0131192645144, 0.0910983642945, 0.0846401415331, 7.90248047156e-06, 4.05049789481
0.514776784332, 0.0129766698576, 0.0285928498895, 0.356853226462, 0.5254811195, 0.606629888873, 0.296821897558, 0.103177886522, 0.881227089068, 0.600028829261, 0.0279897337347, 0.254397750724, 0.0171972267138, 0.288248883571, 0.026953630249, 0.00973259398123, 0.215797943317, 0.0707474818616, 0.308104504883, 0.376920012949, 0.00349391261966, 0.680880049572, 0.0218443619994, 0.868960099262, 0.111252901822, 0.320903380678, 0.93759651671, 0.0506472025771, 0.566615623202, 0.276809262699, 0.514776784332, 2.35700949399
0.156331399983, 0.255313335813, 0.38335059384, 0.26569132988, 0.24141446794, 0.43158637872, 0.0181652418822, 0.0280995817833, 0.776709604631, 0.0403996136013, 0.2686598614, 0.0306254879815, 0.126614756101, 0.183986555399, 0.277601572362, 0.438764794698, 0.286263700492, 0.197963357987, 0.176939536926, 0.959199212641, 0.0550764673526, 0.0151178965718, 0.396921218457, 0.161521600263, 0.0555074328453, 0.165394234994, 0.995565438276, 0.187514600758, 0.230746623097, 0.433337755664, 0.156331399983, 2.76820727624
1.30958764821e-06, 0.147733634438, 0.0285928498895, 0.816866880914, 0.871829559753, 0.684948938602, 0.395932678277, 0.662226203454, 0.469092282777, 0.957295463685, 0.513759610117, 0.273075633851, 0.00475675468977, 0.245035567396, 0.31043612909, 0.176687421817, 0.31229057273, 0.390768108768, 0.141833878741, 0.0870065368549, 0.12421869872, 0.0789849954645, 0.857436362044, 0.86080321775, 0.595225491065, 0.320903380678, 0.645693371749, 0.906335407989, 0.999421252522, 0.488266026681, 1.30958764821e-06, 5.14592448934
1.04831037995e-05, 0.35087428798, 0.0574739894973, 0.153776434134, 0.0039911106644, 0.161763200214, 0.402600857813, 0.8036874963, 0.511847551007, 0.181421535793, 0.896067864431, 0.165780434653, 0.20744897362, 0.66959048558, 0.00928340166909, 0.430130194417, 0.221897154937, 0.677154031723, 0.213965912994, 0.794528368634, 0.0550764673526, 0.32684473913, 0.0130244412852, 0.379778282877, 0.0944843507686, 0.539091721923, 0.645693371749, 0.0415716039129, 0.100333701895, 0.383119870786, 1.04831037995e-05, 3.9394552035
0.630884163759, 0.020568430391, 0.00285264879001, 0.175829646064, 0.67092203158, 0.186006848159, 0.296821897558, 0.894281356178, 0.881227089068, 0.3578962323, 0.0279897337347, 0.234922947775, 0.242280802379, 0.40145634732, 0.233152269739, 0.282523520493, 0.444857612241, 0.130832919729, 0.369965016401, 0.188093816333, 0.183022826959, 0.19725879699, 0.486160807386, 0.0250146835978, 0.595853006729, 0.320903380678, 0.857083518919, 0.141700436043, 0.0244600611526, 0.34756264895, 0.630884163759, 2.3009554293
0.58095421288, 0.195043438732, 0.193026529261, 0.156167312193, 0.57759209086, 0.0626308830728, 0.211642150208, 0.276039693604, 0.900374469191, 0.795508669532, 0.0918934717196, 0.429718547566, 0.430061229051, 0.238525505869, 0.249081564015, 0.0709281735072, 0.132664942599, 0.0673382649462, 0.0321636645163, 0.306749485755, 0.404687154238, 0.646099497581, 0.0877585782557, 0.14308162501, 0.0766711386102, 0.792110271177, 0.683467715053, 0.127702490488, 0.0651283644845, 0.740581741528, 0.58095421288, 2.35472509867
0.0286269363388, 0.0875443765856, 0.0574739894973, 0.153776434134, 0.0039911106644, 0.161763200214, 0.402600857813, 0.8036874963, 0.355094589268, 0.00942225262053, 0.896067864431, 0.541385667296, 0.366174648297, 0.710035798389, 0.0147707509448, 0.430130194417, 0.221897154937, 0.0429338391213, 0.213965912994, 0.794528368634, 0.0550764673526, 0.420049495598, 0.0130244412852, 0.250548227992, 0.841376404268, 0.539091721923, 0.156104116381, 0.164179007636, 0.0940794570132, 0.239908404019, 0.0286269363388, 3.47565873758
0.0572866836143, 0.0129766698576, 0.391361616565, 0.384273034426, 0.349390207189, 0.43210941374, 0.182726088454, 0.0220269876941, 0.348793382958, 0.102701882897, 0.142408673534, 0.0163384014757, 0.126614756101, 0.183986555399, 0.277601572362, 0.496198013158, 0.516884334667, 0.402838589397, 0.609511564158, 0.907442803985, 0.355798782952, 0.100608454883, 0.337183722518, 0.121603014039, 0.0555074328453, 0.165394234994, 0.437408171504, 0.891703467161, 0.230746623097, 0.246724495654, 0.0572866836143, 3.28294156522
0.032041867327, 0.0875443765856, 0.0233867191957, 0.229204382591, 0.594349951629, 0.16962625815, 0.150246684504, 0.004142451144, 0.776709604631, 0.144332058059, 0.525022930221, 0.327763351049, 0.00332459813375, 0.518059161865, 0.31043612909, 0.854577927143, 0.307092459586, 0.249927550191, 0.0255484169545, 0.439666506324, 0.0540738918785, 0.0686126479341, 0.215113460264, 0.547552481447, 0.300581173395, 0.121392612127, 0.445093888425, 0.164179007636, 0.927462024115, 0.442682478415, 0.032041867327, 3.45268353073
0.973136932529, 0.00844411366851, 0.804481136395, 0.356853226462, 0.432299844137, 0.606629888873, 0.296821897558, 0.0564794286693, 0.0904442252967, 0.478586173019, 0.485366592245, 0.593963561537, 0.0171972267138, 0.554412844291, 0.026953630249, 0.00973259398123, 0.167519453726, 0.058166248088, 0.308104504883, 0.376920012949, 0.192787827149, 0.279151235925, 0.00434929254886, 0.658778550351, 0.111252901822, 0.320903380678, 0.93759651671, 0.0506472025771, 0.566615623202, 0.0288923544526, 0.973136932529, 1.84414630465
0.886087420397, 0.429883650308, 0.213909881579, 0.175829646064, 0.488131855659, 0.21143586939, 0.644162581173, 0.221240964487, 0.252944652365, 0.418783875624, 0.195873991338, 0.0296100915195, 0.242280802379, 0.586896974262, 0.456997462908, 0.814747158617, 0.00080107147814, 0.130832919729, 0.438176704325, 0.188093816333, 0.22995588627, 0.568264414453, 0.0874999625386, 0.36219333503, 0.0555074328453, 0.207302066114, 0.343518356222, 0.111234820945, 0.202908085737, 0.429164123783, 0.886087420397, 1.89828325464
0.870250009163, 0.468997693277, 0.0574739894973, 0.132658676488, 0.0121386002501, 0.0626308830728, 0.0804888917686, 0.481471057512, 0.815253671553, 0.144332058059, 0.0157748409064, 0.0454599354288, 0.242280802379, 0.102164144889, 0.249081564015, 0.0709281735072, 0.132664942599, 0.179285622198, 0.173619173644, 0.802704650142, 0.106635544735, 0.996687651341, 0.0877585782557, 0.14308162501, 0.0619691286496, 0.997999972417, 0.958721876691, 0.855769934801, 0.225005075385, 0.0292755051504, 0.870250009163, 1.91318344261
0.245824216657, 0.255313335813, 0.217852005512, 0.26569132988, 0.206805156375, 0.43210941374, 0.140913262026, 0.0280995817833, 0.124081804828, 0.0403996136013, 0.2686598614, 0.0306254879815, 0.126614756101, 0.544518720495, 0.277601572362, 0.438764794698, 0.286263700492, 0.402838589397, 0.176939536926, 0.959199212641, 0.0550764673526, 0.59593033214, 0.12095281809, 0.161521600263, 0.0555074328453, 0.165394234994, 0.93759651671, 0.187514600758, 0.230746623097, 0.433337755664, 0.245824216657, 2.6024101914
0.0103081376073, 0.814191520359, 0.925152876786, 0.229204382591, 0.24141446794, 0.00902550766906, 0.182726088454, 0.163276643413, 0.647778966485, 0.616990437714, 0.479197803331, 0.481794914145, 0.183391379975, 0.241362312501, 0.31043612909, 0.201077882881, 0.353345926643, 0.468724354864, 0.000208285703113, 0.0343799579325, 0.0465718449441, 0.0018088591152, 0.776754229574, 0.00571388793726, 0.35897778309, 0.194698437255, 0.396941301112, 0.891703467161, 0.380208423149, 0.239908404019, 0.0103081376073, 3.86055757895
0.648837774631, 0.0129766698576, 0.120266104538, 0.356853226462, 0.432299844137, 0.414598539006, 0.296821897558, 0.103177886522, 0.0904442252967, 0.630745559937, 0.485366592245, 0.254397750724, 0.0171972267138, 0.288248883571, 0.026953630249, 0.000382398460029, 0.215797943317, 0.673240260032, 0.308104504883, 0.376920012949, 0.192787827149, 0.184843859798, 0.0218443619994, 0.892395978761, 0.0944843507686, 0.459288042452, 0.93759651671, 0.0506472025771, 0.0670270655576, 0.276809262699, 0.648837774631, 2.04838720289
7.90248047156e-06, 0.906793992919, 0.831512202063, 0.200652810961, 0.0344144174874, 0.112881417509, 0.045416849719, 0.699838346737, 0.124081804828, 0.154034452473, 0.896067864431, 0.817697093198, 0.366174648297, 0.291041011214, 0.39894880742, 0.147258653909, 0.984190083813, 0.0429338391213, 0.213965912994, 0.104018505167, 0.0550764673526, 0.0810102158038, 0.233108350706, 0.147741413234, 0.755781881633, 0.0147602210554, 0.999366006332, 0.0131192645144, 0.0910983642945, 0.0846401415331, 7.90248047156e-06, 4.05049789481
0.514776784332, 0.0129766698576, 0.0285928498895, 0.356853226462, 0.5254811195, 0.606629888873, 0.296821897558, 0.103177886522, 0.881227089068, 0.600028829261, 0.0279897337347, 0.254397750724, 0.0171972267138, 0.288248883571, 0.026953630249, 0.00973259398123, 0.215797943317, 0.0707474818616, 0.308104504883, 0.376920012949, 0.00349391261966, 0.680880049572, 0.0218443619994, 0.868960099262, 0.111252901822, 0.320903380678, 0.93759651671, 0.0506472025771, 0.566615623202, 0.276809262699, 0.514776784332, 2.35700949399
0.156331399983, 0.255313335813, 0.38335059384, 0.26569132988, 0.24141446794, 0.43158637872, 0.0181652418822, 0.0280995817833, 0.776709604631, 0.0403996136013, 0.2686598614, 0.0306254879815, 0.126614756101, 0.183986555399, 0.277601572362, 0.438764794698, 0.286263700492, 0.197963357987, 0.176939536926, 0.959199212641, 0.0550764673526, 0.0151178965718, 0.396921218457, 0.161521600263, 0.0555074328453, 0.165394234994, 0.995565438276, 0.187514600758, 0.230746623097, 0.433337755664, 0.156331399983, 2.76820727624
1.30958764821e-06, 0.147733634438, 0.0285928498895, 0.816866880914, 0.871829559753, 0.684948938602, 0.395932678277, 0.662226203454, 0.469092282777, 0.957295463685, 0.513759610117, 0.273075633851, 0.00475675468977, 0.245035567396, 0.31043612909, 0.176687421817, 0.31229057273, 0.390768108768, 0.141833878741, 0.0870065368549, 0.12421869872, 0.0789849954645, 0.857436362044, 0.86080321775, 0.595225491065, 0.320903380678, 0.645693371749, 0.906335407989, 0.999421252522, 0.488266026681, 1.30958764821e-06, 5.14592448934
1.04831037995e-05, 0.35087428798, 0.0574739894973, 0.153776434134, 0.0039911106644, 0.161763200214, 0.402600857813, 0.8036874963, 0.511847551007, 0.181421535793, 0.896067864431, 0.165780434653, 0.20744897362, 0.66959048558, 0.00928340166909, 0.430130194417, 0.221897154937, 0.677154031723, 0.213965912994, 0.794528368634, 0.0550764673526, 0.32684473913, 0.0130244412852, 0.379778282877, 0.0944843507686, 0.539091721923, 0.645693371749, 0.0415716039129, 0.100333701895, 0.383119870786, 1.04831037995e-05, 3.9394552035
0.630884163759, 0.020568430391, 0.00285264879001, 0.175829646064, 0.67092203158, 0.186006848159, 0.296821897558, 0.894281356178, 0.881227089068, 0.3578962323, 0.0279897337347, 0.234922947775, 0.242280802379, 0.40145634732, 0.233152269739, 0.282523520493, 0.444857612241, 0.130832919729, 0.369965016401, 0.188093816333, 0.183022826959, 0.19725879699, 0.486160807386, 0.0250146835978, 0.595853006729, 0.320903380678, 0.857083518919, 0.141700436043, 0.0244600611526, 0.34756264895, 0.630884163759, 2.3009554293
0.58095421288, 0.195043438732, 0.193026529261, 0.156167312193, 0.57759209086, 0.0626308830728, 0.211642150208, 0.276039693604, 0.900374469191, 0.795508669532, 0.0918934717196, 0.429718547566, 0.430061229051, 0.238525505869, 0.249081564015, 0.0709281735072, 0.132664942599, 0.0673382649462, 0.0321636645163, 0.306749485755, 0.404687154238, 0.646099497581, 0.0877585782557, 0.14308162501, 0.0766711386102, 0.792110271177, 0.683467715053, 0.127702490488, 0.0651283644845, 0.740581741528, 0.58095421288, 2.35472509867
0.0286269363388, 0.0875443765856, 0.0574739894973, 0.153776434134, 0.0039911106644, 0.161763200214, 0.402600857813, 0.8036874963, 0.355094589268, 0.00942225262053, 0.896067864431, 0.541385667296, 0.366174648297, 0.710035798389, 0.0147707509448, 0.430130194417, 0.221897154937, 0.0429338391213, 0.213965912994, 0.794528368634, 0.0550764673526, 0.420049495598, 0.0130244412852, 0.250548227992, 0.841376404268, 0.539091721923, 0.156104116381, 0.164179007636, 0.0940794570132, 0.239908404019, 0.0286269363388, 3.47565873758
0.0572866836143, 0.0129766698576, 0.391361616565, 0.384273034426, 0.349390207189, 0.43210941374, 0.182726088454, 0.0220269876941, 0.348793382958, 0.102701882897, 0.142408673534, 0.0163384014757, 0.126614756101, 0.183986555399, 0.277601572362, 0.496198013158, 0.516884334667, 0.402838589397, 0.609511564158, 0.907442803985, 0.355798782952, 0.100608454883, 0.337183722518, 0.121603014039, 0.0555074328453, 0.165394234994, 0.437408171504, 0.891703467161, 0.230746623097, 0.246724495654, 0.0572866836143, 3.28294156522
0.032041867327, 0.0875443765856, 0.0233867191957, 0.229204382591, 0.594349951629, 0.16962625815, 0.150246684504, 0.004142451144, 0.776709604631, 0.144332058059, 0.525022930221, 0.327763351049, 0.00332459813375, 0.518059161865, 0.31043612909, 0.854577927143, 0.307092459586, 0.249927550191, 0.0255484169545, 0.439666506324, 0.0540738918785, 0.0686126479341, 0.215113460264, 0.547552481447, 0.300581173395, 0.121392612127, 0.445093888425, 0.164179007636, 0.927462024115, 0.442682478415, 0.032041867327, 3.45268353073
0.973136932529, 0.00844411366851, 0.804481136395, 0.356853226462, 0.432299844137, 0.606629888873, 0.296821897558, 0.0564794286693, 0.0904442252967, 0.478586173019, 0.485366592245, 0.593963561537, 0.0171972267138, 0.554412844291, 0.026953630249, 0.00973259398123, 0.167519453726, 0.058166248088, 0.308104504883, 0.376920012949, 0.192787827149, 0.279151235925, 0.00434929254886, 0.658778550351, 0.111252901822, 0.320903380678, 0.93759651671, 0.0506472025771, 0.566615623202, 0.0288923544526, 0.973136932529, 1.84414630465
0.886087420397, 0.429883650308, 0.213909881579, 0.175829646064, 0.488131855659, 0.21143586939, 0.644162581173, 0.221240964487, 0.252944652365, 0.418783875624, 0.195873991338, 0.0296100915195, 0.242280802379, 0.586896974262, 0.456997462908, 0.814747158617, 0.00080107147814, 0.130832919729, 0.438176704325, 0.188093816333, 0.22995588627, 0.568264414453, 0.0874999625386, 0.36219333503, 0.0555074328453, 0.207302066114, 0.343518356222, 0.111234820945, 0.202908085737, 0.429164123783, 0.886087420397, 1.89828325464
0.870250009163, 0.468997693277, 0.0574739894973, 0.132658676488, 0.0121386002501, 0.0626308830728, 0.0804888917686, 0.481471057512, 0.815253671553, 0.144332058059, 0.0157748409064, 0.0454599354288, 0.242280802379, 0.102164144889, 0.249081564015, 0.0709281735072, 0.132664942599, 0.179285622198, 0.173619173644, 0.802704650142, 0.106635544735, 0.996687651341, 0.0877585782557, 0.14308162501, 0.0619691286496, 0.997999972417, 0.958721876691, 0.855769934801, 0.225005075385, 0.0292755051504, 0.870250009163, 1.91318344261
0.245824216657, 0.255313335813, 0.217852005512, 0.26569132988, 0.206805156375, 0.43210941374, 0.140913262026, 0.0280995817833, 0.124081804828, 0.0403996136013, 0.2686598614, 0.0306254879815, 0.126614756101, 0.544518720495, 0.277601572362, 0.438764794698, 0.286263700492, 0.402838589397, 0.176939536926, 0.959199212641, 0.0550764673526, 0.59593033214, 0.12095281809, 0.161521600263, 0.0555074328453, 0.165394234994, 0.93759651671, 0.187514600758, 0.230746623097, 0.433337755664, 0.245824216657, 2.6024101914
0.52308003024, 0.429883650308, 0.213909881579, 0.175829646064, 0.488131855659, 0.21143586939, 0.644162581173, 0.221240964487, 0.252944652365, 0.418783875624, 0.195873991338, 0.0296100915195, 0.242280802379, 0.586896974262, 0.456997462908, 0.814747158617, 0.00080107147814, 0.130832919729, 0.438176704325, 0.188093816333, 0.22995588627, 0.568264414453, 0.0874999625386, 0.36219333503, 0.0555074328453, 0.207302066114, 0.343518356222, 0.272918952349, 0.202908085737, 0.429164123783, 0.52308003024, 2.35922982406
0.52308003024, 0.429883650308, 0.213909881579, 0.175829646064, 0.488131855659, 0.21143586939, 0.644162581173, 0.221240964487, 0.252944652365, 0.418783875624, 0.195873991338, 0.0296100915195, 0.242280802379, 0.586896974262, 0.456997462908, 0.814747158617, 0.00080107147814, 0.130832919729, 0.438176704325, 0.188093816333, 0.22995588627, 0.568264414453, 0.0874999625386, 0.36219333503, 0.0555074328453, 0.207302066114, 0.343518356222, 0.272918952349, 0.202908085737, 0.429164123783, 0.52308003024, 2.35922982406
0.973136932529, 0.255313335813, 0.43455714014, 0.356853226462, 0.206805156375, 0.513944013141, 0.296821897558, 0.537719668683, 0.0357705095991, 0.181421535793, 0.287295553322, 0.230565448846, 0.0171972267138, 0.554412844291, 0.233152269739, 0.00973259398123, 0.0771702476611, 0.0974841148197, 0.213965912994, 0.376920012949, 0.192787827149, 0.848878401528, 0.250079939562, 0.868960099262, 0.0692053957023, 0.320903380678, 0.698500473908, 0.0506472025771, 0.566615623202, 0.229273775498, 0.973136932529, 1.87485402569
0.973136932529, 0.255313335813, 0.43455714014, 0.356853226462, 0.206805156375, 0.513944013141, 0.296821897558, 0.537719668683, 0.0357705095991, 0.181421535793, 0.287295553322, 0.230565448846, 0.0171972267138, 0.554412844291, 0.233152269739, 0.00973259398123, 0.0771702476611, 0.0974841148197, 0.213965912994, 0.376920012949, 0.192787827149, 0.848878401528, 0.250079939562, 0.868960099262, 0.0692053957023, 0.320903380678, 0.698500473908, 0.0506472025771, 0.566615623202, 0.229273775498, 0.973136932529, 1.87485402569
1.30958764821e-06, 0.147733634438, 0.0285928498895, 0.843134720827, 0.594731647246, 0.49276099315, 0.980460467542, 0.662226203454, 0.138170358505, 0.957295463685, 0.316501368318, 0.273075633851, 0.0541907785968, 0.241362312501, 0.767927937697, 0.8800454781, 0.318061536628, 0.390768108768, 0.357435868013, 0.142606807359, 0.0125065616832, 0.0702865422496, 0.857436362044, 0.86080321775, 0.456987307924, 0.320903380678, 0.645693371749, 0.850788852946, 0.230746623097, 0.488266026681, 1.30958764821e-06, 5.15028171962
1.30958764821e-06, 0.147733634438, 0.0285928498895, 0.843134720827, 0.594731647246, 0.49276099315, 0.980460467542, 0.662226203454, 0.138170358505, 0.957295463685, 0.316501368318, 0.273075633851, 0.0541907785968, 0.241362312501, 0.767927937697, 0.8800454781, 0.318061536628, 0.390768108768, 0.357435868013, 0.142606807359, 0.0125065616832, 0.0702865422496, 0.857436362044, 0.86080321775, 0.456987307924, 0.320903380678, 0.645693371749, 0.850788852946, 0.230746623097, 0.488266026681, 1.30958764821e-06, 5.15028171962
0.514776784332, 0.0129766698576, 0.0285928498895, 0.356853226462, 0.432299844137, 0.606629888873, 0.644162581173, 0.103177886522, 0.0904442252967, 0.630745559937, 0.692137589183, 0.254397750724, 0.421896328562, 0.288248883571, 0.026953630249, 0.354977986361, 0.215797943317, 0.65689800774, 0.308104504883, 0.376920012949, 0.00349391261966, 0.391786007984, 0.0218443619994, 0.868960099262, 0.111252901822, 0.267100000715, 0.964667668607, 0.0506472025771, 0.566615623202, 0.276809262699, 0.514776784332, 2.65653778134
0.514776784332, 0.0129766698576, 0.0285928498895, 0.356853226462, 0.432299844137, 0.606629888873, 0.644162581173, 0.103177886522, 0.0904442252967, 0.630745559937, 0.692137589183, 0.254397750724, 0.421896328562, 0.288248883571, 0.026953630249, 0.354977986361, 0.215797943317, 0.65689800774, 0.308104504883, 0.376920012949, 0.00349391261966, 0.391786007984, 0.0218443619994, 0.868960099262, 0.111252901822, 0.267100000715, 0.964667668607, 0.0506472025771, 0.566615623202, 0.276809262699, 0.514776784332, 2.65653778134
1.30958764821e-06, 0.212151808832, 0.0285928498895, 0.816866880914, 0.871829559753, 0.684948938602, 0.395932678277, 0.662226203454, 0.138170358505, 0.785258721783, 0.513759610117, 0.273075633851, 0.00475675468977, 0.245035567396, 0.63023162132, 0.176687421817, 0.31229057273, 0.390768108768, 0.357435868013, 0.0870065368549, 0.12421869872, 0.615855764672, 0.857436362044, 0.86080321775, 0.595225491065, 0.320903380678, 0.645693371749, 0.906335407989, 0.999421252522, 0.488266026681, 1.30958764821e-06, 5.34254949061
0.630884163759, 0.580104436091, 0.00285264879001, 0.557804163072, 0.488131855659, 0.299791899765, 0.240938205634, 0.894281356178, 0.0904442252967, 0.3578962323, 0.692137589183, 0.234922947775, 0.285898540251, 0.40145634732, 0.233152269739, 0.282523520493, 0.444857612241, 0.130832919729, 0.369965016401, 0.188093816333, 0.136463685085, 0.401965234288, 0.486160807386, 0.0331941861105, 0.595853006729, 0.267100000715, 0.343518356222, 0.141700436043, 0.0244600611526, 0.763304951703, 0.630884163759, 2.48694097245
1.30958764821e-06, 0.212151808832, 0.0285928498895, 0.816866880914, 0.871829559753, 0.684948938602, 0.395932678277, 0.662226203454, 0.138170358505, 0.785258721783, 0.513759610117, 0.273075633851, 0.00475675468977, 0.245035567396, 0.63023162132, 0.176687421817, 0.31229057273, 0.390768108768, 0.357435868013, 0.0870065368549, 0.12421869872, 0.615855764672, 0.857436362044, 0.86080321775, 0.595225491065, 0.320903380678, 0.645693371749, 0.906335407989, 0.999421252522, 0.488266026681, 1.30958764821e-06, 5.34254949061
0.630884163759, 0.580104436091, 0.00285264879001, 0.557804163072, 0.488131855659, 0.299791899765, 0.240938205634, 0.894281356178, 0.0904442252967, 0.3578962323, 0.692137589183, 0.234922947775, 0.285898540251, 0.40145634732, 0.233152269739, 0.282523520493, 0.444857612241, 0.130832919729, 0.369965016401, 0.188093816333, 0.136463685085, 0.401965234288, 0.486160807386, 0.0331941861105, 0.595853006729, 0.267100000715, 0.343518356222, 0.141700436043, 0.0244600611526, 0.763304951703, 0.630884163759, 2.48694097245
0.870250009163, 0.0635017433679, 0.193026529261, 0.156167312193, 0.57759209086, 0.0109218782732, 0.211642150208, 0.276039693604, 0.900374469191, 0.795508669532, 0.0918934717196, 0.429718547566, 0.430061229051, 0.238525505869, 0.0683506957719, 0.0709281735072, 0.132664942599, 0.0673382649462, 0.0321636645163, 0.306749485755, 0.404687154238, 0.646099497581, 0.0377992603849, 0.14308162501, 0.0766711386102, 0.792110271177, 0.683467715053, 0.127702490488, 0.0651283644845, 0.740581741528, 0.870250009163, 1.92216617005
0.870250009163, 0.0635017433679, 0.193026529261, 0.156167312193, 0.57759209086, 0.0109218782732, 0.211642150208, 0.276039693604, 0.900374469191, 0.795508669532, 0.0918934717196, 0.429718547566, 0.430061229051, 0.238525505869, 0.0683506957719, 0.0709281735072, 0.132664942599, 0.0673382649462, 0.0321636645163, 0.306749485755, 0.404687154238, 0.646099497581, 0.0377992603849, 0.14308162501, 0.0766711386102, 0.792110271177, 0.683467715053, 0.127702490488, 0.0651283644845, 0.740581741528, 0.870250009163, 1.92216617005
1.30958764821e-06, 0.147733634438, 0.00998768761095, 0.816866880914, 0.666900139315, 0.912448682361, 0.107113071993, 0.732528144159, 0.138170358505, 0.957295463685, 0.513759610117, 0.273075633851, 0.198135698383, 0.241362312501, 0.767927937697, 0.8800454781, 0.31229057273, 0.105904689781, 0.357435868013, 0.142606807359, 0.467425717561, 0.102476349077, 0.857436362044, 0.86080321775, 0.630309801267, 0.320903380678, 0.645693371749, 0.850788852946, 0.998862562294, 0.488266026681, 1.30958764821e-06, 5.49872927222
1.30958764821e-06, 0.147733634438, 0.00998768761095, 0.816866880914, 0.666900139315, 0.912448682361, 0.107113071993, 0.732528144159, 0.138170358505, 0.957295463685, 0.513759610117, 0.273075633851, 0.198135698383, 0.241362312501, 0.767927937697, 0.8800454781, 0.31229057273, 0.105904689781, 0.357435868013, 0.142606807359, 0.467425717561, 0.102476349077, 0.857436362044, 0.86080321775, 0.630309801267, 0.320903380678, 0.645693371749, 0.850788852946, 0.998862562294, 0.488266026681, 1.30958764821e-06, 5.49872927222
1.30958764821e-06, 0.147733634438, 0.505678056487, 0.816866880914, 0.594731647246, 0.912448682361, 0.107113071993, 0.732528144159, 0.138170358505, 0.957295463685, 0.513759610117, 0.273075633851, 0.198135698383, 0.241362312501, 0.572242028221, 0.8800454781, 0.31229057273, 0.105904689781, 0.357435868013, 0.244116644737, 0.467425717561, 0.102476349077, 0.857436362044, 0.86080321775, 0.456987307924, 0.996344912294, 0.645693371749, 0.850788852946, 0.998862562294, 0.488266026681, 1.30958764821e-06, 5.75670785793
1.30958764821e-06, 0.147733634438, 0.505678056487, 0.816866880914, 0.594731647246, 0.912448682361, 0.107113071993, 0.732528144159, 0.138170358505, 0.957295463685, 0.513759610117, 0.273075633851, 0.198135698383, 0.241362312501, 0.572242028221, 0.8800454781, 0.31229057273, 0.105904689781, 0.357435868013, 0.244116644737, 0.467425717561, 0.102476349077, 0.857436362044, 0.86080321775, 0.456987307924, 0.996344912294, 0.645693371749, 0.850788852946, 0.998862562294, 0.488266026681, 1.30958764821e-06, 5.75670785793
0.0572866836143, 0.0129766698576, 0.391361616565, 0.384273034426, 0.349390207189, 0.37848257902, 0.871915610486, 0.0220269876941, 0.348793382958, 0.102701882897, 0.142408673534, 0.0163384014757, 0.126614756101, 0.183986555399, 0.277601572362, 0.121235330466, 0.516884334667, 0.402838589397, 0.609511564158, 0.669701283254, 0.907716910256, 0.100608454883, 0.337183722518, 0.121603014039, 0.0555074328453, 0.165394234994, 0.437408171504, 0.863200579101, 0.230746623097, 0.246724495654, 0.0572866836143, 3.44210848107
0.0572866836143, 0.0129766698576, 0.391361616565, 0.384273034426, 0.349390207189, 0.37848257902, 0.871915610486, 0.0220269876941, 0.348793382958, 0.102701882897, 0.142408673534, 0.0163384014757, 0.126614756101, 0.183986555399, 0.277601572362, 0.121235330466, 0.516884334667, 0.402838589397, 0.609511564158, 0.669701283254, 0.907716910256, 0.100608454883, 0.337183722518, 0.121603014039, 0.0555074328453, 0.165394234994, 0.437408171504, 0.863200579101, 0.230746623097, 0.246724495654, 0.0572866836143, 3.44210848107
0.0103081376073, 0.747957208936, 0.925152876786, 0.229204382591, 0.24141446794, 0.00902550766906, 0.182726088454, 0.404297324464, 0.647778966485, 0.616990437714, 0.479197803331, 0.481794914145, 0.183391379975, 0.241362312501, 0.31043612909, 0.201077882881, 0.353345926643, 0.258761731377, 0.000824666803166, 0.00903657309381, 0.371380558204, 0.0018088591152, 0.979117190357, 0.00847252541604, 0.35897778309, 0.194698437255, 0.396941301112, 0.891703467161, 0.380208423149, 0.239908404019, 0.0103081376073, 4.0027877323
0.0103081376073, 0.747957208936, 0.925152876786, 0.229204382591, 0.24141446794, 0.00902550766906, 0.182726088454, 0.404297324464, 0.647778966485, 0.616990437714, 0.479197803331, 0.481794914145, 0.183391379975, 0.241362312501, 0.31043612909, 0.201077882881, 0.353345926643, 0.258761731377, 0.000824666803166, 0.00903657309381, 0.371380558204, 0.0018088591152, 0.979117190357, 0.00847252541604, 0.35897778309, 0.194698437255, 0.396941301112, 0.891703467161, 0.380208423149, 0.239908404019, 0.0103081376073, 4.0027877323
7.90248047156e-06, 0.906793992919, 0.831512202063, 0.153776434134, 0.403252531611, 0.112881417509, 0.045416849719, 0.699838346737, 0.124081804828, 0.713484780852, 0.910027558955, 0.602781137371, 0.366174648297, 0.137246234081, 0.39894880742, 0.0646952022731, 0.966190689314, 0.0429338391213, 0.213965912994, 0.302809564818, 0.0471979895717, 0.0810102158038, 0.132507257203, 0.344680284138, 0.841376404268, 0.182342401557, 0.999366006332, 0.0131192645144, 0.100333701895, 0.0846401415331, 7.90248047156e-06, 4.35311260779
7.90248047156e-06, 0.906793992919, 0.831512202063, 0.153776434134, 0.403252531611, 0.112881417509, 0.045416849719, 0.699838346737, 0.124081804828, 0.713484780852, 0.910027558955, 0.602781137371, 0.366174648297, 0.137246234081, 0.39894880742, 0.0646952022731, 0.966190689314, 0.0429338391213, 0.213965912994, 0.302809564818, 0.0471979895717, 0.0810102158038, 0.132507257203, 0.344680284138, 0.841376404268, 0.182342401557, 0.999366006332, 0.0131192645144, 0.100333701895, 0.0846401415331, 7.90248047156e-06, 4.35311260779
0.0103081376073, 0.747957208936, 0.925152876786, 0.229204382591, 0.24141446794, 0.00902550766906, 0.182726088454, 0.404297324464, 0.647778966485, 0.616990437714, 0.479197803331, 0.481794914145, 0.193554422005, 0.241362312501, 0.31043612909, 0.201077882881, 0.353345926643, 0.258761731377, 0.377105553341, 0.00903657309381, 0.371380558204, 0.0018088591152, 0.979117190357, 0.00847252541604, 0.35897778309, 0.194698437255, 0.396941301112, 0.615348370867, 0.380208423149, 0.239908404019, 0.0103081376073, 4.03610976118
0.0103081376073, 0.747957208936, 0.925152876786, 0.229204382591, 0.24141446794, 0.00902550766906, 0.182726088454, 0.404297324464, 0.647778966485, 0.616990437714, 0.479197803331, 0.481794914145, 0.193554422005, 0.241362312501, 0.31043612909, 0.201077882881, 0.353345926643, 0.258761731377, 0.377105553341, 0.00903657309381, 0.371380558204, 0.0018088591152, 0.979117190357, 0.00847252541604, 0.35897778309, 0.194698437255, 0.396941301112, 0.615348370867, 0.380208423149, 0.239908404019, 0.0103081376073, 4.03610976118
0.0103081376073, 0.747957208936, 0.925152876786, 0.229204382591, 0.206805156375, 0.00902550766906, 0.182726088454, 0.404297324464, 0.647778966485, 0.616990437714, 0.479197803331, 0.481794914145, 0.183391379975, 0.241362312501, 0.31043612909, 0.201077882881, 0.0450907239135, 0.258761731377, 0.000208285703113, 0.0343799579325, 0.0465718449441, 0.0018088591152, 0.776754229574, 0.427526153409, 0.35897778309, 0.194698437255, 0.96444379292, 0.891703467161, 0.380208423149, 0.239908404019, 0.0103081376073, 4.04554140911
0.0103081376073, 0.747957208936, 0.925152876786, 0.229204382591, 0.206805156375, 0.00902550766906, 0.182726088454, 0.404297324464, 0.647778966485, 0.616990437714, 0.479197803331, 0.481794914145, 0.183391379975, 0.241362312501, 0.31043612909, 0.201077882881, 0.0450907239135, 0.258761731377, 0.000208285703113, 0.0343799579325, 0.0465718449441, 0.0018088591152, 0.776754229574, 0.427526153409, 0.35897778309, 0.194698437255, 0.96444379292, 0.891703467161, 0.380208423149, 0.239908404019, 0.0103081376073, 4.04554140911
0.870250009163, 0.195043438732, 0.0410696102182, 0.156167312193, 0.57759209086, 0.0626308830728, 0.211642150208, 0.0017667439135, 0.917027542406, 0.144332058059, 0.0918934717196, 0.0472426161476, 0.430061229051, 0.238525505869, 0.361670759562, 0.0709281735072, 0.132664942599, 0.0673382649462, 0.173619173644, 0.802704650142, 0.257312418614, 0.996687651341, 0.0877585782557, 0.14308162501, 0.0619691286496, 0.981124957867, 0.958721876691, 0.00164893760875, 0.754671267564, 0.740581741528, 0.870250009163, 2.1439704395
0.870250009163, 0.195043438732, 0.0410696102182, 0.156167312193, 0.57759209086, 0.0626308830728, 0.211642150208, 0.0017667439135, 0.917027542406, 0.144332058059, 0.0918934717196, 0.0472426161476, 0.430061229051, 0.238525505869, 0.361670759562, 0.0709281735072, 0.132664942599, 0.0673382649462, 0.173619173644, 0.802704650142, 0.257312418614, 0.996687651341, 0.0877585782557, 0.14308162501, 0.0619691286496, 0.981124957867, 0.958721876691, 0.00164893760875, 0.754671267564, 0.740581741528, 0.870250009163, 2.1439704395
0.192065531617, 0.195043438732, 0.0574739894973, 0.156167312193, 0.57759209086, 0.108208898587, 0.524953252269, 0.605103625633, 0.912230660149, 0.144332058059, 0.0918934717196, 0.0472426161476, 0.0712646835272, 0.238525505869, 0.103047168945, 0.0709281735072, 0.132664942599, 0.46193329675, 0.326313062866, 0.188426071111, 0.035557537855, 0.846277941891, 0.0836226189454, 0.378475473632, 0.0619691286496, 0.835584624051, 0.431574592493, 0.975072983971, 0.0964683482304, 0.453875594463, 0.192065531617, 2.99794070315
0.166092063263, 0.0875443765856, 0.309133277758, 0.229204382591, 0.0152767353188, 0.23877123849, 0.402600857813, 0.868198871651, 0.113188712475, 0.102701882897, 0.0279897337347, 0.327763351049, 0.0207588663294, 0.632543610833, 0.12183201242, 0.854577927143, 0.392946514011, 0.802082335394, 0.132601778234, 0.439666506324, 0.0550764673526, 0.112659100718, 0.0193378792447, 0.0237363799584, 0.075767124833, 0.844546637199, 0.833249340816, 0.801835906093, 0.0673442604691, 0.442682478415, 0.166092063263, 3.10940975999
0.951733400265, 0.288993000466, 0.289905503236, 0.175829646064, 0.488131855659, 0.648472452741, 0.644162581173, 0.221240964487, 0.881227089068, 0.176567501485, 0.0227890834398, 0.641672222832, 0.242280802379, 0.40145634732, 0.501421133499, 0.814747158617, 0.16503076273, 0.130832919729, 0.173619173644, 0.188093816333, 0.183022826959, 0.568264414453, 0.486160807386, 0.36219333503, 0.0210311605871, 0.182342401557, 0.343518356222, 0.141700436043, 0.222914406911, 0.0292755051504, 0.951733400265, 2.04187939209
0.192065531617, 0.195043438732, 0.0574739894973, 0.156167312193, 0.57759209086, 0.108208898587, 0.524953252269, 0.605103625633, 0.912230660149, 0.144332058059, 0.0918934717196, 0.0472426161476, 0.0712646835272, 0.238525505869, 0.103047168945, 0.0709281735072, 0.132664942599, 0.46193329675, 0.326313062866, 0.188426071111, 0.035557537855, 0.846277941891, 0.0836226189454, 0.378475473632, 0.0619691286496, 0.835584624051, 0.431574592493, 0.975072983971, 0.0964683482304, 0.453875594463, 0.192065531617, 2.99794070315
0.166092063263, 0.0875443765856, 0.309133277758, 0.229204382591, 0.0152767353188, 0.23877123849, 0.402600857813, 0.868198871651, 0.113188712475, 0.102701882897, 0.0279897337347, 0.327763351049, 0.0207588663294, 0.632543610833, 0.12183201242, 0.854577927143, 0.392946514011, 0.802082335394, 0.132601778234, 0.439666506324, 0.0550764673526, 0.112659100718, 0.0193378792447, 0.0237363799584, 0.075767124833, 0.844546637199, 0.833249340816, 0.801835906093, 0.0673442604691, 0.442682478415, 0.166092063263, 3.10940975999
0.951733400265, 0.288993000466, 0.289905503236, 0.175829646064, 0.488131855659, 0.648472452741, 0.644162581173, 0.221240964487, 0.881227089068, 0.176567501485, 0.0227890834398, 0.641672222832, 0.242280802379, 0.40145634732, 0.501421133499, 0.814747158617, 0.16503076273, 0.130832919729, 0.173619173644, 0.188093816333, 0.183022826959, 0.568264414453, 0.486160807386, 0.36219333503, 0.0210311605871, 0.182342401557, 0.343518356222, 0.141700436043, 0.222914406911, 0.0292755051504, 0.951733400265, 2.04187939209
0.245824216657, 0.255313335813, 0.561590169014, 0.26569132988, 0.206805156375, 0.644071273565, 0.0181652418822, 0.0280995817833, 0.776709604631, 0.0403996136013, 0.2686598614, 0.0106793819942, 0.126614756101, 0.432498907769, 0.782314918577, 0.438764794698, 0.286263700492, 0.197963357987, 0.176939536926, 0.959199212641, 0.0550764673526, 0.0151178965718, 0.179478863174, 0.161521600263, 0.0555074328453, 0.165394234994, 0.93759651671, 0.187514600758, 0.230746623097, 0.433337755664, 0.245824216657, 2.79986807732
0.870250009163, 0.195043438732, 0.193026529261, 0.156167312193, 0.57759209086, 0.0626308830728, 0.211642150208, 0.0017667439135, 0.917027542406, 0.144332058059, 0.0918934717196, 0.0472426161476, 0.430061229051, 0.238525505869, 0.525881174395, 0.0709281735072, 0.132664942599, 0.0673382649462, 0.173619173644, 0.802704650142, 0.257312418614, 0.996687651341, 0.0877585782557, 0.14308162501, 0.0619691286496, 0.981124957867, 0.958721876691, 0.00164893760875, 0.754671267564, 0.740581741528, 0.870250009163, 2.21938191189
0.245824216657, 0.255313335813, 0.561590169014, 0.26569132988, 0.206805156375, 0.644071273565, 0.0181652418822, 0.0280995817833, 0.776709604631, 0.0403996136013, 0.2686598614, 0.0106793819942, 0.126614756101, 0.432498907769, 0.782314918577, 0.438764794698, 0.286263700492, 0.197963357987, 0.176939536926, 0.959199212641, 0.0550764673526, 0.0151178965718, 0.179478863174, 0.161521600263, 0.0555074328453, 0.165394234994, 0.93759651671, 0.187514600758, 0.230746623097, 0.433337755664, 0.245824216657, 2.79986807732
0.870250009163, 0.195043438732, 0.193026529261, 0.156167312193, 0.57759209086, 0.0626308830728, 0.211642150208, 0.0017667439135, 0.917027542406, 0.144332058059, 0.0918934717196, 0.0472426161476, 0.430061229051, 0.238525505869, 0.525881174395, 0.0709281735072, 0.132664942599, 0.0673382649462, 0.173619173644, 0.802704650142, 0.257312418614, 0.996687651341, 0.0877585782557, 0.14308162501, 0.0619691286496, 0.981124957867, 0.958721876691, 0.00164893760875, 0.754671267564, 0.740581741528, 0.870250009163, 2.21938191189
0.245824216657, 0.255313335813, 0.217852005512, 0.26569132988, 0.206805156375, 0.43210941374, 0.150132248623, 0.0280995817833, 0.124081804828, 0.0403996136013, 0.920848401733, 0.0306254879815, 0.126614756101, 0.648152832251, 0.277601572362, 0.438764794698, 0.286263700492, 0.402838589397, 0.176939536926, 0.959199212641, 0.0550764673526, 0.59593033214, 0.179478863174, 0.161521600263, 0.0555074328453, 0.165394234994, 0.93759651671, 0.187514600758, 0.230746623097, 0.433337755664, 0.245824216657, 2.82488606705
0.245824216657, 0.255313335813, 0.217852005512, 0.26569132988, 0.206805156375, 0.43210941374, 0.150132248623, 0.0280995817833, 0.124081804828, 0.0403996136013, 0.920848401733, 0.0306254879815, 0.126614756101, 0.648152832251, 0.277601572362, 0.438764794698, 0.286263700492, 0.402838589397, 0.176939536926, 0.959199212641, 0.0550764673526, 0.59593033214, 0.179478863174, 0.161521600263, 0.0555074328453, 0.165394234994, 0.93759651671, 0.187514600758, 0.230746623097, 0.433337755664, 0.245824216657, 2.82488606705
1.04831037995e-05, 0.35087428798, 0.0574739894973, 0.153776434134, 0.0039911106644, 0.398908129417, 0.402600857813, 0.8036874963, 0.544665530863, 0.181421535793, 0.896067864431, 0.165780434653, 0.366174648297, 0.66959048558, 0.00928340166909, 0.430130194417, 0.221897154937, 0.0429338391213, 0.213965912994, 0.794528368634, 0.0550764673526, 0.32684473913, 0.0130244412852, 0.379778282877, 0.841376404268, 0.539091721923, 0.645693371749, 0.0415716039129, 0.100333701895, 0.383119870786, 1.04831037995e-05, 4.10732812246
1.04831037995e-05, 0.35087428798, 0.0574739894973, 0.153776434134, 0.0039911106644, 0.398908129417, 0.402600857813, 0.8036874963, 0.544665530863, 0.181421535793, 0.896067864431, 0.165780434653, 0.366174648297, 0.66959048558, 0.00928340166909, 0.430130194417, 0.221897154937, 0.0429338391213, 0.213965912994, 0.794528368634, 0.0550764673526, 0.32684473913, 0.0130244412852, 0.379778282877, 0.841376404268, 0.539091721923, 0.645693371749, 0.0415716039129, 0.100333701895, 0.383119870786, 1.04831037995e-05, 4.10732812246
0.870250009163, 0.195043438732, 0.109305034847, 0.132658676488, 0.0121386002501, 0.0626308830728, 0.464609968211, 0.66945813967, 0.815253671553, 0.144332058059, 0.0918934717196, 0.0454599354288, 0.430061229051, 0.102164144889, 0.249081564015, 0.0125058812072, 0.132664942599, 0.110183765046, 0.369965016401, 0.802704650142, 0.106635544735, 0.996687651341, 0.0877585782557, 0.14308162501, 0.0619691286496, 0.997999972417, 0.958721876691, 0.944848236027, 0.0389450078176, 0.740581741528, 0.870250009163, 2.22074355757
0.870250009163, 0.195043438732, 0.109305034847, 0.132658676488, 0.0121386002501, 0.0626308830728, 0.464609968211, 0.66945813967, 0.815253671553, 0.144332058059, 0.0918934717196, 0.0454599354288, 0.430061229051, 0.102164144889, 0.249081564015, 0.0125058812072, 0.132664942599, 0.110183765046, 0.369965016401, 0.802704650142, 0.106635544735, 0.996687651341, 0.0877585782557, 0.14308162501, 0.0619691286496, 0.997999972417, 0.958721876691, 0.944848236027, 0.0389450078176, 0.740581741528, 0.870250009163, 2.22074355757
0.982734658294, 0.0129766698576, 0.600746191434, 0.356853226462, 0.432299844137, 0.414598539006, 0.296821897558, 0.103177886522, 0.0904442252967, 0.630745559937, 0.485366592245, 0.254397750724, 0.0171972267138, 0.288248883571, 0.026953630249, 0.000382398460029, 0.215797943317, 0.0429338391213, 0.308104504883, 0.376920012949, 0.192787827149, 0.184843859798, 0.0218443619994, 0.868960099262, 0.841376404268, 0.909370954404, 0.93759651671, 0.0506472025771, 0.0670270655576, 0.276809262699, 0.982734658294, 1.93339997054
0.973136932529, 0.00844411366851, 0.804481136395, 0.356853226462, 0.432299844137, 0.606629888873, 0.296821897558, 0.0564794286693, 0.0904442252967, 0.630745559937, 0.485366592245, 0.593963561537, 0.0171972267138, 0.554412844291, 0.026953630249, 0.00973259398123, 0.215797943317, 0.058166248088, 0.308104504883, 0.376920012949, 0.192787827149, 0.279151235925, 0.00434929254886, 0.868960099262, 0.111252901822, 0.320903380678, 0.93759651671, 0.0506472025771, 0.566615623202, 0.276809262699, 0.973136932529, 1.99719460531
0.982734658294, 0.0129766698576, 0.600746191434, 0.356853226462, 0.432299844137, 0.414598539006, 0.296821897558, 0.103177886522, 0.0904442252967, 0.630745559937, 0.485366592245, 0.254397750724, 0.0171972267138, 0.288248883571, 0.026953630249, 0.000382398460029, 0.215797943317, 0.0429338391213, 0.308104504883, 0.376920012949, 0.192787827149, 0.184843859798, 0.0218443619994, 0.868960099262, 0.841376404268, 0.909370954404, 0.93759651671, 0.0506472025771, 0.0670270655576, 0.276809262699, 0.982734658294, 1.93339997054
0.973136932529, 0.00844411366851, 0.804481136395, 0.356853226462, 0.432299844137, 0.606629888873, 0.296821897558, 0.0564794286693, 0.0904442252967, 0.630745559937, 0.485366592245, 0.593963561537, 0.0171972267138, 0.554412844291, 0.026953630249, 0.00973259398123, 0.215797943317, 0.058166248088, 0.308104504883, 0.376920012949, 0.192787827149, 0.279151235925, 0.00434929254886, 0.868960099262, 0.111252901822, 0.320903380678, 0.93759651671, 0.0506472025771, 0.566615623202, 0.276809262699, 0.973136932529, 1.99719460531
0.973136932529, 0.255313335813, 0.43455714014, 0.356853226462, 0.206805156375, 0.513944013141, 0.296821897558, 0.537719668683, 0.0357705095991, 0.0684719419867, 0.287295553322, 0.230565448846, 0.0171972267138, 0.554412844291, 0.233152269739, 0.49527285809, 0.00848911711759, 0.106909283671, 0.213965912994, 0.376920012949, 0.192787827149, 0.848878401528, 0.250079939562, 0.868960099262, 0.0692053957023, 0.320903380678, 0.93759651671, 0.0506472025771, 0.566615623202, 0.229273775498, 0.973136932529, 2.00338091676
0.973136932529, 0.255313335813, 0.43455714014, 0.356853226462, 0.206805156375, 0.513944013141, 0.296821897558, 0.537719668683, 0.0357705095991, 0.0684719419867, 0.287295553322, 0.230565448846, 0.0171972267138, 0.554412844291, 0.233152269739, 0.49527285809, 0.00848911711759, 0.106909283671, 0.213965912994, 0.376920012949, 0.192787827149, 0.848878401528, 0.250079939562, 0.868960099262, 0.0692053957023, 0.320903380678, 0.93759651671, 0.0506472025771, 0.566615623202, 0.229273775498, 0.973136932529, 2.00338091676
0.032041867327, 0.0875443765856, 0.0233867191957, 0.229204382591, 0.0890791989412, 0.16962625815, 0.386295741805, 0.570705412227, 0.367310873517, 0.540812637952, 0.792021259505, 0.00251259621505, 0.00332459813375, 0.518059161865, 0.31043612909, 0.843165791761, 0.392946514011, 0.249927550191, 0.132601778234, 0.439666506324, 0.0540738918785, 0.0686126479341, 0.234824572539, 0.0436162069887, 0.300581173395, 0.121392612127, 0.838049192576, 0.687944259342, 0.167182246037, 0.442682478415, 0.032041867327, 3.47633824584
0.032041867327, 0.0875443765856, 0.0233867191957, 0.229204382591, 0.0890791989412, 0.16962625815, 0.386295741805, 0.570705412227, 0.367310873517, 0.540812637952, 0.792021259505, 0.00251259621505, 0.00332459813375, 0.518059161865, 0.31043612909, 0.843165791761, 0.392946514011, 0.249927550191, 0.132601778234, 0.439666506324, 0.0540738918785, 0.0686126479341, 0.234824572539, 0.0436162069887, 0.300581173395, 0.121392612127, 0.838049192576, 0.687944259342, 0.167182246037, 0.442682478415, 0.032041867327, 3.47633824584
7.90248047156e-06, 0.906793992919, 0.831512202063, 0.200652810961, 0.516098717203, 0.0356955163452, 0.045416849719, 0.699838346737, 0.124081804828, 0.136445345081, 0.896067864431, 0.481794914145, 0.366174648297, 0.66959048558, 0.39894880742, 0.147258653909, 0.984190083813, 0.0299442944229, 0.213965912994, 0.104018505167, 0.0391177697415, 0.0810102158038, 0.233108350706, 0.67953340412, 0.841376404268, 0.0147602210554, 0.999366006332, 0.0126938915913, 0.100333701895, 0.0846401415331, 7.90248047156e-06, 4.36894326897
7.90248047156e-06, 0.906793992919, 0.831512202063, 0.200652810961, 0.516098717203, 0.0356955163452, 0.045416849719, 0.699838346737, 0.124081804828, 0.136445345081, 0.896067864431, 0.481794914145, 0.366174648297, 0.66959048558, 0.39894880742, 0.147258653909, 0.984190083813, 0.0299442944229, 0.213965912994, 0.104018505167, 0.0391177697415, 0.0810102158038, 0.233108350706, 0.67953340412, 0.841376404268, 0.0147602210554, 0.999366006332, 0.0126938915913, 0.100333701895, 0.0846401415331, 7.90248047156e-06, 4.36894326897
1.13528768171e-05, 0.35087428798, 0.515810510229, 0.153776434134, 0.000654838963942, 0.161763200214, 0.402600857813, 0.608707843969, 0.355094589268, 0.713484780852, 0.382242896513, 0.0530971312603, 0.193554422005, 0.980519557234, 0.02228497529, 0.147683542783, 0.747877501223, 0.0429338391213, 0.213965912994, 0.160013818296, 0.385065263561, 0.32684473913, 0.316910735602, 0.368745704708, 0.642651526786, 0.539091721923, 0.838049192576, 0.687944259342, 0.343004006456, 0.0970815643066, 1.13528768171e-05, 4.32991301094
1.13528768171e-05, 0.35087428798, 0.515810510229, 0.153776434134, 0.000654838963942, 0.161763200214, 0.402600857813, 0.608707843969, 0.355094589268, 0.713484780852, 0.382242896513, 0.0530971312603, 0.193554422005, 0.980519557234, 0.02228497529, 0.147683542783, 0.747877501223, 0.0429338391213, 0.213965912994, 0.160013818296, 0.385065263561, 0.32684473913, 0.316910735602, 0.368745704708, 0.642651526786, 0.539091721923, 0.838049192576, 0.687944259342, 0.343004006456, 0.0970815643066, 1.13528768171e-05, 4.32991301094
0.223400402604, 0.747957208936, 0.925152876786, 0.229204382591, 0.24141446794, 0.00902550766906, 0.0885589558234, 0.404297324464, 0.289623805786, 0.616990437714, 0.479197803331, 0.430899855989, 0.183391379975, 0.241362312501, 0.63023162132, 0.0471358075348, 0.353345926643, 0.258761731377, 0.000824666803166, 0.00619361660288, 0.165393162721, 0.0018088591152, 0.776754229574, 0.102880288121, 0.343556250715, 0.264888827317, 0.396941301112, 0.767188394766, 0.476903407592, 0.239908404019, 0.223400402604, 3.06923618731
0.226479454403, 0.585827655973, 0.0723885590078, 0.26569132988, 0.0283586063232, 0.60718079936, 0.0686810315575, 0.299094584385, 0.160402038963, 0.0508270963918, 0.835154777023, 0.060351658444, 0.376437512087, 0.47160565788, 0.430478738899, 0.819319275335, 0.0899234523036, 0.259496857759, 0.575190212932, 0.473561052457, 0.453449842627, 0.848878401528, 0.0398048946408, 0.163295910371, 0.0135820930329, 0.0575730203958, 0.496813547289, 0.601318019716, 0.0794783291095, 0.442682478415, 0.226479454403, 3.06466016173
